# r_minus_2Rs_A, PMF_over_kBT
-1.975000000000000089e+00 nan
-1.925000000000000044e+00 nan
-1.875000000000000000e+00 nan
-1.824999999999999956e+00 nan
-1.774999999999999911e+00 nan
-1.725000000000000089e+00 nan
-1.674999999999999822e+00 nan
-1.625000000000000000e+00 nan
-1.574999999999999956e+00 nan
-1.524999999999999911e+00 nan
-1.475000000000000089e+00 nan
-1.424999999999999822e+00 nan
-1.375000000000000000e+00 nan
-1.324999999999999956e+00 nan
-1.274999999999999911e+00 nan
-1.225000000000000089e+00 nan
-1.174999999999999822e+00 nan
-1.125000000000000000e+00 nan
-1.074999999999999956e+00 nan
-1.024999999999999911e+00 nan
-9.750000000000000888e-01 nan
-9.249999999999998224e-01 nan
-8.750000000000000000e-01 nan
-8.249999999999997335e-01 nan
-7.749999999999999112e-01 nan
-7.250000000000000888e-01 nan
-6.749999999999998224e-01 nan
-6.250000000000000000e-01 nan
-5.749999999999997335e-01 nan
-5.249999999999999112e-01 nan
-4.750000000000000888e-01 nan
-4.249999999999998224e-01 nan
-3.750000000000000000e-01 nan
-3.249999999999997335e-01 nan
-2.749999999999999112e-01 nan
-2.250000000000000888e-01 nan
-1.749999999999998224e-01 -3.353697484561934949e-02
-1.250000000000000000e-01 -2.090582462446987311e+00
-7.499999999999973355e-02 -3.079056856517236263e+00
-2.499999999999991118e-02 -3.386070961515954103e+00
2.500000000000035527e-02 -3.257482148113984621e+00
7.500000000000017764e-02 -2.979981159754857778e+00
1.250000000000000000e-01 -2.670424669572161402e+00
1.749999999999998224e-01 -2.369821689870912795e+00
2.250000000000000888e-01 -2.120590319618686603e+00
2.750000000000003553e-01 -1.976936800010731687e+00
3.250000000000001776e-01 -1.745487976906885397e+00
3.750000000000000000e-01 -1.495651366659526804e+00
4.250000000000002665e-01 -1.343094521975542577e+00
4.750000000000000888e-01 -1.150567683070042202e+00
5.250000000000003553e-01 -1.014484038197852600e+00
5.750000000000001776e-01 -9.748761951961293359e-01
6.250000000000000000e-01 -8.219082569604805322e-01
6.750000000000002665e-01 -7.005854594941733904e-01
7.250000000000000888e-01 -6.800073219483946385e-01
7.750000000000003553e-01 -6.107751886670813590e-01
8.250000000000001776e-01 -6.144396165148369171e-01
8.750000000000000000e-01 -6.036337361812449398e-01
9.250000000000002665e-01 -5.533433789212920395e-01
9.750000000000000888e-01 -5.270895217116697840e-01
1.025000000000000355e+00 -4.567224715658284584e-01
1.075000000000000178e+00 -3.332883661578400769e-01
1.125000000000000000e+00 -2.746730147421103663e-01
1.175000000000000266e+00 -2.920383870005254234e-01
1.225000000000000089e+00 -2.515311184192654537e-01
1.275000000000000355e+00 -1.805001492377280581e-01
1.325000000000000178e+00 -2.104946408744634567e-02
1.375000000000000000e+00 2.048633171521032637e-01
1.425000000000000266e+00 2.286465527260341801e-01
1.475000000000000089e+00 7.609473416809975355e-02
1.525000000000000355e+00 2.448659175569689594e-02
1.575000000000000178e+00 1.411685808977853895e-01
1.625000000000000000e+00 1.497220601469932966e-01
1.675000000000000266e+00 5.837203587246486691e-03
1.725000000000000089e+00 -8.514504181510718084e-02
1.775000000000000355e+00 -1.225373573742007949e-01
1.825000000000000178e+00 -1.035089544304941267e-01
1.875000000000000000e+00 -4.815866564540649541e-02
1.925000000000000266e+00 1.214529588968793483e-02
1.975000000000000089e+00 2.647115778622910476e-02
2.025000000000000355e+00 2.085043912060990934e-02
2.075000000000000178e+00 2.764361579874941022e-02
2.125000000000000000e+00 7.119811454456814737e-02
2.175000000000000711e+00 1.061945318657095960e-01
2.224999999999999645e+00 1.704919421556707615e-01
2.275000000000000355e+00 2.396472990353268884e-01
2.325000000000000178e+00 1.213041419269820231e-01
2.375000000000000000e+00 2.498034762693257527e-02
2.425000000000000711e+00 1.649788847177842133e-01
2.474999999999999645e+00 1.875784761294099212e-01
2.525000000000000355e+00 1.120907408350912959e-02
2.575000000000000178e+00 8.914114091597813427e-03
2.625000000000000000e+00 -8.006426881868700107e-03
2.675000000000000711e+00 -3.458009633654213211e-02
2.724999999999999645e+00 -3.270378225124948024e-02
2.775000000000000355e+00 -2.223476358598341918e-02
2.825000000000001066e+00 -8.417792489041842074e-03
2.875000000000000000e+00 -8.585799440895969248e-02
2.925000000000000711e+00 -9.287452302235199575e-02
2.974999999999999645e+00 -4.347845360211577415e-02
3.025000000000000355e+00 -3.659407203973352729e-02
3.075000000000001066e+00 3.165373045617547731e-02
3.125000000000000000e+00 4.273773890242615892e-02
3.175000000000000711e+00 1.853324863636141018e-02
3.224999999999999645e+00 9.435080280852492507e-02
3.275000000000000355e+00 7.544032517483989508e-02
3.325000000000001066e+00 1.903450127152761517e-02
3.375000000000000000e+00 2.504760692236462916e-02
3.425000000000000711e+00 3.346900915883632699e-02
3.474999999999999645e+00 7.336510270026019853e-02
3.525000000000000355e+00 3.633594370377979388e-02
3.575000000000001066e+00 -2.075623671489101874e-02
3.625000000000000000e+00 2.121554524061108893e-02
3.675000000000000711e+00 8.438972410360889853e-02
3.724999999999999645e+00 3.976397632574979468e-02
3.775000000000000355e+00 -3.151292265589877850e-02
3.825000000000001066e+00 9.780615732041253452e-03
3.875000000000000000e+00 3.391706785403192370e-02
3.925000000000000711e+00 2.863649955186331475e-02
3.974999999999999645e+00 1.160313899630471823e-02
4.025000000000000355e+00 8.600428185468134146e-03
4.075000000000001066e+00 4.328421240585411667e-03
4.125000000000000000e+00 4.915256203002149604e-03
4.175000000000000711e+00 -1.659747337920225441e-02
4.224999999999999645e+00 -3.518150826225197036e-03
4.275000000000000355e+00 1.254636530132957617e-02
4.325000000000001066e+00 3.947232659580057756e-02
4.375000000000000000e+00 7.007682887170640917e-02
4.425000000000000711e+00 2.740120746434504539e-02
4.474999999999999645e+00 3.403683674756829980e-02
4.525000000000000355e+00 -2.775266944581966655e-03
4.575000000000001066e+00 -4.846681236728445086e-02
4.625000000000000000e+00 -2.685533088341740537e-02
4.675000000000000711e+00 -6.511384267155806427e-03
4.724999999999999645e+00 -1.666081809899977451e-02
4.775000000000000355e+00 -2.372972721146093811e-02
4.825000000000001066e+00 4.696068229931293914e-03
4.875000000000000000e+00 -1.716428802899327977e-02
4.925000000000000711e+00 -4.947162247623593245e-02
4.974999999999999645e+00 -8.518766907088970441e-03
5.025000000000000355e+00 4.672858965976800505e-03
5.075000000000001066e+00 -3.722573624596092756e-02
5.125000000000000000e+00 -4.441103437462068371e-03
5.175000000000000711e+00 3.106638299079000909e-02
5.224999999999999645e+00 1.953536624613194661e-02
5.275000000000000355e+00 -4.419402419188367404e-03
5.325000000000001066e+00 2.074248539408474201e-02
5.375000000000000000e+00 5.404770651366730405e-02
5.425000000000000711e+00 6.645378130926515858e-02
5.474999999999999645e+00 4.967514588833732425e-02
5.525000000000000355e+00 -3.712474361870388151e-03
5.575000000000001066e+00 -2.092054749090865862e-02
5.625000000000000000e+00 -2.941874133403921121e-02
5.675000000000000711e+00 -1.234342950802069794e-02
5.724999999999999645e+00 -2.837557492764064548e-02
5.775000000000000355e+00 -3.204977626926885925e-02
5.825000000000001066e+00 -7.919132254380856217e-02
5.875000000000000000e+00 -6.060886632229056659e-02
5.925000000000000711e+00 6.487455210122994309e-02
5.974999999999999645e+00 2.228990876873959692e-02
6.025000000000000355e+00 -3.847252015152080595e-02
6.074999999999999289e+00 2.724997539127804735e-02
6.125000000000000000e+00 3.701847031249405617e-02
6.175000000000000711e+00 1.742052277096717283e-02
6.225000000000001421e+00 9.207274412286192700e-03
6.275000000000000355e+00 -6.050797864563639550e-03
6.324999999999999289e+00 3.525183806573028988e-02
6.375000000000000000e+00 2.868073846538132798e-02
6.425000000000000711e+00 -9.634551308121963586e-04
6.475000000000001421e+00 1.842502426680892036e-02
6.525000000000000355e+00 2.294874165082361195e-02
6.574999999999999289e+00 -1.050434183004655964e-03
6.625000000000000000e+00 3.192617521886753629e-02
6.675000000000000711e+00 3.420343575533002500e-02
6.725000000000001421e+00 6.017541393868830468e-02
6.775000000000000355e+00 8.885292430022317944e-02
6.824999999999999289e+00 3.716061430363315488e-02
6.875000000000000000e+00 -2.194237784596997365e-02
6.925000000000000711e+00 -4.587983588795063739e-02
6.975000000000001421e+00 -1.708020648315411449e-02
7.025000000000000355e+00 3.354560402605510916e-03
7.074999999999999289e+00 2.676337614280877020e-02
7.125000000000000000e+00 9.724892167166654389e-03
7.175000000000000711e+00 2.659236678817800126e-02
7.225000000000001421e+00 7.501808212920968444e-02
7.275000000000000355e+00 4.179568535905242577e-02
7.324999999999999289e+00 2.538904941123942827e-02
7.375000000000000000e+00 3.339927621226612686e-02
7.425000000000000711e+00 1.432752541193860196e-02
7.475000000000001421e+00 3.742453331349260282e-03
7.525000000000000355e+00 9.074636936369229190e-03
7.575000000000001066e+00 1.892530869446340525e-02
7.625000000000000000e+00 1.402277092214032628e-02
7.675000000000000711e+00 5.033187547462847355e-02
7.725000000000001421e+00 3.789469499582587275e-02
7.775000000000000355e+00 -5.456787239599636408e-03
7.825000000000001066e+00 2.372493707090583825e-03
7.875000000000000000e+00 -1.718460014393774493e-02
7.925000000000000711e+00 -2.930986845597094437e-02
7.975000000000001421e+00 3.805868991900940301e-03
8.025000000000000355e+00 2.191431154757150779e-02
8.075000000000001066e+00 7.120220804712307228e-03
8.125000000000000000e+00 -1.942573459653407220e-02
8.175000000000000711e+00 -2.651908577589234817e-02
8.225000000000001421e+00 -5.749660992571348217e-03
8.275000000000000355e+00 -1.613587243087377665e-02
8.325000000000001066e+00 -1.026022315234365045e-02
8.375000000000000000e+00 -2.098593360617928560e-02
8.425000000000000711e+00 -1.462961092245351757e-02
8.475000000000001421e+00 -7.084315385988526614e-03
8.525000000000000355e+00 -3.482533437468338100e-02
8.575000000000001066e+00 -2.070630760343417087e-02
8.625000000000000000e+00 1.953698948842319538e-02
8.675000000000000711e+00 -8.289240149597087992e-03
8.725000000000001421e+00 -4.220288999010679554e-02
8.775000000000000355e+00 -2.613498981226780593e-02
8.825000000000001066e+00 -7.889813846973847689e-03
8.875000000000000000e+00 -1.070858687809428389e-03
8.925000000000000711e+00 -1.877676079021495248e-02
8.975000000000001421e+00 -9.623394781341332305e-03
9.025000000000000355e+00 -1.938264681508927723e-03
9.075000000000001066e+00 1.851182716148924712e-03
9.125000000000000000e+00 8.984837230246567330e-03
9.175000000000000711e+00 1.369401996957031464e-02
9.225000000000001421e+00 2.691817111113947725e-02
9.275000000000000355e+00 3.393653984983679983e-02
9.325000000000001066e+00 1.587260445463911651e-02
9.375000000000000000e+00 1.206868292465079762e-03
9.425000000000000711e+00 1.682571767288809639e-02
9.475000000000001421e+00 9.198101192231522560e-03
9.525000000000000355e+00 -3.094912556461482112e-02
9.575000000000001066e+00 -4.317085948793120131e-02
9.625000000000000000e+00 -3.949433023140858090e-02
9.675000000000000711e+00 -3.047425438663076136e-02
9.725000000000001421e+00 -4.952696885725793585e-02
9.775000000000000355e+00 -5.825540480186153225e-02
9.825000000000001066e+00 -3.030817992345968825e-02
9.875000000000000000e+00 -3.224354323637923514e-02
9.925000000000000711e+00 -5.253659475900107623e-02
9.975000000000001421e+00 -3.295034532379315095e-02
1.002500000000000036e+01 -7.094873405447232884e-03
1.007500000000000107e+01 -2.247994859274982105e-02
1.012500000000000000e+01 -2.554912059053005002e-02
1.017500000000000071e+01 -1.498147306992536620e-02
1.022500000000000142e+01 -5.785893368374139811e-02
1.027500000000000036e+01 -7.425855835403205596e-02
1.032500000000000107e+01 -3.400565403818722743e-02
1.037500000000000000e+01 -9.386405616846005273e-03
1.042500000000000071e+01 -7.967395155663581363e-03
1.047500000000000142e+01 -8.614944190100670696e-03
1.052500000000000036e+01 -6.083395618403875105e-03
1.057500000000000107e+01 -7.161602764660379705e-04
1.062500000000000000e+01 2.424963313046246682e-02
1.067500000000000071e+01 2.403418206120799816e-02
1.072500000000000142e+01 3.418620640428060575e-02
1.077500000000000036e+01 6.225711579902215576e-02
1.082500000000000107e+01 4.754694839511874882e-02
1.087500000000000000e+01 2.460521148648875389e-02
1.092500000000000071e+01 5.642422279250558503e-02
1.097500000000000142e+01 1.203659794433367125e-01
1.102500000000000036e+01 1.395767120395234873e-01
1.107500000000000107e+01 1.056277918582873010e-01
1.112500000000000000e+01 1.258454005503517603e-01
1.117500000000000071e+01 1.922635465661486354e-01
1.122500000000000142e+01 1.701266977801538793e-01
1.127500000000000036e+01 1.801902517659357272e-01
1.132500000000000107e+01 2.303437869162032747e-01
1.137500000000000000e+01 2.374306182407563970e-01
1.142500000000000071e+01 2.380162101190568258e-01
1.147500000000000142e+01 2.214082047864844860e-01
1.152500000000000036e+01 2.668753074948875259e-01
1.157500000000000107e+01 3.088792365445374166e-01
1.162500000000000000e+01 3.179863898293548985e-01
1.167500000000000071e+01 3.652761194458307159e-01
1.172500000000000142e+01 3.774070170694372450e-01
1.177500000000000036e+01 3.828479951985452878e-01
1.182500000000000107e+01 4.347348513316295904e-01
1.187500000000000000e+01 4.597769658470696186e-01
1.192500000000000071e+01 4.375501971456374761e-01
1.197500000000000142e+01 4.237102371906762421e-01
1.202500000000000036e+01 5.238448573714273859e-01
1.207500000000000107e+01 1.192654115306582607e+00
1.212500000000000000e+01 2.860967185363046283e+00
1.217500000000000071e+01 nan
1.222500000000000142e+01 nan
1.227500000000000036e+01 nan
1.232500000000000107e+01 nan
1.237500000000000000e+01 nan
1.242500000000000071e+01 nan
1.247500000000000142e+01 nan
1.252500000000000036e+01 nan
1.257500000000000107e+01 nan
1.262500000000000000e+01 nan
1.267500000000000071e+01 nan
1.272500000000000142e+01 nan
1.277500000000000036e+01 nan
1.282500000000000107e+01 nan
1.287500000000000000e+01 nan
1.292500000000000071e+01 nan
1.297500000000000142e+01 nan
1.302500000000000036e+01 nan
1.307500000000000107e+01 nan
1.312500000000000000e+01 nan
1.317500000000000071e+01 nan
1.322500000000000142e+01 nan
1.327500000000000036e+01 nan
1.332500000000000107e+01 nan
1.337500000000000000e+01 nan
1.342500000000000071e+01 nan
1.347500000000000142e+01 nan
1.352500000000000036e+01 nan
1.357500000000000107e+01 nan
1.362500000000000000e+01 nan
1.367500000000000071e+01 nan
1.372500000000000142e+01 nan
1.377500000000000036e+01 nan
1.382500000000000107e+01 nan
1.387500000000000000e+01 nan
1.392500000000000071e+01 nan
1.397500000000000142e+01 nan
1.402499999999999858e+01 nan
1.407500000000000284e+01 nan
1.412500000000000000e+01 nan
1.417500000000000071e+01 nan
1.422500000000000142e+01 nan
1.427499999999999858e+01 nan
1.432500000000000284e+01 nan
1.437500000000000000e+01 nan
1.442500000000000071e+01 nan
1.447500000000000142e+01 nan
1.452499999999999858e+01 nan
1.457500000000000284e+01 nan
1.462500000000000000e+01 nan
1.467500000000000071e+01 nan
1.472500000000000142e+01 nan
1.477499999999999858e+01 nan
1.482500000000000284e+01 nan
1.487500000000000000e+01 nan
1.492500000000000071e+01 nan
1.497500000000000142e+01 nan
1.502499999999999858e+01 nan
1.507500000000000284e+01 nan
1.512500000000000000e+01 nan
1.517500000000000071e+01 nan
1.522500000000000142e+01 nan
1.527499999999999858e+01 nan
1.532500000000000284e+01 nan
1.537500000000000000e+01 nan
1.542500000000000071e+01 nan
1.547500000000000142e+01 nan
1.552499999999999858e+01 nan
1.557500000000000284e+01 nan
1.562500000000000000e+01 nan
1.567500000000000071e+01 nan
1.572500000000000142e+01 nan
1.577499999999999858e+01 nan
1.582500000000000284e+01 nan
1.587500000000000000e+01 nan
1.592500000000000071e+01 nan
1.597500000000000142e+01 nan
1.602499999999999858e+01 nan
1.607500000000000284e+01 nan
1.612500000000000000e+01 nan
1.617500000000000071e+01 nan
1.622500000000000142e+01 nan
1.627499999999999858e+01 nan
1.632500000000000284e+01 nan
1.637500000000000000e+01 nan
1.642500000000000071e+01 nan
1.647500000000000142e+01 nan
1.652499999999999858e+01 nan
1.657500000000000284e+01 nan
1.662500000000000000e+01 nan
1.667500000000000071e+01 nan
1.672500000000000142e+01 nan
1.677499999999999858e+01 nan
1.682500000000000284e+01 nan
1.687500000000000000e+01 nan
1.692500000000000071e+01 nan
1.697500000000000142e+01 nan
1.702499999999999858e+01 nan
1.707500000000000284e+01 nan
1.712500000000000000e+01 nan
1.717500000000000426e+01 nan
1.722500000000000142e+01 nan
1.727499999999999858e+01 nan
1.732500000000000284e+01 nan
1.737500000000000000e+01 nan
1.742500000000000426e+01 nan
1.747500000000000142e+01 nan
1.752499999999999858e+01 nan
1.757500000000000284e+01 nan
1.762500000000000000e+01 nan
1.767500000000000426e+01 nan
1.772500000000000142e+01 nan
1.777499999999999858e+01 nan
1.782500000000000284e+01 nan
1.787500000000000000e+01 nan
1.792500000000000426e+01 nan
1.797500000000000142e+01 nan
