# r_minus_2Rs_A, PMF_over_kBT
-9.749999999999999778e-01 nan
-9.250000000000000444e-01 nan
-8.750000000000000000e-01 nan
-8.249999999999999556e-01 nan
-7.750000000000000222e-01 nan
-7.249999999999999778e-01 nan
-6.749999999999999334e-01 nan
-6.250000000000000000e-01 nan
-5.749999999999999556e-01 nan
-5.250000000000000222e-01 nan
-4.749999999999999778e-01 nan
-4.249999999999999334e-01 nan
-3.750000000000000000e-01 nan
-3.249999999999999556e-01 nan
-2.749999999999999112e-01 nan
-2.249999999999999778e-01 nan
-1.749999999999999334e-01 2.253437709469915173e+00
-1.250000000000000000e-01 1.084614554286553734e-01
-7.499999999999995559e-02 -9.598013306418717860e-01
-2.499999999999991118e-02 -1.314042264255217418e+00
2.499999999999991118e-02 -1.269995188045448753e+00
7.500000000000017764e-02 -1.055175799899647160e+00
1.250000000000000000e-01 -9.381982936745600909e-01
1.750000000000002665e-01 -8.424811305156594265e-01
2.250000000000000888e-01 -7.058001166556624462e-01
2.749999999999999112e-01 -6.088756830944141996e-01
3.250000000000001776e-01 -4.964276569871923783e-01
3.750000000000000000e-01 -3.367614274992192236e-01
4.250000000000002665e-01 -2.192518088354269423e-01
4.750000000000000888e-01 -1.750346363411412476e-01
5.249999999999999112e-01 -2.204597726754458087e-01
5.750000000000001776e-01 -1.750261451063495066e-01
6.250000000000000000e-01 -1.681824246825516234e-01
6.750000000000002665e-01 -2.263412364895960316e-01
7.250000000000000888e-01 -2.121123316406974268e-01
7.749999999999999112e-01 -2.565263455987736307e-01
8.250000000000001776e-01 -2.858733831712170215e-01
8.750000000000000000e-01 -2.349520937233435802e-01
9.250000000000002665e-01 -2.039943947792095535e-01
9.750000000000000888e-01 -1.829752820503900423e-01
1.025000000000000355e+00 -1.461520619587903802e-01
1.075000000000000178e+00 -1.258962725272207983e-01
1.125000000000000000e+00 -8.024536371299095805e-02
1.174999999999999822e+00 -6.796225796417054710e-02
1.225000000000000089e+00 -8.480993318358898136e-02
1.275000000000000355e+00 -3.098207769467187234e-02
1.325000000000000178e+00 1.297927473398585718e-02
1.375000000000000000e+00 4.211311707454701292e-03
1.425000000000000266e+00 4.750031898696160937e-03
1.475000000000000089e+00 1.330944263942690498e-02
1.525000000000000355e+00 1.853388467988326127e-02
1.575000000000000178e+00 3.005948169554439886e-02
1.625000000000000000e+00 1.029155759642996770e-02
1.675000000000000266e+00 -6.719656994865630395e-02
1.725000000000000089e+00 -6.608977213402233986e-02
1.775000000000000355e+00 -6.136836414067614598e-02
1.825000000000000178e+00 -7.572448936988385171e-02
1.875000000000000000e+00 -4.080727991527366427e-02
1.925000000000000266e+00 -4.430721787603264517e-02
1.975000000000000089e+00 -3.648814616567275237e-02
2.025000000000000355e+00 -2.075473880975442498e-02
2.075000000000000178e+00 -3.659919951101020530e-02
2.125000000000000000e+00 -4.399919589068934656e-02
2.175000000000000266e+00 -4.108450832473753422e-02
2.225000000000000089e+00 -1.860280893947852121e-02
2.275000000000000355e+00 -2.288760280672264003e-03
2.325000000000000178e+00 1.520982175546015114e-02
2.375000000000000000e+00 8.559485732519078738e-03
2.425000000000000266e+00 -9.773935597523930596e-03
2.475000000000000089e+00 -2.558368529022159166e-02
2.525000000000000355e+00 -2.780481364854914261e-02
2.575000000000000178e+00 9.710012645537613452e-03
2.625000000000000000e+00 -1.850744374869428555e-02
2.675000000000000266e+00 -5.747957992856278508e-02
2.725000000000000089e+00 -2.649820998279706075e-02
2.775000000000000355e+00 -2.331775249560719132e-02
2.825000000000000178e+00 -3.464908631414242990e-02
2.875000000000000000e+00 -1.804385201223901447e-02
2.925000000000000266e+00 -8.953192343343019388e-03
2.975000000000000089e+00 -8.486246772690275719e-03
3.025000000000000355e+00 4.809640264155756739e-03
3.075000000000000178e+00 2.175877122974512190e-03
3.125000000000000000e+00 1.618241601202274893e-03
3.175000000000000711e+00 5.615875634493505686e-03
3.224999999999999645e+00 3.365052994431572131e-03
3.275000000000000355e+00 -5.278505389080923038e-03
3.325000000000000178e+00 -2.903893236203458628e-02
3.375000000000000000e+00 -1.502370250790274753e-02
3.425000000000000711e+00 -6.198925877068717227e-03
3.474999999999999645e+00 -1.483346755897718694e-02
3.525000000000000355e+00 -2.211592210558910310e-02
3.575000000000000178e+00 -3.902684839366354907e-02
3.625000000000000000e+00 -4.168206815163921775e-02
3.675000000000000711e+00 -2.618347639255391712e-02
3.724999999999999645e+00 -2.990013273628422397e-02
3.775000000000000355e+00 -4.826007368248985685e-02
3.825000000000001066e+00 -1.961655400678585792e-02
3.875000000000000000e+00 -5.493041142512478103e-03
3.925000000000000711e+00 -1.359807918016864292e-02
3.974999999999999645e+00 1.354000563094537313e-03
4.025000000000000355e+00 -5.771416679404950401e-03
4.075000000000001066e+00 1.296620244003054978e-02
4.125000000000000000e+00 2.921306825434788479e-02
4.175000000000000711e+00 2.158382952527571064e-03
4.224999999999999645e+00 9.717256723148715025e-03
4.275000000000000355e+00 9.717487721047302074e-03
4.325000000000001066e+00 1.722181027130176290e-03
4.375000000000000000e+00 1.367678263694216412e-03
4.425000000000000711e+00 -3.945794596817098210e-03
4.474999999999999645e+00 6.709261535289279266e-04
4.525000000000000355e+00 -8.882392984471465525e-03
4.575000000000001066e+00 -3.298267640098551112e-03
4.625000000000000000e+00 2.117682547064791976e-03
4.675000000000000711e+00 -3.122699928544436787e-02
4.724999999999999645e+00 -3.762406511855775904e-02
4.775000000000000355e+00 -1.701498096889242362e-03
4.825000000000001066e+00 1.186225378775596084e-02
4.875000000000000000e+00 1.129542818216755506e-02
4.925000000000000711e+00 3.152991324698373177e-03
4.974999999999999645e+00 -1.949340690559075995e-03
5.025000000000000355e+00 1.078961709739889585e-02
5.075000000000001066e+00 4.022875075912590859e-03
5.125000000000000000e+00 -1.331107869352532447e-03
5.175000000000000711e+00 1.138714982744426507e-02
5.224999999999999645e+00 8.247927771447116641e-03
5.275000000000000355e+00 6.860720575178280711e-03
5.325000000000001066e+00 1.438144541655672626e-02
5.375000000000000000e+00 1.150109900408580188e-02
5.425000000000000711e+00 2.053517806533422529e-02
5.474999999999999645e+00 2.646269857944760773e-02
5.525000000000000355e+00 1.325996369890702908e-02
5.575000000000001066e+00 7.654154820489367239e-03
5.625000000000000000e+00 9.974234517324376270e-03
5.675000000000000711e+00 8.009964916833034465e-03
5.724999999999999645e+00 6.065623359921001878e-03
5.775000000000000355e+00 8.917658791701033039e-03
5.825000000000001066e+00 1.533625859732312691e-02
5.875000000000000000e+00 7.043422668732812753e-03
5.925000000000000711e+00 1.320923152857078620e-02
5.974999999999999645e+00 3.692945326223240343e-02
6.025000000000000355e+00 1.271623915138326844e-01
6.075000000000001066e+00 7.374666205769022653e-01
6.125000000000000000e+00 2.280008650437522544e+00
6.175000000000000711e+00 4.780683664727147786e+00
6.224999999999999645e+00 nan
6.275000000000000355e+00 nan
6.325000000000001066e+00 nan
6.375000000000000000e+00 nan
6.425000000000000711e+00 nan
6.474999999999999645e+00 nan
6.525000000000000355e+00 nan
6.575000000000001066e+00 nan
6.625000000000000000e+00 nan
6.675000000000000711e+00 nan
6.724999999999999645e+00 nan
6.775000000000000355e+00 nan
6.825000000000001066e+00 nan
6.875000000000000000e+00 nan
6.925000000000000711e+00 nan
6.974999999999999645e+00 nan
7.025000000000000355e+00 nan
7.074999999999999289e+00 nan
7.125000000000000000e+00 nan
7.175000000000000711e+00 nan
7.225000000000001421e+00 nan
7.275000000000000355e+00 nan
7.324999999999999289e+00 nan
7.375000000000000000e+00 nan
7.425000000000000711e+00 nan
7.475000000000001421e+00 nan
7.525000000000000355e+00 nan
7.574999999999999289e+00 nan
7.625000000000000000e+00 nan
7.675000000000000711e+00 nan
7.725000000000001421e+00 nan
7.775000000000000355e+00 nan
7.824999999999999289e+00 nan
7.875000000000000000e+00 nan
7.925000000000000711e+00 nan
7.975000000000001421e+00 nan
8.025000000000000355e+00 nan
8.074999999999999289e+00 nan
8.125000000000000000e+00 nan
8.175000000000000711e+00 nan
8.225000000000001421e+00 nan
8.275000000000000355e+00 nan
8.324999999999999289e+00 nan
8.375000000000000000e+00 nan
8.425000000000000711e+00 nan
8.475000000000001421e+00 nan
8.525000000000000355e+00 nan
8.575000000000001066e+00 nan
8.625000000000000000e+00 nan
8.675000000000000711e+00 nan
8.725000000000001421e+00 nan
8.775000000000000355e+00 nan
8.825000000000001066e+00 nan
8.875000000000000000e+00 nan
8.925000000000000711e+00 nan
8.975000000000001421e+00 nan
9.025000000000000355e+00 nan
9.075000000000001066e+00 nan
9.125000000000000000e+00 nan
9.175000000000000711e+00 nan
9.225000000000001421e+00 nan
9.275000000000000355e+00 nan
9.325000000000001066e+00 nan
9.375000000000000000e+00 nan
9.425000000000000711e+00 nan
9.475000000000001421e+00 nan
9.525000000000000355e+00 nan
9.575000000000001066e+00 nan
9.625000000000000000e+00 nan
9.675000000000000711e+00 nan
9.725000000000001421e+00 nan
9.775000000000000355e+00 nan
9.825000000000001066e+00 nan
9.875000000000000000e+00 nan
9.925000000000000711e+00 nan
9.975000000000001421e+00 nan
1.002500000000000036e+01 nan
1.007500000000000107e+01 nan
1.012500000000000000e+01 nan
1.017500000000000071e+01 nan
1.022500000000000142e+01 nan
1.027500000000000036e+01 nan
1.032500000000000107e+01 nan
1.037500000000000000e+01 nan
1.042500000000000071e+01 nan
1.047500000000000142e+01 nan
1.052500000000000036e+01 nan
1.057500000000000107e+01 nan
1.062500000000000000e+01 nan
1.067500000000000071e+01 nan
1.072500000000000142e+01 nan
1.077500000000000036e+01 nan
1.082500000000000107e+01 nan
1.087500000000000000e+01 nan
1.092500000000000071e+01 nan
1.097500000000000142e+01 nan
1.102500000000000036e+01 nan
1.107500000000000107e+01 nan
1.112500000000000000e+01 nan
1.117500000000000071e+01 nan
1.122500000000000142e+01 nan
1.127500000000000036e+01 nan
1.132500000000000107e+01 nan
1.137500000000000000e+01 nan
1.142500000000000071e+01 nan
1.147500000000000142e+01 nan
1.152500000000000036e+01 nan
1.157500000000000107e+01 nan
1.162500000000000000e+01 nan
1.167500000000000071e+01 nan
1.172500000000000142e+01 nan
1.177500000000000036e+01 nan
1.182500000000000107e+01 nan
1.187500000000000000e+01 nan
1.192500000000000071e+01 nan
1.197500000000000142e+01 nan
1.202500000000000036e+01 nan
1.207500000000000107e+01 nan
1.212500000000000000e+01 nan
1.217500000000000071e+01 nan
1.222500000000000142e+01 nan
1.227500000000000036e+01 nan
1.232500000000000107e+01 nan
1.237500000000000000e+01 nan
1.242500000000000071e+01 nan
1.247500000000000142e+01 nan
1.252500000000000036e+01 nan
1.257500000000000107e+01 nan
1.262500000000000000e+01 nan
1.267500000000000071e+01 nan
1.272500000000000142e+01 nan
1.277500000000000036e+01 nan
1.282500000000000107e+01 nan
1.287500000000000000e+01 nan
1.292500000000000071e+01 nan
1.297500000000000142e+01 nan
1.302500000000000036e+01 nan
1.307500000000000107e+01 nan
1.312500000000000000e+01 nan
1.317500000000000071e+01 nan
1.322500000000000142e+01 nan
1.327500000000000036e+01 nan
1.332500000000000107e+01 nan
1.337500000000000000e+01 nan
1.342500000000000071e+01 nan
1.347500000000000142e+01 nan
1.352500000000000036e+01 nan
1.357500000000000107e+01 nan
1.362500000000000000e+01 nan
1.367500000000000071e+01 nan
1.372500000000000142e+01 nan
1.377500000000000036e+01 nan
1.382500000000000107e+01 nan
1.387500000000000000e+01 nan
1.392500000000000071e+01 nan
1.397500000000000142e+01 nan
1.402500000000000036e+01 nan
1.407500000000000107e+01 nan
1.412500000000000000e+01 nan
1.417500000000000071e+01 nan
1.422500000000000142e+01 nan
1.427500000000000036e+01 nan
1.432500000000000107e+01 nan
1.437500000000000000e+01 nan
1.442500000000000071e+01 nan
1.447500000000000142e+01 nan
1.452500000000000036e+01 nan
1.457500000000000107e+01 nan
1.462500000000000000e+01 nan
1.467500000000000071e+01 nan
1.472500000000000142e+01 nan
1.477500000000000036e+01 nan
1.482500000000000107e+01 nan
1.487500000000000000e+01 nan
1.492500000000000071e+01 nan
1.497500000000000142e+01 nan
1.502499999999999858e+01 nan
1.507500000000000284e+01 nan
1.512500000000000000e+01 nan
1.517500000000000071e+01 nan
1.522500000000000142e+01 nan
1.527499999999999858e+01 nan
1.532500000000000284e+01 nan
1.537500000000000000e+01 nan
1.542500000000000071e+01 nan
1.547500000000000142e+01 nan
1.552499999999999858e+01 nan
1.557500000000000284e+01 nan
1.562500000000000000e+01 nan
1.567500000000000071e+01 nan
1.572500000000000142e+01 nan
1.577499999999999858e+01 nan
1.582500000000000284e+01 nan
1.587500000000000000e+01 nan
1.592500000000000071e+01 nan
1.597500000000000142e+01 nan
1.602499999999999858e+01 nan
1.607500000000000284e+01 nan
1.612500000000000000e+01 nan
1.617500000000000071e+01 nan
1.622500000000000142e+01 nan
1.627499999999999858e+01 nan
1.632500000000000284e+01 nan
1.637500000000000000e+01 nan
1.642500000000000071e+01 nan
1.647500000000000142e+01 nan
1.652499999999999858e+01 nan
1.657500000000000284e+01 nan
1.662500000000000000e+01 nan
1.667500000000000071e+01 nan
1.672500000000000142e+01 nan
1.677499999999999858e+01 nan
1.682500000000000284e+01 nan
1.687500000000000000e+01 nan
1.692500000000000071e+01 nan
1.697500000000000142e+01 nan
1.702499999999999858e+01 nan
1.707500000000000284e+01 nan
1.712500000000000000e+01 nan
1.717500000000000071e+01 nan
1.722500000000000142e+01 nan
1.727499999999999858e+01 nan
1.732500000000000284e+01 nan
1.737500000000000000e+01 nan
1.742500000000000071e+01 nan
1.747500000000000142e+01 nan
1.752499999999999858e+01 nan
1.757500000000000284e+01 nan
1.762500000000000000e+01 nan
1.767500000000000071e+01 nan
1.772500000000000142e+01 nan
1.777499999999999858e+01 nan
1.782500000000000284e+01 nan
1.787500000000000000e+01 nan
1.792500000000000071e+01 nan
1.797500000000000142e+01 nan
1.802499999999999858e+01 nan
1.807500000000000284e+01 nan
1.812500000000000000e+01 nan
1.817500000000000426e+01 nan
1.822500000000000142e+01 nan
1.827499999999999858e+01 nan
1.832500000000000284e+01 nan
1.837500000000000000e+01 nan
1.842500000000000426e+01 nan
1.847500000000000142e+01 nan
1.852499999999999858e+01 nan
1.857500000000000284e+01 nan
1.862500000000000000e+01 nan
1.867500000000000426e+01 nan
1.872500000000000142e+01 nan
1.877499999999999858e+01 nan
1.882500000000000284e+01 nan
1.887500000000000000e+01 nan
1.892500000000000426e+01 nan
1.897500000000000142e+01 nan
