# r_minus_2Rs_A, PMF_over_kBT
-1.175000000000000044e+00 nan
-1.125000000000000000e+00 nan
-1.074999999999999956e+00 nan
-1.024999999999999911e+00 nan
-9.749999999999999778e-01 nan
-9.249999999999999334e-01 nan
-8.749999999999998890e-01 nan
-8.249999999999999556e-01 nan
-7.749999999999999112e-01 nan
-7.249999999999999778e-01 nan
-6.749999999999999334e-01 nan
-6.249999999999998890e-01 nan
-5.749999999999999556e-01 nan
-5.249999999999999112e-01 nan
-4.749999999999998668e-01 nan
-4.249999999999999334e-01 nan
-3.749999999999998890e-01 nan
-3.249999999999999556e-01 nan
-2.749999999999999112e-01 nan
-2.249999999999998668e-01 nan
-1.750000000000000444e-01 3.531637094867944970e+00
-1.249999999999997780e-01 9.953270505626607978e-01
-7.499999999999995559e-02 -6.544946295232056954e-02
-2.499999999999968914e-02 -4.146804019276135733e-01
2.500000000000013323e-02 -3.804268277924953701e-01
7.499999999999995559e-02 -3.030336964834514646e-01
1.250000000000002220e-01 -1.985615697938931667e-01
1.750000000000000444e-01 -1.809633792682596720e-02
2.250000000000003109e-01 1.262987657686265308e-01
2.750000000000001332e-01 1.671880563110432760e-01
3.249999999999999556e-01 1.670144591350197771e-01
3.750000000000002220e-01 2.252347144247441868e-01
4.250000000000000444e-01 2.321657634663520930e-01
4.750000000000003109e-01 2.045946768358408718e-01
5.250000000000001332e-01 1.709700397061473254e-01
5.749999999999999556e-01 1.009207165513257287e-01
6.250000000000002220e-01 2.790267390130862779e-02
6.750000000000000444e-01 -2.234488582974325510e-02
7.250000000000003109e-01 -7.054384405124869417e-02
7.750000000000001332e-01 -1.300307477500886044e-01
8.250000000000003997e-01 -1.618179116640692250e-01
8.750000000000002220e-01 -1.527641811730879873e-01
9.250000000000000444e-01 -1.323362574156297100e-01
9.749999999999998668e-01 -1.159722710839923288e-01
1.025000000000000133e+00 -7.136092766205459625e-02
1.075000000000000400e+00 -3.565872428584926368e-02
1.125000000000000222e+00 -3.287649907728207310e-02
1.175000000000000044e+00 1.849841851482603161e-02
1.225000000000000311e+00 9.905522739276406696e-02
1.275000000000000133e+00 1.232867973901674574e-01
1.325000000000000400e+00 1.107422973308866965e-01
1.375000000000000222e+00 1.187781925411171002e-01
1.425000000000000044e+00 8.159298997103636708e-02
1.475000000000000311e+00 4.503765594277586715e-02
1.525000000000000133e+00 5.478144105950288889e-02
1.575000000000000400e+00 2.441277530993302136e-02
1.625000000000000222e+00 -1.462759301447746907e-02
1.675000000000000044e+00 -2.469929629416522943e-02
1.725000000000000311e+00 -6.878209806616286670e-02
1.775000000000000133e+00 -8.760393969574042927e-02
1.825000000000000400e+00 -5.154193171413989916e-02
1.875000000000000222e+00 -5.101557981039217538e-02
1.925000000000000044e+00 -5.192579758428728098e-02
1.975000000000000311e+00 -1.992374949985764587e-02
2.025000000000000355e+00 2.359119945483101333e-04
2.075000000000000178e+00 1.607892336604743733e-02
2.125000000000000000e+00 3.290344717504645189e-02
2.174999999999999822e+00 4.584851495936259624e-02
2.225000000000000533e+00 7.113569443606992948e-02
2.275000000000000355e+00 6.671355160559322428e-02
2.325000000000000178e+00 4.493564331380639487e-02
2.375000000000000000e+00 4.353516777072785615e-02
2.424999999999999822e+00 3.296289228575366437e-02
2.475000000000000533e+00 3.190698241829670323e-02
2.525000000000000355e+00 1.299633925805876444e-02
2.575000000000000178e+00 -1.880567218924467099e-02
2.625000000000000000e+00 -3.411505373899448301e-03
2.674999999999999822e+00 -3.584315359240086707e-03
2.725000000000000533e+00 -3.042476746495692552e-02
2.775000000000000355e+00 -3.285955694696074403e-02
2.825000000000000178e+00 -2.089016716694169773e-02
2.875000000000000000e+00 -1.805570943344880774e-02
2.924999999999999822e+00 -1.097193631772075406e-03
2.975000000000000533e+00 -1.123248912324292803e-03
3.024999999999999467e+00 -6.399394490731680207e-03
3.075000000000000178e+00 1.779973435254067482e-02
3.125000000000000000e+00 2.924372665334207255e-02
3.174999999999999822e+00 1.880655872196523859e-02
3.225000000000000533e+00 2.986935437899340684e-02
3.274999999999999467e+00 3.255373439163911087e-02
3.325000000000000178e+00 1.458063712434265469e-02
3.375000000000000000e+00 2.017065370308035455e-02
3.424999999999999822e+00 2.665741696836221308e-02
3.475000000000000533e+00 1.562182550485724519e-02
3.524999999999999467e+00 9.524974506735173208e-03
3.575000000000000178e+00 5.134662803794931563e-03
3.625000000000000888e+00 -6.980368783822576972e-03
3.674999999999999822e+00 -4.771331523976574118e-03
3.725000000000000533e+00 8.652215105113825189e-04
3.774999999999999467e+00 -7.622903067350250694e-03
3.825000000000000178e+00 -1.991167903140089734e-02
3.875000000000000888e+00 -7.562622342431879474e-04
3.924999999999999822e+00 1.221544775974869879e-02
3.975000000000000533e+00 5.017942853497991962e-04
4.024999999999999467e+00 3.163554153037928529e-03
4.075000000000000178e+00 1.157012226136355793e-02
4.125000000000000888e+00 9.996159251355773989e-03
4.174999999999999822e+00 7.567473039017613701e-03
4.225000000000000533e+00 9.403903230624788279e-03
4.274999999999999467e+00 8.675573851947060433e-03
4.325000000000000178e+00 1.452810902875567578e-02
4.375000000000000888e+00 8.722163459846665745e-03
4.424999999999999822e+00 6.833189277426043873e-03
4.475000000000000533e+00 1.617387467347475294e-02
4.524999999999999467e+00 5.278702790523670529e-03
4.575000000000000178e+00 -6.934099358280487735e-03
4.625000000000000888e+00 -7.170751019668575310e-03
4.674999999999999822e+00 -6.406967238068883574e-03
4.725000000000000533e+00 -1.258938560953204444e-02
4.774999999999999467e+00 -1.802832883812222065e-02
4.825000000000000178e+00 -9.393438229465367328e-03
4.875000000000000888e+00 -9.933648783639004165e-03
4.924999999999999822e+00 -1.425107781031398346e-02
4.975000000000000533e+00 -1.140616306754438369e-02
5.024999999999999467e+00 -1.758490910168708510e-02
5.075000000000000178e+00 -2.425832869820432336e-02
5.125000000000000888e+00 -1.963425664654350200e-02
5.174999999999999822e+00 -9.421990788768930258e-03
5.225000000000000533e+00 2.588037805311138584e-03
5.274999999999999467e+00 2.557991442325935338e-03
5.325000000000000178e+00 -6.948527696498896233e-03
5.375000000000000888e+00 -1.264740480781956222e-02
5.424999999999999822e+00 -5.217795003616743088e-03
5.475000000000000533e+00 6.284908297593538862e-04
5.524999999999999467e+00 -1.344254405056766188e-02
5.575000000000000178e+00 -1.984353029293561832e-02
5.625000000000000888e+00 -1.350950211038037807e-02
5.674999999999999822e+00 -9.678719901965227024e-03
5.725000000000000533e+00 -1.157130135084161182e-02
5.774999999999999467e+00 -6.953032176599815983e-03
5.825000000000000178e+00 8.817097257453543335e-02
5.875000000000000888e+00 6.880037321206700085e-01
5.924999999999999822e+00 2.272892393449751136e+00
5.975000000000000533e+00 4.827474532835541510e+00
6.024999999999999467e+00 nan
6.075000000000000178e+00 nan
6.125000000000000888e+00 nan
6.174999999999999822e+00 nan
6.225000000000000533e+00 nan
6.274999999999999467e+00 nan
6.325000000000000178e+00 nan
6.375000000000000888e+00 nan
6.424999999999999822e+00 nan
6.475000000000000533e+00 nan
6.524999999999999467e+00 nan
6.575000000000000178e+00 nan
6.625000000000000888e+00 nan
6.674999999999999822e+00 nan
6.725000000000000533e+00 nan
6.774999999999999467e+00 nan
6.825000000000000178e+00 nan
6.874999999999999112e+00 nan
6.924999999999999822e+00 nan
6.975000000000000533e+00 nan
7.025000000000001243e+00 nan
7.075000000000000178e+00 nan
7.124999999999999112e+00 nan
7.174999999999999822e+00 nan
7.225000000000000533e+00 nan
7.275000000000001243e+00 nan
7.325000000000000178e+00 nan
7.374999999999999112e+00 nan
7.424999999999999822e+00 nan
7.475000000000000533e+00 nan
7.525000000000001243e+00 nan
7.575000000000000178e+00 nan
7.624999999999999112e+00 nan
7.674999999999999822e+00 nan
7.725000000000000533e+00 nan
7.775000000000001243e+00 nan
7.825000000000000178e+00 nan
7.874999999999999112e+00 nan
7.924999999999999822e+00 nan
7.975000000000000533e+00 nan
8.025000000000002132e+00 nan
8.075000000000001066e+00 nan
8.125000000000000000e+00 nan
8.175000000000000711e+00 nan
8.225000000000001421e+00 nan
8.275000000000002132e+00 nan
8.325000000000001066e+00 nan
8.375000000000001776e+00 nan
8.425000000000000711e+00 nan
8.475000000000001421e+00 nan
8.525000000000002132e+00 nan
8.575000000000001066e+00 nan
8.625000000000001776e+00 nan
8.675000000000000711e+00 nan
8.725000000000001421e+00 nan
8.775000000000002132e+00 nan
8.825000000000001066e+00 nan
8.875000000000001776e+00 nan
8.925000000000000711e+00 nan
8.975000000000001421e+00 nan
9.025000000000002132e+00 nan
9.075000000000001066e+00 nan
9.125000000000001776e+00 nan
9.175000000000000711e+00 nan
9.225000000000001421e+00 nan
9.275000000000002132e+00 nan
9.325000000000001066e+00 nan
9.375000000000001776e+00 nan
9.425000000000000711e+00 nan
9.475000000000001421e+00 nan
9.525000000000002132e+00 nan
9.575000000000001066e+00 nan
9.625000000000001776e+00 nan
9.675000000000000711e+00 nan
9.725000000000001421e+00 nan
9.775000000000002132e+00 nan
9.825000000000001066e+00 nan
9.875000000000001776e+00 nan
9.925000000000000711e+00 nan
9.975000000000001421e+00 nan
1.002500000000000213e+01 nan
1.007500000000000107e+01 nan
1.012500000000000178e+01 nan
1.017500000000000071e+01 nan
1.022500000000000142e+01 nan
1.027500000000000213e+01 nan
1.032500000000000107e+01 nan
1.037500000000000178e+01 nan
1.042500000000000071e+01 nan
1.047500000000000142e+01 nan
1.052500000000000213e+01 nan
1.057500000000000107e+01 nan
1.062500000000000178e+01 nan
1.067500000000000071e+01 nan
1.072500000000000142e+01 nan
1.077500000000000213e+01 nan
1.082500000000000107e+01 nan
1.087500000000000178e+01 nan
1.092500000000000071e+01 nan
1.097500000000000142e+01 nan
1.102500000000000213e+01 nan
1.107500000000000107e+01 nan
1.112500000000000178e+01 nan
1.117500000000000071e+01 nan
1.122500000000000142e+01 nan
1.127500000000000213e+01 nan
1.132500000000000107e+01 nan
1.137500000000000178e+01 nan
1.142500000000000071e+01 nan
1.147500000000000142e+01 nan
1.152500000000000213e+01 nan
1.157500000000000107e+01 nan
1.162500000000000178e+01 nan
1.167500000000000071e+01 nan
1.172500000000000142e+01 nan
1.177500000000000213e+01 nan
1.182500000000000107e+01 nan
1.187500000000000178e+01 nan
1.192500000000000071e+01 nan
1.197500000000000142e+01 nan
1.202500000000000213e+01 nan
1.207500000000000107e+01 nan
1.212500000000000178e+01 nan
1.217500000000000071e+01 nan
1.222500000000000142e+01 nan
1.227500000000000213e+01 nan
1.232500000000000107e+01 nan
1.237500000000000178e+01 nan
1.242500000000000071e+01 nan
1.247500000000000142e+01 nan
1.252500000000000213e+01 nan
1.257500000000000107e+01 nan
1.262500000000000178e+01 nan
1.267500000000000071e+01 nan
1.272500000000000142e+01 nan
1.277500000000000213e+01 nan
1.282500000000000107e+01 nan
1.287500000000000178e+01 nan
1.292500000000000071e+01 nan
1.297500000000000142e+01 nan
1.302500000000000213e+01 nan
1.307500000000000107e+01 nan
1.312500000000000178e+01 nan
1.317500000000000071e+01 nan
1.322500000000000142e+01 nan
1.327500000000000213e+01 nan
1.332500000000000107e+01 nan
1.337500000000000178e+01 nan
1.342500000000000071e+01 nan
1.347500000000000142e+01 nan
1.352500000000000213e+01 nan
1.357500000000000107e+01 nan
1.362500000000000178e+01 nan
1.367500000000000071e+01 nan
1.372500000000000142e+01 nan
1.377500000000000213e+01 nan
1.382500000000000107e+01 nan
1.387500000000000178e+01 nan
1.392500000000000071e+01 nan
1.397500000000000142e+01 nan
1.402500000000000213e+01 nan
1.407500000000000107e+01 nan
1.412500000000000178e+01 nan
1.417500000000000071e+01 nan
1.422500000000000142e+01 nan
1.427500000000000213e+01 nan
1.432500000000000107e+01 nan
1.437500000000000178e+01 nan
1.442500000000000071e+01 nan
1.447500000000000142e+01 nan
1.452500000000000213e+01 nan
1.457500000000000107e+01 nan
1.462500000000000178e+01 nan
1.467500000000000071e+01 nan
1.472500000000000142e+01 nan
1.477500000000000213e+01 nan
1.482499999999999929e+01 nan
1.487500000000000355e+01 nan
1.492500000000000071e+01 nan
1.497500000000000142e+01 nan
1.502500000000000213e+01 nan
1.507499999999999929e+01 nan
1.512500000000000355e+01 nan
1.517500000000000071e+01 nan
1.522500000000000142e+01 nan
1.527500000000000213e+01 nan
1.532499999999999929e+01 nan
1.537500000000000355e+01 nan
1.542500000000000071e+01 nan
1.547500000000000142e+01 nan
1.552500000000000213e+01 nan
1.557499999999999929e+01 nan
1.562500000000000355e+01 nan
1.567500000000000071e+01 nan
1.572500000000000142e+01 nan
1.577500000000000213e+01 nan
1.582499999999999929e+01 nan
1.587500000000000355e+01 nan
1.592500000000000071e+01 nan
1.597500000000000142e+01 nan
1.602500000000000213e+01 nan
1.607499999999999929e+01 nan
1.612500000000000355e+01 nan
1.617500000000000071e+01 nan
1.622500000000000142e+01 nan
1.627500000000000213e+01 nan
1.632499999999999929e+01 nan
1.637500000000000355e+01 nan
1.642500000000000071e+01 nan
1.647500000000000142e+01 nan
1.652500000000000213e+01 nan
1.657499999999999929e+01 nan
1.662500000000000355e+01 nan
1.667500000000000071e+01 nan
1.672500000000000142e+01 nan
1.677500000000000213e+01 nan
1.682499999999999929e+01 nan
1.687500000000000355e+01 nan
1.692500000000000071e+01 nan
1.697500000000000142e+01 nan
1.702500000000000213e+01 nan
1.707499999999999929e+01 nan
1.712500000000000355e+01 nan
1.717500000000000071e+01 nan
1.722500000000000142e+01 nan
1.727500000000000213e+01 nan
1.732499999999999929e+01 nan
1.737500000000000355e+01 nan
1.742500000000000071e+01 nan
1.747500000000000142e+01 nan
1.752500000000000213e+01 nan
1.757499999999999929e+01 nan
1.762500000000000355e+01 nan
1.767500000000000071e+01 nan
1.772500000000000142e+01 nan
1.777500000000000213e+01 nan
1.782499999999999929e+01 nan
1.787500000000000355e+01 nan
1.792500000000000071e+01 nan
1.797500000000000497e+01 nan
1.802500000000000213e+01 nan
1.807499999999999929e+01 nan
1.812500000000000355e+01 nan
1.817500000000000071e+01 nan
1.822500000000000497e+01 nan
1.827500000000000213e+01 nan
1.832499999999999929e+01 nan
1.837500000000000355e+01 nan
1.842500000000000071e+01 nan
1.847500000000000497e+01 nan
1.852500000000000213e+01 nan
1.857499999999999929e+01 nan
1.862500000000000355e+01 nan
1.867500000000000071e+01 nan
1.872500000000000497e+01 nan
1.877500000000000213e+01 nan
