# r_minus_2Rs_A, PMF_over_kBT
-5.572900000000000631e-01 3.510219525925835171e+01
-5.431560729999995729e-01 5.264540924928655130e+01
-5.290221459999999709e-01 7.015841142106702932e+01
-5.148882190000003689e-01 7.003772217481733264e+01
-5.007542919999998787e-01 6.972885200206754064e+01
-4.866203650000002767e-01 6.905108747945546099e+01
-4.724864379999997865e-01 6.774121067287867959e+01
-4.583525110000001845e-01 6.547950885926040598e+01
-4.442185839999996944e-01 6.197250140530807982e+01
-4.300846580000001751e-01 5.707257770977159339e+01
-4.159507309999996849e-01 5.088463085942245101e+01
-4.018168040000000829e-01 4.379918289823872612e+01
-3.876828769999995927e-01 3.641063539864862975e+01
-3.735489499999999907e-01 2.934529583280395926e+01
-3.594150230000003887e-01 2.307667270572066798e+01
-3.452810959999998985e-01 1.782035329374323851e+01
-3.311471690000002965e-01 1.353849690336920553e+01
-3.170132419999998064e-01 1.003627711213258245e+01
-3.028793150000002043e-01 7.089159873604867101e+00
-2.887453879999997142e-01 4.529580991513727284e+00
-2.746114610000001122e-01 2.277533380626355353e+00
-2.604775339999996220e-01 3.205496911622454093e-01
-2.463436070000000200e-01 -1.334739466499947014e+00
-2.322096800000004180e-01 -2.696746205350812886e+00
-2.180757529999999278e-01 -3.802202562337473779e+00
-2.039418260000003258e-01 -4.705260407250143828e+00
-1.898078999999999184e-01 -5.452099883411360537e+00
-1.756739730000003163e-01 -6.074057888749678114e+00
-1.615400459999998262e-01 -6.587157066911061065e+00
-1.474061190000002242e-01 -7.002216994546877515e+00
-1.332721919999997340e-01 -7.333102369446315549e+00
-1.191382650000001320e-01 -7.590807525931431599e+00
-1.050043379999996418e-01 -7.781591145802714493e+00
-9.087041100000003979e-02 -7.912308265691144982e+00
-7.673648400000043779e-02 -7.992632708233760042e+00
-6.260255699999994761e-02 -8.034900864131596876e+00
-4.846863000000034560e-02 -8.050041594795885658e+00
-3.433470299999985542e-02 -8.040914878817755351e+00
-2.020077600000025342e-02 -8.005530884614451281e+00
-6.066848999999763237e-03 -7.946406054840238653e+00
8.067077999999838767e-03 -7.873112326091440849e+00
2.220100499999944077e-02 -7.798747203317368815e+00
3.633493200000081913e-02 -7.730588929293357836e+00
5.046885800000033839e-02 -7.667148372962934388e+00
6.460278499999994040e-02 -7.603752462564710157e+00
7.873671199999954240e-02 -7.536721730863490620e+00
9.287063899999914440e-02 -7.468311044793225051e+00
1.070045660000005228e-01 -7.402922292701493490e+00
1.211384930000001248e-01 -7.340685036809219355e+00
1.352724199999997268e-01 -7.277736020625045654e+00
1.494063469999993288e-01 -7.210469833650467564e+00
1.635402740000007071e-01 -7.138026021673155697e+00
1.776742010000003091e-01 -7.063761560001506012e+00
1.918081279999999111e-01 -6.992284813169764135e+00
2.059420549999995131e-01 -6.924049694643169772e+00
2.200759819999991151e-01 -6.859319644758375745e+00
2.342099090000004935e-01 -6.796377211016846331e+00
2.483438360000000955e-01 -6.732373988672371468e+00
2.624777629999996975e-01 -6.666592672849542822e+00
2.766116889999992168e-01 -6.597356030420570505e+00
2.907456160000005951e-01 -6.526064580185991559e+00
3.048795430000001971e-01 -6.457908033989912866e+00
3.190134699999997991e-01 -6.395034114894233568e+00
3.331473969999994011e-01 -6.337126932065128671e+00
3.472813240000007795e-01 -6.279822777943888212e+00
3.614152510000003815e-01 -6.217546608306758316e+00
3.755491779999999835e-01 -6.151473755499537788e+00
3.896831049999995855e-01 -6.085232062554592147e+00
4.038170319999991875e-01 -6.021472347896040134e+00
4.179509590000005659e-01 -5.959602169456754694e+00
4.320848860000001679e-01 -5.895262551442421284e+00
4.462188129999997699e-01 -5.824934383742661481e+00
4.603527399999993719e-01 -5.753499704577436091e+00
4.744866670000007502e-01 -5.687123793143481265e+00
4.886205940000003523e-01 -5.628759364613681981e+00
5.027545209999999543e-01 -5.578262632253952802e+00
5.168884469999994735e-01 -5.528283137246432943e+00
5.310223740000008519e-01 -5.474803067982811910e+00
5.451563010000004539e-01 -5.418940764710811209e+00
5.592902280000000559e-01 -5.361275688298395181e+00
5.734241549999996579e-01 -5.304220456585863275e+00
5.875580819999992599e-01 -5.248023010385409748e+00
6.016920090000006383e-01 -5.191278988539334449e+00
6.158259360000002403e-01 -5.134562628801823791e+00
6.299598629999998423e-01 -5.078609944897173989e+00
6.440937899999994443e-01 -5.022026585931012477e+00
6.582277170000008226e-01 -4.962830714919107322e+00
6.723616440000004246e-01 -4.900508951433867111e+00
6.864955710000000266e-01 -4.834725514544985003e+00
7.006294979999996286e-01 -4.769760964583543483e+00
7.147634249999992306e-01 -4.710321681082671574e+00
7.288973520000006090e-01 -4.656844448953460613e+00
7.430312790000002110e-01 -4.609938239423858164e+00
7.571652049999997303e-01 -4.564419904866763744e+00
7.712991319999993323e-01 -4.514089111323901449e+00
7.854330590000007106e-01 -4.459244513153979739e+00
7.995669860000003126e-01 -4.400058666504495619e+00
8.137009129999999146e-01 -4.339751573306113386e+00
8.278348399999995166e-01 -4.282410289924197144e+00
8.419687669999991186e-01 -4.227504956921386281e+00
8.561026940000004970e-01 -4.174224922880597433e+00
8.702366210000000990e-01 -4.121270486169230196e+00
8.843705479999997010e-01 -4.067463582291622970e+00
8.985044749999993030e-01 -4.011316705947358230e+00
9.126384020000006814e-01 -3.952754499854304271e+00
9.267723290000002834e-01 -3.891977088571668020e+00
9.409062559999998854e-01 -3.830775832911260892e+00
9.550401829999994874e-01 -3.774781682878195710e+00
9.691741100000008657e-01 -3.727618214435128863e+00
9.833080370000004677e-01 -3.688336673969089929e+00
9.974419629999999870e-01 -3.648522523124249517e+00
1.011575889999999589e+00 -3.595844911909491515e+00
1.025709816999999191e+00 -3.526314977759945180e+00
1.039843744000000569e+00 -3.448788179892730454e+00
1.053977671000000171e+00 -3.378682484179169165e+00
1.068111597999999773e+00 -3.325823120918627751e+00
1.082245524999999375e+00 -3.282004980187849696e+00
1.096379452000000754e+00 -3.230741540075801055e+00
1.110513379000000356e+00 -3.164369329036158973e+00
1.124647305999999958e+00 -3.087752626475133155e+00
1.138781232999999560e+00 -3.015790752751005499e+00
1.152915159999999162e+00 -2.955528337997243682e+00
1.167049087000000540e+00 -2.899462903004426551e+00
1.181183014000000142e+00 -2.836890651278633158e+00
1.195316940999999744e+00 -2.767558391688091035e+00
1.209450867999999346e+00 -2.700576401403925075e+00
1.223584795000000724e+00 -2.644811287718582093e+00
1.237718721000000244e+00 -2.599202162882946254e+00
1.251852647999999846e+00 -2.552177063386135814e+00
1.265986574999999448e+00 -2.494766940783232911e+00
1.280120502000000826e+00 -2.427909247228988932e+00
1.294254429000000428e+00 -2.357543170934018661e+00
1.308388356000000030e+00 -2.289138268943013088e+00
1.322522282999999632e+00 -2.224670941600333407e+00
1.336656209999999234e+00 -2.161718823726094030e+00
1.350790137000000612e+00 -2.099825024321646083e+00
1.364924064000000214e+00 -2.038751662745674764e+00
1.379057990999999816e+00 -1.978435774007930803e+00
1.393191917999999418e+00 -1.921670732592378528e+00
1.407325845000000797e+00 -1.871855624221531400e+00
1.421459772000000399e+00 -1.829410033797248758e+00
1.435593699000000001e+00 -1.787350802753319812e+00
1.449727625999999603e+00 -1.735919313466837366e+00
1.463861552999999205e+00 -1.673321412840021338e+00
1.477995479000000500e+00 -1.608166425376804654e+00
1.492129406000000102e+00 -1.551791563340881197e+00
1.506263332999999704e+00 -1.505677411408420596e+00
1.520397259999999307e+00 -1.457358617791403077e+00
1.534531187000000685e+00 -1.394056841160342231e+00
1.548665114000000287e+00 -1.318418982250204152e+00
1.562799040999999889e+00 -1.246945823030543465e+00
1.576932967999999491e+00 -1.193679570234593257e+00
1.591066895000000869e+00 -1.155223684476528234e+00
1.605200822000000471e+00 -1.113534877015872837e+00
1.619334749000000073e+00 -1.054509387404209519e+00
1.633468675999999675e+00 -9.816680155436543487e-01
1.647602602999999277e+00 -9.110757302159662174e-01
1.661736530000000656e+00 -8.542747652586619722e-01
1.675870457000000258e+00 -8.084654789764620375e-01
1.690004383999999860e+00 -7.625694906115683125e-01
1.704138310999999462e+00 -7.090536871594750323e-01
1.718272237000000757e+00 -6.496750720377875155e-01
1.732406164000000359e+00 -5.905984355344919834e-01
1.746540090999999961e+00 -5.339627032855354116e-01
1.760674017999999563e+00 -4.762796659289634249e-01
1.774807944999999165e+00 -4.169852483766440798e-01
1.788941872000000544e+00 -3.596997758359634645e-01
1.803075799000000146e+00 -3.092141991551642377e-01
1.817209725999999748e+00 -2.671839757053646736e-01
1.831343652999999350e+00 -2.294894267332310278e-01
1.845477580000000728e+00 -1.914266891253753045e-01
1.859611507000000330e+00 -1.501680839374550658e-01
1.873745433999999932e+00 -1.058569075703665874e-01
1.887879360999999534e+00 -6.016192382877250111e-02
1.902013287999999136e+00 -1.350592274432926843e-02
1.916147215000000514e+00 3.231988148341358169e-02
1.930281142000000116e+00 7.503205984878036361e-02
1.944415067999999636e+00 1.155211704558993802e-01
1.958548994999999238e+00 1.580845633679537343e-01
1.972682922000000616e+00 2.075081409519725639e-01
1.986816849000000218e+00 2.624668352823213979e-01
2.000950775999999820e+00 3.153312115194495391e-01
2.015084702999999422e+00 3.568265910023811216e-01
2.029218630000000800e+00 3.850237214927005880e-01
2.043352557000000402e+00 4.107963509983783013e-01
2.057486484000000004e+00 4.468271213034498146e-01
2.071620410999999606e+00 4.993161406153312498e-01
2.085754337999999208e+00 5.614683200356829218e-01
2.099888265000000587e+00 6.193460603253697627e-01
2.114022192000000189e+00 6.639192389635546476e-01
2.128156118999999791e+00 6.962033416185349211e-01
2.142290045999999393e+00 7.284428686186110724e-01
2.156423973000000771e+00 7.700723367170176914e-01
2.170557900000000373e+00 8.239187961019318607e-01
2.184691825999999892e+00 8.836253778970011297e-01
2.198825752999999494e+00 9.372333878377041572e-01
2.212959680000000873e+00 9.760554960266638602e-01
2.227093607000000475e+00 1.000422421688849539e+00
2.241227534000000077e+00 1.018295781553899104e+00
2.255361460999999679e+00 1.039915645592007110e+00
2.269495387999999281e+00 1.073105952847360101e+00
2.283629315000000659e+00 1.116435112908959582e+00
2.297763242000000261e+00 1.162483505028518493e+00
2.311897168999999863e+00 1.203819656650104264e+00
2.326031095999999465e+00 1.239214040763318536e+00
2.340165023000000843e+00 1.273216822962343286e+00
2.354298950000000445e+00 1.311287367034424278e+00
2.368432877000000047e+00 1.354429567607148499e+00
2.382566803999999649e+00 1.398882967795731957e+00
2.396700730999999251e+00 1.437724150967977010e+00
2.410834658000000630e+00 1.467346200696496794e+00
2.424968584000000149e+00 1.491031949138218238e+00
2.439102510999999751e+00 1.511942893949388633e+00
2.453236437999999353e+00 1.533969110980898165e+00
2.467370365000000731e+00 1.560172821385283015e+00
2.481504292000000333e+00 1.589111982943574475e+00
2.495638218999999935e+00 1.620119922268365542e+00
2.509772145999999537e+00 1.653377270932455900e+00
2.523906072999999139e+00 1.686369721939666277e+00
2.538040000000000518e+00 1.718208739430927778e+00
2.552173927000000120e+00 1.748137784566850428e+00
2.566307853999999722e+00 1.774473215527926584e+00
2.580441780999999324e+00 1.798010443985333495e+00
2.594575708000000702e+00 1.819104981571726398e+00
2.608709635000000304e+00 1.837651047234384549e+00
2.622843561999999906e+00 1.854831779000122083e+00
2.636977488999999508e+00 1.871516959563720661e+00
2.651111416000000887e+00 1.889004307711847019e+00
2.665245342000000406e+00 1.909859437581598485e+00
2.679379269000000008e+00 1.931265763225827214e+00
2.693513195999999610e+00 1.950658495424974603e+00
2.707647122999999212e+00 1.967494692616504892e+00
2.721781050000000590e+00 1.980119062224989790e+00
2.735914977000000192e+00 1.993283478744228177e+00
2.750048903999999794e+00 2.010231656043458770e+00
2.764182830999999396e+00 2.028056765896955937e+00
2.778316758000000775e+00 2.044857280043036241e+00
2.792450685000000377e+00 2.055706817243070361e+00
2.806584611999999979e+00 2.060688210046393465e+00
2.820718538999999581e+00 2.064716482143399645e+00
2.834852465999999183e+00 2.072599469542232953e+00
2.848986393000000561e+00 2.088567513510131590e+00
2.863120320000000163e+00 2.110732701750070106e+00
2.877254246999999765e+00 2.134401673400965649e+00
2.891388173999999367e+00 2.155449342815508373e+00
2.905522100000000663e+00 2.171185291462684575e+00
2.919656027000000265e+00 2.180962363672620086e+00
2.933789953999999867e+00 2.187900106094437191e+00
2.947923880999999469e+00 2.195100276859925259e+00
2.962057808000000847e+00 2.204130203975516622e+00
2.976191735000000449e+00 2.217838843401315430e+00
2.990325662000000051e+00 2.233809139299458124e+00
3.004459588999999653e+00 2.247578866975484146e+00
3.018593515999999255e+00 2.256060438466720441e+00
3.032727443000000633e+00 2.257398709895401367e+00
3.046861370000000235e+00 2.254275733527665082e+00
3.060995296999999837e+00 2.252746305126644089e+00
3.075129223999999439e+00 2.258571385717365487e+00
3.089263151000000818e+00 2.273688104822179312e+00
3.103397078000000420e+00 2.292728218696231224e+00
3.117531005000000022e+00 2.307741085621744404e+00
3.131664931999999624e+00 2.315389333216254286e+00
3.145798857999999143e+00 2.319469357390936182e+00
3.159932785000000521e+00 2.330360194274911478e+00
3.174066712000000123e+00 2.351314613789705632e+00
3.188200638999999725e+00 2.372446289988408452e+00
3.202334565999999327e+00 2.381053895627061934e+00
3.216468493000000706e+00 2.373435884946569985e+00
3.230602420000000308e+00 2.363291677745593233e+00
3.244736346999999910e+00 2.374495383498333112e+00
3.258870273999999512e+00 2.414645528707643152e+00
3.273004200999999114e+00 2.466207379258102961e+00
3.287138128000000492e+00 2.499585393063242122e+00
3.301272055000000094e+00 2.497225771536275118e+00
3.315405981999999696e+00 2.472787623707894511e+00
3.329539908999999298e+00 2.454643852991125641e+00
3.343673836000000676e+00 2.461118283357945913e+00
3.357807763000000278e+00 2.481757713118980746e+00
3.371941688999999798e+00 2.491756270055628164e+00
3.386075615999999400e+00 2.480002217170522272e+00
3.400209543000000778e+00 2.460048366555239951e+00
3.414343470000000380e+00 2.455547645316769945e+00
3.428477396999999982e+00 2.473221573386849670e+00
3.442611323999999584e+00 2.498084611889440865e+00
3.456745250999999186e+00 2.507429054567413829e+00
3.470879178000000564e+00 2.496380320135635600e+00
3.485013105000000166e+00 2.480102641104640071e+00
3.499147031999999768e+00 2.474762646133699562e+00
3.513280958999999370e+00 2.483521530325086601e+00
3.527414886000000749e+00 2.493195433753610857e+00
3.541548813000000351e+00 2.491293889113826765e+00
3.555682739999999953e+00 2.481497630543678667e+00
3.569816666999999555e+00 2.472826617742303057e+00
3.583950593999999157e+00 2.471835406264260016e+00
3.598084521000000535e+00 2.475592104241314928e+00
3.612218447000000054e+00 2.476243419276512370e+00
3.626352373999999656e+00 2.474070926844426310e+00
3.640486300999999258e+00 2.473646838863819752e+00
3.654620228000000637e+00 2.479189474329063003e+00
3.668754155000000239e+00 2.486997969181039991e+00
3.682888081999999841e+00 2.488028504083596104e+00
3.697022008999999443e+00 2.478915024380574650e+00
3.711155936000000821e+00 2.463777881860634622e+00
3.725289863000000423e+00 2.451658361816202003e+00
3.739423790000000025e+00 2.446772602749478054e+00
3.753557716999999627e+00 2.447962311078441644e+00
3.767691643999999229e+00 2.450778949666387874e+00
3.781825571000000608e+00 2.451876922527919334e+00
3.795959498000000210e+00 2.453880192476146860e+00
3.810093424999999812e+00 2.458988721122786103e+00
3.824227351999999414e+00 2.467211181231235173e+00
3.838361279000000792e+00 2.473376611674504844e+00
3.852495205000000311e+00 2.470681214914868917e+00
3.866629131999999913e+00 2.460266124818526023e+00
3.880763058999999515e+00 2.448245444933222714e+00
3.894896985999999117e+00 2.446408818236450955e+00
3.909030913000000496e+00 2.459770502597192987e+00
3.923164840000000098e+00 2.479847027961508132e+00
3.937298766999999700e+00 2.493875031604524395e+00
3.951432693999999302e+00 2.491106757542334904e+00
3.965566621000000680e+00 2.474183203590916591e+00
3.979700548000000282e+00 2.457713406366243802e+00
3.993834474999999884e+00 2.453436048049118412e+00
4.007968401999999486e+00 2.462310235502906508e+00
4.022102329000000864e+00 2.476098649097203008e+00
4.036236256000000466e+00 2.483401149472619807e+00
4.050370183000000068e+00 2.481125006952673573e+00
4.064504109999999670e+00 2.475025620661547521e+00
4.078638036999999272e+00 2.470808608776941639e+00
4.092771963000000568e+00 2.469335311595484583e+00
4.106905890000000170e+00 2.466531451702790534e+00
4.121039816999999772e+00 2.458395141956142282e+00
4.135173743999999374e+00 2.446430491114183425e+00
4.149307671000000752e+00 2.436964114007043491e+00
4.163441598000000354e+00 2.431779414895885338e+00
4.177575524999999956e+00 2.430488593608066239e+00
4.191709451999999558e+00 2.427293534066665259e+00
4.205843378999999160e+00 2.419273400761175807e+00
4.219977306000000539e+00 2.408085876688765836e+00
4.234111233000000141e+00 2.394883382472045241e+00
4.248245159999999743e+00 2.383446756653270882e+00
4.262379086999999345e+00 2.374459365694436386e+00
4.276513014000000723e+00 2.369971341624463435e+00
4.290646941000000325e+00 2.371602238215738012e+00
4.304780867999999927e+00 2.378752651572456855e+00
4.318914794999999529e+00 2.386054538325485197e+00
4.333048721000000825e+00 2.387643304283512791e+00
4.347182648000000427e+00 2.380257642546744989e+00
4.361316575000000029e+00 2.365620925900525862e+00
4.375450501999999631e+00 2.352029213914786254e+00
4.389584428999999233e+00 2.342987435175423627e+00
4.403718356000000611e+00 2.336156400935516686e+00
4.417852283000000213e+00 2.326609630957188202e+00
4.431986209999999815e+00 2.311372797923457512e+00
4.446120136999999417e+00 2.295664122438330068e+00
4.460254064000000795e+00 2.289370161262194614e+00
4.474387991000000397e+00 2.297764697017786517e+00
4.488521917999999999e+00 2.318542671425571911e+00
4.502655844999999601e+00 2.341068479127384805e+00
4.516789771999999203e+00 2.356879556804136300e+00
4.530923699000000582e+00 2.364906022587687673e+00
4.545057626000000184e+00 2.369619598413876815e+00
4.559191552999999786e+00 2.375771888218126904e+00
4.573325478999999305e+00 2.381743530113713092e+00
4.587459406000000683e+00 2.382767234801859146e+00
4.601593333000000285e+00 2.374265316788127578e+00
4.615727259999999887e+00 2.357867549716354816e+00
4.629861186999999489e+00 2.338308314484722317e+00
4.643995114000000868e+00 2.319696892894622664e+00
4.658129041000000470e+00 2.304691194081524230e+00
4.672262968000000072e+00 2.292656195691538557e+00
4.686396894999999674e+00 2.288000503881480796e+00
4.700530821999999276e+00 2.294014819495444613e+00
4.714664749000000654e+00 2.310751393358984274e+00
4.728798676000000256e+00 2.332168786867448773e+00
4.742932602999999858e+00 2.344833572574300362e+00
4.757066529999999460e+00 2.340698794191178322e+00
4.771200457000000839e+00 2.321314449529172208e+00
4.785334384000000441e+00 2.299386915204777893e+00
4.799468311000000043e+00 2.289634256600955098e+00
4.813602236999999562e+00 2.296228181807846269e+00
4.827736163999999164e+00 2.311934770623357949e+00
4.841870091000000542e+00 2.323780106062883988e+00
4.856004018000000144e+00 2.326181527633698565e+00
4.870137944999999746e+00 2.323271048276758677e+00
4.884271871999999348e+00 2.322769280954513960e+00
4.898405799000000727e+00 2.330857433906039944e+00
4.912539726000000329e+00 2.344247172705932414e+00
4.926673652999999931e+00 2.358658215264396674e+00
4.940807579999999533e+00 2.372478590944957944e+00
4.954941506999999135e+00 2.384118929682188082e+00
4.969075434000000513e+00 2.394227739334722216e+00
4.983209361000000115e+00 2.400843701861800739e+00
4.997343287999999717e+00 2.402340679793937284e+00
5.011477214999999319e+00 2.400945699468282513e+00
5.025611142000000697e+00 2.396931185990355928e+00
5.039745068000000217e+00 2.388773570113896128e+00
5.053878994999999819e+00 2.374245398714055710e+00
5.068012921999999421e+00 2.355363011590561939e+00
5.082146849000000799e+00 2.339095056506133474e+00
5.096280776000000401e+00 2.332451694953837418e+00
5.110414703000000003e+00 2.334518668154617060e+00
5.124548629999999605e+00 2.336427190254280362e+00
5.138682556999999207e+00 2.330370476852980488e+00
5.152816484000000585e+00 2.317318422946458512e+00
5.166950411000000187e+00 2.306853287043763245e+00
5.181084337999999789e+00 2.307191287049668915e+00
5.195218264999999391e+00 2.316946457323574293e+00
5.209352192000000770e+00 2.326521026620742560e+00
5.223486119000000372e+00 2.327979710151188542e+00
5.237620045999999974e+00 2.318315241932703330e+00
5.251753972999999576e+00 2.305795590379144500e+00
5.265887899999999178e+00 2.297023791498142842e+00
5.280021826000000473e+00 2.292808515474762387e+00
5.294155753000000075e+00 2.291261706852637303e+00
5.308289679999999677e+00 2.287112831924680734e+00
5.322423606999999279e+00 2.282206264947273411e+00
5.336557534000000658e+00 2.281066206262618579e+00
5.350691461000000260e+00 2.286703838000091693e+00
5.364825387999999862e+00 2.294675575215064711e+00
5.378959314999999464e+00 2.296821299124276905e+00
5.393093242000000842e+00 2.289035782988253942e+00
5.407227169000000444e+00 2.274707197405472670e+00
5.421361096000000046e+00 2.265530902665389590e+00
5.435495022999999648e+00 2.267959021983775969e+00
5.449628949999999250e+00 2.278953714149853482e+00
5.463762877000000628e+00 2.289945509702825177e+00
5.477896804000000230e+00 2.292887640637804481e+00
5.492030730999999832e+00 2.289514007758844727e+00
5.506164657999999434e+00 2.288120504465521066e+00
5.520298584000000730e+00 2.291873343922814499e+00
5.534432511000000332e+00 2.297880235714856667e+00
5.548566437999999934e+00 2.295521845881992817e+00
5.562700364999999536e+00 2.277497889016675714e+00
5.576834291999999138e+00 2.247629164328985851e+00
5.590968219000000516e+00 2.214440698698904697e+00
5.605102146000000118e+00 2.190290482815818507e+00
5.619236072999999720e+00 2.178535114707990772e+00
5.633369999999999322e+00 2.175968774448502785e+00
5.647503927000000701e+00 2.176262449743536109e+00
5.661637854000000303e+00 2.174237233873633102e+00
5.675771780999999905e+00 2.169027321281962628e+00
5.689905707999999507e+00 2.159966321103798492e+00
5.704039635000000885e+00 2.148323180401881416e+00
5.718173562000000487e+00 2.133225592107628188e+00
5.732307489000000089e+00 2.118032121197682471e+00
5.746441415999999691e+00 2.110678799951742235e+00
5.760575341999999210e+00 2.115335717179309682e+00
5.774709269000000589e+00 2.130016605463602275e+00
5.788843196000000191e+00 2.143161548845036180e+00
5.802977122999999793e+00 2.144389254622335983e+00
5.817111049999999395e+00 2.134977184125883554e+00
5.831244977000000773e+00 2.125989311062163267e+00
5.845378904000000375e+00 2.129254280300955315e+00
5.859512830999999977e+00 2.145104989640106652e+00
5.873646757999999579e+00 2.160743870687941381e+00
5.887780684999999181e+00 2.164861394157412633e+00
5.901914612000000560e+00 2.157089138983824483e+00
5.916048539000000162e+00 2.147009235560165763e+00
5.930182465999999764e+00 2.145798765737161773e+00
5.944316392999999366e+00 2.153418569293933160e+00
5.958450320000000744e+00 2.160934072761548919e+00
5.972584247000000346e+00 2.160202966187803497e+00
5.986718173999999948e+00 2.151088736925075295e+00
6.000852099999999467e+00 2.140645960031669404e+00
6.014986027000000846e+00 2.135679068752907028e+00
6.029119954000000448e+00 2.137880243674555203e+00
6.043253881000000050e+00 2.143428533346842357e+00
6.057387807999999652e+00 2.150244668000848236e+00
6.071521734999999254e+00 2.157558754949885582e+00
6.085655662000000632e+00 2.163020863847922470e+00
6.099789589000000234e+00 2.161955528454324593e+00
6.113923515999999836e+00 2.150303860163337077e+00
6.128057442999999438e+00 2.129350147415884464e+00
6.142191370000000816e+00 2.110080145699626542e+00
6.156325297000000418e+00 2.105830828431347612e+00
6.170459224000000020e+00 2.121610121957022699e+00
6.184593150999999622e+00 2.151778463493016602e+00
6.198727077999999224e+00 2.180964166420277905e+00
6.212861005000000603e+00 2.197050053813782711e+00
6.226994932000000205e+00 2.198320053407460506e+00
6.241128857999999724e+00 2.193329086229049096e+00
6.255262784999999326e+00 2.193164401200586866e+00
6.269396712000000704e+00 2.201771216350106641e+00
6.283530639000000306e+00 2.214548033552656392e+00
6.297664565999999908e+00 2.224510330189689356e+00
6.311798492999999510e+00 2.228096124254513200e+00
6.325932419999999112e+00 2.228738476376012301e+00
6.340066347000000491e+00 2.233048650995160145e+00
6.354200274000000093e+00 2.242210986953308449e+00
6.368334200999999695e+00 2.251780791315750818e+00
6.382468127999999297e+00 2.256137535842356101e+00
6.396602055000000675e+00 2.252628379340567477e+00
6.410735982000000277e+00 2.244112732959548495e+00
6.424869908999999879e+00 2.238631748131421517e+00
6.439003835999999481e+00 2.241810127159524768e+00
6.453137763000000859e+00 2.254387019066260933e+00
6.467271689000000379e+00 2.270719980579208652e+00
6.481405615999999981e+00 2.284122351321528299e+00
6.495539542999999583e+00 2.291300405905436932e+00
6.509673469999999185e+00 2.295827167790323031e+00
6.523807397000000563e+00 2.303944578884967953e+00
6.537941324000000165e+00 2.318591313768976647e+00
6.552075250999999767e+00 2.335775351717060744e+00
6.566209177999999369e+00 2.348749981110826113e+00
6.580343105000000747e+00 2.357532485909421993e+00
6.594477032000000349e+00 2.364920095943688239e+00
6.608610958999999951e+00 2.375681172798548957e+00
6.622744885999999553e+00 2.389770756577776822e+00
6.636878812999999155e+00 2.401145344433425421e+00
6.651012740000000534e+00 2.404886306154109477e+00
6.665146667000000136e+00 2.402514595635642181e+00
6.679280593999999738e+00 2.399910395881066805e+00
6.693414520999999340e+00 2.403295568084352851e+00
6.707548447000000635e+00 2.415513597320689598e+00
6.721682374000000237e+00 2.433419197738588835e+00
6.735816300999999839e+00 2.452610508770431963e+00
6.749950227999999441e+00 2.467800551048838997e+00
6.764084155000000820e+00 2.477580641598834177e+00
6.778218082000000422e+00 2.484525313645795208e+00
6.792352009000000024e+00 2.493221129228521349e+00
6.806485935999999626e+00 2.509299653022834420e+00
6.820619862999999228e+00 2.531595902341569726e+00
6.834753790000000606e+00 2.552785850369946985e+00
6.848887717000000208e+00 2.566321489400889888e+00
6.863021643999999810e+00 2.570052885540928145e+00
6.877155570999999412e+00 2.566719527533800616e+00
6.891289498000000791e+00 2.561358887348697877e+00
6.905423425000000393e+00 2.552955510768546432e+00
6.919557351999999995e+00 2.536852207095927625e+00
6.933691278999999597e+00 2.513075013825549320e+00
6.947825204999999116e+00 2.489398705862297945e+00
6.961959132000000494e+00 2.475873202479709434e+00
6.976093059000000096e+00 2.477456179118174617e+00
6.990226985999999698e+00 2.488757030653717450e+00
7.004360912999999300e+00 2.499555383062379121e+00
7.018494840000000679e+00 2.508662014697106812e+00
7.032628767000000281e+00 2.521589060960213402e+00
7.046762693999999883e+00 2.544607095185755341e+00
7.060896620999999485e+00 2.574177182463088798e+00
7.075030548000000863e+00 2.597832792283991665e+00
7.089164475000000465e+00 2.607419702954436147e+00
7.103298402000000067e+00 2.606391149829924814e+00
7.117432328999999669e+00 2.608934221786133989e+00
7.131566255999999271e+00 2.621826012101260872e+00
7.145700183000000649e+00 2.638265877279627247e+00
7.159834110000000251e+00 2.645134738522280315e+00
7.173968036999999853e+00 2.636100077282339527e+00
7.188101962999999373e+00 2.620716903010901433e+00
7.202235890000000751e+00 2.614270101293517001e+00
7.216369817000000353e+00 2.621345419471444060e+00
7.230503743999999955e+00 2.634491973733398495e+00
7.244637670999999557e+00 2.640481100487386712e+00
7.258771597999999159e+00 2.636621317636048900e+00
7.272905525000000537e+00 2.633499454837837206e+00
7.287039452000000139e+00 2.641006765565890646e+00
7.301173378999999741e+00 2.660989727402180094e+00
7.315307305999999343e+00 2.683518060272824357e+00
7.329441233000000722e+00 2.697393563506958358e+00
7.343575160000000324e+00 2.699765641130881022e+00
7.357709086999999926e+00 2.696890433044545787e+00
7.371843013999999528e+00 2.696689433845147477e+00
7.385976940999999130e+00 2.701931504297718334e+00
7.400110868000000508e+00 2.709082135746925246e+00
7.414244795000000110e+00 2.713003090378837356e+00
7.428378720999999629e+00 2.711106409259356198e+00
7.442512647999999231e+00 2.703417355178151738e+00
7.456646575000000610e+00 2.694244146210554192e+00
7.470780502000000212e+00 2.687995783102918423e+00
7.484914428999999814e+00 2.686037368881281751e+00
7.499048355999999416e+00 2.688099399536934442e+00
7.513182283000000794e+00 2.690835183111637718e+00
7.527316210000000396e+00 2.689849317050603261e+00
7.541450136999999998e+00 2.685065276731938511e+00
7.555584063999999600e+00 2.681220517231379219e+00
7.569717990999999202e+00 2.682771510969381268e+00
7.583851918000000580e+00 2.692106890946432074e+00
7.597985845000000182e+00 2.707474676919572332e+00
7.612119771999999784e+00 2.721895000402410503e+00
7.626253698999999386e+00 2.731968486723971523e+00
7.640387626000000765e+00 2.738006061793454293e+00
7.654521553000000367e+00 2.743919177068324444e+00
7.668655478999999886e+00 2.753517178767767248e+00
7.682789405999999488e+00 2.766473231600452110e+00
7.696923333000000866e+00 2.780056895855324228e+00
7.711057260000000468e+00 2.788149310080601850e+00
7.725191187000000070e+00 2.789633286282159119e+00
7.739325113999999672e+00 2.784932023548766011e+00
7.753459040999999274e+00 2.778746295961337154e+00
7.767592968000000653e+00 2.776515633769449209e+00
7.781726895000000255e+00 2.780855457803124153e+00
7.795860821999999857e+00 2.791387844178732536e+00
7.809994748999999459e+00 2.801963347240215896e+00
7.824128676000000837e+00 2.808047613970858336e+00
7.838262603000000439e+00 2.811762222816854617e+00
7.852396530000000041e+00 2.819135408099105788e+00
7.866530456999999643e+00 2.836842591483826226e+00
7.880664383999999245e+00 2.863793465217876033e+00
7.894798311000000623e+00 2.890540507979693530e+00
7.908932237000000143e+00 2.911476025856012839e+00
7.923066163999999745e+00 2.925394593718113612e+00
7.937200090999999347e+00 2.937017314370969245e+00
7.951334018000000725e+00 2.949549353584696831e+00
7.965467945000000327e+00 2.959646341176732420e+00
7.979601871999999929e+00 2.962673515223858800e+00
7.993735798999999531e+00 2.961867591148406476e+00
8.007869725999999133e+00 2.973709281130066273e+00
8.022003652999998735e+00 3.025828217929428021e+00
8.036137579999998337e+00 3.148321058123306315e+00
8.050271507000001492e+00 3.355676598575355385e+00
8.064405434000001094e+00 3.645069156436084867e+00
8.078539361000000696e+00 4.001003548554663780e+00
8.092673288000000298e+00 4.408842536184815586e+00
8.106807214999999900e+00 4.868715589984857317e+00
8.120941141999999502e+00 5.393371330869081604e+00
8.135075067999999021e+00 5.997047649218412602e+00
8.149208994999998623e+00 6.684566227140379624e+00
8.163342921999998225e+00 7.450280847029535636e+00
8.177476849000001380e+00 8.282986494245552223e+00
8.191610776000000982e+00 9.173916895255542769e+00
8.205744703000000584e+00 1.011919243125650070e+01
8.219878630000000186e+00 1.112324467461492716e+01
8.234012556999999788e+00 1.219610466386682468e+01
8.248146483999999390e+00 1.335165495960009707e+01
8.262280410999998992e+00 1.460123477563103478e+01
8.276414337999998594e+00 1.594663856459256479e+01
8.290548265000001749e+00 1.737710213911076806e+01
8.304682192000001351e+00 1.887741975592253141e+01
8.318816119000000953e+00 2.043819972793439632e+01
8.332950046000000555e+00 2.205720542598729850e+01
8.347083973000000157e+00 2.373832668650364397e+01
8.361217899999999759e+00 2.548129941822150357e+01
8.375351825999999278e+00 2.727676147640391235e+01
8.389485752999998880e+00 2.911461394951194848e+01
8.403619679999998482e+00 3.099748319776472272e+01
8.417753607000001637e+00 3.294561751905227709e+01
8.431887534000001239e+00 3.499085723913813695e+01
8.446021461000000841e+00 3.715762830910388459e+01
8.460155388000000443e+00 3.944298875120098558e+01
8.474289315000000045e+00 4.181660327561554169e+01
8.488423241999999647e+00 4.423991583429182128e+01
8.502557168999999249e+00 4.669804531946168424e+01
8.516691095999998851e+00 4.921313887335053039e+01
8.530825022999998453e+00 5.183209112347137193e+01
8.544958950000001607e+00 5.458803464762491586e+01
8.559092877000001209e+00 5.745787783537015514e+01
8.573226804000000811e+00 6.034539105420081739e+01
8.587360731000000413e+00 6.309929952042784862e+01
8.601494658000000015e+00 6.555849453414921868e+01
8.615628583999999535e+00 6.759819817169324097e+01
8.629762510999999137e+00 6.916273363788124584e+01
8.643896437999998739e+00 7.026868777370472685e+01
8.658030364999998341e+00 7.098574190164953279e+01
8.672164292000001495e+00 7.141053363031161894e+01
8.686298219000001097e+00 7.163930175301662473e+01
8.700432146000000699e+00 7.175026185867226047e+01
8.714566073000000301e+00 7.179868161265063975e+01
8.728699999999999903e+00 5.386090460897501941e+01
