# r_minus_2Rs_A, PMF_over_kBT
-1.375000000000000000e+00 nan
-1.324999999999999956e+00 nan
-1.274999999999999911e+00 nan
-1.224999999999999867e+00 nan
-1.174999999999999822e+00 nan
-1.125000000000000000e+00 nan
-1.074999999999999734e+00 nan
-1.024999999999999911e+00 nan
-9.749999999999998668e-01 nan
-9.249999999999999334e-01 nan
-8.749999999999998890e-01 nan
-8.249999999999998446e-01 nan
-7.749999999999999112e-01 nan
-7.249999999999998668e-01 nan
-6.749999999999998224e-01 nan
-6.249999999999998890e-01 nan
-5.749999999999998446e-01 nan
-5.249999999999999112e-01 nan
-4.749999999999998668e-01 nan
-4.249999999999998224e-01 nan
-3.750000000000000000e-01 nan
-3.249999999999997335e-01 nan
-2.749999999999999112e-01 nan
-2.249999999999996447e-01 nan
-1.749999999999998224e-01 1.516698874182936585e+00
-1.250000000000000000e-01 -5.988590415550096857e-01
-7.499999999999973355e-02 -1.499525499679696949e+00
-2.499999999999991118e-02 -1.770600517881304015e+00
2.500000000000035527e-02 -1.669450398774228628e+00
7.500000000000017764e-02 -1.602330289601776592e+00
1.250000000000000000e-01 -1.500944548227404418e+00
1.750000000000002665e-01 -1.314493183625505157e+00
2.250000000000000888e-01 -1.226068933674268280e+00
2.750000000000003553e-01 -1.144592950328020553e+00
3.250000000000001776e-01 -1.026898215828824235e+00
3.750000000000000000e-01 -9.084967868922571022e-01
4.250000000000002665e-01 -7.723325085378764943e-01
4.750000000000000888e-01 -6.327480518311217050e-01
5.250000000000003553e-01 -5.696961930028840992e-01
5.750000000000001776e-01 -6.505909612815237164e-01
6.250000000000004441e-01 -5.317817143278154024e-01
6.750000000000002665e-01 -4.203651464992683717e-01
7.250000000000000888e-01 -5.257424670815047385e-01
7.749999999999999112e-01 -4.691530321543824211e-01
8.250000000000001776e-01 -3.933738971584463950e-01
8.750000000000004441e-01 -3.187126922287584208e-01
9.250000000000002665e-01 -3.086626379694814570e-01
9.750000000000000888e-01 -4.069303978873330951e-01
1.025000000000000355e+00 -4.228004095408801621e-01
1.075000000000000178e+00 -3.619485565315050390e-01
1.125000000000000444e+00 -2.552958018929505357e-01
1.175000000000000266e+00 -1.739971544217016053e-01
1.225000000000000089e+00 -1.790113323860955674e-01
1.275000000000000355e+00 -1.905401177862913187e-01
1.325000000000000178e+00 -9.664198063932238902e-02
1.375000000000000444e+00 -4.394027848845305506e-02
1.425000000000000266e+00 -4.495530361086430560e-02
1.475000000000000089e+00 -1.360290629819616015e-02
1.525000000000000355e+00 -6.264986690651408452e-02
1.575000000000000178e+00 -1.335375130124460963e-01
1.625000000000000444e+00 -5.793900380440075715e-02
1.675000000000000266e+00 -2.813623508027141007e-02
1.725000000000000089e+00 -9.161719151403624473e-02
1.775000000000000355e+00 -1.376172676678975026e-01
1.825000000000000178e+00 -1.521287011981025117e-01
1.875000000000000444e+00 -1.183335633286055621e-01
1.925000000000000266e+00 -1.423970788118698039e-01
1.975000000000000089e+00 -1.288052001790191969e-01
2.025000000000000355e+00 -4.181947083551174060e-02
2.075000000000000178e+00 3.864174729904856775e-03
2.125000000000000444e+00 -7.166171370967866494e-03
2.175000000000000266e+00 -4.416304407026871992e-02
2.225000000000000089e+00 -5.068608390640472194e-02
2.275000000000000355e+00 -1.569102201016603360e-02
2.325000000000000178e+00 -1.173888619785090626e-02
2.375000000000000444e+00 -8.182369798744160150e-02
2.425000000000000266e+00 -1.071028094058172897e-01
2.475000000000000089e+00 -3.371247998847581862e-02
2.525000000000000355e+00 -3.385888399786596281e-02
2.575000000000000178e+00 -1.262187870749089669e-01
2.625000000000000444e+00 -6.892098353852915693e-02
2.675000000000000266e+00 -6.838564804236857420e-02
2.725000000000000089e+00 -8.561863222639032323e-02
2.775000000000000799e+00 -4.936787941379372491e-02
2.824999999999999734e+00 -4.780672606239066980e-02
2.875000000000000444e+00 -7.525256961004700429e-02
2.925000000000000266e+00 -6.447323823351114314e-02
2.975000000000000089e+00 -1.231065937440156688e-02
3.025000000000000799e+00 -6.064719337517443520e-02
3.074999999999999734e+00 -6.551816097919949122e-02
3.125000000000000444e+00 -7.746172689691510627e-02
3.175000000000000266e+00 -8.437737859020288944e-02
3.225000000000000089e+00 -6.539237351851601154e-02
3.275000000000000799e+00 -6.126461606068933641e-02
3.324999999999999734e+00 -4.698612548820269019e-02
3.375000000000000444e+00 -3.293400729795137316e-02
3.425000000000001155e+00 -4.080558126572753075e-02
3.475000000000000089e+00 -7.233598562161214218e-02
3.525000000000000799e+00 -9.887128733304839656e-02
3.574999999999999734e+00 -7.087373618444048340e-02
3.625000000000000444e+00 -5.919651137428627585e-02
3.675000000000001155e+00 -6.694075278612277025e-02
3.725000000000000089e+00 -5.316710877752894859e-02
3.775000000000000799e+00 -3.487545117653256810e-02
3.824999999999999734e+00 -7.227711984236107057e-03
3.875000000000000444e+00 -3.574360775075979824e-02
3.925000000000001155e+00 -7.233554212962567398e-02
3.975000000000000089e+00 -4.347705676371615979e-02
4.025000000000000355e+00 -3.967223800317287719e-02
4.074999999999999289e+00 -3.463232480209099684e-02
4.125000000000000000e+00 -3.777710237885734124e-02
4.175000000000000711e+00 -6.189634385492470692e-02
4.224999999999999645e+00 -8.820341711949897245e-03
4.275000000000000355e+00 4.570044079996882225e-02
4.324999999999999289e+00 7.652763037424126225e-03
4.375000000000000000e+00 -3.243800026794718683e-02
4.425000000000000711e+00 -1.528588288946641782e-03
4.474999999999999645e+00 1.953776514116900564e-02
4.525000000000000355e+00 1.819979947593708403e-02
4.574999999999999289e+00 -5.319811182030731445e-03
4.625000000000000000e+00 1.046901591157678446e-02
4.675000000000000711e+00 4.358207489131760148e-02
4.724999999999999645e+00 2.089679603615013370e-02
4.775000000000000355e+00 1.176355343319901436e-02
4.824999999999999289e+00 1.584683207357096002e-02
4.875000000000000000e+00 3.279865988031005486e-02
4.925000000000000711e+00 2.210657947862770811e-02
4.974999999999999645e+00 -1.909601403897598360e-02
5.025000000000000355e+00 -9.724504131438660437e-04
5.074999999999999289e+00 4.228636214438830088e-02
5.125000000000000000e+00 4.805288634350346477e-02
5.175000000000000711e+00 3.647742882441051826e-02
5.224999999999999645e+00 5.168677418528355716e-02
5.275000000000000355e+00 5.346809119477402561e-02
5.324999999999999289e+00 6.210028308481052584e-02
5.375000000000000000e+00 5.209712522375076205e-02
5.425000000000000711e+00 2.020712085806053437e-02
5.474999999999999645e+00 4.226687499915127155e-02
5.525000000000000355e+00 3.023283774278251457e-02
5.574999999999999289e+00 1.638455208426137233e-02
5.625000000000000000e+00 1.727998413388487364e-02
5.675000000000000711e+00 3.151503985748771441e-02
5.724999999999999645e+00 4.234478726554535832e-02
5.775000000000000355e+00 6.348243992808533243e-02
5.824999999999999289e+00 7.348286314935137398e-02
5.875000000000000000e+00 3.250227059232124738e-02
5.925000000000000711e+00 3.718053136216514787e-02
5.974999999999999645e+00 6.579790064152057916e-02
6.025000000000000355e+00 7.108220551423727329e-02
6.074999999999999289e+00 5.505464141169635894e-02
6.125000000000000000e+00 3.663716608298428490e-02
6.175000000000000711e+00 3.339085588342594058e-02
6.224999999999999645e+00 3.778410611342386538e-02
6.275000000000000355e+00 1.656323383209001854e-02
6.324999999999999289e+00 2.553469474840408537e-02
6.375000000000000000e+00 5.914865815575565122e-02
6.425000000000000711e+00 6.285695374657085388e-02
6.474999999999999645e+00 6.005545691764813121e-02
6.525000000000000355e+00 7.788224767642626389e-02
6.574999999999999289e+00 5.752168588023787166e-02
6.625000000000000000e+00 5.705856548825094521e-02
6.674999999999998934e+00 8.409174294658861015e-02
6.724999999999999645e+00 6.041926316498336114e-02
6.775000000000000355e+00 7.272707199593342331e-02
6.825000000000001066e+00 8.495960229630195037e-02
6.875000000000000000e+00 6.375441642308743440e-02
6.924999999999998934e+00 7.376657704129274684e-02
6.974999999999999645e+00 3.886931976975338543e-02
7.025000000000000355e+00 3.303233157815266274e-02
7.075000000000001066e+00 8.671436580755953472e-02
7.125000000000000000e+00 8.667900646877724213e-02
7.174999999999998934e+00 6.034215497654438209e-02
7.224999999999999645e+00 5.429038537537445031e-02
7.275000000000000355e+00 9.341457427579702433e-02
7.325000000000001066e+00 1.007265658886871140e-01
7.375000000000000000e+00 6.620581098024058697e-02
7.424999999999998934e+00 5.704168615684990229e-02
7.474999999999999645e+00 8.918066247034706073e-02
7.525000000000000355e+00 8.981908211589129110e-02
7.575000000000001066e+00 7.123930939637679316e-02
7.625000000000000000e+00 9.390679011439528878e-02
7.674999999999998934e+00 8.836275406905835794e-02
7.724999999999999645e+00 5.438389452524883261e-02
7.775000000000000355e+00 4.345386379007432076e-02
7.825000000000001066e+00 7.271913190722134601e-02
7.875000000000000000e+00 9.186515875456668923e-02
7.924999999999998934e+00 1.060598907809897629e-01
7.974999999999999645e+00 1.056032383706202449e-01
8.025000000000000355e+00 9.572201608982622290e-02
8.075000000000001066e+00 1.234100486422979870e-01
8.125000000000000000e+00 9.829140150951221067e-02
8.175000000000000711e+00 1.003866023401389640e-01
8.224999999999999645e+00 1.036143092067260962e-01
8.275000000000000355e+00 8.056422527037976344e-02
8.325000000000001066e+00 1.069935548436840023e-01
8.375000000000000000e+00 9.516913981396513122e-02
8.425000000000000711e+00 8.330896911749885447e-02
8.474999999999999645e+00 1.002440116489959898e-01
8.525000000000000355e+00 1.395200162450889181e-01
8.575000000000001066e+00 1.439586086369799567e-01
8.625000000000000000e+00 1.281988755276832759e-01
8.675000000000000711e+00 1.216344544173819653e-01
8.724999999999999645e+00 1.049016977488992364e-01
8.775000000000000355e+00 1.155018903003883768e-01
8.825000000000001066e+00 1.232007866176669797e-01
8.875000000000000000e+00 9.032062063210366532e-02
8.925000000000000711e+00 7.015749831981965556e-02
8.974999999999999645e+00 6.899066561170630330e-02
9.025000000000000355e+00 8.703848847034323377e-02
9.075000000000001066e+00 1.141765296787748962e-01
9.125000000000000000e+00 1.047524619815805025e-01
9.175000000000000711e+00 1.032569254256854308e-01
9.224999999999999645e+00 9.918148935023141100e-02
9.275000000000000355e+00 8.289722172971258907e-02
9.325000000000001066e+00 9.834114067196764175e-02
9.375000000000000000e+00 1.026807357037327062e-01
9.425000000000000711e+00 9.956813863275359999e-02
9.474999999999999645e+00 1.147306725806764849e-01
9.525000000000000355e+00 1.109142367641062776e-01
9.575000000000001066e+00 1.070637738667139516e-01
9.625000000000000000e+00 1.034935992118222181e-01
9.675000000000000711e+00 1.055835541211582740e-01
9.724999999999999645e+00 8.734400752357474040e-02
9.775000000000000355e+00 6.706758968717640990e-02
9.825000000000001066e+00 7.771301454183854318e-02
9.875000000000000000e+00 1.143823063786910676e-01
9.925000000000000711e+00 1.235348959844697614e-01
9.974999999999999645e+00 9.141990479116590684e-02
1.002500000000000036e+01 7.076661119330807104e-02
1.007500000000000107e+01 9.727273256104740362e-02
1.012500000000000000e+01 1.283954922576902025e-01
1.017500000000000071e+01 1.005718762313592141e-01
1.022499999999999964e+01 9.082781046915355816e-02
1.027500000000000036e+01 9.624019730821387064e-02
1.032500000000000107e+01 1.058842961452259868e-01
1.037500000000000000e+01 1.023706526477141665e-01
1.042500000000000071e+01 8.201414747260971083e-02
1.047499999999999964e+01 1.009260088903249919e-01
1.052500000000000036e+01 1.037717749854814020e-01
1.057500000000000107e+01 6.746468855105991480e-02
1.062500000000000000e+01 1.566007619805376283e-01
1.067500000000000071e+01 6.929431433651840333e-01
1.072499999999999964e+01 2.109314331520753427e+00
1.077500000000000036e+01 4.308575106600047278e+00
1.082500000000000107e+01 nan
1.087500000000000000e+01 nan
1.092500000000000071e+01 nan
1.097499999999999964e+01 nan
1.102500000000000036e+01 nan
1.107500000000000107e+01 nan
1.112500000000000000e+01 nan
1.117500000000000071e+01 nan
1.122499999999999964e+01 nan
1.127500000000000036e+01 nan
1.132500000000000107e+01 nan
1.137500000000000000e+01 nan
1.142500000000000071e+01 nan
1.147499999999999964e+01 nan
1.152500000000000036e+01 nan
1.157500000000000107e+01 nan
1.162500000000000000e+01 nan
1.167500000000000071e+01 nan
1.172499999999999964e+01 nan
1.177500000000000036e+01 nan
1.182500000000000107e+01 nan
1.187500000000000000e+01 nan
1.192500000000000071e+01 nan
1.197499999999999964e+01 nan
1.202500000000000036e+01 nan
1.207500000000000107e+01 nan
1.212500000000000000e+01 nan
1.217500000000000071e+01 nan
1.222499999999999964e+01 nan
1.227500000000000036e+01 nan
1.232500000000000107e+01 nan
1.237500000000000000e+01 nan
1.242500000000000071e+01 nan
1.247499999999999964e+01 nan
1.252500000000000036e+01 nan
1.257500000000000107e+01 nan
1.262500000000000000e+01 nan
1.267500000000000071e+01 nan
1.272499999999999964e+01 nan
1.277500000000000036e+01 nan
1.282500000000000107e+01 nan
1.287500000000000000e+01 nan
1.292500000000000071e+01 nan
1.297499999999999964e+01 nan
1.302500000000000036e+01 nan
1.307500000000000107e+01 nan
1.312500000000000000e+01 nan
1.317500000000000071e+01 nan
1.322499999999999964e+01 nan
1.327500000000000036e+01 nan
1.332500000000000107e+01 nan
1.337500000000000000e+01 nan
1.342500000000000071e+01 nan
1.347499999999999964e+01 nan
1.352500000000000036e+01 nan
1.357500000000000107e+01 nan
1.362500000000000000e+01 nan
1.367500000000000071e+01 nan
1.372499999999999964e+01 nan
1.377500000000000036e+01 nan
1.382500000000000107e+01 nan
1.387500000000000000e+01 nan
1.392500000000000071e+01 nan
1.397499999999999964e+01 nan
1.402500000000000036e+01 nan
1.407500000000000107e+01 nan
1.412500000000000000e+01 nan
1.417500000000000071e+01 nan
1.422499999999999964e+01 nan
1.427500000000000036e+01 nan
1.432500000000000107e+01 nan
1.437500000000000000e+01 nan
1.442500000000000071e+01 nan
1.447499999999999964e+01 nan
1.452500000000000036e+01 nan
1.457500000000000107e+01 nan
1.462499999999999822e+01 nan
1.467500000000000249e+01 nan
1.472499999999999964e+01 nan
1.477500000000000036e+01 nan
1.482500000000000107e+01 nan
1.487499999999999822e+01 nan
1.492500000000000249e+01 nan
1.497499999999999964e+01 nan
1.502500000000000036e+01 nan
1.507500000000000107e+01 nan
1.512499999999999822e+01 nan
1.517500000000000249e+01 nan
1.522499999999999964e+01 nan
1.527500000000000036e+01 nan
1.532500000000000107e+01 nan
1.537499999999999822e+01 nan
1.542500000000000249e+01 nan
1.547499999999999964e+01 nan
1.552500000000000036e+01 nan
1.557500000000000107e+01 nan
1.562499999999999822e+01 nan
1.567500000000000249e+01 nan
1.572499999999999964e+01 nan
1.577500000000000036e+01 nan
1.582500000000000107e+01 nan
1.587499999999999822e+01 nan
1.592500000000000249e+01 nan
1.597499999999999964e+01 nan
1.602500000000000213e+01 nan
1.607500000000000284e+01 nan
1.612500000000000000e+01 nan
1.617500000000000426e+01 nan
1.622500000000000142e+01 nan
1.627500000000000213e+01 nan
1.632500000000000284e+01 nan
1.637500000000000000e+01 nan
1.642500000000000426e+01 nan
1.647500000000000142e+01 nan
1.652500000000000213e+01 nan
1.657500000000000284e+01 nan
1.662500000000000000e+01 nan
1.667500000000000426e+01 nan
1.672500000000000142e+01 nan
1.677500000000000213e+01 nan
1.682500000000000284e+01 nan
1.687500000000000000e+01 nan
1.692500000000000426e+01 nan
1.697500000000000142e+01 nan
1.702500000000000213e+01 nan
1.707500000000000284e+01 nan
1.712500000000000000e+01 nan
1.717500000000000426e+01 nan
1.722500000000000142e+01 nan
1.727500000000000213e+01 nan
1.732500000000000284e+01 nan
1.737500000000000000e+01 nan
1.742500000000000426e+01 nan
1.747500000000000142e+01 nan
1.752500000000000213e+01 nan
1.757500000000000284e+01 nan
1.762500000000000000e+01 nan
1.767500000000000426e+01 nan
1.772500000000000142e+01 nan
1.777500000000000568e+01 nan
1.782500000000000284e+01 nan
1.787500000000000000e+01 nan
1.792500000000000426e+01 nan
1.797500000000000142e+01 nan
1.802500000000000568e+01 nan
1.807500000000000284e+01 nan
1.812500000000000000e+01 nan
1.817500000000000426e+01 nan
1.822500000000000142e+01 nan
1.827500000000000568e+01 nan
1.832500000000000284e+01 nan
1.837500000000000000e+01 nan
1.842500000000000426e+01 nan
1.847500000000000142e+01 nan
1.852500000000000568e+01 nan
1.857500000000000284e+01 nan
