# r_minus_2Rs_A, PMF_over_kBT
-9.749999999999999778e-01 nan
-9.250000000000000444e-01 nan
-8.750000000000000000e-01 nan
-8.249999999999999556e-01 nan
-7.750000000000000222e-01 nan
-7.249999999999999778e-01 nan
-6.749999999999999334e-01 nan
-6.250000000000000000e-01 nan
-5.749999999999999556e-01 nan
-5.250000000000000222e-01 nan
-4.749999999999999778e-01 nan
-4.249999999999999334e-01 nan
-3.750000000000000000e-01 nan
-3.249999999999999556e-01 nan
-2.749999999999999112e-01 nan
-2.249999999999999778e-01 nan
-1.749999999999999334e-01 3.331138172977771816e+00
-1.250000000000000000e-01 1.125481490434377951e+00
-7.499999999999995559e-02 -2.300377418547139285e-02
-2.499999999999991118e-02 -3.833299756089445509e-01
2.499999999999991118e-02 -4.195142808899041675e-01
7.500000000000017764e-02 -2.810959237220846951e-01
1.250000000000000000e-01 -1.340778594010658686e-01
1.750000000000002665e-01 -4.514506084520020224e-02
2.250000000000000888e-01 -1.583498198065580453e-02
2.749999999999999112e-01 -2.296183023830389303e-02
3.250000000000001776e-01 1.736871165900000236e-02
3.750000000000000000e-01 1.136315130856568878e-01
4.250000000000002665e-01 1.118112539478475220e-01
4.750000000000000888e-01 9.173169103888234588e-02
5.249999999999999112e-01 1.246499000266694246e-01
5.750000000000001776e-01 9.151755339470435402e-02
6.250000000000000000e-01 1.083357988069799660e-02
6.750000000000002665e-01 -5.888864182056963159e-02
7.250000000000000888e-01 -9.557027619943259111e-02
7.749999999999999112e-01 -1.053991704833290299e-01
8.250000000000001776e-01 -1.216409698471392353e-01
8.750000000000000000e-01 -1.566400911916154826e-01
9.250000000000002665e-01 -1.429720086642087828e-01
9.750000000000000888e-01 -1.181203098957310793e-01
1.025000000000000355e+00 -1.125428764985509922e-01
1.075000000000000178e+00 -7.460351514833529762e-02
1.125000000000000000e+00 -6.890504836746158546e-02
1.174999999999999822e+00 -4.338150399384277378e-02
1.225000000000000089e+00 -1.959899075800164425e-02
1.275000000000000355e+00 7.016102117742395450e-03
1.325000000000000178e+00 4.709501684753680806e-02
1.375000000000000000e+00 1.228931970621349734e-02
1.425000000000000266e+00 1.001274090782544590e-03
1.475000000000000089e+00 4.824284252507249349e-02
1.525000000000000355e+00 3.636812514234621929e-02
1.575000000000000178e+00 3.085960793708597549e-03
1.625000000000000000e+00 2.651163976186010629e-02
1.675000000000000266e+00 1.656014273592232300e-02
1.725000000000000089e+00 -1.803155653870458508e-03
1.775000000000000355e+00 8.737369068188005627e-03
1.825000000000000178e+00 -1.501591736027485524e-03
1.875000000000000000e+00 -1.566018430058013777e-02
1.925000000000000266e+00 -2.743587255523083357e-02
1.975000000000000089e+00 -2.799063966396975189e-02
2.025000000000000355e+00 3.375095328102428738e-03
2.075000000000000178e+00 -1.124867142990249036e-02
2.125000000000000000e+00 -3.422084077679388159e-02
2.175000000000000266e+00 -2.307863851351887874e-02
2.225000000000000089e+00 -6.566194438563321967e-03
2.275000000000000355e+00 8.413794923596729092e-03
2.325000000000000178e+00 -1.949166217222408903e-03
2.375000000000000000e+00 -2.195220288215482540e-02
2.425000000000000266e+00 -6.990689586328535654e-03
2.475000000000000089e+00 1.428841434542960087e-02
2.525000000000000355e+00 3.774643220590512271e-03
2.575000000000000178e+00 1.459920461738573039e-02
2.625000000000000000e+00 -7.172793425214152307e-03
2.675000000000000266e+00 -3.891083113623761136e-02
2.725000000000000089e+00 -3.592487919944931107e-02
2.775000000000000355e+00 -2.316914207219822330e-02
2.825000000000000178e+00 -1.348293464621352911e-02
2.875000000000000000e+00 -1.381764406119057043e-02
2.925000000000000266e+00 -1.639712837764628617e-02
2.975000000000000089e+00 -1.120888853814561159e-02
3.025000000000000355e+00 -1.617070089272676370e-02
3.075000000000000178e+00 -3.142979943950852117e-02
3.125000000000000000e+00 -2.764859214945802890e-02
3.175000000000000711e+00 -1.608920582973771829e-02
3.224999999999999645e+00 -1.127965413787901383e-02
3.275000000000000355e+00 -9.100044866743761673e-03
3.325000000000000178e+00 -1.004238542664825928e-02
3.375000000000000000e+00 4.735946672744795194e-03
3.425000000000000711e+00 1.117952735278349152e-02
3.474999999999999645e+00 -1.591954230304448714e-02
3.525000000000000355e+00 -2.691347060611404274e-02
3.575000000000000178e+00 -1.971126623773544750e-02
3.625000000000000000e+00 -9.953307503364428044e-03
3.675000000000000711e+00 -1.238615941317755542e-02
3.724999999999999645e+00 -2.859918321526189189e-02
3.775000000000000355e+00 -3.841077096282186076e-02
3.825000000000001066e+00 -3.798720181446402222e-02
3.875000000000000000e+00 -7.762675971520138773e-03
3.925000000000000711e+00 5.821624202677178062e-03
3.974999999999999645e+00 -5.665922162994441180e-03
4.025000000000000355e+00 -1.293450368631710035e-03
4.075000000000001066e+00 -1.628069139306465019e-03
4.125000000000000000e+00 8.007135436542522910e-03
4.175000000000000711e+00 1.364367216866479993e-02
4.224999999999999645e+00 1.419035225601827932e-03
4.275000000000000355e+00 1.063578701826717321e-02
4.325000000000001066e+00 1.191882037370373126e-02
4.375000000000000000e+00 1.064072121481629551e-03
4.425000000000000711e+00 5.516770798499326389e-03
4.474999999999999645e+00 -1.950123692818550580e-03
4.525000000000000355e+00 -5.639183209957376874e-03
4.575000000000001066e+00 4.210032015413478490e-03
4.625000000000000000e+00 5.799414159808335967e-04
4.675000000000000711e+00 -1.037092917159121441e-02
4.724999999999999645e+00 -9.721087831801700219e-03
4.775000000000000355e+00 -3.624536654626364651e-03
4.825000000000001066e+00 3.676919304499648433e-03
4.875000000000000000e+00 -5.646664317674243705e-03
4.925000000000000711e+00 -2.142372074437259855e-02
4.974999999999999645e+00 -6.333240347809354631e-03
5.025000000000000355e+00 9.531199725939742962e-03
5.075000000000001066e+00 -2.170778203790302285e-03
5.125000000000000000e+00 -2.076391988564463276e-03
5.175000000000000711e+00 1.239086407909262277e-03
5.224999999999999645e+00 8.692866877637595024e-03
5.275000000000000355e+00 2.200459704294388530e-03
5.325000000000001066e+00 -9.063170890721394812e-03
5.375000000000000000e+00 1.408139282625242572e-02
5.425000000000000711e+00 1.168858475603729019e-02
5.474999999999999645e+00 -2.620241085981245277e-03
5.525000000000000355e+00 2.201243606736458247e-03
5.575000000000001066e+00 7.864023273214115761e-03
5.625000000000000000e+00 6.898021966196932198e-03
5.675000000000000711e+00 -3.704262224939913750e-03
5.724999999999999645e+00 -2.364082865044636605e-03
5.775000000000000355e+00 -1.115688619464094700e-04
5.825000000000001066e+00 -2.999744406454230017e-03
5.875000000000000000e+00 -3.520294196319717628e-04
5.925000000000000711e+00 -3.504149120243660320e-03
5.974999999999999645e+00 -2.792455138425520289e-03
6.025000000000000355e+00 6.446153482458916173e-02
6.075000000000001066e+00 4.443532601776269964e-01
6.125000000000000000e+00 1.208165131190571673e+00
6.175000000000000711e+00 1.790710891604241795e+00
6.224999999999999645e+00 1.945163207736299471e+00
6.275000000000000355e+00 1.973711146507329373e+00
6.325000000000001066e+00 1.971338963791110510e+00
6.375000000000000000e+00 1.970665591128476279e+00
6.425000000000000711e+00 1.977845995580669092e+00
6.474999999999999645e+00 1.948190298380618524e+00
6.525000000000000355e+00 1.948322566719183913e+00
6.575000000000001066e+00 1.965125467845294960e+00
6.625000000000000000e+00 1.962600117085219198e+00
6.675000000000000711e+00 1.955670863131343307e+00
6.724999999999999645e+00 1.958254254943203598e+00
6.775000000000000355e+00 1.975281029659022858e+00
6.825000000000001066e+00 1.953853259950313559e+00
6.875000000000000000e+00 1.949841573373608750e+00
6.925000000000000711e+00 1.952979593325403052e+00
6.974999999999999645e+00 1.968247028243891084e+00
7.025000000000000355e+00 1.971095504778375584e+00
7.074999999999999289e+00 1.975978286117560989e+00
7.125000000000000000e+00 1.988362305747553460e+00
7.175000000000000711e+00 1.951204879965083405e+00
7.225000000000001421e+00 1.954234696494094203e+00
7.275000000000000355e+00 1.966392863529941692e+00
7.324999999999999289e+00 1.972735586884890369e+00
7.375000000000000000e+00 1.999781912593622257e+00
7.425000000000000711e+00 1.941998143468230076e+00
7.475000000000001421e+00 1.910056838523358724e+00
7.525000000000000355e+00 1.964673448850124293e+00
7.574999999999999289e+00 1.968634453293478748e+00
7.625000000000000000e+00 1.943791813344701414e+00
7.675000000000000711e+00 1.957040831104294165e+00
7.725000000000001421e+00 1.965139116559670995e+00
7.775000000000000355e+00 1.946060775227573370e+00
7.824999999999999289e+00 1.958509511091140576e+00
7.875000000000000000e+00 1.957773708823286496e+00
7.925000000000000711e+00 1.956296890764105179e+00
7.975000000000001421e+00 1.962704655187796687e+00
8.025000000000000355e+00 1.952973769590070185e+00
8.074999999999999289e+00 1.946525855437882591e+00
8.125000000000000000e+00 1.953375465997886362e+00
8.175000000000000711e+00 1.973639324227862257e+00
8.225000000000001421e+00 1.959295131859107419e+00
8.275000000000000355e+00 1.932305155260369389e+00
8.324999999999999289e+00 1.947753294198098839e+00
8.375000000000000000e+00 1.964238991868737738e+00
8.425000000000000711e+00 1.976314186023177877e+00
8.475000000000001421e+00 1.964708537476341554e+00
8.525000000000000355e+00 1.955896517833298542e+00
8.575000000000001066e+00 1.963962182996529471e+00
8.625000000000000000e+00 1.965885732872974634e+00
8.675000000000000711e+00 1.972757368939365819e+00
8.725000000000001421e+00 1.978446276006653237e+00
8.775000000000000355e+00 1.975325810172514407e+00
8.825000000000001066e+00 1.974877942726866786e+00
8.875000000000000000e+00 1.957259669928910206e+00
8.925000000000000711e+00 1.969547081061768345e+00
8.975000000000001421e+00 1.962954501606472446e+00
9.025000000000000355e+00 2.023283557410452627e+00
9.075000000000001066e+00 2.563607931861993983e+00
9.125000000000000000e+00 3.761585446259062326e+00
9.175000000000000711e+00 5.922931215943608052e+00
9.225000000000001421e+00 nan
9.275000000000000355e+00 nan
9.325000000000001066e+00 nan
9.375000000000000000e+00 nan
9.425000000000000711e+00 nan
9.475000000000001421e+00 nan
9.525000000000000355e+00 nan
9.575000000000001066e+00 nan
9.625000000000000000e+00 nan
9.675000000000000711e+00 nan
9.725000000000001421e+00 nan
9.775000000000000355e+00 nan
9.825000000000001066e+00 nan
9.875000000000000000e+00 nan
9.925000000000000711e+00 nan
9.975000000000001421e+00 nan
1.002500000000000036e+01 nan
1.007500000000000107e+01 nan
1.012500000000000000e+01 nan
1.017500000000000071e+01 nan
1.022500000000000142e+01 nan
1.027500000000000036e+01 nan
1.032500000000000107e+01 nan
1.037500000000000000e+01 nan
1.042500000000000071e+01 nan
1.047500000000000142e+01 nan
1.052500000000000036e+01 nan
1.057500000000000107e+01 nan
1.062500000000000000e+01 nan
1.067500000000000071e+01 nan
1.072500000000000142e+01 nan
1.077500000000000036e+01 nan
1.082500000000000107e+01 nan
1.087500000000000000e+01 nan
1.092500000000000071e+01 nan
1.097500000000000142e+01 nan
1.102500000000000036e+01 nan
1.107500000000000107e+01 nan
1.112500000000000000e+01 nan
1.117500000000000071e+01 nan
1.122500000000000142e+01 nan
1.127500000000000036e+01 nan
1.132500000000000107e+01 nan
1.137500000000000000e+01 nan
1.142500000000000071e+01 nan
1.147500000000000142e+01 nan
1.152500000000000036e+01 nan
1.157500000000000107e+01 nan
1.162500000000000000e+01 nan
1.167500000000000071e+01 nan
1.172500000000000142e+01 nan
1.177500000000000036e+01 nan
1.182500000000000107e+01 nan
1.187500000000000000e+01 nan
1.192500000000000071e+01 nan
1.197500000000000142e+01 nan
1.202500000000000036e+01 nan
1.207500000000000107e+01 nan
1.212500000000000000e+01 nan
1.217500000000000071e+01 nan
1.222500000000000142e+01 nan
1.227500000000000036e+01 nan
1.232500000000000107e+01 nan
1.237500000000000000e+01 nan
1.242500000000000071e+01 nan
1.247500000000000142e+01 nan
1.252500000000000036e+01 nan
1.257500000000000107e+01 nan
1.262500000000000000e+01 nan
1.267500000000000071e+01 nan
1.272500000000000142e+01 nan
1.277500000000000036e+01 nan
1.282500000000000107e+01 nan
1.287500000000000000e+01 nan
1.292500000000000071e+01 nan
1.297500000000000142e+01 nan
1.302500000000000036e+01 nan
1.307500000000000107e+01 nan
1.312500000000000000e+01 nan
1.317500000000000071e+01 nan
1.322500000000000142e+01 nan
1.327500000000000036e+01 nan
1.332500000000000107e+01 nan
1.337500000000000000e+01 nan
1.342500000000000071e+01 nan
1.347500000000000142e+01 nan
1.352500000000000036e+01 nan
1.357500000000000107e+01 nan
1.362500000000000000e+01 nan
1.367500000000000071e+01 nan
1.372500000000000142e+01 nan
1.377500000000000036e+01 nan
1.382500000000000107e+01 nan
1.387500000000000000e+01 nan
1.392500000000000071e+01 nan
1.397500000000000142e+01 nan
1.402500000000000036e+01 nan
1.407500000000000107e+01 nan
1.412500000000000000e+01 nan
1.417500000000000071e+01 nan
1.422500000000000142e+01 nan
1.427500000000000036e+01 nan
1.432500000000000107e+01 nan
1.437500000000000000e+01 nan
1.442500000000000071e+01 nan
1.447500000000000142e+01 nan
1.452500000000000036e+01 nan
1.457500000000000107e+01 nan
1.462500000000000000e+01 nan
1.467500000000000071e+01 nan
1.472500000000000142e+01 nan
1.477500000000000036e+01 nan
1.482500000000000107e+01 nan
1.487500000000000000e+01 nan
1.492500000000000071e+01 nan
1.497500000000000142e+01 nan
1.502499999999999858e+01 nan
1.507500000000000284e+01 nan
1.512500000000000000e+01 nan
1.517500000000000071e+01 nan
1.522500000000000142e+01 nan
1.527499999999999858e+01 nan
1.532500000000000284e+01 nan
1.537500000000000000e+01 nan
1.542500000000000071e+01 nan
1.547500000000000142e+01 nan
1.552499999999999858e+01 nan
1.557500000000000284e+01 nan
1.562500000000000000e+01 nan
1.567500000000000071e+01 nan
1.572500000000000142e+01 nan
1.577499999999999858e+01 nan
1.582500000000000284e+01 nan
1.587500000000000000e+01 nan
1.592500000000000071e+01 nan
1.597500000000000142e+01 nan
1.602499999999999858e+01 nan
1.607500000000000284e+01 nan
1.612500000000000000e+01 nan
1.617500000000000071e+01 nan
1.622500000000000142e+01 nan
1.627499999999999858e+01 nan
1.632500000000000284e+01 nan
1.637500000000000000e+01 nan
1.642500000000000071e+01 nan
1.647500000000000142e+01 nan
1.652499999999999858e+01 nan
1.657500000000000284e+01 nan
1.662500000000000000e+01 nan
1.667500000000000071e+01 nan
1.672500000000000142e+01 nan
1.677499999999999858e+01 nan
1.682500000000000284e+01 nan
1.687500000000000000e+01 nan
1.692500000000000071e+01 nan
1.697500000000000142e+01 nan
1.702499999999999858e+01 nan
1.707500000000000284e+01 nan
1.712500000000000000e+01 nan
1.717500000000000071e+01 nan
1.722500000000000142e+01 nan
1.727499999999999858e+01 nan
1.732500000000000284e+01 nan
1.737500000000000000e+01 nan
1.742500000000000071e+01 nan
1.747500000000000142e+01 nan
1.752499999999999858e+01 nan
1.757500000000000284e+01 nan
1.762500000000000000e+01 nan
1.767500000000000071e+01 nan
1.772500000000000142e+01 nan
1.777499999999999858e+01 nan
1.782500000000000284e+01 nan
1.787500000000000000e+01 nan
1.792500000000000071e+01 nan
1.797500000000000142e+01 nan
1.802499999999999858e+01 nan
1.807500000000000284e+01 nan
1.812500000000000000e+01 nan
1.817500000000000426e+01 nan
1.822500000000000142e+01 nan
1.827499999999999858e+01 nan
1.832500000000000284e+01 nan
1.837500000000000000e+01 nan
1.842500000000000426e+01 nan
1.847500000000000142e+01 nan
1.852499999999999858e+01 nan
1.857500000000000284e+01 nan
1.862500000000000000e+01 nan
1.867500000000000426e+01 nan
1.872500000000000142e+01 nan
1.877499999999999858e+01 nan
1.882500000000000284e+01 nan
1.887500000000000000e+01 nan
1.892500000000000426e+01 nan
1.897500000000000142e+01 nan
