# r_minus_2Rs_A, PMF_over_kBT
-5.489100000000002311e-01 3.390331123848865502e+01
-5.347734400000003774e-01 5.084554039120375535e+01
-5.206368809999997183e-01 6.775444236898525219e+01
-5.065003209999998646e-01 6.761956821895029179e+01
-4.923637610000000109e-01 6.727721254939163487e+01
-4.782272020000002399e-01 6.653203535246062472e+01
-4.640906420000003862e-01 6.509918024085824584e+01
-4.499540829999997271e-01 6.263880306539932974e+01
-4.358175229999998734e-01 5.884661998803989036e+01
-4.216809630000000197e-01 5.358328035264709399e+01
-4.075444040000002488e-01 4.699320128481870995e+01
-3.934078440000003951e-01 3.953294434045324124e+01
-3.792712839999996532e-01 3.186710440111175302e+01
-3.651347249999998823e-01 2.467144780744084898e+01
-3.509981650000000286e-01 1.842399271613339806e+01
-3.368616060000002577e-01 1.329561599232439661e+01
-3.227250460000004040e-01 9.177556115201980447e+00
-3.085884859999996621e-01 5.811396411683320551e+00
-2.944519269999998912e-01 2.941189310743354213e+00
-2.803153670000000375e-01 4.082866107013636281e-01
-2.661788070000001838e-01 -1.835393343162204260e+00
-2.520422480000004128e-01 -3.771672938734088376e+00
-2.379056879999996710e-01 -5.378116679391311550e+00
-2.237691279999998173e-01 -6.670599633482275692e+00
-2.096325690000000463e-01 -7.701850174133582527e+00
-1.954960090000001927e-01 -8.537652093247910301e+00
-1.813594500000004217e-01 -9.229834885891673224e+00
-1.672228899999996798e-01 -9.802147635647909141e+00
-1.530863299999998262e-01 -1.026166072738820390e+01
-1.389497710000000552e-01 -1.061456417198538560e+01
-1.248132110000002015e-01 -1.087594783030830570e+01
-1.106766510000003478e-01 -1.106716398335096585e+01
-9.654009199999968871e-02 -1.120438269365508432e+01
-8.240353199999983502e-02 -1.129477750633530064e+01
-6.826697199999998134e-02 -1.133727759888679998e+01
-5.413041300000021039e-02 -1.133222350099599396e+01
-3.999385300000035670e-02 -1.128879451530383804e+01
-2.585729399999969758e-02 -1.122229194018951048e+01
-1.172073399999984389e-02 -1.114474647640993865e+01
2.415826000000009799e-03 -1.105965934954548402e+01
1.655238500000066892e-02 -1.096353408181821010e+01
3.068894499999963443e-02 -1.085237801865868690e+01
4.482550500000037630e-02 -1.073281527529059076e+01
5.896206399999925907e-02 -1.061941910235053754e+01
7.309862400000000093e-02 -1.052066402987106031e+01
8.723518300000066006e-02 -1.043271588845762921e+01
1.013717429999996256e-01 -1.034114508753851069e+01
1.155083030000003674e-01 -1.023370830780783791e+01
1.296448619999992502e-01 -1.011412338692108293e+01
1.437814219999999921e-01 -9.999391666378347310e+00
1.579179820000007339e-01 -9.904318514563275500e+00
1.720545409999996167e-01 -9.823998522042948878e+00
1.861911010000003586e-01 -9.738768951290332154e+00
2.003276609999993241e-01 -9.633317101982257213e+00
2.144642199999999832e-01 -9.509338772106726623e+00
2.286007800000007251e-01 -9.387981099679606700e+00
2.427373389999996078e-01 -9.288037638768710025e+00
2.568738990000003497e-01 -9.206430365159551599e+00
2.710104589999993152e-01 -9.124742654601430303e+00
2.851470179999999743e-01 -9.025514867543389386e+00
2.992835780000007162e-01 -8.908195697944915281e+00
3.134201379999996817e-01 -8.789651076963608034e+00
3.275566970000003408e-01 -8.686605162452089246e+00
3.416932569999993063e-01 -8.599574382867182010e+00
3.558298170000000482e-01 -8.515881399668220553e+00
3.699663760000007073e-01 -8.423396893266499319e+00
3.841029359999996728e-01 -8.320768993121191670e+00
3.982394950000003320e-01 -8.217600956997248574e+00
4.123760549999992975e-01 -8.124976458563285320e+00
4.265126150000000393e-01 -8.041937309505325260e+00
4.406491740000006985e-01 -7.958619777173932874e+00
4.547857339999996640e-01 -7.864726414677409849e+00
4.689222940000004058e-01 -7.756919762637473070e+00
4.830588529999992886e-01 -7.644194763850784113e+00
4.971954130000000305e-01 -7.538157196605130395e+00
5.113319720000006896e-01 -7.445281594588109897e+00
5.254685319999996551e-01 -7.359804536740742975e+00
5.396050920000003970e-01 -7.271187765175344708e+00
5.537416509999992797e-01 -7.172565050892725225e+00
5.678782110000000216e-01 -7.066274705482822327e+00
5.820147710000007635e-01 -6.962686963527954020e+00
5.961513299999996462e-01 -6.868598067911879212e+00
6.102878900000003881e-01 -6.780898619201618516e+00
6.244244499999993536e-01 -6.689924439341915274e+00
6.385610090000000127e-01 -6.589720771803872168e+00
6.526975690000007546e-01 -6.481476689732442509e+00
6.668341279999996374e-01 -6.373752653927123646e+00
6.809706880000003792e-01 -6.272550842692439232e+00
6.951072479999993448e-01 -6.178681153946250504e+00
7.092438070000000039e-01 -6.087228838686311150e+00
7.233803670000007457e-01 -5.993282984619074938e+00
7.375169269999997113e-01 -5.895748104695222480e+00
7.516534860000003704e-01 -5.797748482744427889e+00
7.657900459999993359e-01 -5.706415026721973760e+00
7.799266060000000778e-01 -5.624536765309613884e+00
7.940631650000007369e-01 -5.549364019357671651e+00
8.081997249999997024e-01 -5.470596247444706961e+00
8.223362840000003615e-01 -5.377553292897722770e+00
8.364728439999993270e-01 -5.270801511704156894e+00
8.506094040000000689e-01 -5.162149701068749152e+00
8.647459630000007280e-01 -5.064659105467949729e+00
8.788825229999996935e-01 -4.983022074142613889e+00
8.930190830000004354e-01 -4.906515327378567548e+00
9.071556419999993182e-01 -4.821307409241210706e+00
9.212922020000000600e-01 -4.726913749259171738e+00
9.354287610000007192e-01 -4.634210489772193853e+00
9.495653209999996847e-01 -4.555521387066807648e+00
9.637018810000004265e-01 -4.489836278963331040e+00
9.778384399999993093e-01 -4.421717611520463720e+00
9.919750000000000512e-01 -4.333813853297236562e+00
1.006111560000000793e+00 -4.225355559377664605e+00
1.020248118999999676e+00 -4.110722578623644097e+00
1.034384679000000418e+00 -4.005354583362944254e+00
1.048521238999999383e+00 -3.916741365672763209e+00
1.062657798000000042e+00 -3.839015398826933989e+00
1.076794358000000784e+00 -3.763051556714781753e+00
1.090930916999999667e+00 -3.685589457647438394e+00
1.105067477000000409e+00 -3.608081478071287762e+00
1.119204036999999374e+00 -3.531323085958593566e+00
1.133340596000000033e+00 -3.451157382357550318e+00
1.147477156000000775e+00 -3.361385591776588910e+00
1.161613715999999741e+00 -3.261022676857148639e+00
1.175750275000000400e+00 -3.154849614661650037e+00
1.189886834999999365e+00 -3.053167164474704265e+00
1.204023394000000025e+00 -2.963950825807767586e+00
1.218159954000000766e+00 -2.886601736949277353e+00
1.232296513999999732e+00 -2.816682962546853020e+00
1.246433073000000391e+00 -2.747473191291092576e+00
1.260569632999999357e+00 -2.674141665972623372e+00
1.274706193000000098e+00 -2.594287234931140773e+00
1.288842752000000758e+00 -2.511742108990517863e+00
1.302979311999999723e+00 -2.430437709201754615e+00
1.317115872000000465e+00 -2.353622537970167627e+00
1.331252430999999348e+00 -2.283456233410632308e+00
1.345388991000000090e+00 -2.215677583271471462e+00
1.359525550000000749e+00 -2.146299959719719652e+00
1.373662109999999714e+00 -2.071303868533728831e+00
1.387798670000000456e+00 -1.989528574747179590e+00
1.401935228999999339e+00 -1.901616078081215022e+00
1.416071789000000081e+00 -1.811345568479040935e+00
1.430208349000000823e+00 -1.723326906912561185e+00
1.444344907999999705e+00 -1.642482622965371064e+00
1.458481468000000447e+00 -1.571777227409050681e+00
1.472618027999999413e+00 -1.507397277526656865e+00
1.486754587000000072e+00 -1.444492053728691161e+00
1.500891147000000814e+00 -1.379159780245029054e+00
1.515027705999999696e+00 -1.311459756367991503e+00
1.529164266000000438e+00 -1.244137056932679286e+00
1.543300825999999404e+00 -1.177660576022905303e+00
1.557437385000000063e+00 -1.107584114990096680e+00
1.571573945000000805e+00 -1.031657998949576438e+00
1.585710504999999770e+00 -9.518335962995543298e-01
1.599847064000000429e+00 -8.740097840486171776e-01
1.613983623999999395e+00 -8.046486323743060609e-01
1.628120183000000054e+00 -7.427426797415357385e-01
1.642256743000000796e+00 -6.812875320907529897e-01
1.656393302999999761e+00 -6.147237842839707866e-01
1.670529862000000421e+00 -5.456807300634913815e-01
1.684666421999999386e+00 -4.780758001568123916e-01
1.698802982000000128e+00 -4.157371527652138354e-01
1.712939541000000787e+00 -3.568616717963237761e-01
1.727076100999999753e+00 -2.967021513671443955e-01
1.741212661000000494e+00 -2.339301533900766117e-01
1.755349219999999377e+00 -1.705365161287737408e-01
1.769485780000000119e+00 -1.108421645573507419e-01
1.783622339000000778e+00 -5.384035387172225740e-02
1.797758898999999744e+00 2.901936808527239009e-03
1.811895459000000486e+00 6.083896880305239563e-02
1.826032017999999368e+00 1.183514826158837963e-01
1.840168578000000110e+00 1.707966643523999295e-01
1.854305138000000852e+00 2.167512226475860615e-01
1.868441696999999735e+00 2.574838943019646109e-01
1.882578257000000477e+00 2.964281233318626363e-01
1.896714816999999442e+00 3.342230137034363224e-01
1.910851376000000101e+00 3.705929165808683479e-01
1.924987936000000843e+00 4.084411638437419612e-01
1.939124494999999726e+00 4.528859536022924459e-01
1.953261055000000468e+00 5.094969935947020190e-01
1.967397614999999433e+00 5.779440861975508881e-01
1.981534174000000093e+00 6.479083645847030226e-01
1.995670734000000834e+00 7.088223997949736344e-01
2.009807293999999800e+00 7.584968892708943144e-01
2.023943853000000459e+00 8.016788353954762414e-01
2.038080412999999425e+00 8.486240790135806122e-01
2.052216972000000084e+00 9.043625591367092653e-01
2.066353532000000826e+00 9.655016444065047665e-01
2.080490091999999791e+00 1.024546413913341780e+00
2.094626651000000450e+00 1.073531612060902418e+00
2.108763210999999416e+00 1.106763782734596191e+00
2.122899771000000158e+00 1.122638722032101910e+00
2.137036330000000817e+00 1.125067822282346697e+00
2.151172889999999782e+00 1.123233874974808089e+00
2.165309450000000524e+00 1.127202210586188968e+00
2.179446008999999407e+00 1.142960038405238521e+00
2.193582569000000149e+00 1.167944482317524901e+00
2.207719128000000808e+00 1.194761619859667334e+00
2.221855687999999773e+00 1.218850859491583449e+00
2.235992248000000515e+00 1.241613210449578730e+00
2.250128806999999398e+00 1.264984611154002181e+00
2.264265367000000140e+00 1.288645966608731541e+00
2.278401927000000882e+00 1.309142207258455315e+00
2.292538485999999764e+00 1.321979880747342406e+00
2.306675046000000506e+00 1.328475955497966154e+00
2.320811605999999472e+00 1.334575419245396688e+00
2.334948165000000131e+00 1.345832757246865796e+00
2.349084725000000873e+00 1.362003931942689761e+00
2.363221283999999756e+00 1.382805517166595166e+00
2.377357844000000497e+00 1.404346256065309717e+00
2.391494403999999463e+00 1.423156049663539591e+00
2.405630963000000122e+00 1.440607564943872987e+00
2.419767523000000864e+00 1.457166692251377071e+00
2.433904082999999829e+00 1.476465827051892887e+00
2.448040642000000489e+00 1.500657538785285183e+00
2.462177201999999454e+00 1.527395881175179326e+00
2.476313761000000113e+00 1.550840067080779150e+00
2.490450321000000855e+00 1.564208527385744674e+00
2.504586880999999821e+00 1.565454498919566007e+00
2.518723440000000480e+00 1.559556351888648607e+00
2.532859999999999445e+00 1.554737695349061255e+00
2.546996560000000187e+00 1.558011402511628063e+00
2.561133119000000846e+00 1.571339292174279478e+00
2.575269678999999812e+00 1.590364978437440513e+00
2.589406239000000554e+00 1.609893042460134538e+00
2.603542797999999436e+00 1.625730470665960326e+00
2.617679358000000178e+00 1.636320569896474453e+00
2.631815917000000837e+00 1.642933154193515932e+00
2.645952476999999803e+00 1.648729667238596264e+00
2.660089037000000545e+00 1.655605121566667393e+00
2.674225595999999427e+00 1.665842658250355157e+00
2.688362156000000169e+00 1.680588071732442401e+00
2.702498715999999135e+00 1.694992012548164340e+00
2.716635274999999794e+00 1.704254314561952199e+00
2.730771835000000536e+00 1.705621008833977825e+00
2.744908393999999419e+00 1.698202967173166655e+00
2.759044954000000160e+00 1.686874388126469171e+00
2.773181513999999126e+00 1.678838535548923261e+00
2.787318072999999785e+00 1.677902026671532099e+00
2.801454633000000527e+00 1.685714490162993684e+00
2.815591192999999492e+00 1.700860738527898874e+00
2.829727752000000152e+00 1.719013884374307466e+00
2.843864311999999117e+00 1.736008321426478318e+00
2.858000871999999859e+00 1.750072079503199873e+00
2.872137431000000518e+00 1.761543050784780462e+00
2.886273990999999484e+00 1.772403409490699744e+00
2.900410550000000143e+00 1.783390394137633450e+00
2.914547110000000885e+00 1.788605172885516126e+00
2.928683669999999850e+00 1.780090219528979389e+00
2.942820229000000509e+00 1.755739903173440197e+00
2.956956788999999475e+00 1.722302664365985336e+00
2.971093349000000217e+00 1.693999873620606778e+00
2.985229908000000876e+00 1.680880725425707212e+00
2.999366467999999841e+00 1.681328880228544875e+00
3.013503028000000583e+00 1.685308001347010531e+00
3.027639586999999466e+00 1.682752222847589962e+00
3.041776147000000208e+00 1.672225124066264001e+00
3.055912706000000867e+00 1.659261800249067775e+00
3.070049265999999832e+00 1.648134495319437676e+00
3.084185826000000574e+00 1.639376013032867618e+00
3.098322384999999457e+00 1.630521352132351609e+00
3.112458945000000199e+00 1.619087910225678328e+00
3.126595504999999164e+00 1.608049680050676500e+00
3.140732063999999824e+00 1.605201659932397718e+00
3.154868624000000565e+00 1.614755205081452871e+00
3.169005182999999448e+00 1.635746160166810625e+00
3.183141743000000190e+00 1.662002004987748194e+00
3.197278302999999156e+00 1.681729191436312831e+00
3.211414861999999815e+00 1.690271758004412206e+00
3.225551422000000557e+00 1.692436850115907276e+00
3.239687981999999522e+00 1.695709483809809015e+00
3.253824541000000181e+00 1.706272477486450612e+00
3.267961100999999147e+00 1.720247570350059263e+00
3.282097660999999889e+00 1.728367567059180487e+00
3.296234220000000548e+00 1.726978644633620164e+00
3.310370779999999513e+00 1.721110251176471095e+00
3.324507339000000172e+00 1.720344051668355689e+00
3.338643898999999138e+00 1.729652336544466706e+00
3.352780458999999880e+00 1.744932157045955279e+00
3.366917018000000539e+00 1.756122309077538191e+00
3.381053577999999504e+00 1.757388478705182777e+00
3.395190138000000246e+00 1.750263964224526347e+00
3.409326696999999129e+00 1.739214058872970980e+00
3.423463256999999871e+00 1.730091416695255901e+00
3.437599817000000613e+00 1.725303118804928815e+00
3.451736375999999495e+00 1.725102040934645586e+00
3.465872936000000237e+00 1.727133000872088431e+00
3.480009494999999120e+00 1.726487640056426187e+00
3.494146054999999862e+00 1.718904617963600501e+00
3.508282615000000604e+00 1.703761931975638078e+00
3.522419173999999487e+00 1.685633107040507284e+00
3.536555734000000228e+00 1.673878726012693718e+00
3.550692293999999194e+00 1.672759648816569467e+00
3.564828852999999853e+00 1.677262305156730804e+00
3.578965413000000595e+00 1.679252404537509236e+00
3.593101971999999478e+00 1.672866028501635682e+00
3.607238532000000220e+00 1.661092774371619285e+00
3.621375091999999185e+00 1.653901654797735432e+00
3.635511650999999844e+00 1.657888195479445770e+00
3.649648211000000586e+00 1.667079225508917517e+00
3.663784770999999552e+00 1.672203235887954165e+00
3.677921330000000211e+00 1.665526394817709033e+00
3.692057889999999176e+00 1.647685127763871549e+00
3.706194449999999918e+00 1.629419231456983752e+00
3.720331009000000577e+00 1.616247459504259965e+00
3.734467568999999543e+00 1.606860265638962559e+00
3.748604128000000202e+00 1.597071765632410489e+00
3.762740687999999167e+00 1.585732839101599012e+00
3.776877247999999909e+00 1.576974096478281240e+00
3.791013807000000568e+00 1.577289981242472550e+00
3.805150366999999534e+00 1.583684415108681520e+00
3.819286927000000276e+00 1.587199982670153275e+00
3.833423485999999158e+00 1.582118203138477952e+00
3.847560045999999900e+00 1.568273739121854859e+00
3.861696606000000642e+00 1.555163689655953974e+00
3.875833164999999525e+00 1.546964069362433136e+00
3.889969725000000267e+00 1.538925081057080035e+00
3.904106283999999150e+00 1.525909354109488802e+00
3.918242843999999891e+00 1.509853300768501327e+00
3.932379404000000633e+00 1.500811369261958461e+00
3.946515962999999516e+00 1.505279140865031451e+00
3.960652523000000258e+00 1.515798784122587506e+00
3.974789082999999223e+00 1.516392444330453060e+00
3.988925641999999883e+00 1.496785572370162853e+00
4.003062202000000624e+00 1.465131894739219121e+00
4.017198760999999507e+00 1.441020863198339441e+00
4.031335321000000249e+00 1.437065263033527884e+00
4.045471880999999215e+00 1.449016012931220843e+00
4.059608439999999874e+00 1.461531405592229049e+00
4.073745000000000616e+00 1.463501220666545422e+00
4.087881559999999581e+00 1.458579276814047532e+00
4.102018119000000240e+00 1.460017536021956275e+00
4.116154678999999206e+00 1.477167786582274545e+00
4.130291238999999948e+00 1.506444327087523405e+00
4.144427798000000607e+00 1.535179176231643794e+00
4.158564357999999572e+00 1.554053382198834043e+00
4.172700917000000231e+00 1.563671782629604934e+00
4.186837476999999197e+00 1.571993583852220766e+00
4.200974036999999939e+00 1.585905278178769251e+00
4.215110596000000598e+00 1.604429307096033597e+00
4.229247155999999563e+00 1.620362175494321377e+00
4.243383716000000305e+00 1.628447141791081521e+00
4.257520274999999188e+00 1.628399343214532280e+00
4.271656834999999930e+00 1.625840283582252965e+00
4.285793394000000589e+00 1.627699440683935350e+00
4.299929953999999555e+00 1.636184375191369611e+00
4.314066514000000296e+00 1.646913976665322465e+00
4.328203072999999179e+00 1.651138739324402138e+00
4.342339632999999921e+00 1.641050785631385622e+00
4.356476193000000663e+00 1.616525821576956901e+00
4.370612751999999546e+00 1.589052730349319376e+00
4.384749312000000288e+00 1.571307826284769504e+00
4.398885871999999253e+00 1.568437841118763387e+00
4.413022430999999912e+00 1.570572067332534516e+00
4.427158991000000654e+00 1.562218717870745621e+00
4.441295549999999537e+00 1.539829820940017413e+00
4.455432110000000279e+00 1.513311468597832388e+00
4.469568669999999244e+00 1.500458447277098983e+00
4.483705228999999903e+00 1.509473558712732810e+00
4.497841789000000645e+00 1.529483313531496691e+00
4.511978348999999611e+00 1.541250557824589862e+00
4.526114908000000270e+00 1.533893998428595751e+00
4.540251467999999235e+00 1.509734177846842940e+00
4.554388027999999977e+00 1.483008996627988907e+00
4.568524587000000636e+00 1.467569512840137591e+00
4.582661146999999602e+00 1.467683007921054994e+00
4.596797706000000261e+00 1.479553681795742648e+00
4.610934265999999226e+00 1.493110342434597726e+00
4.625070825999999968e+00 1.500635457992361310e+00
4.639207385000000627e+00 1.499491437086037493e+00
4.653343944999999593e+00 1.494454610452759624e+00
4.667480505000000335e+00 1.493258429456314929e+00
4.681617063999999218e+00 1.499339182011816263e+00
4.695753623999999959e+00 1.509180092309367893e+00
4.709890183000000619e+00 1.515261062380758972e+00
4.724026742999999584e+00 1.514048263271597250e+00
4.738163303000000326e+00 1.509997710729683362e+00
4.752299861999999209e+00 1.512096662254668544e+00
4.766436421999999951e+00 1.522094145855152902e+00
4.780572982000000692e+00 1.534228641779934676e+00
4.794709540999999575e+00 1.542686383925531146e+00
4.808846101000000317e+00 1.545336734117389810e+00
4.822982660999999283e+00 1.546347721905272365e+00
4.837119219999999942e+00 1.551767805647800813e+00
4.851255780000000684e+00 1.561641697078151481e+00
4.865392338999999566e+00 1.572727146738396087e+00
4.879528899000000308e+00 1.582309169669168014e+00
4.893665458999999274e+00 1.588832487551066208e+00
4.907802017999999933e+00 1.593204883492955304e+00
4.921938578000000675e+00 1.593329737566522297e+00
4.936075137999999640e+00 1.587623620149040349e+00
4.950211697000000299e+00 1.574653544942366423e+00
4.964348256999999265e+00 1.556312307773085379e+00
4.978484817000000007e+00 1.538542589289734863e+00
4.992621376000000666e+00 1.526991831852351211e+00
5.006757935999999631e+00 1.525533892811154146e+00
5.020894495000000290e+00 1.530607365098877182e+00
5.035031054999999256e+00 1.536280197437958961e+00
5.049167614999999998e+00 1.538256226805941651e+00
5.063304174000000657e+00 1.538571473220475383e+00
5.077440733999999622e+00 1.542808839148136713e+00
5.091577294000000364e+00 1.552087404136063498e+00
5.105713852999999247e+00 1.562455356861862654e+00
5.119850412999999989e+00 1.564183896156517761e+00
5.133986972000000648e+00 1.554235879981467505e+00
5.148123531999999614e+00 1.541506607249750971e+00
5.162260092000000355e+00 1.538508803518144674e+00
5.176396650999999238e+00 1.549945848995688991e+00
5.190533210999999980e+00 1.566869882148361981e+00
5.204669771000000722e+00 1.572183135942601950e+00
5.218806329999999605e+00 1.557682181184574688e+00
5.232942890000000347e+00 1.533337484034708709e+00
5.247079449999999312e+00 1.518468326444436300e+00
5.261216008999999971e+00 1.524134052075712731e+00
5.275352569000000713e+00 1.542165330552865754e+00
5.289489127999999596e+00 1.553193300952683487e+00
5.303625688000000338e+00 1.543717299433309265e+00
5.317762247999999303e+00 1.521360171056789667e+00
5.331898806999999962e+00 1.506207885213809661e+00
5.346035367000000704e+00 1.511148857295980363e+00
5.360171926999999670e+00 1.528305535583223573e+00
5.374308486000000329e+00 1.539287080388112017e+00
5.388445045999999294e+00 1.532181836411801612e+00
5.402581606000000036e+00 1.514748669631046596e+00
5.416718165000000695e+00 1.508395496442181738e+00
5.430854724999999661e+00 1.523383091141871759e+00
5.444991284000000320e+00 1.548869038123804387e+00
5.459127843999999286e+00 1.561560130799206192e+00
5.473264404000000027e+00 1.547821538904571526e+00
5.487400963000000687e+00 1.514777731020112483e+00
5.501537522999999652e+00 1.486251041728975153e+00
5.515674083000000394e+00 1.479633822374253782e+00
5.529810641999999277e+00 1.492178811169813102e+00
5.543947202000000019e+00 1.506266344554163084e+00
5.558083761000000678e+00 1.505860960675287075e+00
5.572220320999999643e+00 1.492214216699199625e+00
5.586356881000000385e+00 1.479431992892790149e+00
5.600493439999999268e+00 1.479075284817527702e+00
5.614630000000000010e+00 1.488992054039222523e+00
5.628766560000000752e+00 1.496935296948617378e+00
5.642903118999999634e+00 1.492661077774522838e+00
5.657039679000000376e+00 1.481613638040920833e+00
5.671176238999999342e+00 1.475697787000147088e+00
5.685312798000000001e+00 1.481601296581127158e+00
5.699449358000000743e+00 1.493963236294600705e+00
5.713585916999999625e+00 1.502025009618234819e+00
5.727722477000000367e+00 1.500360961629001011e+00
5.741859036999999333e+00 1.495249732119544817e+00
5.755995595999999992e+00 1.493924053595396373e+00
5.770132156000000734e+00 1.493801347794130763e+00
5.784268715999999699e+00 1.488251730956280383e+00
5.798405275000000358e+00 1.472681799417891568e+00
5.812541834999999324e+00 1.454494443550091276e+00
5.826678393999999983e+00 1.445510372206584293e+00
5.840814954000000725e+00 1.452747678421483002e+00
5.854951513999999690e+00 1.471273324462035959e+00
5.869088073000000350e+00 1.490030182726973962e+00
5.883224632999999315e+00 1.500523126461295931e+00
5.897361193000000057e+00 1.501982327284373753e+00
5.911497752000000716e+00 1.498024067878358068e+00
5.925634311999999682e+00 1.491258446610867594e+00
5.939770872000000423e+00 1.484364006030506999e+00
5.953907430999999306e+00 1.477793640071062953e+00
5.968043991000000048e+00 1.471421947026197330e+00
5.982180550000000707e+00 1.467481874639272377e+00
5.996317109999999673e+00 1.469415155802362705e+00
6.010453670000000415e+00 1.477697451997300959e+00
6.024590228999999297e+00 1.491667542900891874e+00
6.038726789000000039e+00 1.504769190973458848e+00
6.052863349000000781e+00 1.508462351566388193e+00
6.066999907999999664e+00 1.501706778190003533e+00
6.081136468000000406e+00 1.492273847138610776e+00
6.095273027999999371e+00 1.492998673726766867e+00
6.109409587000000030e+00 1.511158982072945633e+00
6.123546147000000772e+00 1.541211977754388229e+00
6.137682705999999655e+00 1.567231366765152956e+00
6.151819266000000397e+00 1.577361682829202749e+00
6.165955825999999362e+00 1.572131427939401860e+00
6.180092385000000021e+00 1.563653080024490549e+00
6.194228945000000763e+00 1.561894828508130217e+00
6.208365504999999729e+00 1.566368558286209023e+00
6.222502064000000388e+00 1.568707785316140857e+00
6.236638623999999353e+00 1.560582686047885304e+00
6.250775183000000013e+00 1.544322141218717803e+00
6.264911743000000754e+00 1.528942310909098268e+00
6.279048302999999720e+00 1.520515949276060041e+00
6.293184862000000379e+00 1.517472575121447065e+00
6.307321421999999345e+00 1.516538300678710982e+00
6.321457982000000086e+00 1.517409721718429694e+00
6.335594541000000746e+00 1.524235501201271603e+00
6.349731100999999711e+00 1.537060834229645678e+00
6.363867661000000453e+00 1.547613776217405146e+00
6.378004219999999336e+00 1.548465622348965454e+00
6.392140780000000078e+00 1.538878221529122570e+00
6.406277339000000737e+00 1.530700344691268810e+00
6.420413898999999702e+00 1.535066257273784984e+00
6.434550459000000444e+00 1.549207953309378993e+00
6.448687017999999327e+00 1.558872642764871586e+00
6.462823578000000069e+00 1.549374423879033458e+00
6.476960138000000811e+00 1.521189722299205016e+00
6.491096696999999693e+00 1.493217655055724791e+00
6.505233257000000435e+00 1.484187973902923119e+00
6.519369816999999401e+00 1.496677808648996688e+00
6.533506376000000060e+00 1.517544029517218007e+00
6.547642936000000802e+00 1.527236670775794281e+00
6.561779494999999685e+00 1.521705309688625718e+00
6.575916055000000426e+00 1.516462382863775105e+00
6.590052614999999392e+00 1.530030076150382001e+00
6.604189174000000051e+00 1.566256696814550153e+00
6.618325734000000793e+00 1.609669058783012474e+00
6.632462293999999758e+00 1.639664807585072381e+00
6.646598853000000418e+00 1.647873851422712477e+00
6.660735412999999383e+00 1.642639779963593227e+00
6.674871972000000042e+00 1.637901281999646130e+00
6.689008532000000784e+00 1.640539794054379996e+00
6.703145091999999750e+00 1.646083302861242714e+00
6.717281651000000409e+00 1.648458725924756507e+00
6.731418210999999374e+00 1.645204954185375712e+00
6.745554771000000116e+00 1.636617923734826618e+00
6.759691330000000775e+00 1.623157144949960440e+00
6.773827889999999741e+00 1.604056303256870208e+00
6.787964450000000483e+00 1.584610718910456129e+00
6.802101008999999365e+00 1.574690864515087441e+00
6.816237569000000107e+00 1.580783213497515050e+00
6.830374128000000766e+00 1.598710039375855985e+00
6.844510687999999732e+00 1.613398792755074140e+00
6.858647248000000474e+00 1.612898858645131384e+00
6.872783806999999356e+00 1.596495743793790112e+00
6.886920367000000098e+00 1.574321767418496165e+00
6.901056927000000840e+00 1.558382540985178366e+00
6.915193485999999723e+00 1.552510777340996739e+00
6.929330046000000465e+00 1.554262716319328774e+00
6.943466605999999430e+00 1.560578310647303013e+00
6.957603165000000089e+00 1.571611765400849237e+00
6.971739725000000831e+00 1.584939550996242730e+00
6.985876283999999714e+00 1.597233231166287126e+00
7.000012844000000456e+00 1.605233177053612792e+00
7.014149403999999421e+00 1.606845204852465514e+00
7.028285963000000081e+00 1.606683499590682018e+00
7.042422523000000822e+00 1.610061170057552005e+00
7.056559082999999788e+00 1.621181720517041569e+00
7.070695642000000447e+00 1.640939267581464023e+00
7.084832201999999413e+00 1.661755096753143590e+00
7.098968761000000072e+00 1.675536720076276964e+00
7.113105321000000814e+00 1.677591198940660888e+00
7.127241880999999779e+00 1.670023395595187310e+00
7.141378440000000438e+00 1.665642840476456499e+00
7.155514999999999404e+00 1.674026637783558868e+00
7.169651560000000146e+00 1.693395759448597104e+00
7.183788119000000805e+00 1.713258258138639079e+00
7.197924678999999770e+00 1.722710098025565628e+00
7.212061239000000512e+00 1.720258057143398744e+00
7.226197797999999395e+00 1.712943224260962793e+00
7.240334358000000137e+00 1.708209644458195342e+00
7.254470917000000796e+00 1.705237990323995589e+00
7.268607476999999761e+00 1.700559635728714269e+00
7.282744037000000503e+00 1.694042081854801651e+00
7.296880595999999386e+00 1.690506468394017858e+00
7.311017156000000128e+00 1.697999536543919774e+00
7.325153716000000870e+00 1.718812451041900502e+00
7.339290274999999752e+00 1.747248912843549107e+00
7.353426835000000494e+00 1.772907026636161731e+00
7.367563393999999377e+00 1.787653899131660395e+00
7.381699954000000119e+00 1.790571438968838081e+00
7.395836514000000861e+00 1.786228802744732391e+00
7.409973072999999744e+00 1.781055105242396408e+00
7.424109633000000485e+00 1.778941505654895394e+00
7.438246192999999451e+00 1.777641687360533851e+00
7.452382752000000110e+00 1.774719593181160349e+00
7.466519312000000852e+00 1.772648443252220929e+00
7.480655871999999817e+00 1.776838868991271525e+00
7.494792431000000477e+00 1.790324419001175116e+00
7.508928990999999442e+00 1.807304980456860832e+00
7.523065550000000101e+00 1.815530474815309603e+00
7.537202110000000843e+00 1.809832553525229315e+00
7.551338669999999809e+00 1.800667717285216796e+00
7.565475229000000468e+00 1.806567501753113092e+00
7.579611788999999433e+00 1.836901562159379608e+00
7.593748349000000175e+00 1.881853377274881112e+00
7.607884908000000834e+00 1.917771127248881768e+00
7.622021467999999800e+00 1.927728867610063901e+00
7.636158028000000542e+00 1.915784569040495100e+00
7.650294586999999424e+00 1.898646747471453011e+00
7.664431147000000166e+00 1.890438533214332750e+00
7.678567706000000825e+00 1.889598093765178177e+00
7.692704265999999791e+00 1.886341422418542635e+00
7.706840826000000533e+00 1.876030818816911250e+00
7.720977384999999416e+00 1.864793444012683210e+00
7.735113945000000157e+00 1.866527880245048010e+00
7.749250504999999123e+00 1.885203444906828452e+00
7.763387063999999782e+00 1.910536787736345943e+00
7.777523624000000524e+00 1.929522584788690764e+00
7.791660182999999407e+00 1.934904610916035494e+00
7.805796743000000149e+00 1.935244053866059133e+00
7.819933302999999114e+00 1.944367566767553512e+00
7.834069861999999773e+00 1.967819783190780214e+00
7.848206422000000515e+00 1.997533303700157248e+00
7.862342981999999481e+00 2.018876298530082991e+00
7.876479541000000140e+00 2.024063843808388441e+00
7.890616101000000882e+00 2.018628519109007868e+00
7.904752660999999847e+00 2.018193038192055866e+00
7.918889220000000506e+00 2.031502240065753639e+00
7.933025779999999472e+00 2.052555727798553775e+00
7.947162339000000131e+00 2.064902120997309964e+00
7.961298899000000873e+00 2.054847932809837019e+00
7.975435458999999838e+00 2.028072057895316860e+00
7.989572018000000497e+00 2.009405690385735355e+00
8.003708578000001239e+00 2.026335337537467751e+00
8.017845137999998428e+00 2.098610444019108456e+00
8.031981696999999087e+00 2.227633492650111791e+00
8.046118256999999829e+00 2.410789896794018006e+00
8.060254817000000571e+00 2.655896554646009378e+00
8.074391376000001230e+00 2.978655774164860048e+00
8.088527935999998419e+00 3.393136639306581159e+00
8.102664494999999079e+00 3.897778728952049576e+00
8.116801054999999820e+00 4.476245419394349057e+00
8.130937615000000562e+00 5.112469779406872306e+00
8.145074174000001221e+00 5.807628321751003853e+00
8.159210733999998411e+00 6.579512884571782294e+00
8.173347293999999152e+00 7.449435858588024928e+00
8.187483852999999812e+00 8.422755358152658189e+00
8.201620413000000553e+00 9.485324152649177165e+00
8.215756972000001213e+00 1.061659352670805845e+01
8.229893531999998402e+00 1.180343165785606629e+01
8.244030091999999144e+00 1.304936386255272396e+01
8.258166650999999803e+00 1.437084973382552811e+01
8.272303211000000545e+00 1.578058780137680195e+01
8.286439771000001286e+00 1.728022054877315128e+01
8.300576329999998393e+00 1.886377176611808437e+01
8.314712889999999135e+00 2.052147849051280559e+01
8.328849449999999877e+00 2.225521778195514599e+01
8.342986009000000536e+00 2.407768136923772673e+01
8.357122569000001278e+00 2.600300062489483821e+01
8.371259127999998384e+00 2.803499327057811641e+01
8.385395687999999126e+00 3.015869121180348600e+01
8.399532247999999868e+00 3.234583318592399337e+01
8.413668807000000527e+00 3.456674105621459603e+01
8.427805367000001269e+00 3.680503205940037503e+01
8.441941926999998458e+00 3.906448481349033131e+01
8.456078485999999117e+00 4.137345819657813450e+01
8.470215045999999859e+00 4.378036219956273101e+01
8.484351606000000601e+00 4.634058314462703265e+01
8.498488165000001260e+00 4.909078780855458746e+01
8.512624724999998449e+00 5.201810396961396066e+01
8.526761283999999108e+00 5.504604808486784862e+01
8.540897843999999850e+00 5.804123169911446212e+01
8.555034404000000592e+00 6.084131802640958142e+01
8.569170963000001251e+00 6.329870557060101532e+01
8.583307522999998440e+00 6.531203666705226851e+01
8.597444082999999182e+00 6.684404757208847059e+01
8.611580641999999841e+00 6.792125798792520186e+01
8.625717202000000583e+00 6.861676582116731993e+01
8.639853761000001242e+00 6.902690044850372431e+01
8.653990320999998431e+00 6.924586072371376133e+01
8.668126880999999173e+00 6.935154669822232165e+01
8.682263439999999832e+00 6.939754843001978202e+01
8.696400000000000574e+00 5.205936275526497781e+01
