# r_minus_2Rs_A, PMF_over_kBT
-5.681200000000004025e-01 2.212942274385472530e+01
-5.539842009999995653e-01 2.761249301564396319e+01
-5.398484029999996991e-01 3.300451917109307942e+01
-5.257126039999997502e-01 3.820872222739113511e+01
-5.115768059999998840e-01 4.307160885067401779e+01
-4.974410069999999351e-01 4.184839582871448727e+01
-4.833052079999999862e-01 3.984090467318190321e+01
-4.691694100000001200e-01 3.684114271412614272e+01
-4.550336110000001710e-01 3.273006552763642674e+01
-4.408978130000003048e-01 2.752272874581557716e+01
-4.267620140000003559e-01 2.137906802464920020e+01
-4.126262150000004070e-01 1.457432577723415790e+01
-3.984904169999996526e-01 7.448927434747377951e+00
-3.843546179999997037e-01 3.575085480583588549e-01
-3.702188189999997547e-01 -6.373198918396800750e+00
-3.560830209999998885e-01 -1.248138543145501700e+01
-3.419472219999999396e-01 -1.779950857470755565e+01
-3.278114240000000734e-01 -2.227347605511190309e+01
-3.136756250000001245e-01 -2.595645178508894446e+01
-2.995398260000001756e-01 -2.897376559819793229e+01
-2.854040280000003094e-01 -3.146807222771602142e+01
-2.712682290000003604e-01 -3.355421327844528179e+01
-2.571324309999996061e-01 -3.530058136641937949e+01
-2.429966319999996571e-01 -3.673808517635612958e+01
-2.288608329999997082e-01 -3.788567845100990183e+01
-2.147250349999998420e-01 -3.877030148939648768e+01
-2.005892359999998931e-01 -3.943176083824513967e+01
-1.864534369999999441e-01 -3.991271968796348091e+01
-1.723176390000000779e-01 -4.024886230667071629e+01
-1.581818400000001290e-01 -4.046286703696942766e+01
-1.440460420000002628e-01 -4.056741306658986446e+01
-1.299102430000003139e-01 -4.057394509855167541e+01
-1.157744440000003650e-01 -4.049934536264476037e+01
-1.016386459999996106e-01 -4.036128698868928666e+01
-8.750284699999966165e-02 -4.017218276204805960e+01
-7.336704899999979546e-02 -3.993768749898141834e+01
-5.923124999999984652e-02 -3.965872116909912393e+01
-4.509545099999989759e-02 -3.934139209651841895e+01
-3.095965300000003140e-02 -3.899768043409294194e+01
-1.682385400000008246e-02 -3.864020802860079584e+01
-2.688056000000216272e-03 -3.827337562577813657e+01
1.144774299999973266e-02 -3.789503024341591697e+01
2.558354199999968159e-02 -3.750319861090478923e+01
3.971933999999954779e-02 -3.710236328717489585e+01
5.385513899999949672e-02 -3.670207371055967371e+01
6.799093699999936291e-02 -3.630846214044358078e+01
8.212673599999931184e-02 -3.591966783503588090e+01
9.626253499999926078e-02 -3.552892746765892440e+01
1.103983329999991270e-01 -3.513185760594088691e+01
1.245341320000008523e-01 -3.473114870230014617e+01
1.386699310000008012e-01 -3.433305045491051999e+01
1.528057290000006674e-01 -3.394076362625060028e+01
1.669415280000006163e-01 -3.355332722568237358e+01
1.810773260000004825e-01 -3.316644174364395070e+01
1.952131250000004314e-01 -3.277847388326305378e+01
2.093489240000003804e-01 -3.239118763328851003e+01
2.234847220000002466e-01 -3.200894976780699608e+01
2.376205210000001955e-01 -3.163424966126409998e+01
2.517563190000000617e-01 -3.126659767946974355e+01
2.658921180000000106e-01 -3.090379210930686327e+01
2.800279169999999596e-01 -3.054250220263042337e+01
2.941637149999998257e-01 -3.018069429404981818e+01
3.082995139999997747e-01 -2.981922363159348066e+01
3.224353119999996409e-01 -2.946026436739285259e+01
3.365711109999995898e-01 -2.910405931464885043e+01
3.507069099999995387e-01 -2.874913761633963816e+01
3.648427079999994049e-01 -2.839334740183284822e+01
3.789785069999993539e-01 -2.803434589140224986e+01
3.931143059999993028e-01 -2.767291918477386758e+01
4.072501039999991690e-01 -2.731286746790109987e+01
4.213859029999991179e-01 -2.695721864570482751e+01
4.355217010000007605e-01 -2.660754228900820095e+01
4.496575000000007094e-01 -2.626343392566627344e+01
4.637932990000006583e-01 -2.592224492865803853e+01
4.779290970000005245e-01 -2.557981456177470392e+01
4.920648960000004735e-01 -2.523419145318368351e+01
5.062006940000003397e-01 -2.488680630288948237e+01
5.203364930000002886e-01 -2.454069048840919010e+01
5.344722920000002375e-01 -2.419842118496114480e+01
5.486080900000001037e-01 -2.386016932679934044e+01
5.627438890000000526e-01 -2.352414065319532099e+01
5.768796869999999188e-01 -2.318919601106139083e+01
5.910154859999998678e-01 -2.285859736401296516e+01
6.051512849999998167e-01 -2.253690876414101751e+01
6.192870829999996829e-01 -2.222568072168891717e+01
6.334228819999996318e-01 -2.192223166134331080e+01
6.475586809999995808e-01 -2.162137949368366563e+01
6.616944789999994470e-01 -2.131922320453801944e+01
6.758302779999993959e-01 -2.101693642723937927e+01
6.899660759999992621e-01 -2.071688792068962925e+01
7.041018749999992110e-01 -2.041800942468276503e+01
7.182376739999991599e-01 -2.011646054251230353e+01
7.323734720000008025e-01 -1.980931967601794952e+01
7.465092710000007514e-01 -1.949860379753155470e+01
7.606450690000006176e-01 -1.918981211556740618e+01
7.747808680000005666e-01 -1.888658047581946420e+01
7.889166670000005155e-01 -1.858736603712742763e+01
8.030524650000003817e-01 -1.828862619873432749e+01
8.171882640000003306e-01 -1.799049806254512163e+01
8.313240630000002795e-01 -1.769837657925378949e+01
8.454598610000001457e-01 -1.741708727302166793e+01
8.595956600000000947e-01 -1.714407327437908179e+01
8.737314579999999609e-01 -1.687267445974098479e+01
8.878672569999999098e-01 -1.659807459769784899e+01
9.020030559999998587e-01 -1.632128208146140480e+01
9.161388539999997249e-01 -1.604833385278459090e+01
9.302746529999996739e-01 -1.578314110567824891e+01
9.444104509999995400e-01 -1.552204499839416130e+01
9.585462499999994890e-01 -1.525775904280880191e+01
9.726820489999994379e-01 -1.498747487944951473e+01
9.868178469999993041e-01 -1.471491757835086034e+01
1.000953645999999253e+00 -1.444654310502804151e+01
1.015089443999999119e+00 -1.418548591407379078e+01
1.029225243000000845e+00 -1.393071482386444870e+01
1.043361042000000793e+00 -1.367917253706986003e+01
1.057496840000000660e+00 -1.343187714828477120e+01
1.071632639000000609e+00 -1.319257055854937022e+01
1.085768437000000475e+00 -1.296136349620512895e+01
1.099904236000000424e+00 -1.273306819902001408e+01
1.114040035000000373e+00 -1.249938401096123464e+01
1.128175833000000239e+00 -1.225471615913026469e+01
1.142311632000000188e+00 -1.199863734521506764e+01
1.156447431000000137e+00 -1.173546177064956453e+01
1.170583229000000003e+00 -1.146885974725975643e+01
1.184719027999999952e+00 -1.120000142693968925e+01
1.198854825999999818e+00 -1.093129923987683938e+01
1.212990624999999767e+00 -1.066766578890754147e+01
1.227126423999999716e+00 -1.041618717889738299e+01
1.241262221999999582e+00 -1.018208953856839649e+01
1.255398020999999531e+00 -9.964241994371141331e+00
1.269533818999999397e+00 -9.754596354568647598e+00
1.283669617999999346e+00 -9.543453988780433050e+00
1.297805416999999295e+00 -9.326439985427226631e+00
1.311941214999999161e+00 -9.105875292107398877e+00
1.326077014000000887e+00 -8.886883765758128106e+00
1.340212812000000753e+00 -8.672037835288589847e+00
1.354348611000000702e+00 -8.458588441285048276e+00
1.368484410000000651e+00 -8.242097151977247904e+00
1.382620208000000517e+00 -8.022919142270279025e+00
1.396756007000000466e+00 -7.806617507616151919e+00
1.410891806000000415e+00 -7.600044261431475157e+00
1.425027604000000281e+00 -7.405304919614499326e+00
1.439163403000000230e+00 -7.218432389092173551e+00
1.453299201000000096e+00 -7.032205575400428899e+00
1.467435000000000045e+00 -6.843631400749280225e+00
1.481570798999999994e+00 -6.656453176628406965e+00
1.495706596999999860e+00 -6.478364522572767292e+00
1.509842395999999809e+00 -6.314605303740033371e+00
1.523978193999999675e+00 -6.164934746771732144e+00
1.538113992999999624e+00 -6.024516695626846996e+00
1.552249791999999573e+00 -5.888765775638839628e+00
1.566385589999999439e+00 -5.757432277604635829e+00
1.580521388999999388e+00 -5.631869485038323297e+00
1.594657186999999254e+00 -5.511009055678247393e+00
1.608792985999999203e+00 -5.387944881030096944e+00
1.622928784999999152e+00 -5.253782620559190875e+00
1.637064583000000795e+00 -5.104549878303050292e+00
1.651200382000000744e+00 -4.945102694323598946e+00
1.665336181000000693e+00 -4.783380945995933331e+00
1.679471979000000559e+00 -4.624087721718894706e+00
1.693607778000000508e+00 -4.466374789300928683e+00
1.707743576000000374e+00 -4.309682605637187969e+00
1.721879375000000323e+00 -4.159393747355276894e+00
1.736015174000000272e+00 -4.026191793581533673e+00
1.750150972000000138e+00 -3.917132940354580484e+00
1.764286771000000087e+00 -3.827993719650274684e+00
1.778422568999999953e+00 -3.746101351697297410e+00
1.792558367999999902e+00 -3.660266885326180386e+00
1.806694166999999851e+00 -3.570165833638655251e+00
1.820829964999999717e+00 -3.483158705518721199e+00
1.834965763999999666e+00 -3.404606076430688688e+00
1.849101561999999532e+00 -3.332005871380691708e+00
1.863237360999999481e+00 -3.256173728168749726e+00
1.877373159999999430e+00 -3.170605760129528328e+00
1.891508957999999296e+00 -3.077858968228833092e+00
1.905644756999999245e+00 -2.986492260257726628e+00
1.919780555999999194e+00 -2.903232493411729287e+00
1.933916354000000837e+00 -2.826627621872341400e+00
1.948052153000000786e+00 -2.750738525676855950e+00
1.962187951000000652e+00 -2.672649900072914697e+00
1.976323750000000601e+00 -2.595316264551348340e+00
1.990459549000000550e+00 -2.525532289966733401e+00
2.004595347000000416e+00 -2.466911162147118475e+00
2.018731146000000365e+00 -2.418979219947341441e+00
2.032866944000000231e+00 -2.376965459664077684e+00
2.047002743000000180e+00 -2.336727840706777748e+00
2.061138542000000129e+00 -2.295338165782590423e+00
2.075274339999999995e+00 -2.248996173861634418e+00
2.089410138999999944e+00 -2.196565472422816967e+00
2.103545936999999810e+00 -2.139361802030891546e+00
2.117681735999999759e+00 -2.081577397007214891e+00
2.131817534999999708e+00 -2.026127009783501798e+00
2.145953332999999574e+00 -1.972946793159624512e+00
2.160089131999999523e+00 -1.920563151594513407e+00
2.174224930999999472e+00 -1.870466460237051542e+00
2.188360728999999338e+00 -1.827409071217258152e+00
2.202496527999999287e+00 -1.793684863967778043e+00
2.216632325999999154e+00 -1.765057526997844128e+00
2.230768125000000879e+00 -1.732559595151906606e+00
2.244903924000000828e+00 -1.690532292858672569e+00
2.259039722000000694e+00 -1.642027948872378573e+00
2.273175521000000643e+00 -1.594859835935289460e+00
2.287311319000000509e+00 -1.552533802937245966e+00
2.301447118000000458e+00 -1.510962742360147715e+00
2.315582917000000407e+00 -1.463056964470469623e+00
2.329718715000000273e+00 -1.409375172157731448e+00
2.343854514000000222e+00 -1.359506000289905536e+00
2.357990313000000171e+00 -1.322720211357280462e+00
2.372126111000000037e+00 -1.298156402408777055e+00
2.386261909999999986e+00 -1.274745222631568531e+00
2.400397707999999852e+00 -1.242738207060534172e+00
2.414533506999999801e+00 -1.204672611094948387e+00
2.428669305999999750e+00 -1.173625947940702297e+00
2.442805103999999616e+00 -1.157910693675868963e+00
2.456940902999999565e+00 -1.151819414007420939e+00
2.471076700999999431e+00 -1.139752491916404153e+00
2.485212499999999380e+00 -1.112665680263274837e+00
2.499348298999999329e+00 -1.076492614391271196e+00
2.513484096999999196e+00 -1.046057175741010425e+00
2.527619895999999144e+00 -1.028801839735281831e+00
2.541755694000000787e+00 -1.017074624715194275e+00
2.555891493000000736e+00 -9.955568337389060218e-01
2.570027292000000685e+00 -9.566077861935466942e-01
2.584163090000000551e+00 -9.079928610208201079e-01
2.598298889000000500e+00 -8.649176633304618278e-01
2.612434688000000449e+00 -8.352204740764372914e-01
2.626570486000000315e+00 -8.137030274771079874e-01
2.640706285000000264e+00 -7.891947463368458315e-01
2.654842083000000130e+00 -7.565637917232610477e-01
2.668977882000000079e+00 -7.221178344193583953e-01
2.683113681000000028e+00 -6.967355523652551952e-01
2.697249478999999894e+00 -6.845440497583021866e-01
2.711385277999999843e+00 -6.787107659031548224e-01
2.725521075999999709e+00 -6.683086012463919090e-01
2.739656874999999658e+00 -6.487977128844848451e-01
2.753792673999999607e+00 -6.244190679731209670e-01
2.767928471999999473e+00 -6.033461187956792315e-01
2.782064270999999422e+00 -5.895848975801323277e-01
2.796200068999999289e+00 -5.807675835020305044e-01
2.810335867999999238e+00 -5.720499133536023351e-01
2.824471666999999186e+00 -5.617278070497215836e-01
2.838607465000000829e+00 -5.537462059227937772e-01
2.852743264000000778e+00 -5.518658635064959128e-01
2.866879062000000644e+00 -5.563210659264719027e-01
2.881014861000000593e+00 -5.628982627305791908e-01
2.895150660000000542e+00 -5.666207068879813846e-01
2.909286458000000408e+00 -5.660614272083286380e-01
2.923422257000000357e+00 -5.644196844713302852e-01
2.937558056000000306e+00 -5.651880138449731916e-01
2.951693854000000172e+00 -5.689854444024335933e-01
2.965829653000000121e+00 -5.747220865405413548e-01
2.979965450999999987e+00 -5.803509371409001361e-01
2.994101249999999936e+00 -5.855510637639689264e-01
3.008237048999999885e+00 -5.928129587030710468e-01
3.022372846999999751e+00 -6.059718588937261785e-01
3.036508645999999700e+00 -6.241574297596015342e-01
3.050644443999999567e+00 -6.421088433467305734e-01
3.064780242999999516e+00 -6.523431283468941189e-01
3.078916041999999464e+00 -6.488556304418136023e-01
3.093051839999999331e+00 -6.316220814066335620e-01
3.107187638999999280e+00 -6.057851045678939172e-01
3.121323436999999146e+00 -5.769203080996287980e-01
3.135459236000000871e+00 -5.454936237562861834e-01
3.149595035000000820e+00 -5.094080559041289646e-01
3.163730833000000686e+00 -4.682670453920527720e-01
3.177866632000000635e+00 -4.283681640682344138e-01
3.192002431000000584e+00 -3.992153097790716032e-01
3.206138229000000450e+00 -3.867458166925059615e-01
3.220274028000000399e+00 -3.878186952971933721e-01
3.234409826000000265e+00 -3.932380544991254112e-01
3.248545625000000214e+00 -3.971865372673111239e-01
3.262681424000000163e+00 -4.005751622679669666e-01
3.276817222000000029e+00 -4.082067605501062957e-01
3.290953020999999978e+00 -4.183344989045449935e-01
3.305088818999999845e+00 -4.221346250969899572e-01
3.319224617999999793e+00 -4.079243727296004707e-01
3.333360416999999742e+00 -3.736078777137654683e-01
3.347496214999999609e+00 -3.274005464078566519e-01
3.361632013999999558e+00 -2.799678789754098673e-01
3.375767811999999424e+00 -2.377359518768411561e-01
3.389903610999999373e+00 -2.022004143437703405e-01
3.404039409999999322e+00 -1.746332907975691739e-01
3.418175207999999188e+00 -1.571642473008418861e-01
3.432311006999999137e+00 -1.528533526869617631e-01
3.446446806000000862e+00 -1.602667013010021790e-01
3.460582604000000728e+00 -1.744383584843323121e-01
3.474718403000000677e+00 -1.899988305738302685e-01
3.488854201000000543e+00 -2.052424484501322866e-01
3.502990000000000492e+00 -2.185801043123323240e-01
3.517125799000000441e+00 -2.257811547633528093e-01
3.531261597000000307e+00 -2.229503945942576948e-01
3.545397396000000256e+00 -2.108945435274360847e-01
3.559533194000000123e+00 -1.969631570968397583e-01
3.573668993000000071e+00 -1.882326224767849610e-01
3.587804792000000020e+00 -1.861847414059001338e-01
3.601940589999999887e+00 -1.866501925203785106e-01
3.616076388999999836e+00 -1.866257524511842902e-01
3.630212186999999702e+00 -1.909606842854882913e-01
3.644347985999999651e+00 -2.083046269437200948e-01
3.658483784999999600e+00 -2.440220877594452276e-01
3.672619582999999466e+00 -2.937780752211844870e-01
3.686755381999999415e+00 -3.471187309083898498e-01
3.700891180999999364e+00 -3.941649819098476115e-01
3.715026978999999230e+00 -4.291200932437266857e-01
3.729162777999999179e+00 -4.498577654374900092e-01
3.743298576000000821e+00 -4.534249779148655790e-01
3.757434375000000770e+00 -4.383848802866587846e-01
3.771570174000000719e+00 -4.058162625324701622e-01
3.785705972000000585e+00 -3.616019978191538087e-01
3.799841771000000534e+00 -3.142317955315059308e-01
3.813977569000000400e+00 -2.721643379608718050e-01
3.828113368000000349e+00 -2.413112801657177897e-01
3.842249167000000298e+00 -2.232443496483158540e-01
3.856384965000000165e+00 -2.158292015159251065e-01
3.870520764000000113e+00 -2.137408555780471175e-01
3.884656563000000062e+00 -2.112362194100256829e-01
3.898792360999999929e+00 -2.051651315795375297e-01
3.912928159999999878e+00 -1.976902674523275394e-01
3.927063957999999744e+00 -1.931414098372590260e-01
3.941199756999999693e+00 -1.939504251158288284e-01
3.955335555999999642e+00 -1.989095519719734639e-01
3.969471353999999508e+00 -2.072282534053773162e-01
3.983607152999999457e+00 -2.206327052440810732e-01
3.997742950999999323e+00 -2.425900355763603855e-01
4.011878749999999272e+00 -2.725739852561073207e-01
4.026014548999999221e+00 -3.034194279228499269e-01
4.040150347000000863e+00 -3.251968954026507319e-01
4.054286146000000812e+00 -3.326675160586871627e-01
4.068421944000000678e+00 -3.293763400300786515e-01
4.082557743000000627e+00 -3.246165690919857738e-01
4.096693542000000576e+00 -3.245656639129874677e-01
4.110829340000000443e+00 -3.301468190549687876e-01
4.124965139000000391e+00 -3.392826992639230710e-01
4.139100938000000340e+00 -3.508170630174625160e-01
4.153236736000000207e+00 -3.647355628480655199e-01
4.167372535000000155e+00 -3.801100130843284575e-01
4.181508333000000022e+00 -3.949962917863514278e-01
4.195644131999999971e+00 -4.054174357462061451e-01
4.209779930999999920e+00 -4.107063337334748709e-01
4.223915728999999786e+00 -4.104461738328861742e-01
4.238051527999999735e+00 -4.032392685672121502e-01
4.252187325999999601e+00 -3.883520917502742975e-01
4.266323124999999550e+00 -3.699420317338120157e-01
4.280458923999999499e+00 -3.554868051367838788e-01
4.294594721999999365e+00 -3.496546246673437608e-01
4.308730520999999314e+00 -3.503061161805200996e-01
4.322866318999999180e+00 -3.475881110155674136e-01
4.337002117999999129e+00 -3.329100582749724424e-01
4.351137917000000854e+00 -3.069329229084889477e-01
4.365273715000000720e+00 -2.786503374065452121e-01
4.379409514000000669e+00 -2.551248598249680200e-01
4.393545312000000536e+00 -2.373663593486137202e-01
4.407681111000000485e+00 -2.194045095379992816e-01
4.421816910000000433e+00 -1.956294352641334555e-01
4.435952708000000300e+00 -1.679720956116552699e-01
4.450088507000000249e+00 -1.451682369438076492e-01
4.464224306000000198e+00 -1.344231449983857019e-01
4.478360104000000064e+00 -1.350620848883776759e-01
4.492495903000000013e+00 -1.403139362626140141e-01
4.506631700999999879e+00 -1.409531670153620908e-01
4.520767499999999828e+00 -1.334365742545173816e-01
4.534903298999999777e+00 -1.217947191595598611e-01
4.549039096999999643e+00 -1.128161451277636118e-01
4.563174895999999592e+00 -1.090186519261671094e-01
4.577310693999999458e+00 -1.071096344822324298e-01
4.591446492999999407e+00 -9.953493000112256794e-02
4.605582291999999356e+00 -8.040828492032403574e-02
4.619718089999999222e+00 -4.945723708857130418e-02
4.633853888999999171e+00 -1.178863636875160381e-02
4.647989687000000814e+00 2.572478140968836868e-02
4.662125486000000762e+00 6.007413394648519755e-02
4.676261285000000711e+00 9.081535811633312250e-02
4.690397083000000578e+00 1.188929006141323796e-01
4.704532882000000527e+00 1.413182758577677944e-01
4.718668681000000475e+00 1.530198714727619702e-01
4.732804479000000342e+00 1.501160829690819654e-01
4.746940278000000291e+00 1.345376629352879050e-01
4.761076076000000157e+00 1.132841447482988428e-01
4.775211875000000106e+00 9.256686660520330179e-02
4.789347674000000055e+00 7.576837424631666096e-02
4.803483471999999921e+00 6.414234442028998728e-02
4.817619270999999870e+00 6.039115815386697506e-02
4.831755068999999736e+00 6.771867099187733885e-02
4.845890867999999685e+00 8.517469491262907866e-02
4.860026666999999634e+00 1.060718150833199758e-01
4.874162464999999500e+00 1.207961768730978491e-01
4.888298263999999449e+00 1.231714804137968855e-01
4.902434061999999315e+00 1.144349101943227254e-01
4.916569860999999264e+00 9.886171246002906088e-02
4.930705659999999213e+00 7.921104585846894253e-02
4.944841458000000856e+00 5.550648885882125683e-02
4.958977257000000805e+00 2.961028991274705646e-02
4.973113056000000753e+00 6.634033422884932918e-03
4.987248854000000620e+00 -7.406138644841853136e-03
5.001384653000000569e+00 -1.064230321226755649e-02
5.015520451000000435e+00 -7.675335927614490572e-03
5.029656250000000384e+00 -4.153363101406348790e-03
5.043792049000000333e+00 -3.738403337904649959e-03
5.057927847000000199e+00 -7.682182619906718912e-03
5.072063646000000148e+00 -1.766888264960364552e-02
5.086199444000000014e+00 -3.638317835207516282e-02
5.100335242999999963e+00 -6.206488531433951295e-02
5.114471041999999912e+00 -8.620444093281864895e-02
5.128606839999999778e+00 -9.778837030500575622e-02
5.142742638999999727e+00 -9.285521086002557212e-02
5.156878436999999593e+00 -7.801703131415926862e-02
5.171014235999999542e+00 -6.403418991623954781e-02
5.185150034999999491e+00 -5.686746186644509038e-02
5.199285832999999357e+00 -5.365521415494267643e-02
5.213421631999999306e+00 -4.875851540101638903e-02
5.227557430999999255e+00 -4.123353923944428345e-02
5.241693228999999121e+00 -3.628783464366236444e-02
5.255829028000000847e+00 -4.091237092521105012e-02
5.269964826000000713e+00 -5.631917870141300853e-02
5.284100625000000662e+00 -7.826542941191494407e-02
5.298236424000000611e+00 -1.007839969497830168e-01
5.312372222000000477e+00 -1.210319304897033987e-01
5.326508021000000426e+00 -1.409169862137416018e-01
5.340643819000000292e+00 -1.635310553001962930e-01
5.354779618000000241e+00 -1.885798895880652637e-01
5.368915417000000190e+00 -2.119892638532174800e-01
5.383051215000000056e+00 -2.276628941208569401e-01
5.397187014000000005e+00 -2.308321306810103835e-01
5.411322811999999871e+00 -2.199111722068103347e-01
5.425458610999999820e+00 -1.963555878704834612e-01
5.439594409999999769e+00 -1.633958339557164408e-01
5.453730207999999635e+00 -1.249506409543634788e-01
5.467866006999999584e+00 -8.651916453460728462e-02
5.482001805999999533e+00 -5.102536441122840216e-02
5.496137603999999399e+00 -1.802971999133529124e-02
5.510273402999999348e+00 1.621452817455537598e-02
5.524409200999999214e+00 5.419563919902525839e-02
5.538544999999999163e+00 9.533916266380515481e-02
5.552680798999999112e+00 1.378262877954616883e-01
5.566816597000000755e+00 1.809065206357809430e-01
5.580952396000000704e+00 2.251320721568408345e-01
5.595088194000000570e+00 2.690238875287906950e-01
5.609223993000000519e+00 3.064261552944564926e-01
5.623359792000000468e+00 3.309474414021140731e-01
5.637495590000000334e+00 3.426130433990994817e-01
5.651631389000000283e+00 3.458786844636652091e-01
5.665767188000000232e+00 3.452190050185492964e-01
5.679902986000000098e+00 3.398727064401025899e-01
5.694038785000000047e+00 3.272599741233213066e-01
5.708174582999999913e+00 3.107800949012524683e-01
5.722310381999999862e+00 3.012038867220212524e-01
5.736446180999999811e+00 3.081848807279694569e-01
5.750581978999999677e+00 3.291540326186046528e-01
5.764717777999999626e+00 3.521036860897339693e-01
5.778853575999999492e+00 3.647764498421794954e-01
5.792989374999999441e+00 3.671618757888914786e-01
5.807125173999999390e+00 3.713402822632154709e-01
5.821260971999999256e+00 3.880007176395290358e-01
5.835396770999999205e+00 4.167762934503560501e-01
5.849532569000000848e+00 4.459956531688913373e-01
5.863668368000000797e+00 4.647415438033206669e-01
5.877804167000000746e+00 4.720940018650523484e-01
5.891939965000000612e+00 4.766455022397408925e-01
5.906075764000000561e+00 4.866779085094830037e-01
5.920211563000000510e+00 5.042145484373232733e-01
5.934347361000000376e+00 5.246728209022055722e-01
5.948483160000000325e+00 5.427279775123672323e-01
5.962618958000000191e+00 5.551576042182970738e-01
5.976754757000000140e+00 5.625365829252482186e-01
5.990890556000000089e+00 5.670259888952706717e-01
6.005026353999999955e+00 5.699231895281942073e-01
6.019162152999999904e+00 5.703485113511339577e-01
6.033297950999999770e+00 5.643823863806938235e-01
6.047433749999999719e+00 5.468045285562519453e-01
6.061569548999999668e+00 5.144763742065743273e-01
6.075705346999999534e+00 4.727129148627069455e-01
6.089841145999999483e+00 4.341406560222109690e-01
6.103976943999999349e+00 4.107040791561695769e-01
6.118112742999999298e+00 4.060669407231980443e-01
6.132248541999999247e+00 4.133952410232506480e-01
6.146384339999999114e+00 4.208454237843488599e-01
6.160520139000000839e+00 4.209622308950864422e-01
6.174655937000000705e+00 4.163001184435346502e-01
6.188791736000000654e+00 4.162627863765155922e-01
6.202927535000000603e+00 4.292121502742558548e-01
6.217063333000000469e+00 4.543731834472124476e-01
6.231199132000000418e+00 4.829380904840867572e-01
6.245334931000000367e+00 5.063427227363010985e-01
6.259470729000000233e+00 5.223183365432921832e-01
6.273606528000000182e+00 5.367703659749132328e-01
6.287742326000000048e+00 5.570745720250309674e-01
6.301878124999999997e+00 5.847208718046941200e-01
6.316013923999999946e+00 6.130089699768062061e-01
6.330149721999999812e+00 6.337505572129114029e-01
6.344285520999999761e+00 6.447924207335118396e-01
6.358421318999999627e+00 6.522192617976729778e-01
6.372557117999999576e+00 6.658765066528440357e-01
6.386692916999999525e+00 6.897262244212143401e-01
6.400828714999999391e+00 7.183453763626115318e-01
6.414964513999999340e+00 7.413962938346969622e-01
6.429100311999999207e+00 7.502727025564039920e-01
6.443236110999999156e+00 7.440220877514045483e-01
6.457371910000000881e+00 7.291261275356557547e-01
6.471507708000000747e+00 7.147105258206689626e-01
6.485643507000000696e+00 7.069741342486315361e-01
6.499779306000000645e+00 7.085651570317006431e-01
6.513915104000000511e+00 7.194783983708576969e-01
6.528050903000000460e+00 7.384258160047449948e-01
6.542186701000000326e+00 7.611074037903531320e-01
6.556322500000000275e+00 7.841974996058835856e-01
6.570458299000000224e+00 8.051017271082825388e-01
6.584594097000000090e+00 8.227000785436473507e-01
6.598729896000000039e+00 8.360135791603466870e-01
6.612865693999999905e+00 8.424527580844793917e-01
6.627001492999999854e+00 8.378974292700229753e-01
6.641137291999999803e+00 8.216657535790128364e-01
6.655273089999999669e+00 8.014494175593664949e-01
6.669408888999999618e+00 7.870894183423775559e-01
6.683544686999999485e+00 7.852018245178324918e-01
6.697680485999999433e+00 7.937246620842381972e-01
6.711816284999999382e+00 8.057339859008783023e-01
6.725952082999999249e+00 8.176090946878460386e-01
6.740087881999999198e+00 8.336475632837556660e-01
6.754223680999999146e+00 8.585248363559845330e-01
6.768359479000000789e+00 8.905726698518030560e-01
6.782495278000000738e+00 9.199288148697659651e-01
6.796631076000000604e+00 9.376218568533074560e-01
6.810766875000000553e+00 9.440400354291016427e-01
6.824902674000000502e+00 9.473889085842115421e-01
6.839038472000000368e+00 9.555463998301707562e-01
6.853174271000000317e+00 9.658658676178735192e-01
6.867310069000000183e+00 9.697824891150572668e-01
6.881445868000000132e+00 9.630114338986981437e-01
6.895581667000000081e+00 9.529490970032101771e-01
6.909717464999999947e+00 9.515626475358089920e-01
6.923853263999999896e+00 9.640379437370434346e-01
6.937989061999999763e+00 9.846359688547403621e-01
6.952124860999999711e+00 1.003023743384861888e+00
6.966260659999999660e+00 1.019760685717074900e+00
6.980396457999999527e+00 1.048600335521896021e+00
6.994532256999999476e+00 1.107540835685822955e+00
7.008668055999999424e+00 1.208324986182848448e+00
7.022803853999999291e+00 1.353147636170769275e+00
7.036939652999999240e+00 1.541970334314170188e+00
7.051075451000000882e+00 1.781989444107050069e+00
7.065211250000000831e+00 2.086425938227311150e+00
7.079347049000000780e+00 2.467500654810968364e+00
7.093482847000000646e+00 2.928796516711856590e+00
7.107618646000000595e+00 3.468096190756939201e+00
7.121754444000000461e+00 4.083413900716194256e+00
7.135890243000000410e+00 4.776220764382391515e+00
7.150026042000000359e+00 5.548407566797313173e+00
7.164161840000000225e+00 6.394770019767905822e+00
7.178297639000000174e+00 7.306901518962730435e+00
7.192433438000000123e+00 8.279482723106028175e+00
7.206569235999999989e+00 9.317635966235332745e+00
7.220705034999999938e+00 1.043354510173412386e+01
7.234840832999999805e+00 1.163729585039638259e+01
7.248976631999999753e+00 1.292872101784561423e+01
7.263112430999999702e+00 1.429768065000277666e+01
7.277248228999999569e+00 1.573470817073230776e+01
7.291384027999999518e+00 1.723574624061473415e+01
7.305519825999999384e+00 1.880136294249642148e+01
7.319655624999999333e+00 2.043334375260180735e+01
7.333791423999999282e+00 2.213466328519496074e+01
7.347927221999999148e+00 2.391157175280593350e+01
7.362063021000000873e+00 2.577632550629418517e+01
7.376198819000000739e+00 2.774200269830120646e+01
7.390334618000000688e+00 2.980998767484672030e+01
7.404470417000000637e+00 3.195833205597426030e+01
7.418606215000000503e+00 3.413828736155760879e+01
7.432742014000000452e+00 3.627955209259084057e+01
7.446877813000000401e+00 3.830165177215652506e+01
7.461013611000000267e+00 4.012958073736081133e+01
7.475149410000000216e+00 4.170383273691442128e+01
7.489285208000000083e+00 4.298933424645528589e+01
7.503421007000000031e+00 4.397906734145144014e+01
7.517556805999999980e+00 4.469279488234662523e+01
7.531692603999999847e+00 4.517082227075363221e+01
7.545828402999999795e+00 3.974332325019834400e+01
7.559964200999999662e+00 3.418723985665607756e+01
7.574099999999999611e+00 2.854949822526409875e+01
