# r_minus_2Rs_A, PMF_over_kBT
-1.975000000000000089e+00 nan
-1.925000000000000044e+00 nan
-1.875000000000000000e+00 nan
-1.824999999999999956e+00 nan
-1.774999999999999911e+00 nan
-1.725000000000000089e+00 nan
-1.674999999999999822e+00 nan
-1.625000000000000000e+00 nan
-1.574999999999999956e+00 nan
-1.524999999999999911e+00 nan
-1.475000000000000089e+00 nan
-1.424999999999999822e+00 nan
-1.375000000000000000e+00 nan
-1.324999999999999956e+00 nan
-1.274999999999999911e+00 nan
-1.225000000000000089e+00 nan
-1.174999999999999822e+00 nan
-1.125000000000000000e+00 nan
-1.074999999999999956e+00 nan
-1.024999999999999911e+00 nan
-9.750000000000000888e-01 nan
-9.249999999999998224e-01 nan
-8.750000000000000000e-01 nan
-8.249999999999997335e-01 nan
-7.749999999999999112e-01 nan
-7.250000000000000888e-01 nan
-6.749999999999998224e-01 nan
-6.250000000000000000e-01 nan
-5.749999999999997335e-01 nan
-5.249999999999999112e-01 nan
-4.750000000000000888e-01 nan
-4.249999999999998224e-01 nan
-3.750000000000000000e-01 nan
-3.249999999999997335e-01 nan
-2.749999999999999112e-01 2.865768441673491651e+00
-2.250000000000000888e-01 -1.763838875010533602e+00
-1.749999999999998224e-01 -3.849433200942302680e+00
-1.250000000000000000e-01 -4.750911421767607834e+00
-7.499999999999973355e-02 -4.897007769360239848e+00
-2.499999999999991118e-02 -4.603903726403693497e+00
2.500000000000035527e-02 -4.117523166104056997e+00
7.500000000000017764e-02 -3.652942942075233290e+00
1.250000000000000000e-01 -3.197878215380073552e+00
1.749999999999998224e-01 -2.781427214410589599e+00
2.250000000000000888e-01 -2.402987874447436223e+00
2.750000000000003553e-01 -2.064179900001662293e+00
3.250000000000001776e-01 -1.776009284346062200e+00
3.750000000000000000e-01 -1.527145778910567797e+00
4.250000000000002665e-01 -1.310312219352187224e+00
4.750000000000000888e-01 -1.117787773312767019e+00
5.250000000000003553e-01 -9.697919427743270093e-01
5.750000000000001776e-01 -9.313333669877231769e-01
6.250000000000000000e-01 -9.032258715308590924e-01
6.750000000000002665e-01 -8.637173909076586442e-01
7.250000000000000888e-01 -8.036742596900515734e-01
7.750000000000003553e-01 -7.604295110060944607e-01
8.250000000000001776e-01 -7.202571862367116440e-01
8.750000000000000000e-01 -6.826900658813893630e-01
9.250000000000002665e-01 -6.016999517444076018e-01
9.750000000000000888e-01 -5.288699931618071615e-01
1.025000000000000355e+00 -3.904115537951313719e-01
1.075000000000000178e+00 -2.817372314177737924e-01
1.125000000000000000e+00 -1.677101330712226501e-01
1.175000000000000266e+00 -5.844499643774195979e-02
1.225000000000000089e+00 -1.571650101198936514e-02
1.275000000000000355e+00 1.505758597369929140e-02
1.325000000000000178e+00 2.056042652974054974e-02
1.375000000000000000e+00 3.028370349268720216e-02
1.425000000000000266e+00 4.215179837388216555e-02
1.475000000000000089e+00 2.530551818524662266e-02
1.525000000000000355e+00 9.370370584677120349e-03
1.575000000000000178e+00 -5.094320118445594403e-02
1.625000000000000000e+00 -1.066760256628292575e-01
1.675000000000000266e+00 -1.654125673752734615e-01
1.725000000000000089e+00 -1.476164502558955649e-01
1.775000000000000355e+00 -1.359205183493702729e-01
1.825000000000000178e+00 -1.128857898098051676e-01
1.875000000000000000e+00 -1.055059626728168248e-01
1.925000000000000266e+00 -8.328974923634542560e-02
1.975000000000000089e+00 -1.252510762103013243e-02
2.025000000000000355e+00 2.565444319123362862e-02
2.075000000000000178e+00 5.636997962005748514e-02
2.125000000000000000e+00 8.929795906620796586e-02
2.175000000000000711e+00 9.850151369118013978e-02
2.224999999999999645e+00 9.723881364014008710e-02
2.275000000000000355e+00 8.440375911171422996e-02
2.325000000000000178e+00 4.461055256214111614e-02
2.375000000000000000e+00 3.832901469353459240e-02
2.425000000000000711e+00 -2.699228079984683504e-02
2.474999999999999645e+00 -1.840937792072105950e-02
2.525000000000000355e+00 -3.968023343455140406e-02
2.575000000000000178e+00 -5.637304527394437770e-02
2.625000000000000000e+00 -1.032495537631158838e-01
2.675000000000000711e+00 -1.178966848136104167e-01
2.724999999999999645e+00 -1.018771377951521728e-01
2.775000000000000355e+00 -6.668455798167431670e-02
2.825000000000001066e+00 -7.475670904287179397e-02
2.875000000000000000e+00 -9.035649665594307212e-02
2.925000000000000711e+00 -1.013491459144546525e-01
2.974999999999999645e+00 -1.037881985249898414e-01
3.025000000000000355e+00 -7.589383645590090655e-02
3.075000000000001066e+00 -4.322722959175159113e-02
3.125000000000000000e+00 -9.907133858847375421e-03
3.175000000000000711e+00 -5.583392675675795218e-03
3.224999999999999645e+00 -2.500473170876856346e-02
3.275000000000000355e+00 -2.263874471180467654e-02
3.325000000000001066e+00 -5.333076647651546764e-02
3.375000000000000000e+00 -4.185858812946300495e-02
3.425000000000000711e+00 -4.528303203018602119e-02
3.474999999999999645e+00 -6.423935058321683655e-02
3.525000000000000355e+00 -8.383275900396602864e-02
3.575000000000001066e+00 -7.760637901482914103e-02
3.625000000000000000e+00 -3.024501194223209663e-02
3.675000000000000711e+00 -3.355254092795675186e-02
3.724999999999999645e+00 -7.693014469243530939e-02
3.775000000000000355e+00 -8.430182236011314612e-02
3.825000000000001066e+00 -6.865258265028521822e-02
3.875000000000000000e+00 -3.402988584578178072e-02
3.925000000000000711e+00 -2.416401362579012613e-02
3.974999999999999645e+00 -1.343107475698435138e-03
4.025000000000000355e+00 -1.243823842458061969e-02
4.075000000000001066e+00 -3.987432199957415165e-03
4.125000000000000000e+00 -2.685426713893275877e-02
4.175000000000000711e+00 7.909326590296897677e-03
4.224999999999999645e+00 1.578037750886880988e-02
4.275000000000000355e+00 2.784893240431666681e-02
4.325000000000001066e+00 2.602197342519059768e-04
4.375000000000000000e+00 -9.328776819343223906e-03
4.425000000000000711e+00 -3.162525109875247153e-03
4.474999999999999645e+00 3.443766919741057201e-03
4.525000000000000355e+00 -2.146476646816738217e-03
4.575000000000001066e+00 -8.510758265082667129e-05
4.625000000000000000e+00 7.352081711304118798e-03
4.675000000000000711e+00 1.034837535779938554e-02
4.724999999999999645e+00 3.118821875137900435e-03
4.775000000000000355e+00 8.999724945922457078e-04
4.825000000000001066e+00 5.792735329634386872e-03
4.875000000000000000e+00 3.729230893643335158e-03
4.925000000000000711e+00 -1.261301368666053156e-02
4.974999999999999645e+00 4.506984108857785103e-03
5.025000000000000355e+00 3.977124714233208343e-04
5.075000000000001066e+00 6.694280285658216201e-03
5.125000000000000000e+00 -7.258281359203699878e-03
5.175000000000000711e+00 -1.308499589966979036e-02
5.224999999999999645e+00 -3.469223269010187401e-03
5.275000000000000355e+00 -9.257168110182956156e-03
5.325000000000001066e+00 5.762024215224166752e-03
5.375000000000000000e+00 5.845491160693772059e-03
5.425000000000000711e+00 6.149067431150770932e-04
5.474999999999999645e+00 -8.217930199500381519e-03
5.525000000000000355e+00 4.352147630350966523e-03
5.575000000000001066e+00 4.379977384038576289e-03
5.625000000000000000e+00 1.116550868903483894e-02
5.675000000000000711e+00 2.343765791517959940e-03
5.724999999999999645e+00 1.198823141440537830e-02
5.775000000000000355e+00 5.785064510071584280e-03
5.825000000000001066e+00 1.662961599877850862e-03
5.875000000000000000e+00 3.246416678641036307e-02
5.925000000000000711e+00 5.137074622599765300e-02
5.974999999999999645e+00 5.811733374567810279e-02
6.025000000000000355e+00 3.519664501383094196e-02
6.074999999999999289e+00 3.389054843924910188e-02
6.125000000000000000e+00 4.269746779559380201e-02
6.175000000000000711e+00 3.293374341733409233e-02
6.225000000000001421e+00 3.129774650682707465e-02
6.275000000000000355e+00 2.522319202615778619e-02
6.324999999999999289e+00 2.769964945524439059e-02
6.375000000000000000e+00 2.392502203140060499e-02
6.425000000000000711e+00 2.882094274556805044e-02
6.475000000000001421e+00 4.665797743452208129e-02
6.525000000000000355e+00 6.130719191039387533e-02
6.574999999999999289e+00 6.613859584113586376e-02
6.625000000000000000e+00 5.554978151058905661e-02
6.675000000000000711e+00 4.977510532185883824e-02
6.725000000000001421e+00 5.239597283435681874e-02
6.775000000000000355e+00 5.648150091689500135e-02
6.824999999999999289e+00 7.159850792582078682e-02
6.875000000000000000e+00 8.465411371987145717e-02
6.925000000000000711e+00 9.436474952447786169e-02
6.975000000000001421e+00 8.605523281962106086e-02
7.025000000000000355e+00 7.686632239650832699e-02
7.074999999999999289e+00 7.614044594776252228e-02
7.125000000000000000e+00 7.534858811105700493e-02
7.175000000000000711e+00 8.407632849743862380e-02
7.225000000000001421e+00 9.623417633844910668e-02
7.275000000000000355e+00 1.077694420934841163e-01
7.324999999999999289e+00 1.008947325256445565e-01
7.375000000000000000e+00 9.034241444142132593e-02
7.425000000000000711e+00 9.115789660070694467e-02
7.475000000000001421e+00 1.038277941783210673e-01
7.525000000000000355e+00 1.063217871717766910e-01
7.575000000000001066e+00 1.011505429280511875e-01
7.625000000000000000e+00 1.211272672112797544e-01
7.675000000000000711e+00 1.261298974741828227e-01
7.725000000000001421e+00 1.411747670182544601e-01
7.775000000000000355e+00 1.163471066877010962e-01
7.825000000000001066e+00 1.204591566399755287e-01
7.875000000000000000e+00 1.175839051454941747e-01
7.925000000000000711e+00 1.212807913990894271e-01
7.975000000000001421e+00 1.271158508754150207e-01
8.025000000000000355e+00 1.172452166122694983e-01
8.075000000000001066e+00 1.268786220903126427e-01
8.125000000000000000e+00 1.270942469722021462e-01
8.175000000000000711e+00 1.423920962174286264e-01
8.225000000000001421e+00 1.368695838618566862e-01
8.275000000000000355e+00 1.223370282762871603e-01
8.325000000000001066e+00 1.074104949537222353e-01
8.375000000000000000e+00 1.001109219972401015e-01
8.425000000000000711e+00 1.068291455083542479e-01
8.475000000000001421e+00 1.127762329742162811e-01
8.525000000000000355e+00 1.168800128501848584e-01
8.575000000000001066e+00 1.256384183018262879e-01
8.625000000000000000e+00 1.213787324211108576e-01
8.675000000000000711e+00 1.278105675641512951e-01
8.725000000000001421e+00 1.362940568208864389e-01
8.775000000000000355e+00 1.442162523431735899e-01
8.825000000000001066e+00 1.454397878583844061e-01
8.875000000000000000e+00 1.400515324587754407e-01
8.925000000000000711e+00 1.361259144237069452e-01
8.975000000000001421e+00 1.313172793972460506e-01
9.025000000000000355e+00 1.336081322762945334e-01
9.075000000000001066e+00 1.339010729723410231e-01
9.125000000000000000e+00 1.495399636279974021e-01
9.175000000000000711e+00 1.458288765445829860e-01
9.225000000000001421e+00 1.481162230321898254e-01
9.275000000000000355e+00 1.385109027544095817e-01
9.325000000000001066e+00 1.451646109890694092e-01
9.375000000000000000e+00 1.440094333149050387e-01
9.425000000000000711e+00 1.409576985647361946e-01
9.475000000000001421e+00 1.312830010519158430e-01
9.525000000000000355e+00 1.425660979257023231e-01
9.575000000000001066e+00 1.544187348426843409e-01
9.625000000000000000e+00 1.603699380724538381e-01
9.675000000000000711e+00 1.516025100921839230e-01
9.725000000000001421e+00 1.473135531461409187e-01
9.775000000000000355e+00 1.524572621892657798e-01
9.825000000000001066e+00 1.544208620559829048e-01
9.875000000000000000e+00 1.493570035668847495e-01
9.925000000000000711e+00 1.294453460327913419e-01
9.975000000000001421e+00 1.492928768060236278e-01
1.002500000000000036e+01 1.611815900230251231e-01
1.007500000000000107e+01 1.904588521851993121e-01
1.012500000000000000e+01 1.935205128582477840e-01
1.017500000000000071e+01 2.088596422499689742e-01
1.022500000000000142e+01 2.086201120621375971e-01
1.027500000000000036e+01 2.122387376096227241e-01
1.032500000000000107e+01 2.230890465676530210e-01
1.037500000000000000e+01 2.441001477281670162e-01
1.042500000000000071e+01 2.695062698884724273e-01
1.047500000000000142e+01 2.933449957166418542e-01
1.052500000000000036e+01 3.227788481687410282e-01
1.057500000000000107e+01 3.378945919894709715e-01
1.062500000000000000e+01 3.448365287707157445e-01
1.067500000000000071e+01 3.528682756695561973e-01
1.072500000000000142e+01 3.564108967002962980e-01
1.077500000000000036e+01 3.840745894416932593e-01
1.082500000000000107e+01 3.927741997882939207e-01
1.087500000000000000e+01 4.201810575059322095e-01
1.092500000000000071e+01 4.133679621695862672e-01
1.097500000000000142e+01 4.246619649838416777e-01
1.102500000000000036e+01 4.405395782907444158e-01
1.107500000000000107e+01 4.729342516443830746e-01
1.112500000000000000e+01 5.099100028939913543e-01
1.117500000000000071e+01 5.115538204389267207e-01
1.122500000000000142e+01 5.117413434486229873e-01
1.127500000000000036e+01 5.183096316840060114e-01
1.132500000000000107e+01 5.527501787022860436e-01
1.137500000000000000e+01 5.724175640423073697e-01
1.142500000000000071e+01 5.726967292529631104e-01
1.147500000000000142e+01 5.771561643140251663e-01
1.152500000000000036e+01 5.774740743364885631e-01
1.157500000000000107e+01 5.972451454905698398e-01
1.162500000000000000e+01 5.984484327262249437e-01
1.167500000000000071e+01 6.230782311764059278e-01
1.172500000000000142e+01 6.298106725062920797e-01
1.177500000000000036e+01 6.439392494539547540e-01
1.182500000000000107e+01 6.602594839120712322e-01
1.187500000000000000e+01 6.721857237681096997e-01
1.192500000000000071e+01 6.894252732980032938e-01
1.197500000000000142e+01 7.606248572720013534e-01
1.202500000000000036e+01 1.141671785185819132e+00
1.207500000000000107e+01 2.115173098184144340e+00
1.212500000000000000e+01 3.987346124915502887e+00
1.217500000000000071e+01 5.069869830136248368e+00
1.222500000000000142e+01 6.518589277988928288e+00
1.227500000000000036e+01 nan
1.232500000000000107e+01 nan
1.237500000000000000e+01 nan
1.242500000000000071e+01 nan
1.247500000000000142e+01 nan
1.252500000000000036e+01 nan
1.257500000000000107e+01 nan
1.262500000000000000e+01 nan
1.267500000000000071e+01 nan
1.272500000000000142e+01 nan
1.277500000000000036e+01 nan
1.282500000000000107e+01 nan
1.287500000000000000e+01 nan
1.292500000000000071e+01 nan
1.297500000000000142e+01 nan
1.302500000000000036e+01 nan
1.307500000000000107e+01 nan
1.312500000000000000e+01 nan
1.317500000000000071e+01 nan
1.322500000000000142e+01 nan
1.327500000000000036e+01 nan
1.332500000000000107e+01 nan
1.337500000000000000e+01 nan
1.342500000000000071e+01 nan
1.347500000000000142e+01 nan
1.352500000000000036e+01 nan
1.357500000000000107e+01 nan
1.362500000000000000e+01 nan
1.367500000000000071e+01 nan
1.372500000000000142e+01 nan
1.377500000000000036e+01 nan
1.382500000000000107e+01 nan
1.387500000000000000e+01 nan
1.392500000000000071e+01 nan
1.397500000000000142e+01 nan
1.402499999999999858e+01 nan
1.407500000000000284e+01 nan
1.412500000000000000e+01 nan
1.417500000000000071e+01 nan
1.422500000000000142e+01 nan
1.427499999999999858e+01 nan
1.432500000000000284e+01 nan
1.437500000000000000e+01 nan
1.442500000000000071e+01 nan
1.447500000000000142e+01 nan
1.452499999999999858e+01 nan
1.457500000000000284e+01 nan
1.462500000000000000e+01 nan
1.467500000000000071e+01 nan
1.472500000000000142e+01 nan
1.477499999999999858e+01 nan
1.482500000000000284e+01 nan
1.487500000000000000e+01 nan
1.492500000000000071e+01 nan
1.497500000000000142e+01 nan
1.502499999999999858e+01 nan
1.507500000000000284e+01 nan
1.512500000000000000e+01 nan
1.517500000000000071e+01 nan
1.522500000000000142e+01 nan
1.527499999999999858e+01 nan
1.532500000000000284e+01 nan
1.537500000000000000e+01 nan
1.542500000000000071e+01 nan
1.547500000000000142e+01 nan
1.552499999999999858e+01 nan
1.557500000000000284e+01 nan
1.562500000000000000e+01 nan
1.567500000000000071e+01 nan
1.572500000000000142e+01 nan
1.577499999999999858e+01 nan
1.582500000000000284e+01 nan
1.587500000000000000e+01 nan
1.592500000000000071e+01 nan
1.597500000000000142e+01 nan
1.602499999999999858e+01 nan
1.607500000000000284e+01 nan
1.612500000000000000e+01 nan
1.617500000000000071e+01 nan
1.622500000000000142e+01 nan
1.627499999999999858e+01 nan
1.632500000000000284e+01 nan
1.637500000000000000e+01 nan
1.642500000000000071e+01 nan
1.647500000000000142e+01 nan
1.652499999999999858e+01 nan
1.657500000000000284e+01 nan
1.662500000000000000e+01 nan
1.667500000000000071e+01 nan
1.672500000000000142e+01 nan
1.677499999999999858e+01 nan
1.682500000000000284e+01 nan
1.687500000000000000e+01 nan
1.692500000000000071e+01 nan
1.697500000000000142e+01 nan
1.702499999999999858e+01 nan
1.707500000000000284e+01 nan
1.712500000000000000e+01 nan
1.717500000000000426e+01 nan
1.722500000000000142e+01 nan
1.727499999999999858e+01 nan
1.732500000000000284e+01 nan
1.737500000000000000e+01 nan
1.742500000000000426e+01 nan
1.747500000000000142e+01 nan
1.752499999999999858e+01 nan
1.757500000000000284e+01 nan
1.762500000000000000e+01 nan
1.767500000000000426e+01 nan
1.772500000000000142e+01 nan
1.777499999999999858e+01 nan
1.782500000000000284e+01 nan
1.787500000000000000e+01 nan
1.792500000000000426e+01 nan
1.797500000000000142e+01 nan
