# r_minus_2Rs_A, PMF_over_kBT
-1.375000000000000000e+00 nan
-1.324999999999999956e+00 nan
-1.274999999999999911e+00 nan
-1.224999999999999867e+00 nan
-1.174999999999999822e+00 nan
-1.125000000000000000e+00 nan
-1.074999999999999734e+00 nan
-1.024999999999999911e+00 nan
-9.749999999999998668e-01 nan
-9.249999999999999334e-01 nan
-8.749999999999998890e-01 nan
-8.249999999999998446e-01 nan
-7.749999999999999112e-01 nan
-7.249999999999998668e-01 nan
-6.749999999999998224e-01 nan
-6.249999999999998890e-01 nan
-5.749999999999998446e-01 nan
-5.249999999999999112e-01 nan
-4.749999999999998668e-01 nan
-4.249999999999998224e-01 nan
-3.750000000000000000e-01 nan
-3.249999999999997335e-01 nan
-2.749999999999999112e-01 nan
-2.249999999999996447e-01 nan
-1.749999999999998224e-01 1.995122520241288333e+00
-1.250000000000000000e-01 1.762434594791293385e-01
-7.499999999999973355e-02 -7.145545724112136732e-01
-2.499999999999991118e-02 -1.003464128716188064e+00
2.500000000000035527e-02 -9.254927763073377278e-01
7.500000000000017764e-02 -8.072361682201600885e-01
1.250000000000000000e-01 -7.371661300450074172e-01
1.750000000000002665e-01 -5.947466127667162539e-01
2.250000000000000888e-01 -4.904636162073630068e-01
2.750000000000003553e-01 -3.865046634194957420e-01
3.250000000000001776e-01 -3.025173213868170841e-01
3.750000000000000000e-01 -2.538627578241579030e-01
4.250000000000002665e-01 -2.226024270585784670e-01
4.750000000000000888e-01 -1.705626069466057437e-01
5.250000000000003553e-01 -8.695845633286314325e-02
5.750000000000001776e-01 -1.067971015511282040e-01
6.250000000000004441e-01 -1.441293620861072711e-01
6.750000000000002665e-01 -1.630946413635006031e-01
7.250000000000000888e-01 -1.593686170216845888e-01
7.749999999999999112e-01 -1.680988122841409194e-01
8.250000000000001776e-01 -1.868827519852791497e-01
8.750000000000004441e-01 -2.221045823285812126e-01
9.250000000000002665e-01 -2.380720924985455511e-01
9.750000000000000888e-01 -1.982209340497158578e-01
1.025000000000000355e+00 -1.843158635686683589e-01
1.075000000000000178e+00 -1.785862449455715151e-01
1.125000000000000444e+00 -1.181954025304050582e-01
1.175000000000000266e+00 -6.418020408878533090e-02
1.225000000000000089e+00 -6.688966442384014499e-02
1.275000000000000355e+00 -3.778222205158110469e-02
1.325000000000000178e+00 -8.768067743210483656e-03
1.375000000000000444e+00 2.104917098249758922e-02
1.425000000000000266e+00 4.030651140066288107e-02
1.475000000000000089e+00 1.378699495949176068e-02
1.525000000000000355e+00 1.535605604654710632e-02
1.575000000000000178e+00 3.425227732138447223e-02
1.625000000000000444e+00 1.824390375098206007e-02
1.675000000000000266e+00 6.509888356402981913e-03
1.725000000000000089e+00 6.833969317918242581e-03
1.775000000000000355e+00 -1.031228470798861707e-02
1.825000000000000178e+00 -1.700596939924148288e-02
1.875000000000000444e+00 -1.266484126167144453e-02
1.925000000000000266e+00 4.269414198014409578e-03
1.975000000000000089e+00 -2.707683627211299182e-03
2.025000000000000355e+00 -5.545329389958553179e-03
2.075000000000000178e+00 -1.254961548492250500e-02
2.125000000000000444e+00 -1.874639592840487978e-02
2.175000000000000266e+00 8.772761338760037830e-03
2.225000000000000089e+00 3.340724667479744170e-02
2.275000000000000355e+00 2.835361963325766510e-02
2.325000000000000178e+00 3.946614594617159355e-02
2.375000000000000444e+00 4.220881794831354838e-02
2.425000000000000266e+00 3.370260821095660830e-02
2.475000000000000089e+00 2.941614321598651216e-02
2.525000000000000355e+00 3.872165689987827619e-03
2.575000000000000178e+00 7.912394165482172781e-03
2.625000000000000444e+00 1.313884211476201713e-02
2.675000000000000266e+00 1.060896138084466145e-03
2.725000000000000089e+00 -1.061416990261720983e-02
2.775000000000000799e+00 -8.338748044274257865e-03
2.824999999999999734e+00 3.051232670519432588e-03
2.875000000000000444e+00 -6.422188178274446102e-03
2.925000000000000266e+00 -2.723240625127409942e-03
2.975000000000000089e+00 2.574044273697850826e-02
3.025000000000000799e+00 2.439260795916675661e-02
3.074999999999999734e+00 6.661124715306776523e-03
3.125000000000000444e+00 -3.125770004293482174e-03
3.175000000000000266e+00 4.500804463146490519e-03
3.225000000000000089e+00 1.218467785798127423e-02
3.275000000000000799e+00 2.171881594567715013e-03
3.324999999999999734e+00 8.979850808207512358e-03
3.375000000000000444e+00 1.914954935682278148e-03
3.425000000000001155e+00 -1.377382365384915985e-02
3.475000000000000089e+00 4.973728881853656247e-03
3.525000000000000799e+00 2.831489815369536700e-02
3.574999999999999734e+00 1.655961255108806540e-02
3.625000000000000444e+00 1.786220346059241848e-03
3.675000000000001155e+00 -7.368230777289319633e-04
3.725000000000000089e+00 3.076339953946849448e-03
3.775000000000000799e+00 -1.345375776318213923e-03
3.824999999999999734e+00 -8.415722854204332748e-03
3.875000000000000444e+00 -1.335619435034773872e-02
3.925000000000001155e+00 -5.654747199486553910e-03
3.975000000000000089e+00 -4.382249468618315547e-03
4.025000000000000355e+00 -4.424491747094805305e-04
4.074999999999999289e+00 1.323484357434789871e-02
4.125000000000000000e+00 1.337263209501671213e-02
4.175000000000000711e+00 5.754902122664606878e-03
4.224999999999999645e+00 -3.987970652310490749e-03
4.275000000000000355e+00 1.121138814413846774e-02
4.324999999999999289e+00 1.087469321446876691e-02
4.375000000000000000e+00 -2.239674979321204518e-03
4.425000000000000711e+00 -2.981142842132022963e-03
4.474999999999999645e+00 9.787700006202992853e-03
4.525000000000000355e+00 9.181851500065008054e-03
4.574999999999999289e+00 -1.003991283349892072e-02
4.625000000000000000e+00 -9.463669000586705238e-03
4.675000000000000711e+00 -5.510224835048926906e-03
4.724999999999999645e+00 -1.313194988285326659e-02
4.775000000000000355e+00 -9.598823110589016494e-03
4.824999999999999289e+00 -7.351878834314984346e-03
4.875000000000000000e+00 -1.125929577258233394e-02
4.925000000000000711e+00 -8.108953231947602092e-03
4.974999999999999645e+00 -1.340902316308234532e-03
5.025000000000000355e+00 -8.625421657234788597e-03
5.074999999999999289e+00 -3.051253468671122349e-02
5.125000000000000000e+00 -3.479696494183981414e-02
5.175000000000000711e+00 -1.419633094073669000e-02
5.224999999999999645e+00 -9.507028796809091631e-03
5.275000000000000355e+00 -2.379776042865566765e-02
5.324999999999999289e+00 -7.248385964713666141e-03
5.375000000000000000e+00 -5.437036068574929715e-03
5.425000000000000711e+00 -7.962359518212558385e-03
5.474999999999999645e+00 -2.296650846051573325e-03
5.525000000000000355e+00 -1.029337433948285252e-02
5.574999999999999289e+00 -1.626080596863310745e-02
5.625000000000000000e+00 5.662352961237626658e-02
5.675000000000000711e+00 4.682629595327343353e-01
5.724999999999999645e+00 1.220371050174459793e+00
5.775000000000000355e+00 1.796226968581310146e+00
5.824999999999999289e+00 1.949508384508305436e+00
5.875000000000000000e+00 1.965278023376067829e+00
5.925000000000000711e+00 1.979023890168017941e+00
5.974999999999999645e+00 1.993643044614194615e+00
6.025000000000000355e+00 1.990974858011760995e+00
6.074999999999999289e+00 1.935805231939079940e+00
6.125000000000000000e+00 1.963529502683351469e+00
6.175000000000000711e+00 1.995737537759312064e+00
6.224999999999999645e+00 1.940591303699869430e+00
6.275000000000000355e+00 1.942869190255985146e+00
6.324999999999999289e+00 1.998623169980661585e+00
6.375000000000000000e+00 2.001381179779331276e+00
6.425000000000000711e+00 1.992851746732503537e+00
6.474999999999999645e+00 1.991954655103068905e+00
6.525000000000000355e+00 2.002095645444867067e+00
6.574999999999999289e+00 1.998226848034762471e+00
6.625000000000000000e+00 1.989947162191647578e+00
6.674999999999998934e+00 2.007577374435390638e+00
6.724999999999999645e+00 2.000759034247407087e+00
6.775000000000000355e+00 1.960027002350090974e+00
6.825000000000001066e+00 1.945887352454894970e+00
6.875000000000000000e+00 1.991874843727649891e+00
6.924999999999998934e+00 1.987120473057886416e+00
6.974999999999999645e+00 1.963151185491507578e+00
7.025000000000000355e+00 1.982343349128612209e+00
7.075000000000001066e+00 1.996364973510722729e+00
7.125000000000000000e+00 1.997325911526376618e+00
7.174999999999998934e+00 1.991399015645580972e+00
7.224999999999999645e+00 1.989313140542272151e+00
7.275000000000000355e+00 1.991285150764003697e+00
7.325000000000001066e+00 1.993170451938491183e+00
7.375000000000000000e+00 2.010107620391081262e+00
7.424999999999998934e+00 1.981849805247010821e+00
7.474999999999999645e+00 1.966057181764231609e+00
7.525000000000000355e+00 1.991707460007780650e+00
7.575000000000001066e+00 1.982162164261004778e+00
7.625000000000000000e+00 1.990716984100086240e+00
7.674999999999998934e+00 1.990971120240862202e+00
7.724999999999999645e+00 1.989880271666699674e+00
7.775000000000000355e+00 2.003293250691414951e+00
7.825000000000001066e+00 2.010115978579380069e+00
7.875000000000000000e+00 2.002541770374171470e+00
7.924999999999998934e+00 1.990432735842737388e+00
7.974999999999999645e+00 2.006520252953513328e+00
8.025000000000000355e+00 1.997301333758948250e+00
8.075000000000001066e+00 1.983074363350776359e+00
8.125000000000000000e+00 1.994776632666513061e+00
8.175000000000000711e+00 2.021499295685748265e+00
8.224999999999999645e+00 2.021141219180490722e+00
8.275000000000000355e+00 1.993825310762307623e+00
8.325000000000001066e+00 1.983772797521523801e+00
8.375000000000000000e+00 1.981383084277977380e+00
8.425000000000000711e+00 1.993506759588119959e+00
8.474999999999999645e+00 2.019920135051647581e+00
8.525000000000000355e+00 2.021982091269046045e+00
8.575000000000001066e+00 1.983603191483348738e+00
8.625000000000000000e+00 2.075751272144708004e+00
8.675000000000000711e+00 2.622217645224495630e+00
8.724999999999999645e+00 3.958952843173309866e+00
8.775000000000000355e+00 5.847244504608287485e+00
8.825000000000001066e+00 nan
8.875000000000000000e+00 nan
8.925000000000000711e+00 nan
8.974999999999999645e+00 nan
9.025000000000000355e+00 nan
9.075000000000001066e+00 nan
9.125000000000000000e+00 nan
9.175000000000000711e+00 nan
9.224999999999999645e+00 nan
9.275000000000000355e+00 nan
9.325000000000001066e+00 nan
9.375000000000000000e+00 nan
9.425000000000000711e+00 nan
9.474999999999999645e+00 nan
9.525000000000000355e+00 nan
9.575000000000001066e+00 nan
9.625000000000000000e+00 nan
9.675000000000000711e+00 nan
9.724999999999999645e+00 nan
9.775000000000000355e+00 nan
9.825000000000001066e+00 nan
9.875000000000000000e+00 nan
9.925000000000000711e+00 nan
9.974999999999999645e+00 nan
1.002500000000000036e+01 nan
1.007500000000000107e+01 nan
1.012500000000000000e+01 nan
1.017500000000000071e+01 nan
1.022499999999999964e+01 nan
1.027500000000000036e+01 nan
1.032500000000000107e+01 nan
1.037500000000000000e+01 nan
1.042500000000000071e+01 nan
1.047499999999999964e+01 nan
1.052500000000000036e+01 nan
1.057500000000000107e+01 nan
1.062500000000000000e+01 nan
1.067500000000000071e+01 nan
1.072499999999999964e+01 nan
1.077500000000000036e+01 nan
1.082500000000000107e+01 nan
1.087500000000000000e+01 nan
1.092500000000000071e+01 nan
1.097499999999999964e+01 nan
1.102500000000000036e+01 nan
1.107500000000000107e+01 nan
1.112500000000000000e+01 nan
1.117500000000000071e+01 nan
1.122499999999999964e+01 nan
1.127500000000000036e+01 nan
1.132500000000000107e+01 nan
1.137500000000000000e+01 nan
1.142500000000000071e+01 nan
1.147499999999999964e+01 nan
1.152500000000000036e+01 nan
1.157500000000000107e+01 nan
1.162500000000000000e+01 nan
1.167500000000000071e+01 nan
1.172499999999999964e+01 nan
1.177500000000000036e+01 nan
1.182500000000000107e+01 nan
1.187500000000000000e+01 nan
1.192500000000000071e+01 nan
1.197499999999999964e+01 nan
1.202500000000000036e+01 nan
1.207500000000000107e+01 nan
1.212500000000000000e+01 nan
1.217500000000000071e+01 nan
1.222499999999999964e+01 nan
1.227500000000000036e+01 nan
1.232500000000000107e+01 nan
1.237500000000000000e+01 nan
1.242500000000000071e+01 nan
1.247499999999999964e+01 nan
1.252500000000000036e+01 nan
1.257500000000000107e+01 nan
1.262500000000000000e+01 nan
1.267500000000000071e+01 nan
1.272499999999999964e+01 nan
1.277500000000000036e+01 nan
1.282500000000000107e+01 nan
1.287500000000000000e+01 nan
1.292500000000000071e+01 nan
1.297499999999999964e+01 nan
1.302500000000000036e+01 nan
1.307500000000000107e+01 nan
1.312500000000000000e+01 nan
1.317500000000000071e+01 nan
1.322499999999999964e+01 nan
1.327500000000000036e+01 nan
1.332500000000000107e+01 nan
1.337500000000000000e+01 nan
1.342500000000000071e+01 nan
1.347499999999999964e+01 nan
1.352500000000000036e+01 nan
1.357500000000000107e+01 nan
1.362500000000000000e+01 nan
1.367500000000000071e+01 nan
1.372499999999999964e+01 nan
1.377500000000000036e+01 nan
1.382500000000000107e+01 nan
1.387500000000000000e+01 nan
1.392500000000000071e+01 nan
1.397499999999999964e+01 nan
1.402500000000000036e+01 nan
1.407500000000000107e+01 nan
1.412500000000000000e+01 nan
1.417500000000000071e+01 nan
1.422499999999999964e+01 nan
1.427500000000000036e+01 nan
1.432500000000000107e+01 nan
1.437500000000000000e+01 nan
1.442500000000000071e+01 nan
1.447499999999999964e+01 nan
1.452500000000000036e+01 nan
1.457500000000000107e+01 nan
1.462499999999999822e+01 nan
1.467500000000000249e+01 nan
1.472499999999999964e+01 nan
1.477500000000000036e+01 nan
1.482500000000000107e+01 nan
1.487499999999999822e+01 nan
1.492500000000000249e+01 nan
1.497499999999999964e+01 nan
1.502500000000000036e+01 nan
1.507500000000000107e+01 nan
1.512499999999999822e+01 nan
1.517500000000000249e+01 nan
1.522499999999999964e+01 nan
1.527500000000000036e+01 nan
1.532500000000000107e+01 nan
1.537499999999999822e+01 nan
1.542500000000000249e+01 nan
1.547499999999999964e+01 nan
1.552500000000000036e+01 nan
1.557500000000000107e+01 nan
1.562499999999999822e+01 nan
1.567500000000000249e+01 nan
1.572499999999999964e+01 nan
1.577500000000000036e+01 nan
1.582500000000000107e+01 nan
1.587499999999999822e+01 nan
1.592500000000000249e+01 nan
1.597499999999999964e+01 nan
1.602500000000000213e+01 nan
1.607500000000000284e+01 nan
1.612500000000000000e+01 nan
1.617500000000000426e+01 nan
1.622500000000000142e+01 nan
1.627500000000000213e+01 nan
1.632500000000000284e+01 nan
1.637500000000000000e+01 nan
1.642500000000000426e+01 nan
1.647500000000000142e+01 nan
1.652500000000000213e+01 nan
1.657500000000000284e+01 nan
1.662500000000000000e+01 nan
1.667500000000000426e+01 nan
1.672500000000000142e+01 nan
1.677500000000000213e+01 nan
1.682500000000000284e+01 nan
1.687500000000000000e+01 nan
1.692500000000000426e+01 nan
1.697500000000000142e+01 nan
1.702500000000000213e+01 nan
1.707500000000000284e+01 nan
1.712500000000000000e+01 nan
1.717500000000000426e+01 nan
1.722500000000000142e+01 nan
1.727500000000000213e+01 nan
1.732500000000000284e+01 nan
1.737500000000000000e+01 nan
1.742500000000000426e+01 nan
1.747500000000000142e+01 nan
1.752500000000000213e+01 nan
1.757500000000000284e+01 nan
1.762500000000000000e+01 nan
1.767500000000000426e+01 nan
1.772500000000000142e+01 nan
1.777500000000000568e+01 nan
1.782500000000000284e+01 nan
1.787500000000000000e+01 nan
1.792500000000000426e+01 nan
1.797500000000000142e+01 nan
1.802500000000000568e+01 nan
1.807500000000000284e+01 nan
1.812500000000000000e+01 nan
1.817500000000000426e+01 nan
1.822500000000000142e+01 nan
1.827500000000000568e+01 nan
1.832500000000000284e+01 nan
1.837500000000000000e+01 nan
1.842500000000000426e+01 nan
1.847500000000000142e+01 nan
1.852500000000000568e+01 nan
1.857500000000000284e+01 nan
