# r_minus_2Rs_A, PMF_over_kBT
-5.187600000000003320e-01 2.438072832519534217e+01
-5.046311149999995749e-01 3.656060062375699715e+01
-4.905022289999996232e-01 4.870743469691307581e+01
-4.763733439999997543e-01 4.857913024779296052e+01
-4.622444579999998027e-01 4.826832050319575984e+01
-4.481155729999999338e-01 4.761842192196597523e+01
-4.339866869999999821e-01 4.641614915162395505e+01
-4.198578020000001132e-01 4.443059900189438594e+01
-4.057289160000001615e-01 4.148750594765058963e+01
-3.916000310000002926e-01 3.755723584973039664e+01
-3.774711460000004237e-01 3.280993091226036285e+01
-3.633422599999995839e-01 2.760347608543128572e+01
-3.492133749999997150e-01 2.239219449426027353e+01
-3.350844889999997633e-01 1.759713767401500917e+01
-3.209556039999998944e-01 1.349195601635853237e+01
-3.068267179999999428e-01 1.015398121722754610e+01
-2.926978330000000739e-01 7.495193884184466526e+00
-2.785689470000001222e-01 5.341464306420339980e+00
-2.644400620000002533e-01 3.524262667106878411e+00
-2.503111760000003017e-01 1.936519670164070561e+00
-2.361822910000004327e-01 5.389711434302721926e-01
-2.220534059999996757e-01 -6.678025713719062395e-01
-2.079245199999997240e-01 -1.680679397027448729e+00
-1.937956349999998551e-01 -2.515810657959816510e+00
-1.796667489999999034e-01 -3.201633717738820550e+00
-1.655378640000000345e-01 -3.765180189117581122e+00
-1.514089780000000829e-01 -4.221240381153091192e+00
-1.372800930000002140e-01 -4.573054681560074997e+00
-1.231512070000002623e-01 -4.824882735531758726e+00
-1.090223220000003934e-01 -4.992252014627588608e+00
-9.489343699999963633e-02 -5.101873847988073862e+00
-8.076455099999968468e-02 -5.177407106307668982e+00
-6.663566599999981577e-02 -5.229564163974030677e+00
-5.250677999999986412e-02 -5.252921640392246516e+00
-3.837789499999999521e-02 -5.240734292378927961e+00
-2.424900900000004356e-02 -5.201857493634797436e+00
-1.012012400000017465e-02 -5.161817498863262799e+00
4.008761999999777004e-03 -5.144182046708978717e+00
1.813764699999964591e-02 -5.147746455935246601e+00
3.226653299999959756e-02 -5.148470963656709642e+00
4.639541799999946647e-02 -5.117635478049392006e+00
6.052430299999933538e-02 -5.047210219276459853e+00
7.465318899999928703e-02 -4.955980674334940161e+00
8.878207399999915594e-02 -4.871018048910729092e+00
1.029109600000008840e-01 -4.807805662517896650e+00
1.170398450000007529e-01 -4.763688842956540270e+00
1.311687310000007045e-01 -4.724884319901910601e+00
1.452976160000005734e-01 -4.681474070493615969e+00
1.594265020000005251e-01 -4.631884982862546352e+00
1.735553870000003940e-01 -4.582719329428169175e+00
1.876842720000002629e-01 -4.542702048416533245e+00
2.018131580000002145e-01 -4.512594878406105181e+00
2.159420430000000835e-01 -4.484517074308241646e+00
2.300709290000000351e-01 -4.445438934852749213e+00
2.441998139999999040e-01 -4.388241705873133114e+00
2.583286999999998557e-01 -4.321502236836073152e+00
2.724575849999997246e-01 -4.265640429371778453e+00
2.865864709999996762e-01 -4.233109585212803339e+00
3.007153559999995451e-01 -4.218470388019833095e+00
3.148442409999994140e-01 -4.202274205491740133e+00
3.289731269999993657e-01 -4.167797395081395351e+00
3.431020119999992346e-01 -4.118983051748374535e+00
3.572308979999991863e-01 -4.074378283673340206e+00
3.713597830000008315e-01 -4.050730733194116695e+00
3.854886690000007832e-01 -4.046553111863723018e+00
3.996175540000006521e-01 -4.046007243980755064e+00
4.137464400000006037e-01 -4.031887622763582257e+00
4.278753250000004726e-01 -3.997773989174822518e+00
4.420042110000004243e-01 -3.950964986330879114e+00
4.561330960000002932e-01 -3.901949400738375928e+00
4.702619810000001621e-01 -3.859863299996993291e+00
4.843908670000001138e-01 -3.826494788507567080e+00
4.985197519999999827e-01 -3.798457728468994432e+00
5.126486379999999343e-01 -3.770513513526147165e+00
5.267775229999998032e-01 -3.736219943239781571e+00
5.409064089999997549e-01 -3.691906595496536880e+00
5.550352939999996238e-01 -3.640774147392251692e+00
5.691641799999995754e-01 -3.588497827582740385e+00
5.832930649999994444e-01 -3.539516893695855870e+00
5.974219499999993133e-01 -3.494726698567308887e+00
6.115508359999992649e-01 -3.449982785942648178e+00
6.256797209999991338e-01 -3.404649392951830222e+00
6.398086070000008618e-01 -3.363962196986340913e+00
6.539374920000007307e-01 -3.335282168996160479e+00
6.680663780000006824e-01 -3.320648573251910207e+00
6.821952630000005513e-01 -3.311978201757572293e+00
6.963241490000005030e-01 -3.293836230424892264e+00
7.104530340000003719e-01 -3.255893949074332383e+00
7.245819200000003235e-01 -3.200808146727142756e+00
7.387108050000001924e-01 -3.139931000781082560e+00
7.528396900000000613e-01 -3.089473220309303159e+00
7.669685760000000130e-01 -3.058388162931580112e+00
7.810974609999998819e-01 -3.044320791708976515e+00
7.952263469999998335e-01 -3.038173703778491941e+00
8.093552319999997025e-01 -3.028662656301245093e+00
8.234841179999996541e-01 -3.007205706811907575e+00
8.376130029999995230e-01 -2.972330128807906036e+00
8.517418889999994747e-01 -2.930527228806260709e+00
8.658707739999993436e-01 -2.889756126400849112e+00
8.799996589999992125e-01 -2.855149042858759145e+00
8.941285449999991641e-01 -2.823466254750488957e+00
9.082574300000008094e-01 -2.786510935557114266e+00
9.223863160000007611e-01 -2.738522144887463483e+00
9.365152010000006300e-01 -2.680732585900187814e+00
9.506440870000005816e-01 -2.620445778887750876e+00
9.647729720000004505e-01 -2.560819872747950754e+00
9.789018580000004022e-01 -2.497418796746748271e+00
9.930307430000002711e-01 -2.424013437339413102e+00
1.007159628000000140e+00 -2.341703996476024230e+00
1.021288514000000092e+00 -2.264115750226109114e+00
1.035417398999999961e+00 -2.210868124509850929e+00
1.049546284999999912e+00 -2.190037817839174394e+00
1.063675169999999781e+00 -2.186727899625338978e+00
1.077804055999999733e+00 -2.171866456997499029e+00
1.091932940999999602e+00 -2.121094605980113457e+00
1.106061826999999553e+00 -2.030743513255830024e+00
1.120190711999999422e+00 -1.923896546460532875e+00
1.134319597999999374e+00 -1.831041585063900357e+00
1.148448482999999243e+00 -1.766590431601375855e+00
1.162577368000000888e+00 -1.721525971454095583e+00
1.176706254000000840e+00 -1.673653700878704242e+00
1.190835139000000709e+00 -1.608534209216752942e+00
1.204964025000000660e+00 -1.530842219864501530e+00
1.219092910000000529e+00 -1.460761109760786880e+00
1.233221796000000481e+00 -1.412082932381181877e+00
1.247350681000000350e+00 -1.379730471268322489e+00
1.261479567000000301e+00 -1.347221277383134463e+00
1.275608452000000170e+00 -1.301528257394853227e+00
1.289737337000000039e+00 -1.246535215522838413e+00
1.303866222999999991e+00 -1.196945002737638930e+00
1.317995107999999860e+00 -1.162377243388153403e+00
1.332123993999999811e+00 -1.137638510578021567e+00
1.346252878999999680e+00 -1.105591484480003217e+00
1.360381764999999632e+00 -1.055038969741206145e+00
1.374510649999999501e+00 -9.874960678369664180e-01
1.388639535999999453e+00 -9.158272314809217107e-01
1.402768420999999321e+00 -8.554031637435794977e-01
1.416897306999999273e+00 -8.124940277565464442e-01
1.431026191999999142e+00 -7.872422552957711872e-01
1.445155077000000787e+00 -7.744147071564029261e-01
1.459283963000000739e+00 -7.684325894064478746e-01
1.473412848000000608e+00 -7.666521570799140761e-01
1.487541734000000559e+00 -7.651909868999666742e-01
1.501670619000000428e+00 -7.631221353027406451e-01
1.515799505000000380e+00 -7.555162596652902351e-01
1.529928390000000249e+00 -7.344143441888508761e-01
1.544057276000000201e+00 -6.932601401913540684e-01
1.558186161000000070e+00 -6.303331796899733774e-01
1.572315045999999938e+00 -5.537210875435452095e-01
1.586443931999999890e+00 -4.757651338777701966e-01
1.600572816999999759e+00 -4.084295677840312777e-01
1.614701702999999711e+00 -3.569688535670572094e-01
1.628830587999999580e+00 -3.208495590656621488e-01
1.642959473999999531e+00 -2.958437159977123088e-01
1.657088358999999400e+00 -2.764586558433581587e-01
1.671217244999999352e+00 -2.588181804317279955e-01
1.685346129999999221e+00 -2.433054390521984800e-01
1.699475015000000866e+00 -2.355254873643044533e-01
1.713603901000000818e+00 -2.406444936416747282e-01
1.727732786000000686e+00 -2.539014918881310479e-01
1.741861672000000638e+00 -2.571460316099862808e-01
1.755990557000000507e+00 -2.291634346689459534e-01
1.770119443000000459e+00 -1.628263068029109917e-01
1.784248328000000328e+00 -7.865070027389542417e-02
1.798377214000000279e+00 -1.058910916067112851e-02
1.812506099000000148e+00 1.776549593448173425e-02
1.826634985000000100e+00 1.039609759313542270e-02
1.840763869999999969e+00 -1.845807882665084776e-03
1.854892754999999838e+00 8.453102086960484485e-03
1.869021640999999789e+00 4.650601570971168996e-02
1.883150525999999658e+00 9.578203516907457526e-02
1.897279411999999610e+00 1.367249353870771955e-01
1.911408296999999479e+00 1.641545418740282258e-01
1.925537182999999430e+00 1.904701712673002589e-01
1.939666067999999299e+00 2.290376569186971523e-01
1.953794953999999251e+00 2.811200430135425421e-01
1.967923838999999120e+00 3.362225974608872292e-01
1.982052724000000765e+00 3.789903053305962999e-01
1.996181610000000717e+00 4.025412237961081274e-01
2.010310495000000586e+00 4.129992913595295079e-01
2.024439381000000537e+00 4.239264686777541868e-01
2.038568266000000406e+00 4.470319475860460301e-01
2.052697152000000358e+00 4.816917581080435440e-01
2.066826037000000227e+00 5.140585775725377005e-01
2.080954923000000178e+00 5.319292226736784812e-01
2.095083808000000047e+00 5.333308820677391537e-01
2.109212692999999916e+00 5.333331895134829637e-01
2.123341578999999868e+00 5.531762844075984731e-01
2.137470463999999737e+00 5.965341507106032282e-01
2.151599349999999689e+00 6.493535863067574354e-01
2.165728234999999557e+00 6.874792449663154059e-01
2.179857120999999509e+00 6.960637412972801030e-01
2.193986005999999378e+00 6.835084086857321495e-01
2.208114891999999330e+00 6.704554828265845146e-01
2.222243776999999199e+00 6.728716746639147317e-01
2.236372662999999150e+00 6.903993995099497738e-01
2.250501548000000795e+00 7.081989617013917382e-01
2.264630433000000664e+00 7.091631215602891558e-01
2.278759319000000616e+00 6.895347159347160471e-01
2.292888204000000485e+00 6.591823888833534539e-01
2.307017090000000437e+00 6.342080751582752640e-01
2.321145975000000305e+00 6.282726336347881357e-01
2.335274861000000257e+00 6.442499187344772338e-01
2.349403746000000126e+00 6.785974139537884753e-01
2.363532632000000078e+00 7.264147798064914952e-01
2.377661516999999947e+00 7.780153343629763185e-01
2.391790401999999816e+00 8.229826090322305276e-01
2.405919287999999767e+00 8.502021135184492096e-01
2.420048172999999636e+00 8.533131682655383798e-01
2.434177058999999588e+00 8.376372241205309876e-01
2.448305943999999457e+00 8.147404884080895471e-01
2.462434829999999408e+00 7.948239587070684564e-01
2.476563714999999277e+00 7.816920172614469919e-01
2.490692600999999229e+00 7.737288133345217034e-01
2.504821486000000874e+00 7.684103632081029644e-01
2.518950372000000826e+00 7.665203848896204875e-01
2.533079257000000695e+00 7.663932736521559264e-01
2.547208142000000564e+00 7.651181539900022699e-01
2.561337028000000515e+00 7.630996322273126964e-01
2.575465913000000384e+00 7.625676010157143025e-01
2.589594799000000336e+00 7.690934416497352544e-01
2.603723684000000205e+00 7.833961669031808128e-01
2.617852570000000156e+00 7.990749945122299636e-01
2.631981455000000025e+00 8.122998654099298221e-01
2.646110340999999977e+00 8.259965622568081756e-01
2.660239225999999846e+00 8.487387482167587649e-01
2.674368110999999715e+00 8.863488318514889386e-01
2.688496996999999666e+00 9.296485541449062140e-01
2.702625881999999535e+00 9.571802629961698727e-01
2.716754767999999487e+00 9.543277155390761379e-01
2.730883652999999356e+00 9.296696439173448567e-01
2.745012538999999308e+00 9.100422508270664679e-01
2.759141423999999176e+00 9.247210474571012639e-01
2.773270309999999128e+00 9.789615770196480327e-01
2.787399195000000773e+00 1.045239952938466388e+00
2.801528080000000642e+00 1.085313079035195472e+00
2.815656966000000594e+00 1.074747097439953336e+00
2.829785851000000463e+00 1.019335453374091927e+00
2.843914737000000414e+00 9.485196868851808460e-01
2.858043622000000283e+00 8.913900830318564061e-01
2.872172508000000235e+00 8.615435941915041695e-01
2.886301393000000104e+00 8.556953203535968555e-01
2.900430279000000056e+00 8.649047088267085570e-01
2.914559163999999924e+00 8.837884521789174386e-01
2.928688049999999876e+00 9.058633661801120951e-01
2.942816934999999745e+00 9.247761321085192776e-01
2.956945819999999614e+00 9.311330236990738030e-01
2.971074705999999566e+00 9.213055379997960870e-01
2.985203590999999435e+00 9.037606672080933379e-01
2.999332476999999386e+00 8.947181804103223612e-01
3.013461361999999255e+00 9.085502340581310676e-01
3.027590247999999207e+00 9.430706048650048245e-01
3.041719133000000852e+00 9.824140806878478571e-01
3.055848019000000804e+00 1.003745381410427129e+00
3.069976904000000673e+00 9.914789686033920191e-01
3.084105789000000541e+00 9.511095724705018739e-01
3.098234675000000493e+00 8.995175638851566902e-01
3.112363560000000362e+00 8.553653538695549230e-01
3.126492446000000314e+00 8.307802744555417007e-01
3.140621331000000183e+00 8.248890973941751525e-01
3.154750217000000134e+00 8.343638879350923077e-01
3.168879102000000003e+00 8.541082130610639922e-01
3.183007987999999955e+00 8.750257403125800693e-01
3.197136872999999824e+00 8.852324439635772535e-01
3.211265758999999775e+00 8.760893988460267678e-01
3.225394643999999644e+00 8.529761626576313205e-01
3.239523528999999513e+00 8.348680864349589115e-01
3.253652414999999465e+00 8.423128624766871297e-01
3.267781299999999334e+00 8.781278405824508582e-01
3.281910185999999285e+00 9.261380980357074577e-01
3.296039070999999154e+00 9.665067544872627536e-01
3.310167957000000882e+00 9.892225410293651322e-01
3.324296842000000751e+00 1.001725696371432051e+00
3.338425728000000703e+00 1.013504095076378064e+00
3.352554613000000572e+00 1.023345915457070987e+00
3.366683498000000441e+00 1.026323875341535796e+00
3.380812384000000392e+00 1.021446156764421076e+00
3.394941269000000261e+00 1.021528297790073481e+00
3.409070155000000213e+00 1.042306559263579402e+00
3.423199040000000082e+00 1.084595079398196660e+00
3.437327926000000033e+00 1.133751227849909782e+00
3.451456810999999902e+00 1.170202564540231194e+00
3.465585696999999854e+00 1.187529165833680622e+00
3.479714581999999723e+00 1.196448643905320353e+00
3.493843466999999592e+00 1.211202707503998610e+00
3.507972352999999543e+00 1.237312772823687013e+00
3.522101237999999412e+00 1.269606764146180566e+00
3.536230123999999364e+00 1.300117165301424293e+00
3.550359008999999233e+00 1.323296478664753195e+00
3.564487894999999185e+00 1.337152744526042270e+00
3.578616780000000830e+00 1.338590046677220258e+00
3.592745666000000782e+00 1.325358016530893579e+00
3.606874551000000650e+00 1.304260674001987752e+00
3.621003437000000602e+00 1.287710815744011583e+00
3.635132322000000471e+00 1.289742903340721725e+00
3.649261207000000340e+00 1.314888003772885838e+00
3.663390093000000292e+00 1.352350160587823424e+00
3.677518978000000160e+00 1.385373447478617237e+00
3.691647864000000112e+00 1.398444362689660991e+00
3.705776748999999981e+00 1.387325474482183907e+00
3.719905634999999933e+00 1.364834501974527825e+00
3.734034519999999802e+00 1.353638504553202893e+00
3.748163405999999753e+00 1.375538910403257375e+00
3.762292290999999622e+00 1.440367237053351346e+00
3.776421175999999491e+00 1.531675865958284533e+00
3.790550061999999443e+00 1.613875856318859547e+00
3.804678946999999312e+00 1.656094193657352776e+00
3.818807832999999263e+00 1.650600472755733961e+00
3.832936717999999132e+00 1.619792149884027310e+00
3.847065604000000860e+00 1.597377219229272782e+00
3.861194489000000729e+00 1.600337559953654676e+00
3.875323375000000681e+00 1.618515101783659205e+00
3.889452260000000550e+00 1.629369553832919593e+00
3.903581146000000501e+00 1.621957495191361787e+00
3.917710031000000370e+00 1.605876309000272784e+00
3.931838916000000239e+00 1.598953752620817070e+00
3.945967802000000191e+00 1.610018545575428561e+00
3.960096687000000060e+00 1.631087988118840926e+00
3.974225573000000011e+00 1.647557861827223746e+00
3.988354457999999880e+00 1.654396051530223843e+00
4.002483343999999832e+00 1.656635524387503722e+00
4.016612228999999701e+00 1.663580031064542553e+00
4.030741114999999652e+00 1.680982055733521108e+00
4.044869999999999521e+00 1.707781815737076769e+00
4.058998884999999390e+00 1.739116869990329661e+00
4.073127770999999342e+00 1.770530443984188906e+00
4.087256655999999211e+00 1.796064664235199615e+00
4.101385541999999162e+00 1.810386521524819159e+00
4.115514427000000808e+00 1.813018977241453555e+00
4.129643313000000759e+00 1.806014196280957051e+00
4.143772198000000628e+00 1.797491440575381461e+00
4.157901084000000580e+00 1.792442232917359490e+00
4.172029969000000449e+00 1.789979022506674511e+00
4.186158854000000318e+00 1.786938636879931153e+00
4.200287740000000269e+00 1.777304680446308183e+00
4.214416625000000138e+00 1.759429517463356518e+00
4.228545511000000090e+00 1.739326721455757507e+00
4.242674395999999959e+00 1.726912560967400978e+00
4.256803281999999911e+00 1.733165930991717119e+00
4.270932166999999779e+00 1.761704180912179396e+00
4.285061052999999731e+00 1.804258887738461326e+00
4.299189937999999600e+00 1.845858246105782641e+00
4.313318823999999552e+00 1.866855377099271962e+00
4.327447708999999421e+00 1.859080821154002194e+00
4.341576593999999290e+00 1.829403466747276497e+00
4.355705479999999241e+00 1.793477542173311789e+00
4.369834365000000886e+00 1.770465139397225940e+00
4.383963251000000838e+00 1.770045988771531853e+00
4.398092136000000707e+00 1.786425308315568117e+00
4.412221022000000659e+00 1.805828325440423043e+00
4.426349907000000528e+00 1.816093803418890928e+00
4.440478793000000479e+00 1.812438751386292068e+00
4.454607678000000348e+00 1.802590773123254664e+00
4.468736563000000217e+00 1.796265569864010203e+00
4.482865449000000169e+00 1.794283290897487504e+00
4.496994334000000038e+00 1.790499182417978119e+00
4.511123219999999989e+00 1.775896017244539493e+00
4.525252104999999858e+00 1.748454854392871738e+00
4.539380990999999810e+00 1.718996750506530447e+00
4.553509875999999679e+00 1.697391100150419163e+00
4.567638761999999630e+00 1.684607943752762793e+00
4.581767646999999499e+00 1.673402839369190431e+00
4.595896532999999451e+00 1.655286427977653574e+00
4.610025417999999320e+00 1.632876108438187757e+00
4.624154302999999189e+00 1.618949298240371704e+00
4.638283188999999140e+00 1.623596581754970458e+00
4.652412074000000786e+00 1.643682137021793110e+00
4.666540960000000737e+00 1.662390659001964366e+00
4.680669845000000606e+00 1.660202312971362559e+00
4.694798731000000558e+00 1.629339990364064406e+00
4.708927616000000427e+00 1.577269446418799959e+00
4.723056502000000378e+00 1.524520246062067486e+00
4.737185387000000247e+00 1.489689854162437044e+00
4.751314272000000116e+00 1.477602848629350873e+00
4.765443158000000068e+00 1.477731587785164891e+00
4.779572042999999937e+00 1.472751630973391457e+00
4.793700928999999888e+00 1.450336287107836242e+00
4.807829813999999757e+00 1.414830079240928740e+00
4.821958699999999709e+00 1.382465148642852526e+00
4.836087584999999578e+00 1.363947950389160724e+00
4.850216470999999530e+00 1.358606105126259678e+00
4.864345355999999398e+00 1.355605889031965106e+00
4.878474240999999267e+00 1.347685699265682047e+00
4.892603126999999219e+00 1.339734022225536947e+00
4.906732012000000864e+00 1.348595450624078040e+00
4.920860898000000816e+00 1.386293876451881957e+00
4.934989783000000685e+00 1.449409792309067413e+00
4.949118669000000637e+00 1.523277299014187847e+00
4.963247554000000505e+00 1.591372104721276770e+00
4.977376440000000457e+00 1.644076801979430513e+00
4.991505325000000326e+00 1.682662901555726620e+00
5.005634211000000278e+00 1.712755057141860604e+00
5.019763096000000147e+00 1.737587743256355566e+00
5.033891981000000015e+00 1.757942045398760200e+00
5.048020866999999967e+00 1.770828586839424901e+00
5.062149751999999836e+00 1.772839847750326214e+00
5.076278637999999788e+00 1.761352428466025799e+00
5.090407522999999657e+00 1.741822385813321716e+00
5.104536408999999608e+00 1.728099333073538801e+00
5.118665293999999477e+00 1.731454059687823843e+00
5.132794179999999429e+00 1.754446237140223630e+00
5.146923064999999298e+00 1.784682126860287710e+00
5.161051949999999167e+00 1.803473740081633636e+00
5.175180835999999118e+00 1.801635729340217651e+00
5.189309721000000764e+00 1.784222589366892819e+00
5.203438607000000715e+00 1.766342116821535413e+00
5.217567492000000584e+00 1.760593112797703697e+00
5.231696378000000536e+00 1.770285032197035591e+00
5.245825263000000405e+00 1.789586187552206553e+00
5.259954149000000356e+00 1.806881957557051166e+00
5.274083034000000225e+00 1.812878193536565874e+00
5.288211920000000177e+00 1.801017738859398420e+00
5.302340805000000046e+00 1.772165869487942302e+00
5.316469689999999915e+00 1.731834286188073335e+00
5.330598575999999866e+00 1.683405272501108385e+00
5.344727460999999735e+00 1.626167806809274197e+00
5.358856346999999687e+00 1.557404165896477011e+00
5.372985231999999556e+00 1.485616002745281605e+00
5.387114117999999507e+00 1.430339130617646504e+00
5.401243002999999376e+00 1.410771455407285657e+00
5.415371888999999328e+00 1.430379360052132398e+00
5.429500773999999197e+00 1.468200415673052817e+00
5.443629659000000842e+00 1.496334332311533899e+00
5.457758545000000794e+00 1.502904985727679943e+00
5.471887430000000663e+00 1.500584838580474312e+00
5.486016316000000614e+00 1.513803177226325403e+00
5.500145201000000483e+00 1.550903957749930839e+00
5.514274087000000435e+00 1.596913831810050866e+00
5.528402972000000304e+00 1.625790708403647145e+00
5.542531858000000256e+00 1.624200359160676399e+00
5.556660743000000124e+00 1.605119547130238189e+00
5.570789627999999993e+00 1.594238187516834770e+00
5.584918513999999945e+00 1.607093513010244834e+00
5.599047398999999814e+00 1.633485253786506775e+00
5.613176284999999766e+00 1.648385866073599715e+00
5.627305169999999634e+00 1.635218664651519660e+00
5.641434055999999586e+00 1.601166414580735164e+00
5.655562940999999455e+00 1.572894807672222228e+00
5.669691826999999407e+00 1.571577822194004881e+00
5.683820711999999276e+00 1.597520200811793245e+00
5.697949597999999227e+00 1.630930801177871814e+00
5.712078483000000872e+00 1.649262824129422711e+00
5.726207368000000741e+00 1.646389060599599219e+00
5.740336254000000693e+00 1.633980344303248344e+00
5.754465139000000562e+00 1.628104025263962029e+00
5.768594025000000514e+00 1.633811934265040122e+00
5.782722910000000383e+00 1.644732161524361302e+00
5.796851796000000334e+00 1.653528864893829109e+00
5.810980681000000203e+00 1.660845883976474369e+00
5.825109567000000155e+00 1.676910883656518081e+00
5.839238452000000024e+00 1.707306958180389245e+00
5.853367336999999893e+00 1.741898220713492762e+00
5.867496222999999844e+00 1.755179026910649753e+00
5.881625107999999713e+00 1.727260996087517597e+00
5.895753993999999665e+00 1.658238810968008181e+00
5.909882878999999534e+00 1.568847847240176563e+00
5.924011764999999485e+00 1.491497343814812027e+00
5.938140649999999354e+00 1.443699358413145006e+00
5.952269535999999306e+00 1.425017579332180873e+00
5.966398420999999175e+00 1.424300001326528786e+00
5.980527306999999126e+00 1.428160240314905849e+00
5.994656192000000772e+00 1.430283440696877406e+00
6.008785077000000641e+00 1.428694276966822940e+00
6.022913963000000592e+00 1.422604261698937833e+00
6.037042848000000461e+00 1.411144006421356067e+00
6.051171734000000413e+00 1.395542213425153832e+00
6.065300619000000282e+00 1.381653589730431619e+00
6.079429505000000233e+00 1.376802195286460417e+00
6.093558390000000102e+00 1.386457234147627560e+00
6.107687276000000054e+00 1.406996981826999615e+00
6.121816160999999923e+00 1.426795132319254478e+00
6.135945045999999792e+00 1.432439696478081004e+00
6.150073931999999743e+00 1.415967740591648649e+00
6.164202816999999612e+00 1.388295308430629760e+00
6.178331702999999564e+00 1.368672038941818769e+00
6.192460587999999433e+00 1.371019872565849340e+00
6.206589473999999385e+00 1.394467599143547787e+00
6.220718358999999253e+00 1.416735077033061785e+00
6.234847244999999205e+00 1.417311492228110481e+00
6.248976130000000850e+00 1.393356425675364108e+00
6.263105015000000719e+00 1.360693548121153285e+00
6.277233901000000671e+00 1.342209241924456009e+00
6.291362786000000540e+00 1.349361451043554538e+00
6.305491672000000491e+00 1.374975164025986629e+00
6.319620557000000360e+00 1.404781926207348874e+00
6.333749443000000312e+00 1.430625634382669986e+00
6.347878328000000181e+00 1.449308676805893370e+00
6.362007214000000133e+00 1.457873137896351423e+00
6.376136099000000002e+00 1.448768854708863074e+00
6.390264984999999953e+00 1.416506939581367419e+00
6.404393869999999822e+00 1.369688168335054357e+00
6.418522754999999691e+00 1.331091248354832501e+00
6.432651640999999643e+00 1.320954872463799390e+00
6.446780525999999512e+00 1.342367622436277941e+00
6.460909411999999463e+00 1.376645105519807899e+00
6.475038296999999332e+00 1.398722473103063635e+00
6.489167182999999284e+00 1.398565184505203618e+00
6.503296067999999153e+00 1.383649690504787699e+00
6.517424954000000881e+00 1.374712640987430845e+00
6.531553839000000750e+00 1.390267289322673960e+00
6.545682724000000619e+00 1.433952872207962415e+00
6.559811610000000570e+00 1.494063927368770806e+00
6.573940495000000439e+00 1.547737683245667739e+00
6.588069381000000391e+00 1.572494969930207986e+00
6.602198266000000260e+00 1.564174094596324949e+00
6.616327152000000211e+00 1.538429711172343062e+00
6.630456037000000080e+00 1.518550733869904690e+00
6.644584923000000032e+00 1.517392997772766705e+00
6.658713807999999901e+00 1.524956953508128876e+00
6.672842692999999770e+00 1.521666567383498148e+00
6.686971578999999721e+00 1.499451305559496461e+00
6.701100463999999590e+00 1.472099209911023721e+00
6.715229349999999542e+00 1.463801916612279541e+00
6.729358234999999411e+00 1.486023202743441018e+00
6.743487120999999362e+00 1.528925382139430411e+00
6.757616005999999231e+00 1.571464979507085857e+00
6.771744891999999183e+00 1.598302531896305112e+00
6.785873777000000828e+00 1.607672246640742486e+00
6.800002663000000780e+00 1.603177999887780203e+00
6.814131548000000649e+00 1.586233613917267249e+00
6.828260433000000518e+00 1.554547946982834716e+00
6.842389319000000469e+00 1.511364430428386640e+00
6.856518204000000338e+00 1.467861806311100636e+00
6.870647090000000290e+00 1.437308706577178796e+00
6.884775975000000159e+00 1.427473851431818375e+00
6.898904861000000110e+00 1.434548801953020813e+00
6.913033745999999979e+00 1.452015901855832070e+00
6.927162631999999931e+00 1.474953781904659422e+00
6.941291516999999800e+00 1.502551672820525042e+00
6.955420401999999669e+00 1.537011503356541908e+00
6.969549287999999621e+00 1.577672761828159409e+00
6.983678172999999489e+00 1.620924180498580114e+00
6.997807058999999441e+00 1.662974633874167552e+00
7.011935943999999310e+00 1.699880157367379852e+00
7.026064829999999262e+00 1.728713348440281905e+00
7.040193714999999131e+00 1.747399399251127861e+00
7.054322601000000859e+00 1.753878852243150988e+00
7.068451486000000727e+00 1.748167784849966822e+00
7.082580372000000679e+00 1.732644522731407122e+00
7.096709257000000548e+00 1.715049597387029223e+00
7.110838142000000417e+00 1.706163817171347574e+00
7.124967028000000369e+00 1.716292577355934768e+00
7.139095913000000238e+00 1.745492943335595015e+00
7.153224799000000189e+00 1.785746270690891535e+00
7.167353684000000058e+00 1.825395045908519975e+00
7.181482570000000010e+00 1.855515753113399668e+00
7.195611454999999879e+00 1.874237100244673826e+00
7.209740340999999830e+00 1.880362670232713640e+00
7.223869225999999699e+00 1.869184265377613841e+00
7.237998110999999568e+00 1.837047520128018974e+00
7.252126996999999520e+00 1.788528823498110043e+00
7.266255881999999389e+00 1.738066333153900800e+00
7.280384767999999340e+00 1.704889622536530425e+00
7.294513652999999209e+00 1.698031025110942949e+00
7.308642538999999161e+00 1.711589696686477424e+00
7.322771424000000806e+00 1.732003588357601487e+00
7.336900310000000758e+00 1.747743577092645495e+00
7.351029195000000627e+00 1.758410991877294549e+00
7.365158080000000496e+00 1.769351355609970256e+00
7.379286966000000447e+00 1.782783323403053899e+00
7.393415851000000316e+00 1.797317730490567200e+00
7.407544737000000268e+00 1.806141217882753836e+00
7.421673622000000137e+00 1.805259329848977856e+00
7.435802508000000088e+00 1.797974713297403326e+00
7.449931392999999957e+00 1.787771461892186053e+00
7.464060278999999909e+00 1.779946633406931156e+00
7.478189163999999778e+00 1.780227198841895841e+00
7.492318049999999729e+00 1.795262685659780644e+00
7.506446934999999598e+00 1.830567873047195704e+00
7.520575819999999467e+00 1.881388848220488796e+00
7.534704705999999419e+00 1.931145443552805929e+00
7.548833590999999288e+00 1.958951990067363980e+00
7.562962476999999240e+00 1.954151181035511442e+00
7.577091362000000885e+00 1.927913360340676618e+00
7.591220248000000836e+00 1.904236795093641632e+00
7.605349133000000705e+00 1.902111186514474639e+00
7.619478019000000657e+00 1.922188581403597496e+00
7.633606904000000526e+00 1.949127195344702912e+00
7.647735789000000395e+00 1.968517053715407528e+00
7.661864675000000346e+00 1.978176056757316559e+00
7.675993560000000215e+00 1.990232605420159118e+00
7.690122446000000167e+00 2.015433502902830298e+00
7.704251331000000036e+00 2.054491204192787634e+00
7.718380216999999988e+00 2.097524281034514715e+00
7.732509101999999857e+00 2.130360817811448371e+00
7.746637987999999808e+00 2.147671294781767770e+00
7.760766872999999677e+00 2.152520049842646443e+00
7.774895758999999629e+00 2.150720798824885094e+00
7.789024643999999498e+00 2.147628441049054260e+00
7.803153528999999367e+00 2.144448432687843464e+00
7.817282414999999318e+00 2.142177275367746603e+00
7.831411299999999187e+00 2.143189451128298728e+00
7.845540185999999139e+00 2.148109318671236778e+00
7.859669071000000784e+00 2.155259043192716106e+00
7.873797957000000736e+00 2.158647836940353670e+00
7.887926842000000605e+00 2.157423723918670433e+00
7.902055728000000556e+00 2.158279909889570192e+00
7.916184613000000425e+00 2.170067191752306002e+00
7.930313498000000294e+00 2.196216587081247340e+00
7.944442384000000246e+00 2.224216677141122034e+00
7.958571269000000115e+00 2.233927923314821484e+00
7.972700155000000066e+00 2.215508273942539574e+00
7.986829039999999935e+00 2.183742151800073472e+00
8.000957926000001663e+00 2.172473244656078606e+00
8.015086810999999756e+00 2.213721053506947811e+00
8.029215697000001484e+00 2.322236494341993307e+00
8.043344581999999576e+00 2.493142880758940194e+00
8.057473467000001222e+00 2.716972628794836808e+00
8.071602352999999397e+00 2.998385033472423800e+00
8.085731238000001042e+00 3.352567336402437093e+00
8.099860123999999217e+00 3.794074791153892789e+00
8.113989009000000863e+00 4.323595523672567609e+00
8.128117894999999038e+00 4.923730397838506079e+00
8.142246780000000683e+00 5.573857475465604949e+00
8.156375665999998859e+00 6.262399186890307945e+00
8.170504551000000504e+00 6.999877920088843908e+00
8.184633436999998679e+00 7.812166405971813887e+00
8.198762322000000324e+00 8.721164418647035177e+00
8.212891206999998417e+00 9.733389994661031608e+00
8.227020093000000145e+00 1.083210323513573137e+01
8.241148977999998237e+00 1.199074515130953067e+01
8.255277863999999965e+00 1.319731822843911218e+01
8.269406749000001611e+00 1.446751998856965038e+01
8.283535634999999786e+00 1.583579144962202712e+01
8.297664520000001431e+00 1.733022229951007631e+01
8.311793405999999607e+00 1.894792119643514283e+01
8.325922291000001252e+00 2.064934443856097346e+01
8.340051175999999344e+00 2.238413890943067841e+01
8.354180062000001072e+00 2.412421269863453688e+01
8.368308946999999165e+00 2.588181260381973203e+01
8.382437833000000893e+00 2.770643730871147525e+01
8.396566717999998986e+00 2.965607502205875790e+01
8.410695604000000714e+00 3.176981714966294135e+01
8.424824488999998806e+00 3.405035766849502465e+01
8.438953375000000534e+00 3.646008267110784118e+01
8.453082259999998627e+00 3.892733633857686470e+01
8.467211146000000355e+00 4.135071045079472896e+01
8.481340030999998447e+00 4.361274209702877158e+01
8.495468916000000092e+00 4.559887010810155061e+01
8.509597801999998268e+00 4.722160556294305422e+01
8.523726686999999913e+00 4.844333268353922506e+01
8.537855573000001641e+00 4.928410171677870721e+01
8.551984457999999734e+00 4.980938776427975512e+01
8.566113344000001462e+00 5.010495767853677052e+01
8.580242228999999554e+00 5.025424079439050473e+01
8.594371115000001282e+00 5.032150081844027056e+01
8.608499999999999375e+00 3.775810406018042897e+01
