# r_minus_2Rs_A, PMF_over_kBT
-1.175000000000000044e+00 nan
-1.125000000000000000e+00 nan
-1.074999999999999956e+00 nan
-1.024999999999999911e+00 nan
-9.749999999999999778e-01 nan
-9.249999999999999334e-01 nan
-8.749999999999998890e-01 nan
-8.249999999999999556e-01 nan
-7.749999999999999112e-01 nan
-7.249999999999999778e-01 nan
-6.749999999999999334e-01 nan
-6.249999999999998890e-01 nan
-5.749999999999999556e-01 nan
-5.249999999999999112e-01 nan
-4.749999999999998668e-01 nan
-4.249999999999999334e-01 nan
-3.749999999999998890e-01 nan
-3.249999999999999556e-01 nan
-2.749999999999999112e-01 nan
-2.249999999999998668e-01 nan
-1.750000000000000444e-01 2.072893597614615224e+00
-1.249999999999997780e-01 5.487284141117090286e-01
-7.499999999999995559e-02 -2.211544542880989894e-01
-2.499999999999968914e-02 -5.152391038864521100e-01
2.500000000000013323e-02 -4.775112339317817423e-01
7.499999999999995559e-02 -3.382269405447160260e-01
1.250000000000002220e-01 -1.826900663169679362e-01
1.750000000000000444e-01 -7.562461076175974739e-03
2.250000000000003109e-01 1.071816868708794779e-01
2.750000000000001332e-01 2.012306278091262612e-01
3.249999999999999556e-01 2.270538897281375590e-01
3.750000000000002220e-01 2.687933869078582561e-01
4.250000000000000444e-01 2.796211921562443692e-01
4.750000000000003109e-01 2.302239496915858830e-01
5.250000000000001332e-01 2.366338761142188218e-01
5.749999999999999556e-01 1.489138327077674795e-01
6.250000000000002220e-01 7.192480092337039110e-02
6.750000000000000444e-01 -2.733820259296138033e-03
7.250000000000003109e-01 -6.898753823388981132e-02
7.750000000000001332e-01 -7.838706319470389872e-02
8.250000000000003997e-01 -1.196966168716149248e-01
8.750000000000002220e-01 -1.606204115218683448e-01
9.250000000000000444e-01 -1.230178060385038741e-01
9.749999999999998668e-01 -7.276436002709063544e-02
1.025000000000000133e+00 -4.943887173829875081e-02
1.075000000000000400e+00 -1.764110843996169464e-02
1.125000000000000222e+00 1.330545402320426618e-02
1.175000000000000044e+00 7.645101714070801080e-02
1.225000000000000311e+00 1.252863448966565763e-01
1.275000000000000133e+00 1.017254540186161016e-01
1.325000000000000400e+00 9.070492441427768782e-02
1.375000000000000222e+00 1.370050279333749899e-01
1.425000000000000044e+00 1.391590171351584360e-01
1.475000000000000311e+00 1.110939165534117201e-01
1.525000000000000133e+00 7.660980728703714604e-02
1.575000000000000400e+00 2.894064138077645509e-02
1.625000000000000222e+00 -4.035065522098424395e-02
1.675000000000000044e+00 -4.233421739330589517e-02
1.725000000000000311e+00 7.922714753347825933e-04
1.775000000000000133e+00 -2.092560992580461132e-02
1.825000000000000400e+00 -3.905459463743365944e-02
1.875000000000000222e+00 -4.245710535504354510e-02
1.925000000000000044e+00 -2.569485148909667060e-02
1.975000000000000311e+00 -1.756432523212048125e-02
2.025000000000000355e+00 -1.540100889587669997e-02
2.075000000000000178e+00 8.978679582103410439e-04
2.125000000000000000e+00 1.527097494886753282e-02
2.174999999999999822e+00 2.711862826683120176e-02
2.225000000000000533e+00 2.848831688543285168e-02
2.275000000000000355e+00 4.533466563986410236e-02
2.325000000000000178e+00 5.049030421747602304e-02
2.375000000000000000e+00 3.360352174949010617e-02
2.424999999999999822e+00 2.529157123941194740e-02
2.475000000000000533e+00 4.787128316619426727e-03
2.525000000000000355e+00 1.459731084903514997e-02
2.575000000000000178e+00 2.159719419110928129e-02
2.625000000000000000e+00 -8.899184672173987565e-03
2.674999999999999822e+00 -1.899002153290352268e-02
2.725000000000000533e+00 -6.644166085647551512e-03
2.775000000000000355e+00 -5.577405402749313623e-03
2.825000000000000178e+00 -1.240436584432558220e-02
2.875000000000000000e+00 -2.764502722977235649e-02
2.924999999999999822e+00 -2.145195592161686093e-02
2.975000000000000533e+00 -1.528105261387757707e-02
3.024999999999999467e+00 4.579968605339601595e-03
3.075000000000000178e+00 3.475974788925118020e-02
3.125000000000000000e+00 2.937291527092478205e-02
3.174999999999999822e+00 1.196990747971060642e-02
3.225000000000000533e+00 2.096436666484935429e-02
3.274999999999999467e+00 2.157030804867066109e-02
3.325000000000000178e+00 3.033207387717062886e-03
3.375000000000000000e+00 2.004899345713928582e-02
3.424999999999999822e+00 1.782836350633676403e-02
3.475000000000000533e+00 -7.897393768230287492e-05
3.524999999999999467e+00 -7.660254528659482531e-03
3.575000000000000178e+00 -2.198330335825993131e-02
3.625000000000000888e+00 -2.320396798498469693e-02
3.674999999999999822e+00 -2.191648932862699795e-02
3.725000000000000533e+00 -2.828057444890630379e-02
3.774999999999999467e+00 -1.682333784527667575e-02
3.825000000000000178e+00 -5.723856762793744224e-03
3.875000000000000888e+00 -1.464262011443118183e-02
3.924999999999999822e+00 -1.999990204221147039e-02
3.975000000000000533e+00 -1.010389698296920713e-02
4.024999999999999467e+00 -1.165116580024694315e-02
4.075000000000000178e+00 -2.143885046219207169e-03
4.125000000000000888e+00 7.693925730477779723e-03
4.174999999999999822e+00 2.274734862925953394e-04
4.225000000000000533e+00 7.098633885593841342e-04
4.274999999999999467e+00 -1.415709657318542369e-02
4.325000000000000178e+00 -1.647165166855923957e-02
4.375000000000000888e+00 -1.053274700584694301e-02
4.424999999999999822e+00 -1.732973039318030928e-02
4.475000000000000533e+00 -5.480859475366806066e-03
4.524999999999999467e+00 -1.253030112865705092e-03
4.575000000000000178e+00 -5.776969274142729205e-03
4.625000000000000888e+00 5.861180444685754054e-03
4.674999999999999822e+00 1.218834561412363016e-02
4.725000000000000533e+00 1.270835346178067482e-02
4.774999999999999467e+00 8.207928684839771449e-03
4.825000000000000178e+00 1.393825081692057211e-03
4.875000000000000888e+00 -3.017386365003815740e-03
4.924999999999999822e+00 4.954629487493811268e-03
4.975000000000000533e+00 2.048519595451292474e-02
5.024999999999999467e+00 2.854835237209618626e-02
5.075000000000000178e+00 1.840599715763113764e-02
5.125000000000000888e+00 1.222622383028282300e-02
5.174999999999999822e+00 2.796811804383869671e-02
5.225000000000000533e+00 3.032957598876961924e-02
5.274999999999999467e+00 2.889291584271003188e-02
5.325000000000000178e+00 1.934504156408944908e-02
5.375000000000000888e+00 1.611532811248483910e-02
5.424999999999999822e+00 1.315224726944919098e-02
5.475000000000000533e+00 2.493426583222424497e-02
5.524999999999999467e+00 3.155526901143890228e-02
5.575000000000000178e+00 2.718144101619079933e-02
5.625000000000000888e+00 4.339633607943893523e-02
5.674999999999999822e+00 3.798958012227027226e-02
5.725000000000000533e+00 3.173108500462706871e-02
5.774999999999999467e+00 3.445423282759119132e-02
5.825000000000000178e+00 1.055767911030205397e-01
5.875000000000000888e+00 6.139670674028478992e-01
5.924999999999999822e+00 1.949983745143370584e+00
5.975000000000000533e+00 4.289614777451447480e+00
6.024999999999999467e+00 nan
6.075000000000000178e+00 nan
6.125000000000000888e+00 nan
6.174999999999999822e+00 nan
6.225000000000000533e+00 nan
6.274999999999999467e+00 nan
6.325000000000000178e+00 nan
6.375000000000000888e+00 nan
6.424999999999999822e+00 nan
6.475000000000000533e+00 nan
6.524999999999999467e+00 nan
6.575000000000000178e+00 nan
6.625000000000000888e+00 nan
6.674999999999999822e+00 nan
6.725000000000000533e+00 nan
6.774999999999999467e+00 nan
6.825000000000000178e+00 nan
6.874999999999999112e+00 nan
6.924999999999999822e+00 nan
6.975000000000000533e+00 nan
7.025000000000001243e+00 nan
7.075000000000000178e+00 nan
7.124999999999999112e+00 nan
7.174999999999999822e+00 nan
7.225000000000000533e+00 nan
7.275000000000001243e+00 nan
7.325000000000000178e+00 nan
7.374999999999999112e+00 nan
7.424999999999999822e+00 nan
7.475000000000000533e+00 nan
7.525000000000001243e+00 nan
7.575000000000000178e+00 nan
7.624999999999999112e+00 nan
7.674999999999999822e+00 nan
7.725000000000000533e+00 nan
7.775000000000001243e+00 nan
7.825000000000000178e+00 nan
7.874999999999999112e+00 nan
7.924999999999999822e+00 nan
7.975000000000000533e+00 nan
8.025000000000002132e+00 nan
8.075000000000001066e+00 nan
8.125000000000000000e+00 nan
8.175000000000000711e+00 nan
8.225000000000001421e+00 nan
8.275000000000002132e+00 nan
8.325000000000001066e+00 nan
8.375000000000001776e+00 nan
8.425000000000000711e+00 nan
8.475000000000001421e+00 nan
8.525000000000002132e+00 nan
8.575000000000001066e+00 nan
8.625000000000001776e+00 nan
8.675000000000000711e+00 nan
8.725000000000001421e+00 nan
8.775000000000002132e+00 nan
8.825000000000001066e+00 nan
8.875000000000001776e+00 nan
8.925000000000000711e+00 nan
8.975000000000001421e+00 nan
9.025000000000002132e+00 nan
9.075000000000001066e+00 nan
9.125000000000001776e+00 nan
9.175000000000000711e+00 nan
9.225000000000001421e+00 nan
9.275000000000002132e+00 nan
9.325000000000001066e+00 nan
9.375000000000001776e+00 nan
9.425000000000000711e+00 nan
9.475000000000001421e+00 nan
9.525000000000002132e+00 nan
9.575000000000001066e+00 nan
9.625000000000001776e+00 nan
9.675000000000000711e+00 nan
9.725000000000001421e+00 nan
9.775000000000002132e+00 nan
9.825000000000001066e+00 nan
9.875000000000001776e+00 nan
9.925000000000000711e+00 nan
9.975000000000001421e+00 nan
1.002500000000000213e+01 nan
1.007500000000000107e+01 nan
1.012500000000000178e+01 nan
1.017500000000000071e+01 nan
1.022500000000000142e+01 nan
1.027500000000000213e+01 nan
1.032500000000000107e+01 nan
1.037500000000000178e+01 nan
1.042500000000000071e+01 nan
1.047500000000000142e+01 nan
1.052500000000000213e+01 nan
1.057500000000000107e+01 nan
1.062500000000000178e+01 nan
1.067500000000000071e+01 nan
1.072500000000000142e+01 nan
1.077500000000000213e+01 nan
1.082500000000000107e+01 nan
1.087500000000000178e+01 nan
1.092500000000000071e+01 nan
1.097500000000000142e+01 nan
1.102500000000000213e+01 nan
1.107500000000000107e+01 nan
1.112500000000000178e+01 nan
1.117500000000000071e+01 nan
1.122500000000000142e+01 nan
1.127500000000000213e+01 nan
1.132500000000000107e+01 nan
1.137500000000000178e+01 nan
1.142500000000000071e+01 nan
1.147500000000000142e+01 nan
1.152500000000000213e+01 nan
1.157500000000000107e+01 nan
1.162500000000000178e+01 nan
1.167500000000000071e+01 nan
1.172500000000000142e+01 nan
1.177500000000000213e+01 nan
1.182500000000000107e+01 nan
1.187500000000000178e+01 nan
1.192500000000000071e+01 nan
1.197500000000000142e+01 nan
1.202500000000000213e+01 nan
1.207500000000000107e+01 nan
1.212500000000000178e+01 nan
1.217500000000000071e+01 nan
1.222500000000000142e+01 nan
1.227500000000000213e+01 nan
1.232500000000000107e+01 nan
1.237500000000000178e+01 nan
1.242500000000000071e+01 nan
1.247500000000000142e+01 nan
1.252500000000000213e+01 nan
1.257500000000000107e+01 nan
1.262500000000000178e+01 nan
1.267500000000000071e+01 nan
1.272500000000000142e+01 nan
1.277500000000000213e+01 nan
1.282500000000000107e+01 nan
1.287500000000000178e+01 nan
1.292500000000000071e+01 nan
1.297500000000000142e+01 nan
1.302500000000000213e+01 nan
1.307500000000000107e+01 nan
1.312500000000000178e+01 nan
1.317500000000000071e+01 nan
1.322500000000000142e+01 nan
1.327500000000000213e+01 nan
1.332500000000000107e+01 nan
1.337500000000000178e+01 nan
1.342500000000000071e+01 nan
1.347500000000000142e+01 nan
1.352500000000000213e+01 nan
1.357500000000000107e+01 nan
1.362500000000000178e+01 nan
1.367500000000000071e+01 nan
1.372500000000000142e+01 nan
1.377500000000000213e+01 nan
1.382500000000000107e+01 nan
1.387500000000000178e+01 nan
1.392500000000000071e+01 nan
1.397500000000000142e+01 nan
1.402500000000000213e+01 nan
1.407500000000000107e+01 nan
1.412500000000000178e+01 nan
1.417500000000000071e+01 nan
1.422500000000000142e+01 nan
1.427500000000000213e+01 nan
1.432500000000000107e+01 nan
1.437500000000000178e+01 nan
1.442500000000000071e+01 nan
1.447500000000000142e+01 nan
1.452500000000000213e+01 nan
1.457500000000000107e+01 nan
1.462500000000000178e+01 nan
1.467500000000000071e+01 nan
1.472500000000000142e+01 nan
1.477500000000000213e+01 nan
1.482499999999999929e+01 nan
1.487500000000000355e+01 nan
1.492500000000000071e+01 nan
1.497500000000000142e+01 nan
1.502500000000000213e+01 nan
1.507499999999999929e+01 nan
1.512500000000000355e+01 nan
1.517500000000000071e+01 nan
1.522500000000000142e+01 nan
1.527500000000000213e+01 nan
1.532499999999999929e+01 nan
1.537500000000000355e+01 nan
1.542500000000000071e+01 nan
1.547500000000000142e+01 nan
1.552500000000000213e+01 nan
1.557499999999999929e+01 nan
1.562500000000000355e+01 nan
1.567500000000000071e+01 nan
1.572500000000000142e+01 nan
1.577500000000000213e+01 nan
1.582499999999999929e+01 nan
1.587500000000000355e+01 nan
1.592500000000000071e+01 nan
1.597500000000000142e+01 nan
1.602500000000000213e+01 nan
1.607499999999999929e+01 nan
1.612500000000000355e+01 nan
1.617500000000000071e+01 nan
1.622500000000000142e+01 nan
1.627500000000000213e+01 nan
1.632499999999999929e+01 nan
1.637500000000000355e+01 nan
1.642500000000000071e+01 nan
1.647500000000000142e+01 nan
1.652500000000000213e+01 nan
1.657499999999999929e+01 nan
1.662500000000000355e+01 nan
1.667500000000000071e+01 nan
1.672500000000000142e+01 nan
1.677500000000000213e+01 nan
1.682499999999999929e+01 nan
1.687500000000000355e+01 nan
1.692500000000000071e+01 nan
1.697500000000000142e+01 nan
1.702500000000000213e+01 nan
1.707499999999999929e+01 nan
1.712500000000000355e+01 nan
1.717500000000000071e+01 nan
1.722500000000000142e+01 nan
1.727500000000000213e+01 nan
1.732499999999999929e+01 nan
1.737500000000000355e+01 nan
1.742500000000000071e+01 nan
1.747500000000000142e+01 nan
1.752500000000000213e+01 nan
1.757499999999999929e+01 nan
1.762500000000000355e+01 nan
1.767500000000000071e+01 nan
1.772500000000000142e+01 nan
1.777500000000000213e+01 nan
1.782499999999999929e+01 nan
1.787500000000000355e+01 nan
1.792500000000000071e+01 nan
1.797500000000000497e+01 nan
1.802500000000000213e+01 nan
1.807499999999999929e+01 nan
1.812500000000000355e+01 nan
1.817500000000000071e+01 nan
1.822500000000000497e+01 nan
1.827500000000000213e+01 nan
1.832499999999999929e+01 nan
1.837500000000000355e+01 nan
1.842500000000000071e+01 nan
1.847500000000000497e+01 nan
1.852500000000000213e+01 nan
1.857499999999999929e+01 nan
1.862500000000000355e+01 nan
1.867500000000000071e+01 nan
1.872500000000000497e+01 nan
1.877500000000000213e+01 nan
