# r_minus_2Rs_A, PMF_over_kBT
-5.292300000000000892e-01 2.548634097196594084e+01
-5.151016259999998681e-01 3.822740246719018842e+01
-5.009732520000000910e-01 5.095328923180738911e+01
-4.868448779999998699e-01 5.089180663372915348e+01
-4.727165040000000928e-01 5.072171978958058247e+01
-4.585881299999998717e-01 5.033239043859420292e+01
-4.444597560000000946e-01 4.955627141430748139e+01
-4.303313819999998735e-01 4.817671003106388383e+01
-4.162030080000000964e-01 4.596900859341627665e+01
-4.020746339999998753e-01 4.277342434069060317e+01
-3.879462600000000982e-01 3.857624770187126018e+01
-3.738178859999998771e-01 3.356391312016290840e+01
-3.596895120000001000e-01 2.811034802529343679e+01
-3.455611379999998789e-01 2.268799529323526443e+01
-3.314327640000001018e-01 1.772888699140980862e+01
-3.173043899999998807e-01 1.350215269743943303e+01
-3.031760160000001036e-01 1.006205080467275614e+01
-2.890476419999998825e-01 7.290352670612479713e+00
-2.749192680000001054e-01 4.998732638568156972e+00
-2.607908939999998843e-01 3.029027976082458551e+00
-2.466625200000001072e-01 1.302707827872804813e+00
-2.325341459999998861e-01 -1.945906518728914847e-01
-2.184057720000001090e-01 -1.456631929459236474e+00
-2.042773979999998879e-01 -2.491187392614817142e+00
-1.901490240000001108e-01 -3.326506310134002220e+00
-1.760206499999998897e-01 -3.997179062164573082e+00
-1.618922760000001126e-01 -4.531174911786317594e+00
-1.477639019999998915e-01 -4.952022159816063862e+00
-1.336355280000001144e-01 -5.282582357677849672e+00
-1.195071539999998933e-01 -5.544410700596277053e+00
-1.053787800000001162e-01 -5.750993168660311738e+00
-9.125040699999997784e-02 -5.902581415440030455e+00
-7.712203300000020079e-02 -5.992703854147050535e+00
-6.299365899999997964e-02 -6.022071269411444661e+00
-4.886528500000020259e-02 -6.006938575188726759e+00
-3.473691099999998144e-02 -5.970852848985943595e+00
-2.060853700000020439e-02 -5.932500190480658020e+00
-6.480162999999983242e-03 -5.894423867105160753e+00
7.648211000000237902e-03 -5.846092523373707550e+00
2.177658499999957087e-02 -5.776606053113516381e+00
3.590495899999979201e-02 -5.684975541696218215e+00
5.003333300000001316e-02 -5.585539255366541056e+00
6.416170700000023430e-02 -5.497356166700507529e+00
7.829008099999956727e-02 -5.431729957483398152e+00
9.241845499999978841e-02 -5.384351538039808815e+00
1.065468290000000096e-01 -5.336748533983444176e+00
1.206752030000002307e-01 -5.270451015225434688e+00
1.348035769999995637e-01 -5.181331153692719127e+00
1.489319509999997848e-01 -5.081563817175863917e+00
1.630603250000000060e-01 -4.988712218661161657e+00
1.771886990000002271e-01 -4.913054207921156546e+00
1.913170729999995601e-01 -4.849097616331386362e+00
2.054454469999997812e-01 -4.782194218139068198e+00
2.195738210000000024e-01 -4.703508425280574556e+00
2.337021950000002235e-01 -4.615347545102462590e+00
2.478305689999995565e-01 -4.528877268082860397e+00
2.619589429999997776e-01 -4.455509339746752673e+00
2.760873169999999988e-01 -4.397814574517070696e+00
2.902156910000002199e-01 -4.349778953114507019e+00
3.043440650000004410e-01 -4.302293911893128708e+00
3.184724389999997740e-01 -4.248350487337608783e+00
3.326008129999999952e-01 -4.185554637334950812e+00
3.467291870000002163e-01 -4.115669378898125785e+00
3.608575610000004374e-01 -4.044493596212598518e+00
3.749859349999997704e-01 -3.978336549973457537e+00
3.891143089999999916e-01 -3.918858563819611618e+00
4.032426830000002127e-01 -3.864203277219880661e+00
4.173710570000004338e-01 -3.809162112552908042e+00
4.314994309999997668e-01 -3.750825390897006173e+00
4.456278049999999880e-01 -3.691685941046102926e+00
4.597561790000002091e-01 -3.635803059171077933e+00
4.738845530000004302e-01 -3.582905806545891636e+00
4.880129269999997632e-01 -3.527622654370736299e+00
5.021413009999999844e-01 -3.465862067627663023e+00
5.162696750000002055e-01 -3.400365286355848227e+00
5.303980490000004266e-01 -3.339872142088346152e+00
5.445264229999997596e-01 -3.290045382676190400e+00
5.586547969999999808e-01 -3.247685781951435757e+00
5.727831710000002019e-01 -3.202101547132340187e+00
5.869115450000004230e-01 -3.146868002680399456e+00
6.010399189999997560e-01 -3.084409284157581865e+00
6.151682929999999772e-01 -3.023123339825708911e+00
6.292966670000001983e-01 -2.968572013213798044e+00
6.434250410000004194e-01 -2.915616798266240650e+00
6.575534149999997524e-01 -2.854125021265376816e+00
6.716817889999999736e-01 -2.776504296625239121e+00
6.858101630000001947e-01 -2.686065119459675188e+00
6.999385370000004158e-01 -2.593771470408722024e+00
7.140669109999997488e-01 -2.510010454336145003e+00
7.281952849999999700e-01 -2.440498289994888381e+00
7.423236590000001911e-01 -2.382661583886255485e+00
7.564520330000004122e-01 -2.333230576699918402e+00
7.705804069999997452e-01 -2.290565390181168226e+00
7.847087799999998836e-01 -2.253558236483263144e+00
7.988371540000001048e-01 -2.221063236534959628e+00
8.129655280000003259e-01 -2.188697718311857443e+00
8.270939019999996589e-01 -2.153551131559838794e+00
8.412222759999998800e-01 -2.115864898743406997e+00
8.553506500000001012e-01 -2.078106386011441487e+00
8.694790240000003223e-01 -2.043454830711038284e+00
8.836073979999996553e-01 -2.012464593312834893e+00
8.977357719999998764e-01 -1.981555747400996381e+00
9.118641460000000976e-01 -1.947369819340753594e+00
9.259925200000003187e-01 -1.908290843107396384e+00
9.401208939999996517e-01 -1.863850188341190872e+00
9.542492679999998728e-01 -1.814393335499223880e+00
9.683776420000000940e-01 -1.759819438749305576e+00
9.825060160000003151e-01 -1.700995777896267214e+00
9.966343899999996481e-01 -1.642155779340653154e+00
1.010762763999999869e+00 -1.588669057360108994e+00
1.024891138000000090e+00 -1.541253992165101394e+00
1.039019512000000312e+00 -1.496439898599922103e+00
1.053147885999999644e+00 -1.445923482908309410e+00
1.067276259999999866e+00 -1.384783457563742104e+00
1.081404634000000087e+00 -1.317901643841750570e+00
1.095533008000000308e+00 -1.255043465682685877e+00
1.109661381999999641e+00 -1.206366442909446945e+00
1.123789755999999862e+00 -1.172532575413029576e+00
1.137918130000000083e+00 -1.146250112499521023e+00
1.152046504000000304e+00 -1.118044049979099341e+00
1.166174877999999637e+00 -1.082447670158378727e+00
1.180303251999999858e+00 -1.042117528929656700e+00
1.194431626000000080e+00 -1.003241097376346147e+00
1.208560000000000301e+00 -9.694702762817719588e-01
1.222688373999999634e+00 -9.399504570896812794e-01
1.236816747999999855e+00 -9.117161718970621109e-01
1.250945122000000076e+00 -8.821857973180975421e-01
1.265073496000000297e+00 -8.503674918965486995e-01
1.279201869999999630e+00 -8.143424357763073829e-01
1.293330243999999851e+00 -7.714340026301282904e-01
1.307458618000000072e+00 -7.210274161045369112e-01
1.321586992000000294e+00 -6.679108211035824638e-01
1.335715365999999626e+00 -6.211855337823237733e-01
1.349843739999999848e+00 -5.883068637984791849e-01
1.363972114000000069e+00 -5.672476388222289501e-01
1.378100488000000290e+00 -5.466547490460857972e-01
1.392228861999999623e+00 -5.131554139529246328e-01
1.406357235999999844e+00 -4.615247777937714346e-01
1.420485610000000065e+00 -4.009800334527557908e-01
1.434613984000000286e+00 -3.470867876024801291e-01
1.448742357999999619e+00 -3.117790755368794464e-01
1.462870731999999840e+00 -2.937211827783450246e-01
1.476999106000000062e+00 -2.796998795881489031e-01
1.491127480000000283e+00 -2.581335983801835710e-01
1.505255853999999616e+00 -2.286357014573301427e-01
1.519384227999999837e+00 -2.018035435866210037e-01
1.533512602000000058e+00 -1.872962558648101350e-01
1.547640976000000279e+00 -1.823175870033253432e-01
1.561769349999999612e+00 -1.722309778391455382e-01
1.575897723999999833e+00 -1.448354206844175707e-01
1.590026098000000054e+00 -1.031511757729237644e-01
1.604154472000000276e+00 -6.516607802921114967e-02
1.618282845999999608e+00 -5.039788448291027123e-02
1.632411219999999830e+00 -6.285621435235633214e-02
1.646539592999999968e+00 -8.884796264478644900e-02
1.660667967000000189e+00 -1.099599291272781443e-01
1.674796341000000410e+00 -1.153304266203196704e-01
1.688924714999999743e+00 -1.092655289690505072e-01
1.703053088999999964e+00 -1.037917784012698519e-01
1.717181463000000186e+00 -1.084314162244943702e-01
1.731309837000000407e+00 -1.256326229101798475e-01
1.745438210999999740e+00 -1.503591361537761628e-01
1.759566584999999961e+00 -1.731483063541627843e-01
1.773694959000000182e+00 -1.819353004802461982e-01
1.787823333000000403e+00 -1.673128820666516248e-01
1.801951706999999736e+00 -1.267171695965458866e-01
1.816080080999999957e+00 -6.920834488452953792e-02
1.830208455000000178e+00 -1.267510274989014363e-02
1.844336829000000400e+00 2.515498382621750295e-02
1.858465202999999732e+00 3.768910660805424584e-02
1.872593576999999954e+00 3.293616920608144483e-02
1.886721951000000175e+00 2.760983256480642467e-02
1.900850325000000396e+00 3.364928754732865457e-02
1.914978698999999729e+00 5.008037300373224809e-02
1.929107072999999950e+00 6.690323900072669971e-02
1.943235447000000171e+00 7.343222134152860292e-02
1.957363821000000392e+00 6.775246576316540370e-02
1.971492194999999725e+00 5.542311794014942450e-02
1.985620568999999946e+00 4.207000219780709926e-02
1.999748943000000168e+00 3.008539764491047208e-02
2.013877317000000389e+00 2.056067172561881762e-02
2.028005690999999722e+00 1.416221215849233772e-02
2.042134064999999943e+00 1.510074500446911827e-02
2.056262439000000164e+00 2.413201434773171172e-02
2.070390813000000385e+00 3.678894004103483439e-02
2.084519186999999718e+00 4.837348512841010972e-02
2.098647560999999939e+00 5.512291584849293713e-02
2.112775935000000160e+00 6.052013679908263555e-02
2.126904309000000382e+00 7.240291771458373660e-02
2.141032682999999714e+00 9.571525572727068720e-02
2.155161056999999936e+00 1.271535056930304108e-01
2.169289431000000157e+00 1.578141869686913168e-01
2.183417805000000378e+00 1.792401230925388944e-01
2.197546178999999711e+00 1.904294472712368957e-01
2.211674552999999932e+00 2.004535114151195785e-01
2.225802927000000153e+00 2.184551377540824291e-01
2.239931301000000374e+00 2.461917791631051955e-01
2.254059674999999707e+00 2.752773765845493159e-01
2.268188048999999928e+00 2.943479025794246695e-01
2.282316423000000150e+00 3.010473584270112468e-01
2.296444797000000371e+00 3.003921018696402712e-01
2.310573170999999704e+00 3.022502990509519094e-01
2.324701544999999925e+00 3.107857777444653635e-01
2.338829919000000146e+00 3.167088263885862176e-01
2.352958293000000367e+00 3.106842937667000371e-01
2.367086666999999700e+00 2.892277328808301462e-01
2.381215040999999921e+00 2.574432012768532729e-01
2.395343415000000142e+00 2.312878249180663204e-01
2.409471789000000364e+00 2.242646214135977090e-01
2.423600162999999696e+00 2.400022787306212990e-01
2.437728536999999918e+00 2.725949126162383607e-01
2.451856911000000139e+00 3.070281978903182107e-01
2.465985285000000360e+00 3.290131639318119028e-01
2.480113658999999693e+00 3.326221504876656354e-01
2.494242032999999914e+00 3.229528109010466608e-01
2.508370407000000135e+00 3.116271539725410378e-01
2.522498780000000274e+00 3.076308709668698071e-01
2.536627153999999607e+00 3.110616744171785797e-01
2.550755527999999828e+00 3.151000823977145870e-01
2.564883902000000049e+00 3.144522466673045358e-01
2.579012276000000270e+00 3.107248856672697457e-01
2.593140649999999603e+00 3.124215653991466723e-01
2.607269023999999824e+00 3.234428241887812305e-01
2.621397398000000045e+00 3.390946836562633848e-01
2.635525772000000266e+00 3.503232806535887534e-01
2.649654145999999599e+00 3.501054717829212848e-01
2.663782519999999820e+00 3.408418708180800394e-01
2.677910894000000042e+00 3.292947319324426303e-01
2.692039268000000263e+00 3.186291238945742066e-01
2.706167641999999596e+00 3.068561974896368838e-01
2.720296015999999817e+00 2.930918868117480258e-01
2.734424390000000038e+00 2.814568066853535555e-01
2.748552764000000259e+00 2.794906387962399208e-01
2.762681137999999592e+00 2.896778342741654910e-01
2.776809511999999813e+00 3.037676914367395398e-01
2.790937886000000034e+00 3.100496906300538313e-01
2.805066260000000256e+00 3.045805119725546461e-01
2.819194633999999589e+00 2.951851008407722077e-01
2.833323007999999810e+00 2.931068846454092380e-01
2.847451382000000031e+00 3.028224044460881004e-01
2.861579756000000252e+00 3.166314210822118724e-01
2.875708129999999585e+00 3.248011538844632895e-01
2.889836503999999806e+00 3.269543800314274051e-01
2.903964878000000027e+00 3.301721187449349060e-01
2.918093252000000248e+00 3.404097567756689813e-01
2.932221625999999581e+00 3.533723832436308498e-01
2.946349999999999802e+00 3.557824135108322849e-01
2.960478374000000024e+00 3.387662340216976986e-01
2.974606748000000245e+00 3.066618439176629352e-01
2.988735121999999578e+00 2.724441802001447144e-01
3.002863495999999799e+00 2.473194322483038832e-01
3.016991870000000020e+00 2.314630937561812374e-01
3.031120244000000241e+00 2.167141007988426793e-01
3.045248617999999574e+00 1.978571986081512080e-01
3.059376991999999795e+00 1.799057283485723246e-01
3.073505366000000016e+00 1.711631842155121319e-01
3.087633740000000238e+00 1.769234976304172591e-01
3.101762113999999571e+00 1.918532627261964052e-01
3.115890487999999792e+00 2.046675124777781463e-01
3.130018862000000013e+00 2.121040070907103114e-01
3.144147236000000234e+00 2.178555956155676654e-01
3.158275609999999567e+00 2.294945372397521055e-01
3.172403983999999788e+00 2.487985206437954844e-01
3.186532358000000009e+00 2.674945136802371337e-01
3.200660732000000230e+00 2.763957904718292724e-01
3.214789105999999563e+00 2.742655678645817829e-01
3.228917479999999784e+00 2.687140928485192148e-01
3.243045854000000006e+00 2.694751303010143317e-01
3.257174228000000227e+00 2.781620920204304070e-01
3.271302601999999560e+00 2.865174351145824971e-01
3.285430975999999781e+00 2.857148849053263717e-01
3.299559350000000002e+00 2.730307394460247394e-01
3.313687724000000223e+00 2.538000079099713702e-01
3.327816097999999556e+00 2.348025763981649305e-01
3.341944471999999777e+00 2.179573763277051768e-01
3.356072845999999998e+00 2.004328650782500887e-01
3.370201220000000220e+00 1.826475536675165046e-01
3.384329593000000358e+00 1.690754901816156064e-01
3.398457966999999691e+00 1.638839082825960247e-01
3.412586340999999912e+00 1.672153008259034124e-01
3.426714715000000133e+00 1.700722299293371265e-01
3.440843089000000354e+00 1.636648587064843952e-01
3.454971462999999687e+00 1.476317572777716691e-01
3.469099836999999908e+00 1.296604781876844470e-01
3.483228211000000130e+00 1.194726535027434977e-01
3.497356585000000351e+00 1.209314109416883554e-01
3.511484958999999684e+00 1.286244606508475385e-01
3.525613332999999905e+00 1.322367674633611045e-01
3.539741707000000126e+00 1.245512670293287272e-01
3.553870081000000347e+00 1.078539403330935897e-01
3.567998454999999680e+00 9.182949627499503720e-02
3.582126828999999901e+00 8.820978005958224344e-02
3.596255203000000122e+00 1.055413538418630282e-01
3.610383577000000344e+00 1.396727512445306019e-01
3.624511950999999677e+00 1.781186109074273105e-01
3.638640324999999898e+00 2.066412826176371453e-01
3.652768699000000119e+00 2.174617392460440612e-01
3.666897073000000340e+00 2.153977893290139889e-01
3.681025446999999673e+00 2.093666441662076494e-01
3.695153820999999894e+00 2.066707974990364960e-01
3.709282195000000115e+00 2.056842506729683606e-01
3.723410569000000336e+00 2.013007445740235823e-01
3.737538942999999669e+00 1.948422625330010760e-01
3.751667316999999890e+00 1.933428435522746014e-01
3.765795691000000112e+00 2.039518813390444052e-01
3.779924065000000333e+00 2.240624059192022344e-01
3.794052438999999666e+00 2.415050365415361000e-01
3.808180812999999887e+00 2.424521532915768773e-01
3.822309187000000108e+00 2.245617122538412502e-01
3.836437561000000329e+00 1.974493738998717163e-01
3.850565934999999662e+00 1.740249330891625590e-01
3.864694308999999883e+00 1.632967664894433568e-01
3.878822683000000104e+00 1.630238829001680045e-01
3.892951057000000326e+00 1.650703364792356354e-01
3.907079430999999659e+00 1.635646296470998351e-01
3.921207804999999880e+00 1.568751734102562523e-01
3.935336179000000101e+00 1.482550144588916652e-01
3.949464553000000322e+00 1.433238274258119560e-01
3.963592926999999655e+00 1.437850610163611265e-01
3.977721300999999876e+00 1.486616715576563053e-01
3.991849675000000097e+00 1.537780329994351547e-01
4.005978048999999430e+00 1.549788662697491048e-01
4.020106422999999651e+00 1.503340063725637776e-01
4.034234796999999872e+00 1.412607288402050187e-01
4.048363171000000094e+00 1.327772645728924061e-01
4.062491545000000315e+00 1.306551488718099563e-01
4.076619919000000536e+00 1.403326036979741787e-01
4.090748293000000757e+00 1.619154996085221399e-01
4.104876666999999202e+00 1.903304938220173881e-01
4.119005040999999423e+00 2.158398866708566288e-01
4.133133414999999644e+00 2.302354193439803964e-01
4.147261788999999865e+00 2.310500335650562675e-01
4.161390163000000086e+00 2.237094248190718559e-01
4.175518537000000308e+00 2.201465610627462155e-01
4.189646911000000529e+00 2.273920427253042220e-01
4.203775285000000750e+00 2.426067752898575236e-01
4.217903658999999195e+00 2.514978980038211631e-01
4.232032032999999416e+00 2.390307819441694903e-01
4.246160406999999637e+00 2.012030409253640073e-01
4.260288779999999775e+00 1.492871687785619628e-01
4.274417153999999996e+00 1.057352791705117312e-01
4.288545528000000218e+00 8.556333856813225225e-02
4.302673902000000439e+00 8.679458500942871524e-02
4.316802276000000660e+00 9.476857018054474224e-02
4.330930650000000881e+00 9.358940604987608936e-02
4.345059023999999326e+00 7.957127513070183511e-02
4.359187397999999547e+00 6.140957596572249599e-02
4.373315771999999768e+00 5.178640183742722058e-02
4.387444145999999989e+00 5.535770334939194015e-02
4.401572520000000210e+00 6.767392874953337412e-02
4.415700894000000432e+00 8.215418941463603630e-02
4.429829268000000653e+00 9.412557468970028651e-02
4.443957642000000874e+00 1.040593693079578941e-01
4.458086015999999319e+00 1.130236401656983247e-01
4.472214389999999540e+00 1.187895956777360595e-01
4.486342763999999761e+00 1.183823961006353898e-01
4.500471137999999982e+00 1.090373941784896772e-01
4.514599512000000203e+00 9.328449224030421760e-02
4.528727886000000424e+00 7.777205155546695892e-02
4.542856260000000646e+00 6.741505491499211189e-02
4.556984634000000867e+00 6.543712082567054722e-02
4.571113007999999311e+00 6.857982480099877876e-02
4.585241381999999533e+00 7.137501936176526840e-02
4.599369755999999754e+00 7.122683435922816386e-02
4.613498129999999975e+00 6.715676665310610360e-02
4.627626504000000196e+00 6.209275785410639514e-02
4.641754878000000417e+00 5.936797303417051808e-02
4.655883252000000638e+00 6.025222459801504726e-02
4.670011626000000859e+00 6.453929486433729323e-02
4.684139999999999304e+00 6.862354348573873608e-02
4.698268373999999525e+00 6.838703551378522150e-02
4.712396747999999747e+00 6.010549914150153938e-02
4.726525121999999968e+00 4.613011860715232615e-02
4.740653496000000189e+00 3.416715871089692769e-02
4.754781870000000410e+00 3.108687062179527061e-02
4.768910244000000631e+00 3.805795155574642763e-02
4.783038618000000852e+00 4.440073187280013656e-02
4.797166991999999297e+00 3.762868475510927624e-02
4.811295365999999518e+00 1.460022362678792263e-02
4.825423739999999739e+00 -1.472113913588124490e-02
4.839552113999999960e+00 -3.220733542973874819e-02
4.853680488000000182e+00 -2.818401400489634057e-02
4.867808862000000403e+00 -7.316653690027763446e-03
4.881937236000000624e+00 1.616248047909785157e-02
4.896065610000000845e+00 2.948397048591111513e-02
4.910193983999999290e+00 3.212337210773341667e-02
4.924322357999999511e+00 3.010687814208168334e-02
4.938450731999999732e+00 2.909959614907720038e-02
4.952579105999999953e+00 2.960673651644007975e-02
4.966707480000000174e+00 2.835077084708004236e-02
4.980835854000000396e+00 2.554887421761442567e-02
4.994964228000000617e+00 2.660841453368334442e-02
5.009092602000000838e+00 3.833397124011028723e-02
5.023220975999999283e+00 6.094762274069331909e-02
5.037349349999999504e+00 8.791182317287571379e-02
5.051477723999999725e+00 1.096673088598105750e-01
5.065606097999999946e+00 1.203811963753231851e-01
5.079734472000000167e+00 1.219938002862956949e-01
5.093862846000000388e+00 1.192741392821456969e-01
5.107991220000000610e+00 1.156955703140081226e-01
5.122119593000000748e+00 1.121202955338791440e-01
5.136247966999999193e+00 1.072157343885180580e-01
5.150376340999999414e+00 9.986763528767994558e-02
5.164504714999999635e+00 9.004795985288893689e-02
5.178633088999999856e+00 7.659085888239047790e-02
5.192761463000000077e+00 5.842639058068677116e-02
5.206889837000000298e+00 3.707382889114896329e-02
5.221018211000000520e+00 1.660107639967378645e-02
5.235146585000000741e+00 2.512320786694388630e-03
5.249274958999999185e+00 -3.800793559506132624e-03
5.263403332999999407e+00 -5.771750058507052472e-03
5.277531706999999628e+00 -8.489550259945133348e-03
5.291660080999999849e+00 -1.426597190761924594e-02
5.305788455000000070e+00 -2.157938281006721581e-02
5.319916829000000291e+00 -2.773784761436814961e-02
5.334045203000000512e+00 -3.197822361219593290e-02
5.348173577000000734e+00 -3.400472170718771281e-02
5.362301950999999178e+00 -3.017494641454021576e-02
5.376430324999999399e+00 -1.517120553806705630e-02
5.390558698999999621e+00 1.435440241083973945e-02
5.404687072999999842e+00 5.333157143938294098e-02
5.418815447000000063e+00 8.630196581566984548e-02
5.432943821000000284e+00 9.991839039166983127e-02
5.447072195000000505e+00 9.295036124873057304e-02
5.461200569000000726e+00 7.544596537537451297e-02
5.475328942999999171e+00 6.351398905474781031e-02
5.489457316999999392e+00 6.423749754240581922e-02
5.503585690999999613e+00 7.080593829246950577e-02
5.517714064999999835e+00 7.131978515153569731e-02
5.531842439000000056e+00 5.863293287514892427e-02
5.545970813000000277e+00 3.604699196686311780e-02
5.560099187000000498e+00 1.354408900117043402e-02
5.574227561000000719e+00 -6.976985374489430569e-04
5.588355934999999164e+00 -6.920451286436701821e-03
5.602484308999999385e+00 -1.013292832741541361e-02
5.616612682999999606e+00 -1.488447750841181971e-02
5.630741056999999827e+00 -2.061472189515178854e-02
5.644869431000000048e+00 -2.253515880298806451e-02
5.658997805000000270e+00 -1.723768495784128163e-02
5.673126179000000491e+00 -6.685874237836841871e-03
5.687254553000000712e+00 2.654672327031093459e-03
5.701382926999999157e+00 3.999794619746310786e-03
5.715511300999999378e+00 -3.547753982784840332e-03
5.729639674999999599e+00 -1.368497822230096972e-02
5.743768048999999820e+00 -1.855010063630402328e-02
5.757896423000000041e+00 -1.168554252548048566e-02
5.772024797000000262e+00 4.539823788540786609e-03
5.786153171000000484e+00 1.931193367316552667e-02
5.800281545000000705e+00 2.102782147548509784e-02
5.814409918999999149e+00 5.522147941904975710e-03
5.828538292999999371e+00 -1.978281107185786425e-02
5.842666666999999592e+00 -3.890821492305285290e-02
5.856795040999999813e+00 -3.792366173000694118e-02
5.870923415000000034e+00 -1.452285611374470875e-02
5.885051789000000255e+00 2.145754531842491986e-02
5.899180163000000476e+00 5.436752300545144578e-02
5.913308537000000698e+00 7.328039959413246152e-02
5.927436910999999142e+00 7.517168122971717992e-02
5.941565284999999363e+00 6.358550174973665037e-02
5.955693658999999585e+00 4.477847300687010090e-02
5.969822032999999806e+00 2.550707551439046483e-02
5.983950407000000027e+00 1.049077613835613931e-02
5.998078780000000165e+00 1.086615667354351444e-03
6.012207154000000386e+00 -4.137109401918692697e-03
6.026335528000000608e+00 -8.660064556236690692e-03
6.040463902000000829e+00 -1.298624721556329575e-02
6.054592275999999273e+00 -1.333153301191636331e-02
6.068720649999999495e+00 -8.187914671191620641e-03
6.082849023999999716e+00 -2.544418514588642211e-03
6.096977397999999937e+00 -5.321995426085024405e-03
6.111105772000000158e+00 -2.374645020702637055e-02
6.125234146000000379e+00 -5.111283544681732849e-02
6.139362520000000600e+00 -6.985807184526038327e-02
6.153490894000000822e+00 -6.561287014777761328e-02
6.167619267999999266e+00 -3.892990598386525392e-02
6.181747641999999487e+00 -7.538328576520925139e-03
6.195876015999999709e+00 7.924561516068351352e-03
6.210004389999999930e+00 4.995901427182758425e-04
6.224132764000000151e+00 -1.789860592438330400e-02
6.238261138000000372e+00 -2.654388640878480032e-02
6.252389512000000593e+00 -1.390892752952410660e-02
6.266517886000000814e+00 1.342440219265306212e-02
6.280646259999999259e+00 4.017393741941788221e-02
6.294774633999999480e+00 5.393374438218323519e-02
6.308903007999999701e+00 5.251244959201883944e-02
6.323031381999999923e+00 4.104841919473400935e-02
6.337159756000000144e+00 2.537932316464264204e-02
6.351288130000000365e+00 9.240272401589422202e-03
6.365416504000000586e+00 -4.565944817221279095e-03
6.379544878000000807e+00 -1.232449412731106975e-02
6.393673251999999252e+00 -1.485204217347835254e-02
6.407801625999999473e+00 -1.567695048053785456e-02
6.421929999999999694e+00 -2.078187029180611489e-02
6.436058373999999915e+00 -3.125529482694844319e-02
6.450186748000000136e+00 -3.939657895917036967e-02
6.464315122000000358e+00 -3.811037534403460825e-02
6.478443496000000579e+00 -2.573170183859119220e-02
6.492571870000000800e+00 -1.046714763020339944e-02
6.506700243999999245e+00 -4.835963236313745028e-03
6.520828617999999466e+00 -1.459877437522649757e-02
6.534956991999999687e+00 -3.596600486909906635e-02
6.549085365999999908e+00 -5.780926503082639556e-02
6.563213740000000129e+00 -6.814382811546337848e-02
6.577342114000000350e+00 -6.324155612644588587e-02
6.591470488000000572e+00 -4.559423691217290298e-02
6.605598862000000793e+00 -2.522708061741063545e-02
6.619727235999999237e+00 -1.285890742502182604e-02
6.633855609999999459e+00 -1.392152787834000094e-02
6.647983983999999680e+00 -2.722209062291547355e-02
6.662112357999999901e+00 -4.314162724501358070e-02
6.676240732000000122e+00 -5.156922227141791382e-02
6.690369106000000343e+00 -4.944018284666640284e-02
6.704497480000000564e+00 -4.291282873282575849e-02
6.718625854000000786e+00 -4.132657908351866638e-02
6.732754227999999230e+00 -4.894573276629898828e-02
6.746882601999999451e+00 -6.084695223342073689e-02
6.761010975999999673e+00 -6.695548223133940269e-02
6.775139349999999894e+00 -6.235755431664458115e-02
6.789267724000000115e+00 -4.992204911392938982e-02
6.803396098000000336e+00 -3.640569857367736972e-02
6.817524472000000557e+00 -2.858203758497523950e-02
6.831652846000000778e+00 -2.719819397532319272e-02
6.845781219999999223e+00 -3.099603081457225073e-02
6.859909592999999361e+00 -4.093693240557172430e-02
6.874037966999999583e+00 -5.735711248676089724e-02
6.888166340999999804e+00 -7.879253805685415557e-02
6.902294715000000025e+00 -9.981541578022401495e-02
6.916423089000000246e+00 -1.130246656733095989e-01
6.930551463000000467e+00 -1.131855422565006819e-01
6.944679837000000688e+00 -9.926760976136783654e-02
6.958808210999999133e+00 -7.723736987241913710e-02
6.972936584999999354e+00 -5.681471172692553750e-02
6.987064958999999575e+00 -4.663416610830317666e-02
7.001193332999999797e+00 -5.026174254270721065e-02
7.015321707000000018e+00 -6.094531736338382188e-02
7.029450081000000239e+00 -6.648206693631131259e-02
7.043578455000000460e+00 -5.889338604711902292e-02
7.057706829000000681e+00 -4.222331596544925958e-02
7.071835202999999126e+00 -3.253613960607104616e-02
7.085963576999999347e+00 -4.330614798032783597e-02
7.100091950999999568e+00 -7.348280309922117226e-02
7.114220324999999789e+00 -1.055571992635364609e-01
7.128348699000000011e+00 -1.179557456443571795e-01
7.142477073000000232e+00 -1.028915520893427527e-01
7.156605447000000453e+00 -7.110278621933296961e-02
7.170733821000000674e+00 -4.263438117015461160e-02
7.184862194999999119e+00 -3.220365462469132467e-02
7.198990568999999340e+00 -4.107297655468045150e-02
7.213118942999999561e+00 -5.984368018830110714e-02
7.227247316999999782e+00 -7.809267652612916777e-02
7.241375691000000003e+00 -9.033033014745939226e-02
7.255504065000000224e+00 -9.408689695207428372e-02
7.269632439000000446e+00 -9.021378093428644718e-02
7.283760813000000667e+00 -8.270568773118824879e-02
7.297889187000000888e+00 -7.700700978377561512e-02
7.312017560999999333e+00 -7.937219278842455594e-02
7.326145934999999554e+00 -8.936091182576788583e-02
7.340274308999999775e+00 -9.963631877990408725e-02
7.354402682999999996e+00 -1.019818887898704673e-01
7.368531057000000217e+00 -9.446566379787668666e-02
7.382659431000000438e+00 -8.619091319433280773e-02
7.396787805000000660e+00 -8.852040897898483252e-02
7.410916179000000881e+00 -1.066010164059409959e-01
7.425044552999999325e+00 -1.343672204351413768e-01
7.439172926999999547e+00 -1.574297050870576697e-01
7.453301300999999768e+00 -1.651489460231978512e-01
7.467429674999999989e+00 -1.566009995782167152e-01
7.481558049000000210e+00 -1.399663137275357627e-01
7.495686423000000431e+00 -1.256694919581597958e-01
7.509814797000000652e+00 -1.190336742362916311e-01
7.523943171000000874e+00 -1.183488489426807178e-01
7.538071544999999318e+00 -1.174629999692538007e-01
7.552199918999999539e+00 -1.121455583318944349e-01
7.566328292999999761e+00 -1.023203921702986463e-01
7.580456666999999982e+00 -9.078973900592401947e-02
7.594585041000000203e+00 -8.387281574184513033e-02
7.608713415000000424e+00 -8.620636898520217528e-02
7.622841789000000645e+00 -9.632040891805360161e-02
7.636970163000000866e+00 -1.080469502649687996e-01
7.651098536999999311e+00 -1.131000803574302438e-01
7.665226910999999532e+00 -1.074548123595118199e-01
7.679355284999999753e+00 -9.775422688064949739e-02
7.693483658999999975e+00 -9.651487358842558706e-02
7.707612033000000196e+00 -1.099162579826309383e-01
7.721740407000000417e+00 -1.305137078893583436e-01
7.735868780000000555e+00 -1.428928220426985973e-01
7.749997154000000776e+00 -1.354291369867155481e-01
7.764125527999999221e+00 -1.127076731617169258e-01
7.778253901999999442e+00 -9.242703066796309486e-02
7.792382275999999663e+00 -8.881002358696932220e-02
7.806510649999999885e+00 -1.022969946921783446e-01
7.820639024000000106e+00 -1.181641403301973980e-01
7.834767398000000327e+00 -1.217917581626331014e-01
7.848895772000000548e+00 -1.102894223272503638e-01
7.863024146000000769e+00 -9.248577472818020340e-02
7.877152519999999214e+00 -8.216631890677561501e-02
7.891280893999999435e+00 -8.609753358987681793e-02
7.905409267999999656e+00 -1.001120068832452858e-01
7.919537641999999877e+00 -1.156556204650058817e-01
7.933666016000000099e+00 -1.241470434564924119e-01
7.947794390000000320e+00 -1.223463266156876728e-01
7.961922764000000541e+00 -1.131528781435573450e-01
7.976051138000000762e+00 -1.019366878774956575e-01
7.990179511999999207e+00 -9.392887051700427037e-02
8.004307885999999428e+00 -9.107865497844436220e-02
8.018436259999999649e+00 -9.280977600781170622e-02
8.032564633999999870e+00 -9.639388224515066383e-02
8.046693008000000091e+00 -9.952804041799545587e-02
8.060821382000000312e+00 -1.008783456638351339e-01
8.074949756000000534e+00 -1.019582892719537170e-01
8.089078130000000755e+00 -1.072963719091166723e-01
8.103206503999999200e+00 -1.193495684581922234e-01
8.117334877999999421e+00 -1.381368796309327962e-01
8.131463251999999642e+00 -1.575284990646501626e-01
8.145591625999999863e+00 -1.671256310640512055e-01
8.159720000000000084e+00 -1.627858254398368842e-01
8.173848374000000305e+00 -1.505370513795707410e-01
8.187976748000000526e+00 -1.419068126088713910e-01
8.202105122000000748e+00 -1.462532070687210251e-01
8.216233495999999192e+00 -1.608606514315020775e-01
8.230361869999999413e+00 -1.725072788428274606e-01
8.244490243999999635e+00 -1.695351034375693899e-01
8.258618617999999856e+00 -1.522471980816995085e-01
8.272746992000000077e+00 -1.305882153399249290e-01
8.286875366000000298e+00 -1.151273284433376176e-01
8.301003740000000519e+00 -1.061187006441599578e-01
8.315132114000000740e+00 -9.435104295756779891e-02
8.329260487999999185e+00 -7.185224996806560682e-02
8.343388861999999406e+00 -4.010594757130903076e-02
8.357517235999999627e+00 -1.192181684498372363e-02
8.371645609999999849e+00 8.917191770887455959e-04
8.385773984000000070e+00 -5.497327075582703060e-03
8.399902358000000291e+00 -2.572962577459847466e-02
8.414030732000000512e+00 -4.905928130546932664e-02
8.428159106000000733e+00 -6.611407517075029716e-02
8.442287479999999178e+00 -7.298566147382246072e-02
8.456415853999999399e+00 -7.383267433815454694e-02
8.470544227999999620e+00 -7.679592500397980359e-02
8.484672601999999841e+00 -9.073376344112027425e-02
8.498800976000000063e+00 -1.165841057682435178e-01
8.512929350000000284e+00 -1.427892142527742436e-01
8.527057724000000505e+00 -1.545620615043574730e-01
8.541186098000000726e+00 -1.431236098296029269e-01
8.555314471999999171e+00 -1.147956218771621906e-01
8.569442845999999392e+00 -8.575416063763974250e-02
8.583571219999999613e+00 -6.821157593480542403e-02
8.597699592999999751e+00 -6.309026785478977217e-02
8.611827966999999973e+00 -6.058465073611429830e-02
8.625956341000000194e+00 -5.280519635568481362e-02
8.640084715000000415e+00 -4.097758227611336679e-02
8.654213089000000636e+00 -3.448129196473459501e-02
8.668341463000000857e+00 -4.263392757761153007e-02
8.682469836999999302e+00 -6.582615257980961587e-02
8.696598210999999523e+00 -9.539821368080936281e-02
8.710726584999999744e+00 -1.176869766408774609e-01
8.724854958999999965e+00 -1.252933482064548798e-01
8.738983333000000187e+00 -1.223223706262182020e-01
8.753111707000000408e+00 -1.189405074574416687e-01
8.767240081000000629e+00 -1.244592235659158774e-01
8.781368455000000850e+00 -1.390328373839384568e-01
8.795496828999999295e+00 -1.523127212328088120e-01
8.809625202999999516e+00 -1.529536419679082826e-01
8.823753576999999737e+00 -1.359486064625023971e-01
8.837881950999999958e+00 -1.067405328979713630e-01
8.852010325000000179e+00 -7.721465173148089889e-02
8.866138699000000400e+00 -5.891720247009857303e-02
8.880267073000000622e+00 -5.767396173522776337e-02
8.894395447000000843e+00 -7.105074777865993951e-02
8.908523820999999288e+00 -9.031997145024917018e-02
8.922652194999999509e+00 -1.040353178107267240e-01
8.936780568999999730e+00 -1.043358732284058732e-01
8.950908942999999951e+00 -8.972821441136602516e-02
8.965037317000000172e+00 -6.660587840737264287e-02
8.979165691000000393e+00 -4.482689195864431042e-02
8.993294065000000614e+00 -3.038516859855633356e-02
9.007422439000000836e+00 -2.400348542574981536e-02
9.021550812999999280e+00 -2.221772213632888793e-02
9.035679186999999501e+00 -2.279858973346016171e-02
9.049807560999999723e+00 -2.861790375309780643e-02
9.063935934999999944e+00 -4.420125265102825551e-02
9.078064309000000165e+00 -6.820123812535960894e-02
9.092192683000000386e+00 -9.183963834226460676e-02
9.106321057000000607e+00 -1.045268895488113969e-01
9.120449431000000828e+00 -1.017205444599973418e-01
9.134577804999999273e+00 -9.094708709737275854e-02
9.148706178999999494e+00 -8.452189601479531689e-02
9.162834552999999715e+00 -8.824642074996091878e-02
9.176962926999999937e+00 -9.677881117917230824e-02
9.191091301000000158e+00 -9.908413042050767672e-02
9.205219675000000379e+00 -9.155383644664283338e-02
9.219348049000000600e+00 -8.149103918157329929e-02
9.233476423000000821e+00 -7.985742533923634312e-02
9.247604796999999266e+00 -8.863615326216844892e-02
9.261733170999999487e+00 -9.763367582465498629e-02
9.275861544999999708e+00 -9.298909204557403996e-02
9.289989918999999929e+00 -7.002849386251774888e-02
9.304118293000000151e+00 -3.760064097044057974e-02
9.318246667000000372e+00 -1.075469566030662349e-02
9.332375041000000593e+00 6.066713745394025636e-04
9.346503415000000814e+00 -3.052229929330962932e-03
9.360631788999999259e+00 -1.256219577952855104e-02
9.374760162999999480e+00 -1.927667562457813233e-02
9.388888536999999701e+00 -2.165018441191435272e-02
9.403016910999999922e+00 -2.332037742652204315e-02
9.417145285000000143e+00 -3.211505287152505161e-02
9.431273659000000364e+00 -4.963487735199123563e-02
9.445402033000000586e+00 -6.974421652003393035e-02
9.459530407000000807e+00 -8.114268736991547826e-02
9.473658779999999169e+00 -7.460858941695747149e-02
9.487787153999999390e+00 -5.064274287338221825e-02
9.501915527999999611e+00 -1.652592377240402755e-02
9.516043901999999832e+00 1.719793929474633387e-02
9.530172276000000053e+00 4.474001668042504321e-02
9.544300650000000275e+00 6.176914811461209354e-02
9.558429024000000496e+00 6.360247815170616548e-02
9.572557398000000717e+00 4.740200746089762163e-02
9.586685771999999162e+00 1.533907831010239420e-02
9.600814145999999383e+00 -1.943181285333217545e-02
9.614942519999999604e+00 -4.242144798322122767e-02
9.629070893999999825e+00 -4.830113646673339645e-02
9.643199268000000046e+00 -4.547632351143526819e-02
9.657327642000000267e+00 -4.913285014523260941e-02
9.671456016000000488e+00 -6.519282966791806189e-02
9.685584390000000710e+00 -8.622206668338527891e-02
9.699712763999999154e+00 -9.957989838988723363e-02
9.713841137999999376e+00 -9.963220683804152600e-02
9.727969511999999597e+00 -9.395133376949260651e-02
9.742097885999999818e+00 -9.413575384265193691e-02
9.756226260000000039e+00 -1.034791952778117974e-01
9.770354634000000260e+00 -1.148864501796662552e-01
9.784483008000000481e+00 -1.183587013114504316e-01
9.798611382000000702e+00 -1.127675111271440045e-01
9.812739755999999147e+00 -1.053934633843169877e-01
9.826868129999999368e+00 -1.033017466924661676e-01
9.840996503999999589e+00 -1.056246361258690314e-01
9.855124877999999811e+00 -1.021879070944873291e-01
9.869253252000000032e+00 -8.415022953746564838e-02
9.883381626000000253e+00 -5.382837082630764769e-02
9.897510000000000474e+00 -2.502511286159325721e-02
9.911638374000000695e+00 -1.260665433099106281e-02
9.925766747999999140e+00 -2.236152845114780519e-02
9.939895121999999361e+00 -4.707458006440390363e-02
9.954023495999999582e+00 -6.994333434841415453e-02
9.968151869999999803e+00 -7.733079810642706775e-02
9.982280244000000025e+00 -6.548069847691095902e-02
9.996408618000000246e+00 -4.308118712704711584e-02
1.001053699200000047e+01 -2.603301122042545046e-02
1.002466536600000069e+01 -2.594920019118696075e-02
1.003879373999999913e+01 -4.431940832460767865e-02
1.005292211399999935e+01 -6.862057701512824792e-02
1.006705048799999958e+01 -8.144006412113213855e-02
1.008117886199999980e+01 -7.169601848103290820e-02
1.009530723600000002e+01 -4.107358830031948571e-02
1.010943561000000024e+01 -4.185359538597666074e-03
1.012356398400000046e+01 2.096007150980305767e-02
1.013769235800000068e+01 2.407125305459878462e-02
1.015182073199999913e+01 6.729561680556273018e-03
1.016594910599999935e+01 -1.798008249116200830e-02
1.018007747999999957e+01 -3.370447677068710846e-02
1.019420585399999979e+01 -3.011412460908857724e-02
1.020833422800000001e+01 -6.683831404762585748e-03
1.022246260200000023e+01 2.715065001273764267e-02
1.023659097600000045e+01 5.789496744725752819e-02
1.025071935000000067e+01 7.579680385222964389e-02
1.026484772399999912e+01 8.046106700813382417e-02
1.027897609799999934e+01 8.000026081286115698e-02
1.029310447199999956e+01 8.363008399144611360e-02
1.030723284599999978e+01 9.529637945094293627e-02
1.032136122000000000e+01 1.083807639230229825e-01
1.033548959300000014e+01 1.125763019396437414e-01
1.034961796700000036e+01 1.024509154058197424e-01
1.036374634100000058e+01 8.254126621522139828e-02
1.037787471500000080e+01 6.715946725283572505e-02
1.039200308899999925e+01 6.763573583874027406e-02
1.040613146299999947e+01 8.452797415541724035e-02
1.042025983699999969e+01 1.049202853419277659e-01
1.043438821099999991e+01 1.136267289778221112e-01
1.044851658500000013e+01 1.052624010831824108e-01
1.046264495900000036e+01 8.956602895738008385e-02
1.047677333300000058e+01 8.381890569524585999e-02
1.049090170700000080e+01 9.771775954194872327e-02
1.050503008099999924e+01 1.248101058285264742e-01
1.051915845499999946e+01 1.470833766493431227e-01
1.053328682899999968e+01 1.505258998943936888e-01
1.054741520299999991e+01 1.337793234428907851e-01
1.056154357700000013e+01 1.092483429052446553e-01
1.057567195100000035e+01 9.303988807471696987e-02
1.058980032500000057e+01 9.293416841133250728e-02
1.060392869900000079e+01 1.059762801387016395e-01
1.061805707299999924e+01 1.220997533408212377e-01
1.063218544699999946e+01 1.284135845427751832e-01
1.064631382099999968e+01 1.191502276785083581e-01
1.066044219499999990e+01 9.912728989731611762e-02
1.067457056900000012e+01 7.958281640260622680e-02
1.068869894300000034e+01 7.494677529063764609e-02
1.070282731700000056e+01 9.043510755056693995e-02
1.071695569100000078e+01 1.183088696451282118e-01
1.073108406499999923e+01 1.439443606074526372e-01
1.074521243899999945e+01 1.566968265572317165e-01
1.075934081299999967e+01 1.564251103781746366e-01
1.077346918699999989e+01 1.525905059116041684e-01
1.078759756100000011e+01 1.550758347306739893e-01
1.080172593500000033e+01 1.663693287210730176e-01
1.081585430900000055e+01 1.802916871778208474e-01
1.082998268300000078e+01 1.862011958375671128e-01
1.084411105699999922e+01 1.778706394592859397e-01
1.085823943099999944e+01 1.561626837597778206e-01
1.087236780499999966e+01 1.302391254137234000e-01
1.088649617899999988e+01 1.140345449569490910e-01
1.090062455300000011e+01 1.159767251735441818e-01
1.091475292700000033e+01 1.342119181926868521e-01
1.092888130100000055e+01 1.585963238757752691e-01
1.094300967500000077e+01 1.769602749777448025e-01
1.095713804899999921e+01 1.853200016632481351e-01
1.097126642299999943e+01 1.927886163453926827e-01
1.098539479699999966e+01 2.130321533631960307e-01
1.099952317099999988e+01 2.564303812396939719e-01
1.101365154500000010e+01 3.279257997787414780e-01
1.102777991900000032e+01 4.317779510327941495e-01
1.104190829300000054e+01 5.803604438190745896e-01
1.105603666700000076e+01 7.934145243647634516e-01
1.107016504099999921e+01 1.089485191790913632e+00
1.108429341499999943e+01 1.474350250693126085e+00
1.109842178899999965e+01 1.940442727270617951e+00
1.111255016299999987e+01 2.478409637390772247e+00
1.112667853700000009e+01 3.086572246589172508e+00
1.114080691100000031e+01 3.773039620392220073e+00
1.115493528500000053e+01 4.548402029478456399e+00
1.116906365900000075e+01 5.412739705485048347e+00
1.118319203299999920e+01 6.355788269717503880e+00
1.119732040699999942e+01 7.366428875697470957e+00
1.121144877999999956e+01 8.439771120874331345e+00
1.122557715399999978e+01 9.582634758462033275e+00
1.123970552800000000e+01 1.080540727263331746e+01
1.125383390200000022e+01 1.211379922403649978e+01
1.126796227600000044e+01 1.350466722389039731e+01
1.128209065000000066e+01 1.496967051343788668e+01
1.129621902400000089e+01 1.650509525713883363e+01
1.131034739799999933e+01 1.811692893073464106e+01
1.132447577199999955e+01 1.981599496544184191e+01
1.133860414599999977e+01 2.160581472666178371e+01
1.135273251999999999e+01 2.347225460527101504e+01
1.136686089400000021e+01 2.538440049568580648e+01
1.138098926800000044e+01 2.731852247747510631e+01
1.139511764200000066e+01 2.927997092568313064e+01
1.140924601600000088e+01 3.131255098276490401e+01
1.142337438999999932e+01 3.348296524052175727e+01
1.143750276399999954e+01 3.584269526881104184e+01
1.145163113799999977e+01 3.839327024393325161e+01
1.146575951199999999e+01 4.106962133250303282e+01
1.147988788600000021e+01 4.374855430144921087e+01
1.149401626000000043e+01 4.627723750253094437e+01
1.150814463400000065e+01 4.851004177459582678e+01
1.152227300800000087e+01 5.034196502390248895e+01
1.153640138199999932e+01 5.172949026089482061e+01
1.155052975599999954e+01 5.269396248858913623e+01
1.156465812999999976e+01 5.330555876870318599e+01
1.157878650399999998e+01 5.365765550972070486e+01
1.159291487800000020e+01 5.384098984076246097e+01
1.160704325200000042e+01 5.392652308255397742e+01
1.162117162600000064e+01 5.396247838936105268e+01
1.163530000000000086e+01 4.048043310765321223e+01
