# r_minus_2Rs_A, PMF_over_kBT
-9.749999999999999778e-01 nan
-9.250000000000000444e-01 nan
-8.750000000000000000e-01 nan
-8.249999999999999556e-01 nan
-7.750000000000000222e-01 nan
-7.249999999999999778e-01 nan
-6.749999999999999334e-01 nan
-6.250000000000000000e-01 nan
-5.749999999999999556e-01 nan
-5.250000000000000222e-01 nan
-4.749999999999999778e-01 nan
-4.249999999999999334e-01 nan
-3.750000000000000000e-01 nan
-3.249999999999999556e-01 nan
-2.749999999999999112e-01 nan
-2.249999999999999778e-01 nan
-1.749999999999999334e-01 2.655824101451071506e+00
-1.250000000000000000e-01 1.458024995339965990e-01
-7.499999999999995559e-02 -8.243452931164867437e-01
-2.499999999999991118e-02 -1.048276097896055692e+00
2.499999999999991118e-02 -9.245717241524933350e-01
7.500000000000017764e-02 -7.476501738377945294e-01
1.250000000000000000e-01 -5.892279948280445545e-01
1.750000000000002665e-01 -4.596223765452025489e-01
2.250000000000000888e-01 -3.413269153444931092e-01
2.749999999999999112e-01 -2.779651265525000525e-01
3.250000000000001776e-01 -2.794508527416361687e-01
3.750000000000000000e-01 -1.301342812602381827e-01
4.250000000000002665e-01 -3.989866243085593567e-02
4.750000000000000888e-01 -2.010397003219788203e-02
5.249999999999999112e-01 -2.038631818197123025e-02
5.750000000000001776e-01 -4.395398199071731682e-02
6.250000000000000000e-01 -5.663315912641930794e-02
6.750000000000002665e-01 -8.288679908318963285e-02
7.250000000000000888e-01 -8.810099876053456569e-02
7.749999999999999112e-01 -1.200752147772989886e-01
8.250000000000001776e-01 -1.727150132255172998e-01
8.750000000000000000e-01 -1.932614093829854163e-01
9.250000000000002665e-01 -2.018350501299330801e-01
9.750000000000000888e-01 -1.558868915440783098e-01
1.025000000000000355e+00 -8.051789478873061512e-02
1.075000000000000178e+00 9.747673714173288317e-03
1.125000000000000000e+00 6.498981100510681230e-02
1.174999999999999822e+00 3.976453404132795910e-02
1.225000000000000089e+00 4.901035065542158620e-02
1.275000000000000355e+00 8.208280234565545896e-02
1.325000000000000178e+00 9.105372919977750001e-02
1.375000000000000000e+00 7.998272665721062324e-02
1.425000000000000266e+00 4.865129265140399895e-02
1.475000000000000089e+00 6.389514152494824017e-02
1.525000000000000355e+00 7.531901576130417553e-02
1.575000000000000178e+00 3.956875007371607467e-02
1.625000000000000000e+00 3.126453838445408806e-02
1.675000000000000266e+00 3.555534356274669960e-02
1.725000000000000089e+00 2.725785799272273380e-02
1.775000000000000355e+00 6.796472711743106743e-03
1.825000000000000178e+00 -2.356597067941557100e-03
1.875000000000000000e+00 9.697493919489819092e-03
1.925000000000000266e+00 -1.075507535413589011e-02
1.975000000000000089e+00 -2.355562274677147627e-02
2.025000000000000355e+00 -1.804637601766945210e-02
2.075000000000000178e+00 1.792919337245368894e-02
2.125000000000000000e+00 4.764604961900475999e-02
2.175000000000000266e+00 4.690913301368038191e-02
2.225000000000000089e+00 2.825123824467778988e-02
2.275000000000000355e+00 5.458792238032827981e-02
2.325000000000000178e+00 6.527736526825522745e-02
2.375000000000000000e+00 2.868546582310882442e-02
2.425000000000000266e+00 1.379862319318059249e-02
2.475000000000000089e+00 5.120147907314631652e-03
2.525000000000000355e+00 2.758141236290212461e-02
2.575000000000000178e+00 1.694727858104583262e-02
2.625000000000000000e+00 -8.041989448007047514e-03
2.675000000000000266e+00 2.100198266822328463e-02
2.725000000000000089e+00 3.292241461194489460e-02
2.775000000000000355e+00 1.782181339551147659e-02
2.825000000000000178e+00 4.586660439704459691e-03
2.875000000000000000e+00 -1.974426651909944042e-02
2.925000000000000266e+00 2.283951785555959901e-03
2.975000000000000089e+00 1.602000080353871425e-02
3.025000000000000355e+00 1.156874800868123998e-03
3.075000000000000178e+00 -2.984403020839021536e-03
3.125000000000000000e+00 1.101038570299728292e-02
3.175000000000000711e+00 3.637251940812102902e-02
3.224999999999999645e+00 4.447239351688825337e-02
3.275000000000000355e+00 3.415344938137732100e-02
3.325000000000000178e+00 2.028803615921992431e-02
3.375000000000000000e+00 1.355361188469128564e-02
3.425000000000000711e+00 1.076485391943515779e-02
3.474999999999999645e+00 2.379570963835453412e-02
3.525000000000000355e+00 2.415287873963656295e-02
3.575000000000000178e+00 1.513351384141836675e-02
3.625000000000000000e+00 -5.306653294475882632e-03
3.675000000000000711e+00 -1.690694961569283450e-02
3.724999999999999645e+00 3.802837407019588056e-03
3.775000000000000355e+00 4.104256569750219796e-04
3.825000000000001066e+00 -1.712080931716908339e-02
3.875000000000000000e+00 8.600940832335091102e-04
3.925000000000000711e+00 2.310984096824419964e-02
3.974999999999999645e+00 2.819015989597017935e-02
4.025000000000000355e+00 9.073263848813351018e-03
4.075000000000001066e+00 -5.932497872005448869e-04
4.125000000000000000e+00 1.474482189192594106e-02
4.175000000000000711e+00 2.434462019515448716e-02
4.224999999999999645e+00 3.249028912023455007e-02
4.275000000000000355e+00 2.451990902234557623e-02
4.325000000000001066e+00 1.443415188168595265e-02
4.375000000000000000e+00 1.817024643723463839e-03
4.425000000000000711e+00 -1.406544233191286963e-02
4.474999999999999645e+00 -8.310035170814078498e-03
4.525000000000000355e+00 -5.044709623934107157e-03
4.575000000000001066e+00 -1.185228472912314146e-02
4.625000000000000000e+00 -2.491054230811595716e-02
4.675000000000000711e+00 -1.493214609243675994e-02
4.724999999999999645e+00 3.600918532646879555e-03
4.775000000000000355e+00 2.198336537447609373e-03
4.825000000000001066e+00 -8.233208665746616362e-04
4.875000000000000000e+00 -1.822733127422537791e-02
4.925000000000000711e+00 -9.351902533734524070e-03
4.974999999999999645e+00 1.035156655121216573e-03
5.025000000000000355e+00 -3.196175955189062279e-04
5.075000000000001066e+00 1.815396232165644719e-02
5.125000000000000000e+00 1.826045867334746831e-02
5.175000000000000711e+00 1.563589927365471866e-02
5.224999999999999645e+00 1.872931050493775729e-02
5.275000000000000355e+00 -4.902655981076975422e-03
5.325000000000001066e+00 -1.399525102646581587e-02
5.375000000000000000e+00 1.393878736971299048e-02
5.425000000000000711e+00 3.111839866418142364e-02
5.474999999999999645e+00 1.516328169193181807e-02
5.525000000000000355e+00 4.036501531579972379e-03
5.575000000000001066e+00 8.145817835454316480e-03
5.625000000000000000e+00 1.167814289687818530e-03
5.675000000000000711e+00 -7.378950704226561186e-04
5.724999999999999645e+00 2.270749923756776312e-02
5.775000000000000355e+00 1.593562893632238797e-02
5.825000000000001066e+00 1.365898735235315797e-02
5.875000000000000000e+00 2.260419990159379111e-02
5.925000000000000711e+00 6.795345844157196780e-04
5.974999999999999645e+00 -5.368545283452874628e-04
6.025000000000000355e+00 7.469064212859288787e-02
6.075000000000001066e+00 6.020805183768476176e-01
6.125000000000000000e+00 1.920235845032910449e+00
6.175000000000000711e+00 4.197983524227911545e+00
6.224999999999999645e+00 nan
6.275000000000000355e+00 nan
6.325000000000001066e+00 nan
6.375000000000000000e+00 nan
6.425000000000000711e+00 nan
6.474999999999999645e+00 nan
6.525000000000000355e+00 nan
6.575000000000001066e+00 nan
6.625000000000000000e+00 nan
6.675000000000000711e+00 nan
6.724999999999999645e+00 nan
6.775000000000000355e+00 nan
6.825000000000001066e+00 nan
6.875000000000000000e+00 nan
6.925000000000000711e+00 nan
6.974999999999999645e+00 nan
7.025000000000000355e+00 nan
7.074999999999999289e+00 nan
7.125000000000000000e+00 nan
7.175000000000000711e+00 nan
7.225000000000001421e+00 nan
7.275000000000000355e+00 nan
7.324999999999999289e+00 nan
7.375000000000000000e+00 nan
7.425000000000000711e+00 nan
7.475000000000001421e+00 nan
7.525000000000000355e+00 nan
7.574999999999999289e+00 nan
7.625000000000000000e+00 nan
7.675000000000000711e+00 nan
7.725000000000001421e+00 nan
7.775000000000000355e+00 nan
7.824999999999999289e+00 nan
7.875000000000000000e+00 nan
7.925000000000000711e+00 nan
7.975000000000001421e+00 nan
8.025000000000000355e+00 nan
8.074999999999999289e+00 nan
8.125000000000000000e+00 nan
8.175000000000000711e+00 nan
8.225000000000001421e+00 nan
8.275000000000000355e+00 nan
8.324999999999999289e+00 nan
8.375000000000000000e+00 nan
8.425000000000000711e+00 nan
8.475000000000001421e+00 nan
8.525000000000000355e+00 nan
8.575000000000001066e+00 nan
8.625000000000000000e+00 nan
8.675000000000000711e+00 nan
8.725000000000001421e+00 nan
8.775000000000000355e+00 nan
8.825000000000001066e+00 nan
8.875000000000000000e+00 nan
8.925000000000000711e+00 nan
8.975000000000001421e+00 nan
9.025000000000000355e+00 nan
9.075000000000001066e+00 nan
9.125000000000000000e+00 nan
9.175000000000000711e+00 nan
9.225000000000001421e+00 nan
9.275000000000000355e+00 nan
9.325000000000001066e+00 nan
9.375000000000000000e+00 nan
9.425000000000000711e+00 nan
9.475000000000001421e+00 nan
9.525000000000000355e+00 nan
9.575000000000001066e+00 nan
9.625000000000000000e+00 nan
9.675000000000000711e+00 nan
9.725000000000001421e+00 nan
9.775000000000000355e+00 nan
9.825000000000001066e+00 nan
9.875000000000000000e+00 nan
9.925000000000000711e+00 nan
9.975000000000001421e+00 nan
1.002500000000000036e+01 nan
1.007500000000000107e+01 nan
1.012500000000000000e+01 nan
1.017500000000000071e+01 nan
1.022500000000000142e+01 nan
1.027500000000000036e+01 nan
1.032500000000000107e+01 nan
1.037500000000000000e+01 nan
1.042500000000000071e+01 nan
1.047500000000000142e+01 nan
1.052500000000000036e+01 nan
1.057500000000000107e+01 nan
1.062500000000000000e+01 nan
1.067500000000000071e+01 nan
1.072500000000000142e+01 nan
1.077500000000000036e+01 nan
1.082500000000000107e+01 nan
1.087500000000000000e+01 nan
1.092500000000000071e+01 nan
1.097500000000000142e+01 nan
1.102500000000000036e+01 nan
1.107500000000000107e+01 nan
1.112500000000000000e+01 nan
1.117500000000000071e+01 nan
1.122500000000000142e+01 nan
1.127500000000000036e+01 nan
1.132500000000000107e+01 nan
1.137500000000000000e+01 nan
1.142500000000000071e+01 nan
1.147500000000000142e+01 nan
1.152500000000000036e+01 nan
1.157500000000000107e+01 nan
1.162500000000000000e+01 nan
1.167500000000000071e+01 nan
1.172500000000000142e+01 nan
1.177500000000000036e+01 nan
1.182500000000000107e+01 nan
1.187500000000000000e+01 nan
1.192500000000000071e+01 nan
1.197500000000000142e+01 nan
1.202500000000000036e+01 nan
1.207500000000000107e+01 nan
1.212500000000000000e+01 nan
1.217500000000000071e+01 nan
1.222500000000000142e+01 nan
1.227500000000000036e+01 nan
1.232500000000000107e+01 nan
1.237500000000000000e+01 nan
1.242500000000000071e+01 nan
1.247500000000000142e+01 nan
1.252500000000000036e+01 nan
1.257500000000000107e+01 nan
1.262500000000000000e+01 nan
1.267500000000000071e+01 nan
1.272500000000000142e+01 nan
1.277500000000000036e+01 nan
1.282500000000000107e+01 nan
1.287500000000000000e+01 nan
1.292500000000000071e+01 nan
1.297500000000000142e+01 nan
1.302500000000000036e+01 nan
1.307500000000000107e+01 nan
1.312500000000000000e+01 nan
1.317500000000000071e+01 nan
1.322500000000000142e+01 nan
1.327500000000000036e+01 nan
1.332500000000000107e+01 nan
1.337500000000000000e+01 nan
1.342500000000000071e+01 nan
1.347500000000000142e+01 nan
1.352500000000000036e+01 nan
1.357500000000000107e+01 nan
1.362500000000000000e+01 nan
1.367500000000000071e+01 nan
1.372500000000000142e+01 nan
1.377500000000000036e+01 nan
1.382500000000000107e+01 nan
1.387500000000000000e+01 nan
1.392500000000000071e+01 nan
1.397500000000000142e+01 nan
1.402500000000000036e+01 nan
1.407500000000000107e+01 nan
1.412500000000000000e+01 nan
1.417500000000000071e+01 nan
1.422500000000000142e+01 nan
1.427500000000000036e+01 nan
1.432500000000000107e+01 nan
1.437500000000000000e+01 nan
1.442500000000000071e+01 nan
1.447500000000000142e+01 nan
1.452500000000000036e+01 nan
1.457500000000000107e+01 nan
1.462500000000000000e+01 nan
1.467500000000000071e+01 nan
1.472500000000000142e+01 nan
1.477500000000000036e+01 nan
1.482500000000000107e+01 nan
1.487500000000000000e+01 nan
1.492500000000000071e+01 nan
1.497500000000000142e+01 nan
1.502499999999999858e+01 nan
1.507500000000000284e+01 nan
1.512500000000000000e+01 nan
1.517500000000000071e+01 nan
1.522500000000000142e+01 nan
1.527499999999999858e+01 nan
1.532500000000000284e+01 nan
1.537500000000000000e+01 nan
1.542500000000000071e+01 nan
1.547500000000000142e+01 nan
1.552499999999999858e+01 nan
1.557500000000000284e+01 nan
1.562500000000000000e+01 nan
1.567500000000000071e+01 nan
1.572500000000000142e+01 nan
1.577499999999999858e+01 nan
1.582500000000000284e+01 nan
1.587500000000000000e+01 nan
1.592500000000000071e+01 nan
1.597500000000000142e+01 nan
1.602499999999999858e+01 nan
1.607500000000000284e+01 nan
1.612500000000000000e+01 nan
1.617500000000000071e+01 nan
1.622500000000000142e+01 nan
1.627499999999999858e+01 nan
1.632500000000000284e+01 nan
1.637500000000000000e+01 nan
1.642500000000000071e+01 nan
1.647500000000000142e+01 nan
1.652499999999999858e+01 nan
1.657500000000000284e+01 nan
1.662500000000000000e+01 nan
1.667500000000000071e+01 nan
1.672500000000000142e+01 nan
1.677499999999999858e+01 nan
1.682500000000000284e+01 nan
1.687500000000000000e+01 nan
1.692500000000000071e+01 nan
1.697500000000000142e+01 nan
1.702499999999999858e+01 nan
1.707500000000000284e+01 nan
1.712500000000000000e+01 nan
1.717500000000000071e+01 nan
1.722500000000000142e+01 nan
1.727499999999999858e+01 nan
1.732500000000000284e+01 nan
1.737500000000000000e+01 nan
1.742500000000000071e+01 nan
1.747500000000000142e+01 nan
1.752499999999999858e+01 nan
1.757500000000000284e+01 nan
1.762500000000000000e+01 nan
1.767500000000000071e+01 nan
1.772500000000000142e+01 nan
1.777499999999999858e+01 nan
1.782500000000000284e+01 nan
1.787500000000000000e+01 nan
1.792500000000000071e+01 nan
1.797500000000000142e+01 nan
1.802499999999999858e+01 nan
1.807500000000000284e+01 nan
1.812500000000000000e+01 nan
1.817500000000000426e+01 nan
1.822500000000000142e+01 nan
1.827499999999999858e+01 nan
1.832500000000000284e+01 nan
1.837500000000000000e+01 nan
1.842500000000000426e+01 nan
1.847500000000000142e+01 nan
1.852499999999999858e+01 nan
1.857500000000000284e+01 nan
1.862500000000000000e+01 nan
1.867500000000000426e+01 nan
1.872500000000000142e+01 nan
1.877499999999999858e+01 nan
1.882500000000000284e+01 nan
1.887500000000000000e+01 nan
1.892500000000000426e+01 nan
1.897500000000000142e+01 nan
