# r_minus_2Rs_A, PMF_over_kBT
-5.807200000000003470e-01 2.410104315238459094e+01
-5.665843869999998006e-01 3.009691031536976169e+01
-5.524487740000001423e-01 3.603163091587494904e+01
-5.383131609999995959e-01 4.183146007409169442e+01
-5.241775469999998549e-01 4.737009470211151552e+01
-5.100419340000001966e-01 4.643403452843369905e+01
-4.959063209999996502e-01 4.481707477145592833e+01
-4.817707079999999920e-01 4.228018762339240055e+01
-4.676350950000003337e-01 3.864131124824109520e+01
-4.534994819999997873e-01 3.383712499533280749e+01
-4.393638690000001290e-01 2.795332557481766145e+01
-4.252282559999995826e-01 2.121599251056791147e+01
-4.110926419999998416e-01 1.394789441534087970e+01
-3.969570290000001833e-01 6.515105461263923203e+00
-3.828214159999996369e-01 -7.217406779064399203e-01
-3.686858029999999786e-01 -7.445922519847955279e+00
-3.545501900000003204e-01 -1.342092146770382399e+01
-3.404145769999997739e-01 -1.852227199943697045e+01
-3.262789640000001157e-01 -2.274800901556947252e+01
-3.121433509999995692e-01 -2.619689468982814873e+01
-2.980077369999998282e-01 -2.901450197107852702e+01
-2.838721240000001700e-01 -3.133774456493672389e+01
-2.697365109999996236e-01 -3.325968967215553818e+01
-2.556008979999999653e-01 -3.483209913475246822e+01
-2.414652850000003070e-01 -3.608748501246036255e+01
-2.273296719999997606e-01 -3.705834999369464100e+01
-2.131940590000001023e-01 -3.778219406684120685e+01
-1.990584460000004441e-01 -3.829568473816014773e+01
-1.849228319999998149e-01 -3.863127512339720937e+01
-1.707872190000001567e-01 -3.881840625036347348e+01
-1.566516059999996102e-01 -3.888599938183770632e+01
-1.425159929999999520e-01 -3.885746102266210045e+01
-1.283803800000002937e-01 -3.874679137474146273e+01
-1.142447669999997473e-01 -3.855872122107494704e+01
-1.001091540000000890e-01 -3.829733929397959713e+01
-8.597354100000043076e-02 -3.797271217960696532e+01
-7.183792699999980158e-02 -3.760245780374820868e+01
-5.770231400000014332e-02 -3.720338952586547521e+01
-4.356670099999959689e-02 -3.678229686312326407e+01
-2.943108799999993863e-02 -3.633797967022631070e+01
-1.529547500000028037e-02 -3.586855591490257211e+01
-1.159861999999733939e-03 -3.537908434467700403e+01
1.297575100000081250e-02 -3.488039899251458564e+01
2.711136399999958257e-02 -3.438362398940142128e+01
4.124697800000021175e-02 -3.389186427385963185e+01
5.538259100000075819e-02 -3.340136445226909245e+01
6.951820399999952826e-02 -3.290786881402792829e+01
8.365381700000007470e-02 -3.241244133300328656e+01
9.778943000000062113e-02 -3.192042299801445537e+01
1.119250429999993912e-01 -3.143637785621957903e+01
1.260606559999999376e-01 -3.096002823246839597e+01
1.401962690000004841e-01 -3.048650957994795263e+01
1.543318829999993369e-01 -3.001191934776202430e+01
1.684674959999998833e-01 -2.953655114189809439e+01
1.826031090000004298e-01 -2.906542212490402122e+01
1.967387219999991999e-01 -2.860273805475825171e+01
2.108743349999997463e-01 -2.814932620841746314e+01
2.250099480000002927e-01 -2.770086356713882125e+01
2.391455610000008392e-01 -2.725184452954250602e+01
2.532811739999996092e-01 -2.680154286887032100e+01
2.674167880000002384e-01 -2.635415599540389309e+01
2.815524010000007848e-01 -2.591273267549622972e+01
2.956880139999995549e-01 -2.547672163318389238e+01
3.098236270000001014e-01 -2.504087874437986372e+01
3.239592400000006478e-01 -2.460134765606641238e+01
3.380948529999994179e-01 -2.416142915774639022e+01
3.522304659999999643e-01 -2.372917172660262963e+01
3.663660790000005107e-01 -2.330917578411140667e+01
3.805016929999993636e-01 -2.289803373023488575e+01
3.946373059999999100e-01 -2.248941532825918088e+01
4.087729190000004564e-01 -2.208098934334207541e+01
4.229085319999992265e-01 -2.167736465235107346e+01
4.370441449999997729e-01 -2.128330114902404446e+01
4.511797580000003194e-01 -2.089779273703349105e+01
4.653153710000008658e-01 -2.051481102498470577e+01
4.794509839999996359e-01 -2.012879104609376668e+01
4.935865980000002651e-01 -1.973996372302522673e+01
5.077222110000008115e-01 -1.935314040224630361e+01
5.218578239999995816e-01 -1.897082957434885486e+01
5.359934370000001280e-01 -1.859238427485522038e+01
5.501290500000006745e-01 -1.821673495421761046e+01
5.642646629999994445e-01 -1.784473248443079640e+01
5.784002759999999910e-01 -1.747895639274002377e+01
5.925358890000005374e-01 -1.712028157664158101e+01
6.066715029999993902e-01 -1.676803947791408689e+01
6.208071159999999367e-01 -1.642122210568242480e+01
6.349427290000004831e-01 -1.607949647641715174e+01
6.490783419999992532e-01 -1.574173923861135904e+01
6.632139549999997996e-01 -1.540560194810267802e+01
6.773495680000003460e-01 -1.506925520839566168e+01
6.914851809999991161e-01 -1.473346505275689466e+01
7.056207939999996626e-01 -1.440268119582843909e+01
7.197564080000002917e-01 -1.408070067136887715e+01
7.338920210000008382e-01 -1.376741938999467507e+01
7.480276339999996082e-01 -1.346046066546997011e+01
7.621632470000001547e-01 -1.315761019583506553e+01
7.762988600000007011e-01 -1.285847902195428993e+01
7.904344729999994712e-01 -1.256354869703195654e+01
8.045700860000000176e-01 -1.227130715354622659e+01
8.187056990000005641e-01 -1.197945120292710897e+01
8.328413129999994169e-01 -1.168706384620073635e+01
8.469769259999999633e-01 -1.139607190527916991e+01
8.611125390000005098e-01 -1.110934274989539006e+01
8.752481519999992798e-01 -1.082844746437698191e+01
8.893837649999998263e-01 -1.055269966780690183e+01
9.035193780000003727e-01 -1.028081055805563793e+01
9.176549909999991428e-01 -1.001357013355380410e+01
9.317906039999996892e-01 -9.751975585873388752e+00
9.459262180000003184e-01 -9.495625069404319163e+00
9.600618310000008648e-01 -9.241829184095937677e+00
9.741974439999996349e-01 -8.987881640779077586e+00
9.883330570000001813e-01 -8.733714656165615153e+00
1.002468670000000728e+00 -8.482155478654435754e+00
1.016604282999999498e+00 -8.236510128008745824e+00
1.030739896000000044e+00 -7.997775639064231612e+00
1.044875509000000591e+00 -7.766067646729663210e+00
1.059011122999999444e+00 -7.541181870340914806e+00
1.073146735999999990e+00 -7.325601346725037821e+00
1.087282349000000536e+00 -7.121585433909489282e+00
1.101417961999999306e+00 -6.928186450315232392e+00
1.115553574999999853e+00 -6.742188142470939560e+00
1.129689188000000399e+00 -6.559885082864020056e+00
1.143824800999999169e+00 -6.380625240904404194e+00
1.157960414999999799e+00 -6.206907996260140337e+00
1.172096028000000345e+00 -6.042074333345456516e+00
1.186231640999999115e+00 -5.885761609223560065e+00
1.200367253999999662e+00 -5.735449572638475324e+00
1.214502867000000208e+00 -5.588348509175919077e+00
1.228638480000000754e+00 -5.443534109650310704e+00
1.242774092999999525e+00 -5.301429591393689300e+00
1.256909706000000071e+00 -5.161290265191791349e+00
1.271045320000000700e+00 -5.020603741896207950e+00
1.285180932999999470e+00 -4.876800189520764661e+00
1.299316546000000017e+00 -4.729526925660474390e+00
1.313452159000000563e+00 -4.579970200394366309e+00
1.327587771999999333e+00 -4.433038791285097702e+00
1.341723384999999880e+00 -4.293223200475660306e+00
1.355858998000000426e+00 -4.164352857913824479e+00
1.369994610999999196e+00 -4.045392751030150613e+00
1.384130224999999825e+00 -3.931020453930835323e+00
1.398265838000000372e+00 -3.814685892719907656e+00
1.412401450999999142e+00 -3.692178253240792962e+00
1.426537063999999688e+00 -3.565895400108199276e+00
1.440672677000000235e+00 -3.441109499127102289e+00
1.454808290000000781e+00 -3.320576880195919678e+00
1.468943902999999551e+00 -3.201841228756808100e+00
1.483079516000000098e+00 -3.083721149505936232e+00
1.497215130000000727e+00 -2.969606174941187504e+00
1.511350742999999497e+00 -2.867327283103749735e+00
1.525486356000000043e+00 -2.781708131287429886e+00
1.539621969000000590e+00 -2.709270981360890396e+00
1.553757581999999360e+00 -2.639175855251167491e+00
1.567893194999999906e+00 -2.563375753653316380e+00
1.582028808000000453e+00 -2.483048237964621485e+00
1.596164420999999223e+00 -2.407015580446473457e+00
1.610300034999999852e+00 -2.341859835836631376e+00
1.624435648000000398e+00 -2.284584963445651873e+00
1.638571260999999168e+00 -2.226808704898503244e+00
1.652706873999999715e+00 -2.161862087843901215e+00
1.666842487000000261e+00 -2.092463384663663106e+00
1.680978100000000808e+00 -2.027768618117847588e+00
1.695113712999999578e+00 -1.973617825537068882e+00
1.709249326000000124e+00 -1.926318370274698211e+00
1.723384940000000753e+00 -1.878031647512694136e+00
1.737520552999999524e+00 -1.824690523938707010e+00
1.751656166000000070e+00 -1.773637550165114263e+00
1.765791779000000616e+00 -1.738799273954520608e+00
1.779927391999999386e+00 -1.729474151832351758e+00
1.794063004999999933e+00 -1.742251917635227798e+00
1.808198618000000479e+00 -1.762807957187186858e+00
1.822334230999999249e+00 -1.775834514429312172e+00
1.836469844999999879e+00 -1.772825829967509925e+00
1.850605458000000425e+00 -1.757040113007704463e+00
1.864741070999999195e+00 -1.735624695387794958e+00
1.878876683999999742e+00 -1.711946486577366144e+00
1.893012297000000288e+00 -1.680845292387067147e+00
1.907147910000000834e+00 -1.636518119000871074e+00
1.921283522999999605e+00 -1.582012317168469906e+00
1.935419136000000151e+00 -1.528247281399402802e+00
1.949554750000000780e+00 -1.487481976414096962e+00
1.963690362999999550e+00 -1.461281449885519557e+00
1.977825976000000097e+00 -1.438284902438900836e+00
1.991961589000000643e+00 -1.404515740877259056e+00
2.006097201999999413e+00 -1.357507584794028332e+00
2.020232814999999960e+00 -1.306934643347263503e+00
2.034368428000000506e+00 -1.262597680419808910e+00
2.048504040999999276e+00 -1.224337163006970819e+00
2.062639654999999905e+00 -1.183549545086941102e+00
2.076775268000000452e+00 -1.134439583749554892e+00
2.090910880999999222e+00 -1.082324183873449641e+00
2.105046493999999768e+00 -1.037699611190319615e+00
2.119182107000000315e+00 -1.004970735510458901e+00
2.133317720000000861e+00 -9.762293692711656590e-01
2.147453332999999631e+00 -9.405882543098540438e-01
2.161588946000000178e+00 -8.961837029936541299e-01
2.175724560000000807e+00 -8.522597903156601262e-01
2.189860172999999577e+00 -8.210793213140323843e-01
2.203995786000000123e+00 -8.063649420394893852e-01
2.218131399000000670e+00 -8.024346864905416155e-01
2.232267011999999440e+00 -8.013986269358275294e-01
2.246402624999999986e+00 -8.001548264947846434e-01
2.260538238000000533e+00 -8.010196104269144968e-01
2.274673850999999303e+00 -8.074082938742925819e-01
2.288809464999999932e+00 -8.192998310546020235e-01
2.302945078000000478e+00 -8.334950425189626699e-01
2.317080690999999248e+00 -8.454203548291125969e-01
2.331216303999999795e+00 -8.523813395894297429e-01
2.345351917000000341e+00 -8.543942829628310420e-01
2.359487530000000888e+00 -8.528798843804814567e-01
2.373623142999999658e+00 -8.493520871859283616e-01
2.387758756000000204e+00 -8.440616068614748002e-01
2.401894370000000833e+00 -8.358244742534965965e-01
2.416029982999999604e+00 -8.221000415399570826e-01
2.430165596000000150e+00 -8.036838327140527483e-01
2.444301209000000696e+00 -7.849202984227030555e-01
2.458436821999999466e+00 -7.698207256437488155e-01
2.472572435000000013e+00 -7.610996438150170462e-01
2.486708048000000559e+00 -7.579372425752692877e-01
2.500843660999999329e+00 -7.585903759583114692e-01
2.514979274999999959e+00 -7.625903115860612758e-01
2.529114888000000505e+00 -7.708679655070493908e-01
2.543250500999999275e+00 -7.833085550994294266e-01
2.557386113999999822e+00 -7.981203056836738696e-01
2.571521727000000368e+00 -8.128464472965548637e-01
2.585657339999999138e+00 -8.267875367879682358e-01
2.599792952999999684e+00 -8.410448208844805151e-01
2.613928566000000231e+00 -8.557223548995578355e-01
2.628064180000000860e+00 -8.676470975718242329e-01
2.642199792999999630e+00 -8.727920712261445502e-01
2.656335406000000177e+00 -8.711422211282693340e-01
2.670471019000000723e+00 -8.651314340330129582e-01
2.684606631999999493e+00 -8.590587386446255636e-01
2.698742245000000040e+00 -8.538071024842581735e-01
2.712877858000000586e+00 -8.471617022330617530e-01
2.727013471999999439e+00 -8.384006596324100613e-01
2.741149084999999985e+00 -8.327132064601530104e-01
2.755284698000000532e+00 -8.393633900142960513e-01
2.769420310999999302e+00 -8.618286344031265145e-01
2.783555923999999848e+00 -8.954295137708410124e-01
2.797691537000000395e+00 -9.296948372975908370e-01
2.811827149999999165e+00 -9.556590398437316836e-01
2.825962762999999711e+00 -9.740346695310098113e-01
2.840098377000000340e+00 -9.914476564518164281e-01
2.854233990000000887e+00 -1.012250546056094436e+00
2.868369602999999657e+00 -1.032363323505999908e+00
2.882505216000000203e+00 -1.043474352224106561e+00
2.896640829000000750e+00 -1.040404416957739997e+00
2.910776441999999520e+00 -1.025427293133881257e+00
2.924912055000000066e+00 -1.008157130084074815e+00
2.939047668000000613e+00 -9.960298902385176234e-01
2.953183281999999465e+00 -9.900652741256488198e-01
2.967318895000000012e+00 -9.869591094042320378e-01
2.981454508000000558e+00 -9.842234416696298283e-01
2.995590120999999328e+00 -9.824016909052506463e-01
3.009725733999999875e+00 -9.829395863210832474e-01
3.023861347000000421e+00 -9.861327184505368493e-01
3.037996959999999191e+00 -9.894935746334452276e-01
3.052132572999999738e+00 -9.901104149843389379e-01
3.066268187000000367e+00 -9.855385615855905002e-01
3.080403799999999137e+00 -9.738093797775784211e-01
3.094539412999999684e+00 -9.538580242875509541e-01
3.108675026000000230e+00 -9.287209398746245625e-01
3.122810639000000776e+00 -9.054938998780119874e-01
3.136946251999999546e+00 -8.920308333138589063e-01
3.151081865000000093e+00 -8.903760285840753852e-01
3.165217478000000639e+00 -8.928540720252549079e-01
3.179353091999999492e+00 -8.884798864566745280e-01
3.193488705000000039e+00 -8.719871471478706226e-01
3.207624318000000585e+00 -8.483101385926872240e-01
3.221759930999999355e+00 -8.260082674123427893e-01
3.235895543999999902e+00 -8.076482138068836747e-01
3.250031157000000448e+00 -7.868846901036494756e-01
3.264166769999999218e+00 -7.570047383370903660e-01
3.278302382999999764e+00 -7.204435033138061328e-01
3.292437997000000394e+00 -6.874586734186181047e-01
3.306573609999999164e+00 -6.664499381950719226e-01
3.320709222999999710e+00 -6.544994138291553298e-01
3.334844836000000257e+00 -6.403363507297958890e-01
3.348980449000000803e+00 -6.162249796577530248e-01
3.363116061999999573e+00 -5.866250751127770613e-01
3.377251675000000120e+00 -5.619498535586231469e-01
3.391387288000000666e+00 -5.471747148751724410e-01
3.405522901999999519e+00 -5.389062591322630880e-01
3.419658515000000065e+00 -5.293692048153619822e-01
3.433794128000000612e+00 -5.162164526963826106e-01
3.447929740999999382e+00 -5.040447379303216735e-01
3.462065353999999928e+00 -4.994873103776997780e-01
3.476200967000000475e+00 -5.028911678304490707e-01
3.490336579999999245e+00 -5.089437524627351550e-01
3.504472192999999791e+00 -5.134071555088892680e-01
3.518607807000000420e+00 -5.140005071017705873e-01
3.532743419999999190e+00 -5.125465346597168903e-01
3.546879032999999737e+00 -5.115318949831966222e-01
3.561014646000000283e+00 -5.146037036095041373e-01
3.575150259000000830e+00 -5.246893393287619389e-01
3.589285871999999600e+00 -5.420142206356111103e-01
3.603421485000000146e+00 -5.632102650832830903e-01
3.617557098000000693e+00 -5.819105091228164994e-01
3.631692711999999545e+00 -5.941180608446483546e-01
3.645828325000000092e+00 -6.022075954623584693e-01
3.659963938000000638e+00 -6.113199198286700664e-01
3.674099550999999408e+00 -6.212049456611286047e-01
3.688235163999999955e+00 -6.252752653484252576e-01
3.702370777000000501e+00 -6.144705750149963563e-01
3.716506389999999271e+00 -5.878644804880206465e-01
3.730642002999999818e+00 -5.544616668140411875e-01
3.744777617000000447e+00 -5.272069197102515759e-01
3.758913229999999217e+00 -5.102354624998568511e-01
3.773048842999999763e+00 -4.971234083700091233e-01
3.787184456000000310e+00 -4.782278855329877842e-01
3.801320069000000856e+00 -4.516556719034916512e-01
3.815455681999999626e+00 -4.282459136471121752e-01
3.829591295000000173e+00 -4.193070229215347666e-01
3.843726908000000719e+00 -4.282303507802627252e-01
3.857862521999999572e+00 -4.460182271722921143e-01
3.871998135000000119e+00 -4.617622956194162853e-01
3.886133748000000665e+00 -4.738738986999813108e-01
3.900269360999999435e+00 -4.888428603068311062e-01
3.914404973999999982e+00 -5.112793430665503180e-01
3.928540587000000528e+00 -5.351736785008371911e-01
3.942676199999999298e+00 -5.484887631548307496e-01
3.956811812999999844e+00 -5.428333318233944382e-01
3.970947427000000474e+00 -5.250106660991988861e-01
3.985083039999999244e+00 -5.094582700177632262e-01
3.999218652999999790e+00 -5.046593582831588876e-01
4.013354266000000337e+00 -5.067733530420870380e-01
4.027489879000000883e+00 -5.064429535611960631e-01
4.041625491999999653e+00 -5.013328775174805685e-01
4.055761105000000200e+00 -4.977037419653331796e-01
4.069896718000000746e+00 -5.043885530144462948e-01
4.084032331999999599e+00 -5.206679343778892743e-01
4.098167945000000145e+00 -5.374943154365263709e-01
4.112303558000000692e+00 -5.460197439808398556e-01
4.126439170999999462e+00 -5.474036097592192007e-01
4.140574784000000008e+00 -5.499463262520372098e-01
4.154710397000000555e+00 -5.599489116394957833e-01
4.168846009999999325e+00 -5.763030325106122120e-01
4.182981622999999871e+00 -5.899214195088591239e-01
4.197117237000000500e+00 -5.923791976544512394e-01
4.211252849999999270e+00 -5.824784306990791194e-01
4.225388462999999817e+00 -5.651483937064574192e-01
4.239524076000000363e+00 -5.460645646651229868e-01
4.253659688999999133e+00 -5.270776719076968320e-01
4.267795301999999680e+00 -5.055792720141898400e-01
4.281930915000000226e+00 -4.793890890048970732e-01
4.296066528000000773e+00 -4.523145715989231874e-01
4.310202141999999625e+00 -4.327910075687348979e-01
4.324337755000000172e+00 -4.264583448691023904e-01
4.338473368000000718e+00 -4.310811658305437888e-01
4.352608980999999488e+00 -4.381204015140722774e-01
4.366744594000000035e+00 -4.406001137877284535e-01
4.380880207000000581e+00 -4.396020307298362795e-01
4.395015819999999351e+00 -4.430027597332788503e-01
4.409151433999999981e+00 -4.559388182317123395e-01
4.423287047000000527e+00 -4.770373188404306575e-01
4.437422659999999297e+00 -4.986795482272361468e-01
4.451558272999999843e+00 -5.146708703381568384e-01
4.465693886000000390e+00 -5.245944899457439803e-01
4.479829498999999160e+00 -5.316674321652863355e-01
4.493965111999999706e+00 -5.373574269703098594e-01
4.508100725000000253e+00 -5.369220296768988376e-01
4.522236339000000882e+00 -5.254749467498802673e-01
4.536371951999999652e+00 -4.995939827382134268e-01
4.550507565000000199e+00 -4.617385285007147289e-01
4.564643178000000745e+00 -4.179561700769331978e-01
4.578778790999999515e+00 -3.727820498160943075e-01
4.592914404000000062e+00 -3.276698539578406510e-01
4.607050017000000608e+00 -2.829499965025723540e-01
4.621185629999999378e+00 -2.410454437280300510e-01
4.635321244000000007e+00 -2.042352716083843944e-01
4.649456857000000554e+00 -1.736901285560872310e-01
4.663592469999999324e+00 -1.464732236475887461e-01
4.677728082999999870e+00 -1.191570175910010576e-01
4.691863696000000417e+00 -9.113977966149722221e-02
4.705999308999999187e+00 -6.831841270140248668e-02
4.720134921999999733e+00 -5.572882553893698798e-02
4.734270535000000280e+00 -5.411149089189315475e-02
4.748406148999999132e+00 -5.865171536737090463e-02
4.762541761999999679e+00 -6.353675139718539810e-02
4.776677375000000225e+00 -6.809975143133062403e-02
4.790812988000000772e+00 -7.441430277661176262e-02
4.804948600999999542e+00 -8.354618888688669642e-02
4.819084214000000088e+00 -8.893619726638313239e-02
4.833219827000000635e+00 -8.279913382394266108e-02
4.847355439999999405e+00 -6.063387142184595291e-02
4.861491054000000034e+00 -2.604295423040081658e-02
4.875626667000000580e+00 1.153847130439356050e-02
4.889762279999999350e+00 4.454014194479505306e-02
4.903897892999999897e+00 7.126932766139404407e-02
4.918033506000000443e+00 9.437737469771345644e-02
4.932169118999999213e+00 1.165722870217171803e-01
4.946304731999999760e+00 1.368985500360784258e-01
4.960440345000000306e+00 1.521205709003261575e-01
4.974575958999999159e+00 1.610758846601223482e-01
4.988711571999999705e+00 1.669810300537877268e-01
5.002847185000000252e+00 1.742438390285014904e-01
5.016982798000000798e+00 1.842636330307048098e-01
5.031118410999999568e+00 1.936994221997121457e-01
5.045254024000000115e+00 1.963051092385983409e-01
5.059389637000000661e+00 1.881908202212105863e-01
5.073525249999999431e+00 1.697694381401344543e-01
5.087660864000000061e+00 1.449365762940288960e-01
5.101796477000000607e+00 1.186192373199510541e-01
5.115932089999999377e+00 9.563065561278527582e-02
5.130067702999999923e+00 8.012567313176788275e-02
5.144203316000000470e+00 7.459309085216503377e-02
5.158338928999999240e+00 8.047492973292236229e-02
5.172474541999999786e+00 9.887993265271433074e-02
5.186610155000000333e+00 1.297260076353206060e-01
5.200745768999999186e+00 1.703979747853452409e-01
5.214881381999999732e+00 2.164813558044178521e-01
5.229016995000000279e+00 2.613687973783562768e-01
5.243152608000000825e+00 2.997615923062610932e-01
5.257288220999999595e+00 3.307578409522031748e-01
5.271423834000000141e+00 3.544771547935132716e-01
5.285559447000000688e+00 3.704857828729446467e-01
5.299695059999999458e+00 3.777331471208391633e-01
5.313830674000000087e+00 3.776273849359936818e-01
5.327966287000000634e+00 3.724247824115387573e-01
5.342101899999999404e+00 3.638639161091905549e-01
5.356237512999999950e+00 3.525854685431930591e-01
5.370373126000000497e+00 3.380069436642489933e-01
5.384508738999999267e+00 3.235280805691056472e-01
5.398644351999999813e+00 3.158480222107682422e-01
5.412779965000000360e+00 3.195347639464776179e-01
5.426915578999999212e+00 3.304538174088982316e-01
5.441051191999999759e+00 3.376475116352137817e-01
5.455186805000000305e+00 3.339337579059016292e-01
5.469322418000000852e+00 3.206469629705956947e-01
5.483458030999999622e+00 3.060664124352507898e-01
5.497593644000000168e+00 2.950160841491396013e-01
5.511729257000000715e+00 2.830142569150648768e-01
5.525864869999999485e+00 2.621217321018489699e-01
5.540000484000000114e+00 2.322907476768154567e-01
5.554136097000000660e+00 2.058473443348765031e-01
5.568271709999999430e+00 1.977170987243983546e-01
5.582407322999999977e+00 2.134157645762977396e-01
5.596542936000000523e+00 2.448675486718405736e-01
5.610678548999999293e+00 2.795732035844844532e-01
5.624814161999999840e+00 3.110910231642627366e-01
5.638949775000000386e+00 3.414304144728754764e-01
5.653085388999999239e+00 3.737460082677657169e-01
5.667221001999999785e+00 4.059571822279810505e-01
5.681356615000000332e+00 4.327216438574668089e-01
5.695492228000000878e+00 4.499905811302742364e-01
5.709627840999999648e+00 4.594177302325608281e-01
5.723763454000000195e+00 4.643664562076503799e-01
5.737899067000000741e+00 4.677384518275138348e-01
5.752034679999999511e+00 4.718582501730157475e-01
5.766170294000000140e+00 4.781726231825089712e-01
5.780305907000000687e+00 4.889700252002802117e-01
5.794441519999999457e+00 5.019424832991772334e-01
5.808577133000000003e+00 5.093088042161566520e-01
5.822712746000000550e+00 5.039525688684616256e-01
5.836848358999999320e+00 4.860837038051437631e-01
5.850983971999999866e+00 4.632749192720755360e-01
5.865119585000000413e+00 4.431682056631762734e-01
5.879255198999999266e+00 4.267889091657695033e-01
5.893390811999999812e+00 4.049656965993486679e-01
5.907526425000000359e+00 3.691106875124061659e-01
5.921662037999999129e+00 3.221355622469994628e-01
5.935797650999999675e+00 2.766092684083005793e-01
5.949933264000000221e+00 2.456859093413523709e-01
5.964068877000000768e+00 2.321365489162854345e-01
5.978204490999999621e+00 2.267851059725192187e-01
5.992340104000000167e+00 2.200920949820108774e-01
6.006475717000000714e+00 2.107618641138175875e-01
6.020611329999999484e+00 2.060321947502776752e-01
6.034746943000000030e+00 2.116014898741589434e-01
6.048882556000000577e+00 2.249407618104966033e-01
6.063018168999999347e+00 2.379839185174041916e-01
6.077153781999999893e+00 2.453500795534298007e-01
6.091289396000000522e+00 2.497623767229102398e-01
6.105425008999999292e+00 2.585014455276324341e-01
6.119560621999999839e+00 2.760346011346275219e-01
6.133696235000000385e+00 3.001416648278310007e-01
6.147831847999999155e+00 3.260126351371601672e-01
6.161967460999999702e+00 3.486012142900447586e-01
6.176103074000000248e+00 3.639129765989812526e-01
6.190238687000000795e+00 3.694839402353586877e-01
6.204374300999999647e+00 3.635040831973892494e-01
6.218509914000000194e+00 3.457340384714431281e-01
6.232645527000000740e+00 3.210804085482266146e-01
6.246781139999999510e+00 2.953146751002488912e-01
6.260916753000000057e+00 2.725579881754160994e-01
6.275052366000000603e+00 2.539573252291917882e-01
6.289187978999999373e+00 2.405143964476534890e-01
6.303323591999999920e+00 2.344735632954950688e-01
6.317459206000000549e+00 2.388194175484761317e-01
6.331594818999999319e+00 2.547592527450825983e-01
6.345730431999999865e+00 2.773033246704361687e-01
6.359866045000000412e+00 2.998224949047312293e-01
6.374001657999999182e+00 3.174111148555374129e-01
6.388137270999999728e+00 3.318800836609332450e-01
6.402272884000000275e+00 3.478177854480231090e-01
6.416408497000000821e+00 3.678155530422513309e-01
6.430544110999999674e+00 3.898055363546770735e-01
6.444679724000000220e+00 4.058031027045974071e-01
6.458815337000000767e+00 4.101113558518569846e-01
6.472950949999999537e+00 4.037969027710754943e-01
6.487086563000000083e+00 3.950751570387929235e-01
6.501222176000000630e+00 3.922977041559549960e-01
6.515357788999999400e+00 3.984672797741684036e-01
6.529493401999999946e+00 4.100356703405019232e-01
6.543629016000000576e+00 4.224458463234679328e-01
6.557764628999999346e+00 4.361284047937088459e-01
6.571900241999999892e+00 4.565331468433955209e-01
6.586035855000000439e+00 4.855155064572347356e-01
6.600171467999999209e+00 5.157961453512216465e-01
6.614307080999999755e+00 5.356695203919032977e-01
6.628442694000000301e+00 5.360192450484317916e-01
6.642578307000000848e+00 5.186372098760747562e-01
6.656713920999999701e+00 4.939872233228408405e-01
6.670849534000000247e+00 4.745881293101703591e-01
6.684985147000000794e+00 4.659136240071601875e-01
6.699120759999999564e+00 4.686051038951291048e-01
6.713256373000000110e+00 4.805177302837817521e-01
6.727391986000000657e+00 4.969123420530525692e-01
6.741527598999999427e+00 5.149903514599918353e-01
6.755663211999999973e+00 5.322876320416360940e-01
6.769798826000000602e+00 5.491966923248563504e-01
6.783934438999999372e+00 5.659963882457521578e-01
6.798070051999999919e+00 5.825324270206611033e-01
6.812205665000000465e+00 5.961992003719958078e-01
6.826341277999999235e+00 6.034371067863526505e-01
6.840476890999999782e+00 6.060680666757134460e-01
6.854612504000000328e+00 6.101576317327008780e-01
6.868748117000000875e+00 6.227256592850771710e-01
6.882883730999999727e+00 6.439302958442914004e-01
6.897019344000000274e+00 6.659953608151996107e-01
6.911154957000000820e+00 6.761710981089965600e-01
6.925290569999999590e+00 6.667488764658449085e-01
6.939426183000000137e+00 6.411149955839370307e-01
6.953561796000000683e+00 6.116186774097274181e-01
6.967697408999999453e+00 5.922164367835174303e-01
6.981833022000000000e+00 5.923355707939412795e-01
6.995968636000000629e+00 6.146722513587814518e-01
7.010104248999999399e+00 6.619266328056401250e-01
7.024239861999999945e+00 7.452718034848935247e-01
7.038375475000000492e+00 8.823540146406827489e-01
7.052511087999999262e+00 1.091486725410953262e+00
7.066646700999999808e+00 1.382497286698336048e+00
7.080782314000000355e+00 1.755236237622162854e+00
7.094917926999999125e+00 2.205244438582650623e+00
7.109053540999999754e+00 2.732883599486863879e+00
7.123189154000000300e+00 3.344957936361657502e+00
7.137324767000000847e+00 4.046905942321442851e+00
7.151460379999999617e+00 4.838957430148875360e+00
7.165595993000000163e+00 5.712083113101339649e+00
7.179731606000000710e+00 6.651674942491506037e+00
7.193867218999999480e+00 7.646943315913537376e+00
7.208002832000000026e+00 8.694325680307272819e+00
7.222138446000000656e+00 9.798383556635798186e+00
7.236274058999999426e+00 1.096846329069194148e+01
7.250409671999999972e+00 1.221784992971119621e+01
7.264545285000000518e+00 1.355804432479111910e+01
7.278680897999999289e+00 1.499531915395588300e+01
7.292816510999999835e+00 1.652901491489810226e+01
7.306952124000000381e+00 1.815002877562442052e+01
7.321087736999999152e+00 1.984542835751967260e+01
7.335223350999999781e+00 2.160403893195994485e+01
7.349358964000000327e+00 2.342021513063520999e+01
7.363494577000000874e+00 2.529224499716222496e+01
7.377630189999999644e+00 2.722160171192330225e+01
7.391765803000000190e+00 2.921443547674375196e+01
7.405901416000000737e+00 3.127900546408534410e+01
7.420037028999999507e+00 3.341800894640152819e+01
7.434172642000000053e+00 3.561798008500808521e+01
7.448308256000000682e+00 3.783762018879293976e+01
7.462443868999999452e+00 4.001089281357106131e+01
7.476579481999999999e+00 4.206090973401994404e+01
7.490715095000000545e+00 4.391570547351836495e+01
7.504850707999999315e+00 4.552009567914642219e+01
7.518986320999999862e+00 4.683986012152413991e+01
7.533121934000000408e+00 4.786434758577958348e+01
7.547257546999999178e+00 4.860617712429051807e+01
7.561393160999999807e+00 4.910129651571676845e+01
7.575528774000000354e+00 4.318955356476263319e+01
7.589664386999999124e+00 3.714218403763203469e+01
7.603799999999999670e+00 3.101093628738637875e+01
