# r_minus_2Rs_A, PMF_over_kBT
-5.492099999999999760e-01 2.220279679100127268e+01
-5.350753369999998732e-01 2.774347134789795888e+01
-5.209406740000002145e-01 3.325811601601935763e+01
-5.068060120000001945e-01 3.871165713078951853e+01
-4.926713490000000917e-01 4.404007771961187956e+01
-4.785366859999999889e-01 4.359164503426109860e+01
-4.644020229999998861e-01 4.277597111013739095e+01
-4.502673599999997833e-01 4.143073777685525272e+01
-4.361326980000002074e-01 3.940390227149192981e+01
-4.219980350000001046e-01 3.659770085399762962e+01
-4.078633720000000018e-01 3.300502580185987966e+01
-3.937287089999998990e-01 2.872118559777434754e+01
-3.795940469999998790e-01 2.392851886782496251e+01
-3.654593840000002203e-01 1.886207397305097189e+01
-3.513247210000001175e-01 1.377362515679363142e+01
-3.371900580000000147e-01 8.900817393380032527e+00
-3.230553949999999119e-01 4.442801858375599267e+00
-3.089207329999998919e-01 5.354262295695098040e-01
-2.947860699999997891e-01 -2.768831969643205326e+00
-2.806514070000001304e-01 -5.500753228467183398e+00
-2.665167440000000276e-01 -7.749154989504592805e+00
-2.523820809999999248e-01 -9.618807520690371149e+00
-2.382474189999999048e-01 -1.119441544334550187e+01
-2.241127559999998020e-01 -1.252762579573017732e+01
-2.099780930000001433e-01 -1.364754417109445050e+01
-1.958434300000000405e-01 -1.457588354912720519e+01
-1.817087669999999378e-01 -1.533498600998795425e+01
-1.675741049999999177e-01 -1.594648560091445333e+01
-1.534394419999998149e-01 -1.642876457058183348e+01
-1.393047790000001562e-01 -1.679833800748175321e+01
-1.251701160000000534e-01 -1.707437981686070216e+01
-1.110354529999999507e-01 -1.727622992846107763e+01
-9.690079099999993062e-02 -1.741774540652134107e+01
-8.276612799999982784e-02 -1.750503879726210954e+01
-6.863146500000016914e-02 -1.753984347685698708e+01
-5.449680200000006636e-02 -1.752638909472245388e+01
-4.036214000000004631e-02 -1.747477621697351680e+01
-2.622747699999994353e-02 -1.739873816681465968e+01
-1.209281399999984075e-02 -1.730863261008847331e+01
2.041849000000262038e-03 -1.720876655970759828e+01
1.617651200000036482e-02 -1.709935161765236700e+01
3.031117400000038486e-02 -1.698147307272175510e+01
4.444583699999959947e-02 -1.685916214279339442e+01
5.858049999999970225e-02 -1.673742226789453724e+01
7.271516299999980504e-02 -1.661914965376649178e+01
8.684982599999990782e-02 -1.650313311331321842e+01
1.009844879999999279e-01 -1.638592167709865777e+01
1.151191510000000306e-01 -1.626560109673465604e+01
1.292538140000001334e-01 -1.614299680198865516e+01
1.433884770000002362e-01 -1.602122394354581658e+01
1.575231400000003390e-01 -1.590280614784363244e+01
1.716578020000003590e-01 -1.578691434483151923e+01
1.857924649999995736e-01 -1.567108807819080241e+01
1.999271279999996764e-01 -1.555422749640364088e+01
2.140617909999997792e-01 -1.543743850216406344e+01
2.281964529999997993e-01 -1.532309718374916940e+01
2.423311159999999020e-01 -1.521330398703522491e+01
2.564657790000000048e-01 -1.510632249474765665e+01
2.706004420000001076e-01 -1.499822291818293429e+01
2.847351050000002104e-01 -1.488705028452058876e+01
2.988697670000002304e-01 -1.477315355878311820e+01
3.130044300000003332e-01 -1.465798038431705841e+01
3.271390930000004360e-01 -1.454209725878268955e+01
3.412737559999996506e-01 -1.442489183902306138e+01
3.554084189999997534e-01 -1.430524918041140481e+01
3.695430809999997734e-01 -1.418432164155640862e+01
3.836777439999998762e-01 -1.406440375074963178e+01
3.978124069999999790e-01 -1.394695296792642480e+01
4.119470700000000818e-01 -1.383166761486076091e+01
4.260817330000001846e-01 -1.371690245838227185e+01
4.402163950000002046e-01 -1.360137710589124005e+01
4.543510580000003074e-01 -1.348439480374002031e+01
4.684857210000004102e-01 -1.336699833306822072e+01
4.826203839999996248e-01 -1.325064322532313632e+01
4.967550469999997276e-01 -1.313663038983024833e+01
5.108897089999997476e-01 -1.302509896189192418e+01
5.250243719999998504e-01 -1.291468129880271398e+01
5.391590349999999532e-01 -1.280431005111387677e+01
5.532936980000000560e-01 -1.269465153009794989e+01
5.674283600000000760e-01 -1.258815530590536547e+01
5.815630230000001788e-01 -1.248485313539820396e+01
5.956976860000002816e-01 -1.238179795348569989e+01
6.098323490000003844e-01 -1.227480423794342101e+01
6.239670119999995990e-01 -1.216282069058522097e+01
6.381016739999996190e-01 -1.204990453536700912e+01
6.522363369999997218e-01 -1.194162284837683785e+01
6.663709999999998246e-01 -1.183933395851705406e+01
6.805056629999999274e-01 -1.173981098835490045e+01
6.946403260000000301e-01 -1.163811550314063759e+01
7.087749880000000502e-01 -1.153230698746232719e+01
7.229096510000001530e-01 -1.142454037991178595e+01
7.370443140000002558e-01 -1.131885841957585015e+01
7.511789770000003585e-01 -1.121591134801845158e+01
7.653136399999995731e-01 -1.111253735991017777e+01
7.794483019999995932e-01 -1.100470325097588642e+01
7.935829649999996960e-01 -1.088984348222687260e+01
8.077176279999997988e-01 -1.077131368011889911e+01
8.218522909999999015e-01 -1.065524290352416337e+01
8.359869529999999216e-01 -1.054550382544292475e+01
8.501216160000000244e-01 -1.044078426471485876e+01
8.642562790000001272e-01 -1.033635913363601588e+01
8.783909420000002299e-01 -1.022865002312224192e+01
8.925256050000003327e-01 -1.011872152354982823e+01
9.066602670000003528e-01 -1.001246454657826845e+01
9.207949299999995674e-01 -9.913420540779549484e+00
9.349295929999996702e-01 -9.819739112974934514e+00
9.490642559999997729e-01 -9.727622002965169656e+00
9.631989189999998757e-01 -9.634877812381734685e+00
9.773335809999998958e-01 -9.542493178931104936e+00
9.914682439999999986e-01 -9.452332275087002245e+00
1.005602907000000101e+00 -9.363098869106810440e+00
1.019737570000000204e+00 -9.270419854925094683e+00
1.033872233000000307e+00 -9.170854766164673322e+00
1.048006895000000327e+00 -9.065258563447450513e+00
1.062141558000000430e+00 -8.956050263569004244e+00
1.076276220999999644e+00 -8.844530573420325226e+00
1.090410883999999747e+00 -8.731416978109081128e+00
1.104545546999999850e+00 -8.617264906582121853e+00
1.118680208999999870e+00 -8.505769439744739202e+00
1.132814871999999973e+00 -8.400550585004610937e+00
1.146949535000000076e+00 -8.303330851131352830e+00
1.161084198000000178e+00 -8.210346602637208946e+00
1.175218860000000198e+00 -8.115675162624242489e+00
1.189353523000000301e+00 -8.016144795469910989e+00
1.203488186000000404e+00 -7.912893290884954745e+00
1.217622848999999619e+00 -7.810192838132341997e+00
1.231757511999999721e+00 -7.710436143470329462e+00
1.245892173999999741e+00 -7.611599417307327364e+00
1.260026836999999844e+00 -7.509614549501243630e+00
1.274161499999999947e+00 -7.404228959415692479e+00
1.288296163000000050e+00 -7.300014059852679260e+00
1.302430826000000152e+00 -7.203151204767836546e+00
1.316565488000000173e+00 -7.115582011265749962e+00
1.330700151000000275e+00 -7.034110563446182240e+00
1.344834814000000378e+00 -6.952914320526595304e+00
1.358969476999999593e+00 -6.869375647228091353e+00
1.373104139999999695e+00 -6.784571196005348526e+00
1.387238801999999716e+00 -6.699901465172662718e+00
1.401373464999999818e+00 -6.614202772955907861e+00
1.415508127999999921e+00 -6.524738523820174052e+00
1.429642791000000024e+00 -6.431383482197345458e+00
1.443777453000000044e+00 -6.335347056143835864e+00
1.457912116000000147e+00 -6.238618326159337535e+00
1.472046779000000249e+00 -6.142775439720590924e+00
1.486181442000000352e+00 -6.048168775193678570e+00
1.500316104999999567e+00 -5.955237500882169854e+00
1.514450766999999587e+00 -5.865155080252801412e+00
1.528585429999999690e+00 -5.777530403519525848e+00
1.542720092999999792e+00 -5.689984872867463572e+00
1.556854755999999895e+00 -5.602678048004398725e+00
1.570989418999999998e+00 -5.518998048386813515e+00
1.585124081000000018e+00 -5.443318065221273372e+00
1.599258744000000121e+00 -5.375903040305116676e+00
1.613393407000000224e+00 -5.312153505929363639e+00
1.627528070000000326e+00 -5.245213140109050265e+00
1.641662733000000429e+00 -5.172094843485322002e+00
1.655797394999999561e+00 -5.095077649392792729e+00
1.669932057999999664e+00 -5.016374391247202524e+00
1.684066720999999767e+00 -4.935107448256275120e+00
1.698201383999999869e+00 -4.848158125651412576e+00
1.712336046999999972e+00 -4.756175090298132346e+00
1.726470708999999992e+00 -4.665004285280947904e+00
1.740605372000000095e+00 -4.582777175719968454e+00
1.754740035000000198e+00 -4.512937181890920968e+00
1.768874698000000301e+00 -4.451100868265926991e+00
1.783009360000000321e+00 -4.390405115401305736e+00
1.797144023000000423e+00 -4.327312011986402140e+00
1.811278685999999638e+00 -4.262107779851839418e+00
1.825413348999999741e+00 -4.195108261447849429e+00
1.839548011999999844e+00 -4.124785266947719187e+00
1.853682673999999864e+00 -4.047451533189915907e+00
1.867817336999999966e+00 -3.961089977352229674e+00
1.881952000000000069e+00 -3.869330796214923929e+00
1.896086663000000172e+00 -3.778790906396009674e+00
1.910221326000000275e+00 -3.693348767861243331e+00
1.924355988000000295e+00 -3.612204007061079913e+00
1.938490651000000398e+00 -3.533531136732520395e+00
1.952625313999999612e+00 -3.457242456131298880e+00
1.966759976999999715e+00 -3.387325381752232190e+00
1.980894639999999818e+00 -3.326529991483118565e+00
1.995029301999999838e+00 -3.273141002259035481e+00
2.009163964999999941e+00 -3.220724068291293207e+00
2.023298628000000043e+00 -3.163101626296930924e+00
2.037433291000000146e+00 -3.099953610500360668e+00
2.051567953000000166e+00 -3.035722953717524319e+00
2.065702616000000269e+00 -2.975384118601104966e+00
2.079837279000000372e+00 -2.918335557964473637e+00
2.093971941999999586e+00 -2.860664889369159525e+00
2.108106604999999689e+00 -2.799716210931213922e+00
2.122241266999999709e+00 -2.738266241396983602e+00
2.136375929999999812e+00 -2.682144243651026549e+00
2.150510592999999915e+00 -2.634005571242065358e+00
2.164645256000000018e+00 -2.590250120558108549e+00
2.178779919000000120e+00 -2.541657256267215281e+00
2.192914581000000140e+00 -2.482156509458923743e+00
2.207049244000000243e+00 -2.413257701150903323e+00
2.221183907000000346e+00 -2.341895396880579128e+00
2.235318569999999561e+00 -2.273594465332949177e+00
2.249453232999999663e+00 -2.209515733780134994e+00
2.263587894999999683e+00 -2.147087970578744454e+00
2.277722557999999786e+00 -2.085037504804332364e+00
2.291857220999999889e+00 -2.026866931811892591e+00
2.305991883999999992e+00 -1.976807639606629863e+00
2.320126547000000095e+00 -1.935607603798469079e+00
2.334261209000000115e+00 -1.897658275906946024e+00
2.348395872000000217e+00 -1.856404115614196826e+00
2.362530535000000320e+00 -1.809285650847499483e+00
2.376665198000000423e+00 -1.760170499224468443e+00
2.390799860000000443e+00 -1.714422872043485313e+00
2.404934522999999658e+00 -1.673152423273881695e+00
2.419069185999999760e+00 -1.633612974065399293e+00
2.433203848999999863e+00 -1.593354608317358867e+00
2.447338511999999966e+00 -1.556414934767424540e+00
2.461473173999999986e+00 -1.528252672556395630e+00
2.475607837000000089e+00 -1.510333195052860233e+00
2.489742500000000192e+00 -1.495444129932797850e+00
2.503877163000000294e+00 -1.473463648778897905e+00
2.518011826000000397e+00 -1.441693477515748611e+00
2.532146488000000417e+00 -1.407486162136882157e+00
2.546281150999999632e+00 -1.380587407850867088e+00
2.560415813999999735e+00 -1.361706686419982049e+00
2.574550476999999837e+00 -1.343209299147553715e+00
2.588685139999999940e+00 -1.317582793279781228e+00
2.602819801999999960e+00 -1.287511054346646588e+00
2.616954465000000063e+00 -1.262356567763759152e+00
2.631089128000000166e+00 -1.247757408441199090e+00
2.645223791000000269e+00 -1.238157468029270625e+00
2.659358453000000289e+00 -1.222883688104556832e+00
2.673493116000000391e+00 -1.197409864646062694e+00
2.687627778999999606e+00 -1.168060000119433894e+00
2.701762441999999709e+00 -1.144265791314129643e+00
2.715897104999999812e+00 -1.128417961910274769e+00
2.730031766999999832e+00 -1.115171198692185506e+00
2.744166429999999934e+00 -1.097756099723595113e+00
2.758301093000000037e+00 -1.076062748463188612e+00
2.772435756000000140e+00 -1.054808966270546655e+00
2.786570419000000243e+00 -1.037644557837226422e+00
2.800705081000000263e+00 -1.022724185788271178e+00
2.814839744000000366e+00 -1.005749279985376887e+00
2.828974406999999580e+00 -9.849247935788278951e-01
2.843109069999999683e+00 -9.621219455142862031e-01
2.857243732999999786e+00 -9.408042309628168454e-01
2.871378394999999806e+00 -9.213300926974676841e-01
2.885513057999999909e+00 -9.020984174921409249e-01
2.899647721000000011e+00 -8.806411220131291628e-01
2.913782384000000114e+00 -8.558398341976802826e-01
2.927917047000000217e+00 -8.281173230378575667e-01
2.942051709000000237e+00 -7.996110230224626747e-01
2.956186372000000340e+00 -7.739830415383286422e-01
2.970321035000000442e+00 -7.550551989746745463e-01
2.984455697999999657e+00 -7.442856327361537794e-01
2.998590359999999677e+00 -7.398174580118528354e-01
3.012725022999999780e+00 -7.393212587053712426e-01
3.026859685999999883e+00 -7.426765472540877155e-01
3.040994348999999985e+00 -7.522137050583568296e-01
3.055129012000000088e+00 -7.678417627835267822e-01
3.069263674000000108e+00 -7.843833644807496341e-01
3.083398337000000211e+00 -7.924189797894234388e-01
3.097533000000000314e+00 -7.865994470891566337e-01
3.111667663000000417e+00 -7.690579821385910009e-01
3.125802325999999631e+00 -7.470782744693877930e-01
3.139936987999999651e+00 -7.248604508626641518e-01
3.154071650999999754e+00 -6.998722965826980058e-01
3.168206313999999857e+00 -6.676217757877598302e-01
3.182340976999999960e+00 -6.290104535567833111e-01
3.196475640000000062e+00 -5.922029235727119811e-01
3.210610302000000083e+00 -5.660590628900283861e-01
3.224744965000000185e+00 -5.525255804599407128e-01
3.238879628000000288e+00 -5.445214141785958972e-01
3.253014291000000391e+00 -5.339492342499161381e-01
3.267148953000000411e+00 -5.199410376658830657e-01
3.281283615999999626e+00 -5.097250270414734885e-01
3.295418278999999728e+00 -5.094085205901688340e-01
3.309552941999999831e+00 -5.170175359484527888e-01
3.323687604999999934e+00 -5.230497149889847819e-01
3.337822266999999954e+00 -5.188017943959204459e-01
3.351956930000000057e+00 -5.047062477023578353e-01
3.366091593000000159e+00 -4.889730466710773271e-01
3.380226256000000262e+00 -4.796887191296672626e-01
3.394360919000000365e+00 -4.772696834254581688e-01
3.408495581000000385e+00 -4.760857731951064764e-01
3.422630243999999600e+00 -4.698109550462774564e-01
3.436764906999999702e+00 -4.575516599391180605e-01
3.450899569999999805e+00 -4.435371863446437857e-01
3.465034232999999908e+00 -4.311334900213612542e-01
3.479168894999999928e+00 -4.190258708823275668e-01
3.493303558000000031e+00 -4.018520868049417771e-01
3.507438221000000134e+00 -3.749257587228207456e-01
3.521572884000000236e+00 -3.380350557203408712e-01
3.535707547000000339e+00 -2.978407031954706241e-01
3.549842209000000359e+00 -2.634778950500944461e-01
3.563976871999999574e+00 -2.417590593059690818e-01
3.578111534999999677e+00 -2.334446903238962534e-01
3.592246197999999779e+00 -2.340951299025757493e-01
3.606380859999999799e+00 -2.378410062768381295e-01
3.620515522999999902e+00 -2.418216205350613990e-01
3.634650186000000005e+00 -2.484064861049013473e-01
3.648784849000000108e+00 -2.612104467808169517e-01
3.662919512000000211e+00 -2.815138179830389831e-01
3.677054174000000231e+00 -3.052256004007105616e-01
3.691188837000000333e+00 -3.255497757346770271e-01
3.705323500000000436e+00 -3.379941540493556218e-01
3.719458162999999651e+00 -3.431540803206933887e-01
3.733592825999999754e+00 -3.449000561449837576e-01
3.747727487999999774e+00 -3.460905883826566054e-01
3.761862150999999876e+00 -3.466337971582644784e-01
3.775996813999999979e+00 -3.441625553098015544e-01
3.790131477000000082e+00 -3.369017530017854867e-01
3.804266140000000185e+00 -3.252288902396998083e-01
3.818400802000000205e+00 -3.115303301918332934e-01
3.832535465000000308e+00 -2.980688286717816382e-01
3.846670128000000410e+00 -2.856142784614261743e-01
3.860804790999999625e+00 -2.729887445989751527e-01
3.874939452999999645e+00 -2.575374116043080974e-01
3.889074115999999748e+00 -2.368033608654407374e-01
3.903208778999999851e+00 -2.106075514102361268e-01
3.917343441999999953e+00 -1.830330811666316393e-01
3.931478105000000056e+00 -1.609681491850603052e-01
3.945612767000000076e+00 -1.494523081549576915e-01
3.959747430000000179e+00 -1.490816525636988743e-01
3.973882093000000282e+00 -1.553067691154410568e-01
3.988016756000000385e+00 -1.639014831200693578e-01
4.002151419000000487e+00 -1.738273832634398275e-01
4.016286081000000507e+00 -1.868431310599598660e-01
4.030420744000000610e+00 -2.030766009462041666e-01
4.044555407000000713e+00 -2.182988227971467410e-01
4.058690070000000816e+00 -2.263108129930957446e-01
4.072824732999999142e+00 -2.237302835439924920e-01
4.086959394999999162e+00 -2.138470439619331032e-01
4.101094057999999265e+00 -2.027181315152830621e-01
4.115228720999999368e+00 -1.940425569713086773e-01
4.129363383999999471e+00 -1.860604250185211583e-01
4.143498046999999573e+00 -1.759788354869691318e-01
4.157632708999999593e+00 -1.643222347374768688e-01
4.171767371999999696e+00 -1.568425180421710863e-01
4.185902034999999799e+00 -1.594711931091969959e-01
4.200036697999999902e+00 -1.719341285914453010e-01
4.214171359999999922e+00 -1.875735221198304714e-01
4.228306023000000025e+00 -1.974962760783691706e-01
4.242440686000000127e+00 -1.986689174030269456e-01
4.256575349000000230e+00 -1.933150173983761988e-01
4.270710012000000333e+00 -1.853530750840102215e-01
4.284844674000000353e+00 -1.755912377783364064e-01
4.298979337000000456e+00 -1.630754345763154589e-01
4.313114000000000559e+00 -1.482400811259880768e-01
4.327248663000000661e+00 -1.343862689232979690e-01
4.341383326000000764e+00 -1.259108549173850733e-01
4.355517988000000784e+00 -1.244661103207320707e-01
4.369652651000000887e+00 -1.287564853764848749e-01
4.383787313999999213e+00 -1.354570720387568983e-01
4.397921976999999316e+00 -1.415464155260313106e-01
4.412056639999999419e+00 -1.453669919902633723e-01
4.426191301999999439e+00 -1.468923076501260638e-01
4.440325964999999542e+00 -1.467169963290055890e-01
4.454460627999999645e+00 -1.473899063728030256e-01
4.468595290999999747e+00 -1.513820710903663880e-01
4.482729952999999767e+00 -1.593974358201046826e-01
4.496864615999999870e+00 -1.702503082222772690e-01
4.510999278999999973e+00 -1.825625711385914229e-01
4.525133942000000076e+00 -1.951107191889382975e-01
4.539268605000000179e+00 -2.061346351786070841e-01
4.553403267000000199e+00 -2.131260526195699612e-01
4.567537930000000301e+00 -2.127353342054494334e-01
4.581672593000000404e+00 -2.038007785255793181e-01
4.595807256000000507e+00 -1.882939464585478007e-01
4.609941919000000610e+00 -1.710437148070456104e-01
4.624076581000000630e+00 -1.564219417228969178e-01
4.638211244000000733e+00 -1.458175290522811807e-01
4.652345907000000835e+00 -1.394887229212891100e-01
4.666480569999999162e+00 -1.377319730331656444e-01
4.680615232999999265e+00 -1.420276167863576688e-01
4.694749894999999285e+00 -1.539317550226240172e-01
4.708884557999999387e+00 -1.728140145328387334e-01
4.723019220999999490e+00 -1.955006152559768395e-01
4.737153883999999593e+00 -2.186002192542453315e-01
4.751288546999999696e+00 -2.398866682175588849e-01
4.765423208999999716e+00 -2.580616767927779165e-01
4.779557871999999819e+00 -2.718429860849207458e-01
4.793692534999999921e+00 -2.804157181626329987e-01
4.807827198000000024e+00 -2.828920764941615928e-01
4.821961860000000044e+00 -2.794272409184443973e-01
4.836096523000000147e+00 -2.707836021322043152e-01
4.850231186000000250e+00 -2.569135263192947605e-01
4.864365849000000352e+00 -2.377699396575643220e-01
4.878500512000000455e+00 -2.150320247216788161e-01
4.892635174000000475e+00 -1.936256339745110466e-01
4.906769837000000578e+00 -1.778788924323517762e-01
4.920904500000000681e+00 -1.685848182523645988e-01
4.935039163000000784e+00 -1.641689431606367933e-01
4.949173826000000886e+00 -1.623457609225553711e-01
4.963308487999999130e+00 -1.634542709959552198e-01
4.977443150999999233e+00 -1.693774279698674334e-01
4.991577813999999336e+00 -1.783761761847086902e-01
5.005712476999999438e+00 -1.845674093543294703e-01
5.019847139999999541e+00 -1.824836175841415553e-01
5.033981801999999561e+00 -1.715972524763342832e-01
5.048116464999999664e+00 -1.565559972406438405e-01
5.062251127999999767e+00 -1.431921887856466569e-01
5.076385790999999870e+00 -1.330055989578742270e-01
5.090520452999999890e+00 -1.230915522557527453e-01
5.104655115999999992e+00 -1.127458917692312212e-01
5.118789779000000095e+00 -1.073666838058215944e-01
5.132924442000000198e+00 -1.134084335315996839e-01
5.147059105000000301e+00 -1.323946242739877377e-01
5.161193767000000321e+00 -1.579518992406834244e-01
5.175328430000000424e+00 -1.794725724082386620e-01
5.189463093000000526e+00 -1.902113281435378056e-01
5.203597756000000629e+00 -1.930082616335173640e-01
5.217732419000000732e+00 -1.959298492886558662e-01
5.231867081000000752e+00 -2.019789401397513728e-01
5.246001744000000855e+00 -2.072217255968524796e-01
5.260136406999999181e+00 -2.051580863292477019e-01
5.274271069999999284e+00 -1.920861480181912384e-01
5.288405732999999387e+00 -1.728883885339724813e-01
5.302540394999999407e+00 -1.559530898170091717e-01
5.316675057999999510e+00 -1.447244177974464918e-01
5.330809720999999612e+00 -1.355295449207520875e-01
5.344944383999999715e+00 -1.224396231589199857e-01
5.359079046999999818e+00 -1.028663760256565141e-01
5.373213708999999838e+00 -8.021550513531838789e-02
5.387348371999999941e+00 -6.262891950324966928e-02
5.401483035000000044e+00 -5.629394006255239447e-02
5.415617698000000146e+00 -6.155432331862531470e-02
5.429752360000000166e+00 -7.444883051579243016e-02
5.443887023000000269e+00 -8.894729035219128832e-02
5.458021686000000372e+00 -1.009107356986875814e-01
5.472156349000000475e+00 -1.098131447297499008e-01
5.486291012000000578e+00 -1.184090408675384509e-01
5.500425674000000598e+00 -1.278891085351290258e-01
5.514560337000000700e+00 -1.358074313002495259e-01
5.528695000000000803e+00 -1.388740913375645647e-01
5.542829662999999130e+00 -1.363098396990531924e-01
5.556964325999999232e+00 -1.313822431663007606e-01
5.571098987999999252e+00 -1.297278369396090980e-01
5.585233650999999355e+00 -1.336844829424448378e-01
5.599368313999999458e+00 -1.395897999292996516e-01
5.613502976999999561e+00 -1.425580063371061357e-01
5.627637639999999664e+00 -1.421529398788958787e-01
5.641772301999999684e+00 -1.412501007171851342e-01
5.655906964999999786e+00 -1.418845607613699045e-01
5.670041627999999889e+00 -1.425114249632049024e-01
5.684176290999999992e+00 -1.385187728716550382e-01
5.698310953000000012e+00 -1.288462203809563889e-01
5.712445616000000115e+00 -1.182198059946841795e-01
5.726580279000000218e+00 -1.128957299611128562e-01
5.740714942000000320e+00 -1.132926183117710650e-01
5.754849605000000423e+00 -1.128739189316902980e-01
5.768984267000000443e+00 -1.051105874754236780e-01
5.783118930000000546e+00 -8.871695679895008624e-02
5.797253593000000649e+00 -6.907682626220612576e-02
5.811388256000000752e+00 -5.212905974285320099e-02
5.825522919000000854e+00 -3.822033055097850962e-02
5.839657581000000874e+00 -2.285564976485687794e-02
5.853792243999999201e+00 -3.179380823598698669e-03
5.867926906999999304e+00 1.765322310542316586e-02
5.882061569999999406e+00 3.413295304791308382e-02
5.896196232999999509e+00 4.279262301816100234e-02
5.910330894999999529e+00 4.467527797323356253e-02
5.924465557999999632e+00 4.438779180151541937e-02
5.938600220999999735e+00 4.409984366456232152e-02
5.952734883999999838e+00 4.408538562776698200e-02
5.966869546999999940e+00 4.555280032736330753e-02
5.981004208999999960e+00 5.001489747262688468e-02
5.995138872000000063e+00 5.810078729391232599e-02
6.009273535000000166e+00 6.738315085473534083e-02
6.023408198000000269e+00 7.429986591972692622e-02
6.037542860000000289e+00 7.669475504436640279e-02
6.051677523000000392e+00 7.643751753578520436e-02
6.065812186000000494e+00 7.659180274021348822e-02
6.079946849000000597e+00 7.593559148302109207e-02
6.094081512000000700e+00 6.951660984059326864e-02
6.108216174000000720e+00 5.345525919027505068e-02
6.122350837000000823e+00 3.027810049070911447e-02
6.136485499999999149e+00 7.323711106515418123e-03
6.150620162999999252e+00 -9.821991110415595472e-03
6.164754825999999355e+00 -2.167635612022511538e-02
6.178889487999999375e+00 -3.388888551647450953e-02
6.193024150999999478e+00 -4.943216082593160365e-02
6.207158813999999580e+00 -6.304098361973675679e-02
6.221293476999999683e+00 -6.500641804536044788e-02
6.235428139999999786e+00 -5.023648525443658031e-02
6.249562801999999806e+00 -2.319959270836857712e-02
6.263697464999999909e+00 4.779294111035170545e-03
6.277832128000000012e+00 2.478556007416177209e-02
6.291966791000000114e+00 3.490440659672611190e-02
6.306101453000000134e+00 3.901177069655314966e-02
6.320236116000000237e+00 3.998661276014825461e-02
6.334370779000000340e+00 3.717031515530067054e-02
6.348505442000000443e+00 2.855746786074497834e-02
6.362640105000000545e+00 1.532642336962197760e-02
6.376774767000000566e+00 2.162949318734064263e-03
6.390909430000000668e+00 -5.691777067899472797e-03
6.405044093000000771e+00 -6.257289575067659371e-03
6.419178756000000874e+00 -1.807281980869213101e-03
6.433313418999999200e+00 3.917001387778284993e-03
6.447448080999999220e+00 7.329455864714340407e-03
6.461582743999999323e+00 6.399647017603982135e-03
6.475717406999999426e+00 8.024521285765473522e-05
6.489852069999999529e+00 -9.667209014350142127e-03
6.503986732999999631e+00 -2.004732019253463449e-02
6.518121394999999652e+00 -2.829678883369002307e-02
6.532256057999999754e+00 -3.248327069845213799e-02
6.546390720999999857e+00 -3.306756674763811077e-02
6.560525383999999960e+00 -3.189622535320335572e-02
6.574660047000000063e+00 -3.053978414311853129e-02
6.588794709000000083e+00 -2.823542334084461203e-02
6.602929372000000185e+00 -2.403256827931610218e-02
6.617064035000000288e+00 -1.766717764596226203e-02
6.631198698000000391e+00 -9.653882125221890931e-03
6.645333360000000411e+00 -1.240916149006565661e-03
6.659468023000000514e+00 6.450194385164920163e-03
6.673602686000000617e+00 1.295070572985856927e-02
6.687737349000000719e+00 1.780709046109052451e-02
6.701872012000000822e+00 2.003530996547553400e-02
6.716006674000000842e+00 1.855384690663086644e-02
6.730141336999999169e+00 1.329765676777938666e-02
6.744275999999999271e+00 6.127525641222320019e-03
6.758410662999999374e+00 -7.305161770405632637e-04
6.772545325999999477e+00 -6.323593772836311189e-03
6.786679987999999497e+00 -1.031767579290221448e-02
6.800814650999999600e+00 -1.274726032116912933e-02
6.814949313999999703e+00 -1.320289563799903476e-02
6.829083976999999805e+00 -1.138302404522395506e-02
6.843218639999999908e+00 -7.961399193162854715e-03
6.857353301999999928e+00 -5.537309582591021240e-03
6.871487965000000031e+00 -6.074796076381616672e-03
6.885622628000000134e+00 -9.186155793242001266e-03
6.899757291000000237e+00 -1.352002300597288098e-02
6.913891953000000257e+00 -1.770365282803076923e-02
6.928026616000000359e+00 -2.199851522258366998e-02
6.942161279000000462e+00 -2.752483573936181926e-02
6.956295942000000565e+00 -3.541937263510330780e-02
6.970430605000000668e+00 -4.522297519057794091e-02
6.984565267000000688e+00 -5.557494705181831307e-02
6.998699930000000791e+00 -6.375130339547041558e-02
7.012834592999999117e+00 -6.686977023729845371e-02
7.026969255999999220e+00 -6.301018987094852974e-02
7.041103918999999323e+00 -5.207817948406923136e-02
7.055238580999999343e+00 -3.523463611274468832e-02
7.069373243999999445e+00 -1.334379219350001478e-02
7.083507906999999548e+00 1.149736109562482511e-02
7.097642569999999651e+00 3.587848129925141905e-02
7.111777232999999754e+00 5.522636397219304882e-02
7.125911894999999774e+00 6.641324191827990830e-02
7.140046557999999877e+00 6.981010673555054780e-02
7.154181220999999979e+00 6.882203612004822446e-02
7.168315884000000082e+00 6.660561616841764732e-02
7.182450547000000185e+00 6.276041566585277565e-02
7.196585209000000205e+00 5.594022064721837495e-02
7.210719872000000308e+00 4.689080592044714280e-02
7.224854535000000411e+00 3.955343600729399611e-02
7.238989198000000513e+00 3.728785924783295513e-02
7.253123860000000533e+00 3.921056201640471528e-02
7.267258523000000636e+00 4.017697035699985264e-02
7.281393186000000739e+00 3.650127037818684528e-02
7.295527849000000842e+00 2.963038516076021978e-02
7.309662511999999168e+00 2.485659354021496625e-02
7.323797173999999188e+00 2.667766886088962508e-02
7.337931836999999291e+00 3.510369181266437266e-02
7.352066499999999394e+00 4.762113773393750193e-02
7.366201162999999497e+00 6.153474326827623742e-02
7.380335825999999599e+00 7.660513742771879464e-02
7.394470487999999619e+00 9.270543615309012608e-02
7.408605150999999722e+00 1.088887546672463458e-01
7.422739813999999825e+00 1.225710365519487866e-01
7.436874476999999928e+00 1.305245037913440598e-01
7.451009140000000031e+00 1.312542055776093619e-01
7.465143802000000051e+00 1.246336865806618732e-01
7.479278465000000153e+00 1.126183775059166337e-01
7.493413128000000256e+00 9.797239458025774894e-02
7.507547791000000359e+00 8.366970236829018859e-02
7.521682453000000379e+00 7.188141331032138481e-02
7.535817116000000482e+00 6.384173532495296399e-02
7.549951779000000585e+00 6.068980043188343387e-02
7.564086442000000687e+00 6.116587826932651240e-02
7.578221105000000790e+00 6.087134245918157660e-02
7.592355767000000810e+00 5.457415968270851181e-02
7.606490429999999137e+00 4.002091058328094419e-02
7.620625092999999239e+00 1.922863610055358663e-02
7.634759755999999342e+00 -2.575573293253974327e-03
7.648894418999999445e+00 -2.129920685113884105e-02
7.663029080999999465e+00 -3.576571995976784990e-02
7.677163743999999568e+00 -4.559928420407732830e-02
7.691298406999999671e+00 -4.721551006563373676e-02
7.705433069999999773e+00 -3.653005913822848783e-02
7.719567732999999876e+00 -1.397226661106731882e-02
7.733702394999999896e+00 1.434587619346316956e-02
7.747837057999999999e+00 3.839900191688538911e-02
7.761971721000000102e+00 5.150940753051269638e-02
7.776106384000000205e+00 5.166218550670276244e-02
7.790241047000000307e+00 3.984620214248835168e-02
7.804375709000000327e+00 1.614883389252597112e-02
7.818510372000000430e+00 -1.841672174805619733e-02
7.832645035000000533e+00 -5.904911627760878190e-02
7.846779698000000636e+00 -9.885276494987138562e-02
7.860914360000000656e+00 -1.319381462688848927e-01
7.875049023000000759e+00 -1.571535124515692772e-01
7.889183686000000861e+00 -1.768791330605052892e-01
7.903318348999999188e+00 -1.924918542321885084e-01
7.917453011999999291e+00 -2.008792118255415815e-01
7.931587673999999311e+00 -1.989954426700686341e-01
7.945722336999999413e+00 -1.882918654354552856e-01
7.959856999999999516e+00 -1.739461491373841540e-01
7.973991662999999619e+00 -1.596558155153697811e-01
7.988126325999999722e+00 -1.448445631274415391e-01
8.002260987999999742e+00 -1.248404576308086433e-01
8.016395650999999845e+00 -9.699772103817938529e-02
8.030530313999999947e+00 -6.551988603029545999e-02
8.044664977000000050e+00 -3.874851510819343758e-02
8.058799640000000153e+00 -2.252563323591871836e-02
8.072934302000000173e+00 -1.682306425047119802e-02
8.087068965000000276e+00 -1.785370804159303049e-02
8.101203628000000379e+00 -2.154538704017028294e-02
8.115338291000000481e+00 -2.748656775247848572e-02
8.129472953000000501e+00 -3.745525493299073361e-02
8.143607616000000604e+00 -5.170071527324093807e-02
8.157742279000000707e+00 -6.738433216178130181e-02
8.171876942000000810e+00 -7.998419797975930834e-02
8.186011604999999136e+00 -8.691010934436427249e-02
8.200146266999999156e+00 -8.822656964824115988e-02
8.214280929999999259e+00 -8.723656008899105530e-02
8.228415592999999362e+00 -8.738361511143111215e-02
8.242550255999999465e+00 -8.947884930246985391e-02
8.256684918999999567e+00 -9.308033487153011265e-02
8.270819580999999587e+00 -9.731361096440238612e-02
8.284954243999999690e+00 -1.024144322730267120e-01
8.299088906999999793e+00 -1.095077854457473521e-01
8.313223569999999896e+00 -1.196456025953240854e-01
8.327358232999999998e+00 -1.315710307144843938e-01
8.341492895000000019e+00 -1.412916174416327664e-01
8.355627558000000121e+00 -1.462002599928649005e-01
8.369762221000000224e+00 -1.459802233466493959e-01
8.383896884000000327e+00 -1.438515047198167807e-01
8.398031547000000430e+00 -1.437036541118059674e-01
8.412166209000000450e+00 -1.467281974899501407e-01
8.426300872000000552e+00 -1.510558534831361044e-01
8.440435535000000655e+00 -1.536377864865308140e-01
8.454570198000000758e+00 -1.556455598064747647e-01
8.468704860000000778e+00 -1.618222298338709564e-01
8.482839523000000881e+00 -1.766023587658853700e-01
8.496974185999999207e+00 -1.983618874281765088e-01
8.511108848999999310e+00 -2.202980993480530003e-01
8.525243511999999413e+00 -2.354966190602061360e-01
8.539378173999999433e+00 -2.432873014214571583e-01
8.553512836999999536e+00 -2.491089260256735827e-01
8.567647499999999638e+00 -2.569125761955737275e-01
8.581782162999999741e+00 -2.641604670077253303e-01
8.595916825999999844e+00 -2.626398071261784040e-01
8.610051487999999864e+00 -2.457545779561387533e-01
8.624186150999999967e+00 -2.159306545101689068e-01
8.638320814000000070e+00 -1.839771781098988868e-01
8.652455477000000172e+00 -1.601310397338240321e-01
8.666590140000000275e+00 -1.466186491086736154e-01
8.680724802000000295e+00 -1.389326317665373622e-01
8.694859465000000398e+00 -1.321116654142295843e-01
8.708994128000000501e+00 -1.259943449760729806e-01
8.723128791000000604e+00 -1.246460734790382219e-01
8.737263453000000624e+00 -1.300907744523698284e-01
8.751398116000000726e+00 -1.365567570690799926e-01
8.765532779000000829e+00 -1.347113541277771276e-01
8.779667441999999156e+00 -1.201303261283701573e-01
8.793802104999999258e+00 -9.830239780193128496e-02
8.807936766999999278e+00 -8.012562532952127725e-02
8.822071429999999381e+00 -7.396635527197314985e-02
8.836206092999999484e+00 -8.038901017546695726e-02
8.850340755999999587e+00 -9.411481659735621008e-02
8.864475418999999690e+00 -1.115279116159824113e-01
8.878610080999999710e+00 -1.322762334368050574e-01
8.892744743999999812e+00 -1.572822301605816264e-01
8.906879406999999915e+00 -1.832762729698025339e-01
8.921014070000000018e+00 -2.037616628644096650e-01
8.935148733000000121e+00 -2.140831531390361420e-01
8.949283395000000141e+00 -2.163771446667688281e-01
8.963418058000000244e+00 -2.182841553121761535e-01
8.977552721000000346e+00 -2.267969794082755897e-01
8.991687384000000449e+00 -2.438878204602135114e-01
9.005822047000000552e+00 -2.661532691060539690e-01
9.019956709000000572e+00 -2.877780309814097492e-01
9.034091372000000675e+00 -3.038423187319043706e-01
9.048226035000000778e+00 -3.123734983493777762e-01
9.062360698000000880e+00 -3.122349560227366538e-01
9.076495359999999124e+00 -3.017874873122838864e-01
9.090630022999999227e+00 -2.794528971304517384e-01
9.104764685999999330e+00 -2.459166399796561819e-01
9.118899348999999432e+00 -2.050358461278412037e-01
9.133034011999999535e+00 -1.653059707169699522e-01
9.147168673999999555e+00 -1.360031840473858722e-01
9.161303336999999658e+00 -1.218217896996351968e-01
9.175437999999999761e+00 -1.212786073991365399e-01
9.189572662999999864e+00 -1.293219586236533658e-01
9.203707325999999966e+00 -1.419666121438778461e-01
9.217841987999999986e+00 -1.574937704370302782e-01
9.231976651000000089e+00 -1.751930031309427704e-01
9.246111314000000192e+00 -1.912803905141196026e-01
9.260245977000000295e+00 -2.006423657563018992e-01
9.274380640000000398e+00 -2.017933952874617631e-01
9.288515302000000418e+00 -1.982055071470893992e-01
9.302649965000000520e+00 -1.957748934789735884e-01
9.316784628000000623e+00 -1.981625207407153866e-01
9.330919291000000726e+00 -2.049095207465780888e-01
9.345053953000000746e+00 -2.136047632293198717e-01
9.359188616000000849e+00 -2.234445275954977106e-01
9.373323278999999175e+00 -2.356298607424429647e-01
9.387457941999999278e+00 -2.488713511393410016e-01
9.401592604999999381e+00 -2.579503685793600454e-01
9.415727266999999401e+00 -2.566873617228466742e-01
9.429861929999999504e+00 -2.419312079921933645e-01
9.443996592999999606e+00 -2.159592814372963687e-01
9.458131255999999709e+00 -1.852120375373296213e-01
9.472265918999999812e+00 -1.565611658369778780e-01
9.486400580999999832e+00 -1.336288421672424676e-01
9.500535243999999935e+00 -1.170951075722772572e-01
9.514669907000000038e+00 -1.072980544008537152e-01
9.528804570000000140e+00 -1.051901380438113875e-01
9.542939233000000243e+00 -1.125263990861284924e-01
9.557073895000000263e+00 -1.304791976247026142e-01
9.571208558000000366e+00 -1.563557657432790293e-01
9.585343221000000469e+00 -1.845655029589554630e-01
9.599477884000000572e+00 -2.099608897340150548e-01
9.613612547000000674e+00 -2.302245478535187573e-01
9.627747209000000694e+00 -2.469046923239286428e-01
9.641881872000000797e+00 -2.623905137047177760e-01
9.656016534999999124e+00 -2.765312723529707029e-01
9.670151197999999226e+00 -2.854458522063110237e-01
9.684285859999999246e+00 -2.844518006032572544e-01
9.698420522999999349e+00 -2.716522687486966348e-01
9.712555185999999452e+00 -2.493786763031886622e-01
9.726689848999999555e+00 -2.246176551442511382e-01
9.740824511999999658e+00 -2.044931608908520104e-01
9.754959173999999678e+00 -1.935548789959211646e-01
9.769093836999999780e+00 -1.923039036720881612e-01
9.783228499999999883e+00 -1.994893102742123503e-01
9.797363162999999986e+00 -2.141877246182026795e-01
9.811497826000000089e+00 -2.372840954545907266e-01
9.825632488000000109e+00 -2.679657737870400069e-01
9.839767151000000212e+00 -3.005783719591024195e-01
9.853901814000000314e+00 -3.252403157143559653e-01
9.868036477000000417e+00 -3.339758648057209456e-01
9.882171140000000520e+00 -3.253242657913517633e-01
9.896305802000000540e+00 -3.038086502242984821e-01
9.910440465000000643e+00 -2.771468108536634389e-01
9.924575128000000745e+00 -2.501769873229555685e-01
9.938709791000000848e+00 -2.254892759193412033e-01
9.952844453000000868e+00 -2.050434721362996981e-01
9.966979115999999195e+00 -1.919593319459087510e-01
9.981113778999999298e+00 -1.869999792899621482e-01
9.995248441999999400e+00 -1.878369030691855457e-01
1.000938310499999950e+01 -1.894793201179361120e-01
1.002351776699999952e+01 -1.864770525877483820e-01
1.003765242999999963e+01 -1.760045183236291777e-01
1.005178709299999973e+01 -1.577212222795738583e-01
1.006592175599999983e+01 -1.336146635799932980e-01
1.008005641899999993e+01 -1.076725644438818463e-01
1.009419108099999995e+01 -8.556655337499297076e-02
1.010832574400000006e+01 -7.096873698947447906e-02
1.012246040700000016e+01 -6.421173320577011623e-02
1.013659507000000026e+01 -6.409348266105574510e-02
1.015072973300000037e+01 -7.066474828030511190e-02
1.016486439500000039e+01 -8.470573395051328447e-02
1.017899905800000049e+01 -1.046021340900118446e-01
1.019313372100000059e+01 -1.243175919998282808e-01
1.020726838400000069e+01 -1.350741959577197449e-01
1.022140304700000080e+01 -1.333846370127913517e-01
1.023553770900000082e+01 -1.241469891115052349e-01
1.024967237199999914e+01 -1.155724173938939003e-01
1.026380703499999925e+01 -1.106905216364308941e-01
1.027794169799999935e+01 -1.061183747092560026e-01
1.029207635999999937e+01 -9.694891755862045102e-02
1.030621102299999947e+01 -8.251191789895351292e-02
1.032034568599999957e+01 -6.848972367002836847e-02
1.033448034899999968e+01 -6.070303454486136729e-02
1.034861501199999978e+01 -5.988184699949439249e-02
1.036274967399999980e+01 -6.305366814901081085e-02
1.037688433699999990e+01 -6.783353096126809589e-02
1.039101900000000001e+01 -7.437567922166543610e-02
1.040515366300000011e+01 -8.381218265991741134e-02
1.041928832600000021e+01 -9.607388829233443062e-02
1.043342298800000023e+01 -1.093762658709023228e-01
1.044755765100000033e+01 -1.213215753548260167e-01
1.046169231400000044e+01 -1.309416325206385068e-01
1.047582697700000054e+01 -1.366010729601034868e-01
1.048996164000000064e+01 -1.354731611641835087e-01
1.050409630200000066e+01 -1.261117254884149830e-01
1.051823096500000077e+01 -1.095197419316971121e-01
1.053236562800000087e+01 -8.928811161336991375e-02
1.054650029099999919e+01 -6.966331664850322625e-02
1.056063495299999921e+01 -5.316898706615535986e-02
1.057476961599999932e+01 -4.038341853402638293e-02
1.058890427899999942e+01 -3.095844807239611640e-02
1.060303894199999952e+01 -2.596273088653866523e-02
1.061717360499999963e+01 -2.529337817717536296e-02
1.063130826699999965e+01 -2.785454436421108682e-02
1.064544292999999975e+01 -3.235002100919803780e-02
1.065957759299999985e+01 -3.789239661946197657e-02
1.067371225599999995e+01 -4.422585145293034259e-02
1.068784691900000006e+01 -5.009952579494125757e-02
1.070198158100000008e+01 -5.396921863377635020e-02
1.071611624400000018e+01 -5.402550222802737778e-02
1.073025090700000028e+01 -5.129918900766394785e-02
1.074438557000000038e+01 -4.962859992741996962e-02
1.075852023300000049e+01 -5.151631967883485430e-02
1.077265489500000051e+01 -5.505447714014977123e-02
1.078678955800000061e+01 -5.514888316922839095e-02
1.080092422100000071e+01 -4.894461653706105864e-02
1.081505888400000082e+01 -3.943432663613855027e-02
1.082919354699999914e+01 -3.430418095032283787e-02
1.084332820899999916e+01 -3.852835485974459573e-02
1.085746287199999927e+01 -5.003881832122658579e-02
1.087159753499999937e+01 -6.177612963806389246e-02
1.088573219799999947e+01 -6.851648843051627580e-02
1.089986685999999949e+01 -7.177793223188189131e-02
1.091400152299999959e+01 -7.774521260064837236e-02
1.092813618599999970e+01 -9.013997647802174384e-02
1.094227084899999980e+01 -1.046490762485072779e-01
1.095640551199999990e+01 -1.113391565810530892e-01
1.097054017399999992e+01 -1.013006066535844241e-01
1.098467483700000003e+01 -7.110840342912627676e-02
1.099880950000000013e+01 -2.034353049298776028e-02
1.101294416300000023e+01 5.514670988358272297e-02
1.102707882600000033e+01 1.686812031451507821e-01
1.104121348800000035e+01 3.389594403887015162e-01
1.105534815100000046e+01 5.816066231522603047e-01
1.106948281400000056e+01 9.012764558678760807e-01
1.108361747700000066e+01 1.294708777668776456e+00
1.109775214000000076e+01 1.758718429920388182e+00
1.111188680200000078e+01 2.296540701576136101e+00
1.112602146500000089e+01 2.915768906691755369e+00
1.114015612799999921e+01 3.619657366298883794e+00
1.115429079099999932e+01 4.403195715435748170e+00
1.116842545299999934e+01 5.255898532357247355e+00
1.118256011599999944e+01 6.172248600003148233e+00
1.119669477899999954e+01 7.157244139319156595e+00
1.121082944199999964e+01 8.221653347097786835e+00
1.122496410499999975e+01 9.373645749622259160e+00
1.123909876699999977e+01 1.061208308286073176e+01
1.125323342999999987e+01 1.192854915096526192e+01
1.126736809299999997e+01 1.331425592275659042e+01
1.128150275600000008e+01 1.476606800691797972e+01
1.129563741900000018e+01 1.628656710823654663e+01
1.130977208100000020e+01 1.788058381231346772e+01
1.132390674400000030e+01 1.955392140922444710e+01
1.133804140700000040e+01 2.131346128516565841e+01
1.135217607000000051e+01 2.316943109974418746e+01
1.136631073300000061e+01 2.513514087915509521e+01
1.138044539500000063e+01 2.721981108024628782e+01
1.139458005800000073e+01 2.941946429127598961e+01
1.140871472100000084e+01 3.170799977791339685e+01
1.142284938399999916e+01 3.403487540278698731e+01
1.143698404699999926e+01 3.633077703479087717e+01
1.145111870899999928e+01 3.851798418492372633e+01
1.146525337199999939e+01 4.052331808380451150e+01
1.147938803499999949e+01 4.228697979660844908e+01
1.149352269799999959e+01 4.376895191590559619e+01
1.150765735999999961e+01 4.495258023393503777e+01
1.152179202299999972e+01 4.584560188826633009e+01
1.153592668599999982e+01 4.647762153963809340e+01
1.155006134899999992e+01 4.689417560124834949e+01
1.156419601200000002e+01 4.714857921094822757e+01
1.157833067400000004e+01 4.136380173315180286e+01
1.159246533700000015e+01 3.550939575553163507e+01
1.160660000000000025e+01 2.961595062298177083e+01
