# r_minus_2Rs_A, PMF_over_kBT
-5.317199999999999704e-01 2.269444414682871880e+01
-5.175788340000000431e-01 3.404006939504563434e+01
-5.034376690000001986e-01 4.537067027109039685e+01
-4.892965029999998272e-01 4.530854278580169137e+01
-4.751553379999999827e-01 4.513303503024914676e+01
-4.610141720000000554e-01 4.472659688492208119e+01
-4.468730070000002108e-01 4.390884083975144847e+01
-4.327318409999998394e-01 4.244645889094299918e+01
-4.185906759999999949e-01 4.010038244359789417e+01
-4.044495100000000676e-01 3.670697439693080355e+01
-3.903083449999997789e-01 3.226696641946938371e+01
-3.761671789999998516e-01 2.699832561298011413e+01
-3.620260140000000071e-01 2.131080289476282275e+01
-3.478848480000000798e-01 1.570073897770366322e+01
-3.337436829999997912e-01 1.060591523611639708e+01
-3.196025169999998639e-01 6.285704250632274892e+00
-3.054613520000000193e-01 2.781292957910762809e+00
-2.913201860000000920e-01 -3.432911124653514889e-02
-2.771790209999998034e-01 -2.356901065089818559e+00
-2.630378549999998761e-01 -4.353148795066905663e+00
-2.488966900000000315e-01 -6.111473663857269756e+00
-2.347555240000001042e-01 -7.649158598229135464e+00
-2.206143589999998156e-01 -8.949043639655471338e+00
-2.064731929999998883e-01 -1.000405242620488799e+01
-1.923320280000000437e-01 -1.083649028057824815e+01
-1.781908620000001164e-01 -1.149079274780745408e+01
-1.640496969999998278e-01 -1.201306931522877086e+01
-1.499085309999999005e-01 -1.243277439857011224e+01
-1.357673660000000559e-01 -1.275872907289322811e+01
-1.216262000000001287e-01 -1.299191213803720224e+01
-1.074850349999998400e-01 -1.314061202117462734e+01
-9.334386899999991272e-02 -1.322361414967574156e+01
-7.920270400000006816e-02 -1.326406111785920316e+01
-6.506153800000014087e-02 -1.327728042243810513e+01
-5.092037299999985223e-02 -1.326698974120723129e+01
-3.677920699999992493e-02 -1.323093607461928833e+01
-2.263804200000008038e-02 -1.316932177834408080e+01
-8.496876000000153084e-03 -1.308824161903944372e+01
5.644289000000135559e-03 -1.299646177368550504e+01
1.978545500000006285e-02 -1.290235677342122678e+01
3.392661999999990741e-02 -1.281015126610535226e+01
4.806778599999983470e-02 -1.271876431886366987e+01
6.220895099999967925e-02 -1.262432452387659865e+01
7.635011699999960655e-02 -1.252248329834681329e+01
9.049128200000033928e-02 -1.241208259738439956e+01
1.046324480000002666e-01 -1.229830590365286902e+01
1.187736130000001111e-01 -1.218870744638410031e+01
1.329147790000000384e-01 -1.208632510296077989e+01
1.470559439999998830e-01 -1.198586137825464348e+01
1.611971099999998103e-01 -1.187866631330657619e+01
1.753382749999996548e-01 -1.176261891240750224e+01
1.894794409999995821e-01 -1.164562317016643433e+01
2.036206060000003149e-01 -1.153897727343074386e+01
2.177617720000002421e-01 -1.144672408093568272e+01
2.319029370000000867e-01 -1.136121628232205083e+01
2.460441030000000140e-01 -1.127006614649621064e+01
2.601852679999998585e-01 -1.117026532387416182e+01
2.743264339999997858e-01 -1.106812267409716100e+01
2.884675989999996304e-01 -1.097164418698606347e+01
3.026087649999995577e-01 -1.088240828122542858e+01
3.167499300000002904e-01 -1.079034781822163325e+01
3.308910960000002177e-01 -1.068590552885220646e+01
3.450322610000000623e-01 -1.056943744506643412e+01
3.591734269999999896e-01 -1.045013030695792899e+01
3.733145919999998341e-01 -1.033945502855931764e+01
3.874557579999997614e-01 -1.024156514072193147e+01
4.015969229999996060e-01 -1.015071450207224579e+01
4.157380890000004214e-01 -1.005835904898901134e+01
4.298792540000002660e-01 -9.960014845914994197e+00
4.440204200000001933e-01 -9.858683717592782614e+00
4.581615850000000378e-01 -9.761437415183438659e+00
4.723027509999999651e-01 -9.669528788502883998e+00
4.864439159999998097e-01 -9.578449429237778645e+00
5.005850819999997370e-01 -9.479857539634073404e+00
5.147262469999995815e-01 -9.369486274422994754e+00
5.288674130000003970e-01 -9.253712425639182726e+00
5.430085780000002416e-01 -9.143003908418027237e+00
5.571497440000001689e-01 -9.041511674201455406e+00
5.712909090000000134e-01 -8.943739110729184816e+00
5.854320749999999407e-01 -8.839006065567614812e+00
5.995732399999997853e-01 -8.724875371585318007e+00
6.137144059999997125e-01 -8.611791017901772705e+00
6.278555709999995571e-01 -8.513785104072907117e+00
6.419967370000003726e-01 -8.435632298137059948e+00
6.561379020000002171e-01 -8.365291758865389227e+00
6.702790680000001444e-01 -8.287071361227665633e+00
6.844202329999999890e-01 -8.195917175094601603e+00
6.985613989999999163e-01 -8.100072558768621533e+00
7.127025639999997608e-01 -8.012187138654237373e+00
7.268437299999996881e-01 -7.934401141498931054e+00
7.409848950000004209e-01 -7.854171121805773481e+00
7.551260610000003481e-01 -7.758529288913422306e+00
7.692672260000001927e-01 -7.645582726989688993e+00
7.834083920000001200e-01 -7.524376448563550923e+00
7.975495569999999645e-01 -7.406987356131889300e+00
8.116907229999998918e-01 -7.298731373433842151e+00
8.258318879999997364e-01 -7.199168203186838255e+00
8.399730539999996637e-01 -7.108064828361316145e+00
8.541142190000003964e-01 -7.028214137658968852e+00
8.682553850000003237e-01 -6.959366029045890301e+00
8.823965500000001683e-01 -6.893637429102023262e+00
8.965377160000000956e-01 -6.818379809135320713e+00
9.106788809999999401e-01 -6.725156511305613094e+00
9.248200469999998674e-01 -6.619608176352022255e+00
9.389612119999997120e-01 -6.517265670684805556e+00
9.531023779999996393e-01 -6.431260698306640933e+00
9.672435430000003720e-01 -6.361806398227273007e+00
9.813847090000002993e-01 -6.298195078643187728e+00
9.955258740000001438e-01 -6.228954849513760550e+00
1.009667040000000071e+00 -6.149564081257370418e+00
1.023808204999999916e+00 -6.063742702166466714e+00
1.037949370999999843e+00 -5.976585509039466615e+00
1.052090535999999688e+00 -5.889479372983108973e+00
1.066231701999999615e+00 -5.799979868109170766e+00
1.080372867000000348e+00 -5.707062061853136470e+00
1.094514033000000275e+00 -5.611110283348608618e+00
1.108655198000000119e+00 -5.513901077939726392e+00
1.122796364000000047e+00 -5.417866492975187853e+00
1.136937528999999891e+00 -5.324288608772464571e+00
1.151078694999999819e+00 -5.233131527637903346e+00
1.165219859999999663e+00 -5.142291920960124330e+00
1.179361025999999590e+00 -5.049955301456215295e+00
1.193502191000000323e+00 -4.955743866071715686e+00
1.207643357000000250e+00 -4.864042130485145776e+00
1.221784522000000095e+00 -4.782733067814596950e+00
1.235925688000000022e+00 -4.714688226025716133e+00
1.250066852999999867e+00 -4.655529817606209875e+00
1.264208018999999794e+00 -4.594699958264374828e+00
1.278349183999999639e+00 -4.522279032087617168e+00
1.292490349999999566e+00 -4.438641659918639348e+00
1.306631515000000299e+00 -4.352110985481841610e+00
1.320772681000000226e+00 -4.272327672146824185e+00
1.334913846000000071e+00 -4.202331374861378421e+00
1.349055011999999998e+00 -4.137117498850690467e+00
1.363196176999999842e+00 -4.070322796389163500e+00
1.377337342999999770e+00 -3.997751667757903249e+00
1.391478507999999614e+00 -3.920430158016671385e+00
1.405619674000000430e+00 -3.842360756671249433e+00
1.419760839000000274e+00 -3.764497006380990385e+00
1.433902005000000202e+00 -3.684022793916710725e+00
1.448043170000000046e+00 -3.599686613707062222e+00
1.462184335999999973e+00 -3.515020394603077136e+00
1.476325500999999818e+00 -3.437101333102068779e+00
1.490466666999999745e+00 -3.372328147854299019e+00
1.504607831999999590e+00 -3.318734665467633960e+00
1.518748998000000405e+00 -3.263009162111156769e+00
1.532890163000000250e+00 -3.191723019965106545e+00
1.547031329000000177e+00 -3.100620352050471595e+00
1.561172494000000022e+00 -2.998110986420950752e+00
1.575313659999999949e+00 -2.901452418734672634e+00
1.589454824999999794e+00 -2.824518153543023047e+00
1.603595990999999721e+00 -2.770908117185102881e+00
1.617737155999999565e+00 -2.732521190366982822e+00
1.631878322000000381e+00 -2.697069582024072432e+00
1.646019487000000225e+00 -2.654639975126245943e+00
1.660160653000000153e+00 -2.600994969895237929e+00
1.674301817999999997e+00 -2.539228091867913761e+00
1.688442983999999925e+00 -2.474225647049280497e+00
1.702584148999999769e+00 -2.408122947717815876e+00
1.716725314999999696e+00 -2.339653307901185642e+00
1.730866480000000429e+00 -2.265915656923585431e+00
1.745007646000000356e+00 -2.186931205849369064e+00
1.759148811000000201e+00 -2.109115000062706358e+00
1.773289977000000128e+00 -2.042258411195227552e+00
1.787431141999999973e+00 -1.990041661963836361e+00
1.801572307999999900e+00 -1.946239250679132837e+00
1.815713472999999745e+00 -1.899817246405859805e+00
1.829854638999999672e+00 -1.845310632181169197e+00
1.843995804000000405e+00 -1.787917028239636608e+00
1.858136970000000332e+00 -1.741861174586498251e+00
1.872278135000000177e+00 -1.715636378416293795e+00
1.886419301000000104e+00 -1.701551270879770428e+00
1.900560465999999948e+00 -1.682196900954206598e+00
1.914701631999999876e+00 -1.640286940920118397e+00
1.928842796999999720e+00 -1.572184832167138779e+00
1.942983962999999648e+00 -1.489851717445024093e+00
1.957125128000000380e+00 -1.412257512153477279e+00
1.971266294000000308e+00 -1.352549780141663049e+00
1.985407459000000152e+00 -1.311815725965814750e+00
1.999548625000000079e+00 -1.281154733914693367e+00
2.013689789999999924e+00 -1.246947218654334222e+00
2.027830955999999851e+00 -1.202111172963302721e+00
2.041972120999999696e+00 -1.150430027732335603e+00
2.056113286999999623e+00 -1.103700754860991395e+00
2.070254452000000356e+00 -1.072220286934776112e+00
2.084395618000000283e+00 -1.054794580121885872e+00
2.098536783000000128e+00 -1.040205891269742722e+00
2.112677949000000055e+00 -1.016645278543796493e+00
2.126819113999999900e+00 -9.835770433627928355e-01
2.140960279999999827e+00 -9.536383694247874132e-01
2.155101444999999671e+00 -9.373018804489241518e-01
2.169242610999999599e+00 -9.307032417821687886e-01
2.183383776000000331e+00 -9.159346068508327221e-01
2.197524942000000259e+00 -8.747322307028841948e-01
2.211666107000000103e+00 -8.077909842014392439e-01
2.225807273000000031e+00 -7.337451227284770283e-01
2.239948437999999875e+00 -6.736467181202918653e-01
2.254089603999999802e+00 -6.375480418874470701e-01
2.268230768999999647e+00 -6.175777136018805180e-01
2.282371934999999574e+00 -5.996320379878952167e-01
2.296513100000000307e+00 -5.779958555673925247e-01
2.310654266000000234e+00 -5.546459787832045407e-01
2.324795431000000079e+00 -5.354912890959635519e-01
2.338936597000000006e+00 -5.236012666559375361e-01
2.353077761999999851e+00 -5.151046880450778076e-01
2.367218927999999778e+00 -5.062027204650654255e-01
2.381360092999999623e+00 -4.984224336729585758e-01
2.395501259000000438e+00 -4.933848112660861318e-01
2.409642424000000283e+00 -4.913688200370831538e-01
2.423783590000000210e+00 -4.865733841620993871e-01
2.437924755000000054e+00 -4.662085674590858986e-01
2.452065920999999982e+00 -4.230844188664093508e-01
2.466207085999999826e+00 -3.611667330882735172e-01
2.480348251999999754e+00 -2.941768183314596996e-01
2.494489416999999598e+00 -2.373680372733737443e-01
2.508630583000000414e+00 -1.961899273795086884e-01
2.522771748000000258e+00 -1.680587750973145944e-01
2.536912914000000185e+00 -1.494780323027811164e-01
2.551054079000000030e+00 -1.392923653330431222e-01
2.565195244999999957e+00 -1.390432524007714221e-01
2.579336409999999802e+00 -1.432825513364885950e-01
2.593477575999999729e+00 -1.376481950675518817e-01
2.607618740999999574e+00 -1.112718338766107706e-01
2.621759907000000389e+00 -6.531198217099465353e-02
2.635901072000000234e+00 -1.577217719280810115e-02
2.650042238000000161e+00 1.499276388904391411e-02
2.664183403000000006e+00 1.666809107517153166e-02
2.678324568999999933e+00 -2.576998782188866244e-03
2.692465733999999777e+00 -2.169946520545629198e-02
2.706606899999999705e+00 -1.827168021613445603e-02
2.720748065000000437e+00 1.796560779374267725e-02
2.734889231000000365e+00 7.593669890485621465e-02
2.749030396000000209e+00 1.309953290894529943e-01
2.763171562000000137e+00 1.592881411835609384e-01
2.777312726999999981e+00 1.506334264993682837e-01
2.791453892999999908e+00 1.176149299909319268e-01
2.805595057999999753e+00 8.431018767296727390e-02
2.819736223999999680e+00 7.079393533491007418e-02
2.833877389000000413e+00 8.176983724999509207e-02
2.848018555000000340e+00 1.078471406957053347e-01
2.862159720000000185e+00 1.382459207918813604e-01
2.876300886000000112e+00 1.642861592146385163e-01
2.890442050999999957e+00 1.823442500022238733e-01
2.904583216999999884e+00 1.909821440753134425e-01
2.918724381999999729e+00 1.911187340751077102e-01
2.932865547999999656e+00 1.901192066255248392e-01
2.947006713000000389e+00 1.950476500744855457e-01
2.961147879000000316e+00 2.077248648205749504e-01
2.975289044000000160e+00 2.217386397639966589e-01
2.989430210000000088e+00 2.281855961815644207e-01
3.003571374999999932e+00 2.274885906292496429e-01
3.017712540999999860e+00 2.280511243009932798e-01
3.031853705999999704e+00 2.385744056086593901e-01
3.045994871999999631e+00 2.560984385730495916e-01
3.060136037000000364e+00 2.674483070167514853e-01
3.074277203000000291e+00 2.639436248905830951e-01
3.088418368000000136e+00 2.500734724019153532e-01
3.102559534000000063e+00 2.407520508571909801e-01
3.116700698999999908e+00 2.459120052418466429e-01
3.130841864999999835e+00 2.605832068047266858e-01
3.144983029999999680e+00 2.699358411218568676e-01
3.159124195999999607e+00 2.631029574549987871e-01
3.173265361000000340e+00 2.438387739122003239e-01
3.187406527000000267e+00 2.235340109998418257e-01
3.201547692000000112e+00 2.087042625896255998e-01
3.215688858000000039e+00 1.965609404383314995e-01
3.229830022999999883e+00 1.778721796709046288e-01
3.243971188999999811e+00 1.529510316872748632e-01
3.258112353999999655e+00 1.328101451293051127e-01
3.272253519999999583e+00 1.291103420133712376e-01
3.286394685000000315e+00 1.447240616005185387e-01
3.300535851000000243e+00 1.684076297548173784e-01
3.314677016000000087e+00 1.847711334586730203e-01
3.328818182000000014e+00 1.875855572678890582e-01
3.342959346999999859e+00 1.830540691173254686e-01
3.357100512999999786e+00 1.841558858081544514e-01
3.371241677999999631e+00 1.992444123618888341e-01
3.385382843999999558e+00 2.253460958947233195e-01
3.399524009000000291e+00 2.524574049715351265e-01
3.413665175000000218e+00 2.704376863834099254e-01
3.427806340000000063e+00 2.749565522435837295e-01
3.441947505999999990e+00 2.691531309584647147e-01
3.456088670999999835e+00 2.596030359364700502e-01
3.470229836999999762e+00 2.497785078493368616e-01
3.484371001999999606e+00 2.418571497925672276e-01
3.498512168000000422e+00 2.374440750305684134e-01
3.512653333000000266e+00 2.382827134474041486e-01
3.526794499000000194e+00 2.461195870338563907e-01
3.540935664000000038e+00 2.562383595639552425e-01
3.555076829999999966e+00 2.598512317594270371e-01
3.569217994999999810e+00 2.501164883855881982e-01
3.583359160999999737e+00 2.315176047060596431e-01
3.597500325999999582e+00 2.198096358367287451e-01
3.611641492000000397e+00 2.307140738455846218e-01
3.625782657000000242e+00 2.675986390421645211e-01
3.639923823000000169e+00 3.144867654644514232e-01
3.654064988000000014e+00 3.459677876521798368e-01
3.668206153999999941e+00 3.448790271014487985e-01
3.682347318999999786e+00 3.137791716186573154e-01
3.696488484999999713e+00 2.721720853234810278e-01
3.710629649999999558e+00 2.417810509060203117e-01
3.724770816000000373e+00 2.341573199523274695e-01
3.738911981000000218e+00 2.437576513305952375e-01
3.753053147000000145e+00 2.559274540972733547e-01
3.767194311999999989e+00 2.585089152381048194e-01
3.781335477999999917e+00 2.476530990258272169e-01
3.795476642999999761e+00 2.290096692773246900e-01
3.809617808999999689e+00 2.109909367758113774e-01
3.823758974000000421e+00 2.019265270118673072e-01
3.837900140000000349e+00 2.054190376055817779e-01
3.852041305000000193e+00 2.196338895959613069e-01
3.866182471000000120e+00 2.410374235727346104e-01
3.880323635999999965e+00 2.622762229012387536e-01
3.894464801999999892e+00 2.767035043703192088e-01
3.908605966999999737e+00 2.804459898043134558e-01
3.922747132999999664e+00 2.727225157431814040e-01
3.936888298000000397e+00 2.567265989254394754e-01
3.951029464000000324e+00 2.344227911295746480e-01
3.965170629000000169e+00 2.074073059472798519e-01
3.979311795000000096e+00 1.758431697538771488e-01
3.993452959999999941e+00 1.417466207396316236e-01
4.007594126000000756e+00 1.113580056865668411e-01
4.021735291000000601e+00 9.104995674173821385e-02
4.035876457000000528e+00 8.529635141981906088e-02
4.050017622000000372e+00 9.211262389248986437e-02
4.064158788000000300e+00 1.055105682168200332e-01
4.078299953000000144e+00 1.202354831730367835e-01
4.092441119000000072e+00 1.331001112993295266e-01
4.106582283999999916e+00 1.449465134070386796e-01
4.120723449999999843e+00 1.562407989057543745e-01
4.134864614999999688e+00 1.653350538668867387e-01
4.149005780999999615e+00 1.700606684455312489e-01
4.163146945999999460e+00 1.677261568795014313e-01
4.177288111999999387e+00 1.583918671692323699e-01
4.191429276999999232e+00 1.460310046252182303e-01
4.205570442999999159e+00 1.357543467091613110e-01
4.219711608000000780e+00 1.312222565814202824e-01
4.233852774000000707e+00 1.329298127808478114e-01
4.247993939000000552e+00 1.386082924496410129e-01
4.262135105000000479e+00 1.453424400454252918e-01
4.276276270000000324e+00 1.538992273402950417e-01
4.290417436000000251e+00 1.677279795522235162e-01
4.304558601000000095e+00 1.884753014731490595e-01
4.318699767000000023e+00 2.128839068261534351e-01
4.332840931999999867e+00 2.334180960064493604e-01
4.346982097999999795e+00 2.454846280191986807e-01
4.361123262999999639e+00 2.505518766075738313e-01
4.375264428999999566e+00 2.531151179970159149e-01
4.389405593999999411e+00 2.552600044426593939e-01
4.403546759999999338e+00 2.529038564896808339e-01
4.417687924999999183e+00 2.410933891013868902e-01
4.431829091000000886e+00 2.243952874679013831e-01
4.445970256000000731e+00 2.153622657149174557e-01
4.460111422000000658e+00 2.251459759381724268e-01
4.474252587000000503e+00 2.513999427186277558e-01
4.488393753000000430e+00 2.759915489311559611e-01
4.502534918000000275e+00 2.786307480016247951e-01
4.516676084000000202e+00 2.527733493929780195e-01
4.530817249000000047e+00 2.106255727978361136e-01
4.544958414999999974e+00 1.726209113664598505e-01
4.559099579999999818e+00 1.522115155767806982e-01
4.573240745999999746e+00 1.490994029139702803e-01
4.587381910999999590e+00 1.554992220630300181e-01
4.601523076999999518e+00 1.661380400077074881e-01
4.615664241999999362e+00 1.816311062230884232e-01
4.629805407999999289e+00 2.043292826777154403e-01
4.643946572999999134e+00 2.301111973810172628e-01
4.658087739000000838e+00 2.483458659983153183e-01
4.672228904000000682e+00 2.498398737853460005e-01
4.686370070000000609e+00 2.339459752677637283e-01
4.700511235000000454e+00 2.077923123047042964e-01
4.714652401000000381e+00 1.812828673166464455e-01
4.728793566000000226e+00 1.590524816715657153e-01
4.742934732000000153e+00 1.385165437514785935e-01
4.757075896999999998e+00 1.194500757256928836e-01
4.771217062999999925e+00 1.091161690367012937e-01
4.785358227999999770e+00 1.189604692379369055e-01
4.799499393999999697e+00 1.530573956731977603e-01
4.813640558999999541e+00 1.991014953466656578e-01
4.827781724999999469e+00 2.319989342152180001e-01
4.841922889999999313e+00 2.340727917036034000e-01
4.856064055999999240e+00 2.105371203838313221e-01
4.870205221000000861e+00 1.866131546839078226e-01
4.884346387000000789e+00 1.874268508897696250e-01
4.898487552000000633e+00 2.157486955314578125e-01
4.912628718000000561e+00 2.499578782882654338e-01
4.926769883000000405e+00 2.605845058587590302e-01
4.940911049000000332e+00 2.342373051885093815e-01
4.955052214000000177e+00 1.816404141142999862e-01
4.969193380000000104e+00 1.247901652370035919e-01
4.983334544999999949e+00 8.055504850128158978e-02
4.997475710999999876e+00 5.291300861682302070e-02
5.011616875999999721e+00 3.668460957353758545e-02
5.025758041999999648e+00 2.528549044986583283e-02
5.039899206999999492e+00 1.865887121829601369e-02
5.054040372999999420e+00 1.831416210205816242e-02
5.068181537999999264e+00 2.325756034838022401e-02
5.082322703999999192e+00 3.099158474644170269e-02
5.096463869000000813e+00 3.473829207807277442e-02
5.110605035000000740e+00 2.897030486148644002e-02
5.124746200000000584e+00 1.330297328583718297e-02
5.138887366000000512e+00 -5.169953496643842072e-03
5.153028531000000356e+00 -1.490822221030185801e-02
5.167169697000000284e+00 -7.177287712327284908e-03
5.181310862000000128e+00 1.731951990954172516e-02
5.195452028000000055e+00 4.741085437104253231e-02
5.209593192999999900e+00 6.957531964208385489e-02
5.223734358999999827e+00 7.741433833559163702e-02
5.237875523999999672e+00 7.581937009368822089e-02
5.252016689999999599e+00 7.573096900878617532e-02
5.266157854999999444e+00 8.499885942911866721e-02
5.280299020999999371e+00 1.015730124120821642e-01
5.294440185999999215e+00 1.136331521749198714e-01
5.308581351999999143e+00 1.094296825480700619e-01
5.322722517000000764e+00 8.731815923228403165e-02
5.336863683000000691e+00 5.641632689712494653e-02
5.351004848000000536e+00 3.254413208326312201e-02
5.365146014000000463e+00 2.424986384932381611e-02
5.379287179000000307e+00 2.638629022259664225e-02
5.393428345000000235e+00 2.562885529747305213e-02
5.407569510000000079e+00 1.082922407324282688e-02
5.421710676000000007e+00 -1.718923141520356523e-02
5.435851840999999851e+00 -4.909937016281773481e-02
5.449993006999999778e+00 -7.400452606370677699e-02
5.464134171999999623e+00 -9.032503855719475894e-02
5.478275337999999550e+00 -1.032214774649133915e-01
5.492416502999999395e+00 -1.161547058949246036e-01
5.506557668999999322e+00 -1.271439757239747337e-01
5.520698833999999167e+00 -1.296749598564606032e-01
5.534840000000000870e+00 -1.215743579769235083e-01
5.548981166000000798e+00 -1.061569674055373724e-01
5.563122331000000642e+00 -9.013875079467403850e-02
5.577263497000000569e+00 -7.721110138677644841e-02
5.591404662000000414e+00 -6.387908167973854745e-02
5.605545828000000341e+00 -4.865696621605053451e-02
5.619686993000000186e+00 -3.629017314407079198e-02
5.633828159000000113e+00 -3.561984421647501620e-02
5.647969323999999958e+00 -5.445622930726301547e-02
5.662110489999999885e+00 -8.893445995860815856e-02
5.676251654999999730e+00 -1.247906300269026048e-01
5.690392820999999657e+00 -1.482147931005712849e-01
5.704533985999999501e+00 -1.532796150816135849e-01
5.718675151999999429e+00 -1.438560038614902226e-01
5.732816316999999273e+00 -1.269776196445864258e-01
5.746957482999999201e+00 -1.078716681725104820e-01
5.761098648000000821e+00 -8.672502427336326036e-02
5.775239814000000749e+00 -6.293331895699871836e-02
5.789380979000000593e+00 -4.026239780301565929e-02
5.803522145000000521e+00 -2.294388612054554244e-02
5.817663310000000365e+00 -1.331738507816560002e-02
5.831804476000000292e+00 -8.837268476616699786e-03
5.845945641000000137e+00 -4.514612749671798042e-03
5.860086807000000064e+00 2.634390456684343462e-03
5.874227971999999909e+00 1.109968492854740418e-02
5.888369137999999836e+00 1.539171730490274115e-02
5.902510302999999681e+00 1.199483901223530324e-02
5.916651468999999608e+00 1.447221427278932993e-03
5.930792633999999452e+00 -1.435415444644405625e-02
5.944933799999999380e+00 -3.217864184814622774e-02
5.959074964999999224e+00 -5.047377600257618724e-02
5.973216130999999152e+00 -6.758905831214612192e-02
5.987357296000000773e+00 -7.872174603521209235e-02
6.001498462000000700e+00 -8.051929454271444797e-02
6.015639627000000544e+00 -7.336872151260109831e-02
6.029780793000000472e+00 -6.412473821873554414e-02
6.043921958000000316e+00 -6.137379114465524310e-02
6.058063124000000244e+00 -6.903990811122184823e-02
6.072204289000000088e+00 -8.475245311616852462e-02
6.086345455000000015e+00 -9.838537213917675217e-02
6.100486619999999860e+00 -1.008410102395078667e-01
6.114627785999999787e+00 -8.976399736106444038e-02
6.128768950999999632e+00 -6.941799349454669255e-02
6.142910116999999559e+00 -5.049855061155916758e-02
6.157051281999999404e+00 -4.192013621385193289e-02
6.171192447999999331e+00 -4.300021946099796821e-02
6.185333612999999175e+00 -4.459332020348938386e-02
6.199474779000000879e+00 -3.633508027172105415e-02
6.213615944000000724e+00 -1.696846444457555947e-02
6.227757110000000651e+00 2.733373745469336313e-03
6.241898275000000496e+00 9.191968785689397237e-03
6.256039441000000423e+00 6.379267328213700239e-04
6.270180606000000267e+00 -1.274853833614386645e-02
6.284321772000000195e+00 -1.897276238717360286e-02
6.298462937000000039e+00 -1.634291143002997160e-02
6.312604102999999967e+00 -1.643021732340166352e-02
6.326745267999999811e+00 -2.756316325961627456e-02
6.340886433999999738e+00 -4.606038634398323950e-02
6.355027598999999583e+00 -5.777717985368546749e-02
6.369168764999999510e+00 -5.201389355906904655e-02
6.383309929999999355e+00 -3.499524146641164180e-02
6.397451095999999282e+00 -2.147238084889302456e-02
6.411592260999999127e+00 -2.183236644097696910e-02
6.425733427000000830e+00 -3.262299979196114919e-02
6.439874592000000675e+00 -4.114996797648906579e-02
6.454015758000000602e+00 -3.697297843199365275e-02
6.468156923000000447e+00 -1.860124476595892418e-02
6.482298089000000374e+00 7.247484858220687443e-03
6.496439254000000219e+00 3.429013288173443641e-02
6.510580420000000146e+00 5.636213106126497507e-02
6.524721584999999990e+00 6.662599627463272611e-02
6.538862750999999918e+00 6.243567407042327488e-02
6.553003915999999762e+00 4.696695963490604697e-02
6.567145081999999690e+00 3.248345456748147342e-02
6.581286246999999534e+00 3.448321139597254614e-02
6.595427412999999461e+00 5.838256035206690342e-02
6.609568577999999306e+00 9.608557549952756460e-02
6.623709743999999233e+00 1.290854502192786413e-01
6.637850909000000854e+00 1.421209149505440195e-01
6.651992075000000781e+00 1.334677404178545856e-01
6.666133240000000626e+00 1.103348876302483461e-01
6.680274406000000553e+00 8.216216336633763717e-02
6.694415571000000398e+00 5.463744565739148129e-02
6.708556737000000325e+00 3.191535830464431456e-02
6.722697902000000170e+00 2.069643023333611609e-02
6.736839068000000097e+00 2.995736678423632782e-02
6.750980232999999942e+00 6.248196455153909312e-02
6.765121398999999869e+00 1.063891765453366389e-01
6.779262563999999713e+00 1.426805950940632783e-01
6.793403729999999641e+00 1.556230544262895421e-01
6.807544894999999485e+00 1.437571806699473598e-01
6.821686060999999413e+00 1.215297454018777756e-01
6.835827225999999257e+00 1.020415527438078840e-01
6.849968391999999184e+00 9.000749678287611744e-02
6.864109557000000805e+00 8.032445253857467549e-02
6.878250723000000733e+00 6.600200370583664267e-02
6.892391888000000577e+00 4.727140297683796177e-02
6.906533054000000504e+00 2.970251559051639845e-02
6.920674219000000349e+00 2.209697707374047582e-02
6.934815385000000276e+00 2.994490904887570082e-02
6.948956550000000121e+00 5.331437665238247803e-02
6.963097716000000048e+00 8.830287434237149569e-02
6.977238880999999893e+00 1.252991733172041933e-01
6.991380046999999820e+00 1.518692124843390445e-01
7.005521211999999664e+00 1.610833984595672064e-01
7.019662377999999592e+00 1.560751294390883004e-01
7.033803542999999436e+00 1.492047890697048018e-01
7.047944708999999364e+00 1.512166354821946612e-01
7.062085873999999208e+00 1.619579441937624154e-01
7.076227039999999135e+00 1.701617413349438834e-01
7.090368205000000756e+00 1.626759862294893111e-01
7.104509371000000684e+00 1.383104481696477706e-01
7.118650536000000528e+00 1.072602241573363813e-01
7.132791702000000456e+00 8.420407890523229355e-02
7.146932867000000300e+00 7.644448419084781676e-02
7.161074033000000227e+00 7.990297111567024047e-02
7.175215198000000072e+00 8.381956429795422991e-02
7.189356363999999999e+00 7.867342026089474416e-02
7.203497528999999844e+00 6.405402581896169067e-02
7.217638694999999771e+00 4.482240388542102494e-02
7.231779859999999616e+00 2.991414282642601563e-02
7.245921025999999543e+00 2.646728001045062229e-02
7.260062190999999387e+00 3.419197890432457143e-02
7.274203356999999315e+00 5.150039907427839125e-02
7.288344521999999159e+00 7.552488844326710193e-02
7.302485688000000863e+00 1.031403120016864960e-01
7.316626853000000708e+00 1.327515937421228642e-01
7.330768019000000635e+00 1.580642869829613772e-01
7.344909184000000479e+00 1.708727266257152877e-01
7.359050350000000407e+00 1.648801836721851544e-01
7.373191515000000251e+00 1.402741216753362608e-01
7.387332681000000179e+00 1.062854322241921778e-01
7.401473846000000023e+00 7.573627720116782314e-02
7.415615011999999950e+00 5.863265781534465759e-02
7.429756176999999795e+00 5.641981847269761374e-02
7.443897342999999722e+00 6.328695871260769934e-02
7.458038507999999567e+00 6.974148933615431645e-02
7.472179673999999494e+00 6.612875337486201488e-02
7.486320838999999339e+00 4.708856963837249054e-02
7.500462004999999266e+00 1.334511077994804396e-02
7.514603170000000887e+00 -2.665862380102446139e-02
7.528744336000000814e+00 -5.857164569996164971e-02
7.542885501000000659e+00 -6.829898815298562909e-02
7.557026667000000586e+00 -5.016228893915197773e-02
7.571167832000000431e+00 -1.460247521987234620e-02
7.585308998000000358e+00 1.733873517173023515e-02
7.599450163000000202e+00 2.531626469786552036e-02
7.613591329000000130e+00 4.602223858974241466e-03
7.627732493999999974e+00 -2.803219364569109473e-02
7.641873659999999902e+00 -4.727232833645089727e-02
7.656014824999999746e+00 -3.521755527649084172e-02
7.670155990999999673e+00 3.232888509757003703e-03
7.684297155999999518e+00 4.486058177782759060e-02
7.698438321999999445e+00 6.585003712870829418e-02
7.712579486999999290e+00 5.780015262103788132e-02
7.726720652999999217e+00 3.338084370752980590e-02
7.740861818000000838e+00 1.522352936331650142e-02
7.755002984000000765e+00 1.951725402237336482e-02
7.769144149000000610e+00 4.761512531875844445e-02
7.783285315000000537e+00 8.800508182948796332e-02
7.797426480000000382e+00 1.263417533964208417e-01
7.811567646000000309e+00 1.544485701594506821e-01
7.825708811000000154e+00 1.715073844912957668e-01
7.839849977000000081e+00 1.792501235790719960e-01
7.853991141999999925e+00 1.774453232945809589e-01
7.868132307999999853e+00 1.652026523887712983e-01
7.882273472999999697e+00 1.440058637813699249e-01
7.896414638999999625e+00 1.217051887553672884e-01
7.910555803999999469e+00 1.089174201821165866e-01
7.924696969999999396e+00 1.114989263932297803e-01
7.938838134999999241e+00 1.271150902121434001e-01
7.952979300999999168e+00 1.441015766969737655e-01
7.967120466000000789e+00 1.510618350753052397e-01
7.981261632000000716e+00 1.446184432612351856e-01
7.995402797000000561e+00 1.304713610805006141e-01
8.009543963000000488e+00 1.187053660778190078e-01
8.023685128000000333e+00 1.169698751291203820e-01
8.037826294000000260e+00 1.247983373456751366e-01
8.051967459000000105e+00 1.355185476217961593e-01
8.066108625000000032e+00 1.434152205066947516e-01
8.080249789999999876e+00 1.474355660102748544e-01
8.094390955999999804e+00 1.544482241201254880e-01
8.108532120999999648e+00 1.704764086718348892e-01
8.122673286999999576e+00 1.951965138014788437e-01
8.136814451999999420e+00 2.192773926546269792e-01
8.150955617999999347e+00 2.290984115807681576e-01
8.165096782999999192e+00 2.176077436810395227e-01
8.179237948999999119e+00 1.902356039703700930e-01
8.193379114000000740e+00 1.613340861510259572e-01
8.207520280000000668e+00 1.440632342263814536e-01
8.221661445000000512e+00 1.446387341131423199e-01
8.235802611000000439e+00 1.587547320293278830e-01
8.249943776000000284e+00 1.767171467516632788e-01
8.264084942000000211e+00 1.882251699390113941e-01
8.278226107000000056e+00 1.859992151639868752e-01
8.292367272999999983e+00 1.709961153331605033e-01
8.306508437999999828e+00 1.517273410734922834e-01
8.320649603999999755e+00 1.418306165396465701e-01
8.334790768999999599e+00 1.510921358649319757e-01
8.348931934999999527e+00 1.776563828395900657e-01
8.363073099999999371e+00 2.107478302649639090e-01
8.377214265999999299e+00 2.375880641478911315e-01
8.391355430999999143e+00 2.522919598290958021e-01
8.405496597000000847e+00 2.572154481130350945e-01
8.419637762000000691e+00 2.592556010737290251e-01
8.433778928000000619e+00 2.617115323781575853e-01
8.447920093000000463e+00 2.651355230920753314e-01
8.462061259000000391e+00 2.685135442614789980e-01
8.476202424000000235e+00 2.693011911055140928e-01
8.490343590000000162e+00 2.654282726947201354e-01
8.504484755000000007e+00 2.548540648536068431e-01
8.518625920999999934e+00 2.372500553227787634e-01
8.532767085999999779e+00 2.172299063389342422e-01
8.546908251999999706e+00 2.030095846356765321e-01
8.561049416999999551e+00 1.996440307977209727e-01
8.575190582999999478e+00 2.042165563584799060e-01
8.589331747999999322e+00 2.073450157349068235e-01
8.603472913999999250e+00 2.032823388089521899e-01
8.617614079000000871e+00 1.931302893140376398e-01
8.631755245000000798e+00 1.869152483842277945e-01
8.645896410000000643e+00 1.937549358439341063e-01
8.660037576000000570e+00 2.118867656925864651e-01
8.674178741000000414e+00 2.318375286846414696e-01
8.688319907000000342e+00 2.412612832981224642e-01
8.702461072000000186e+00 2.365710457340028938e-01
8.716602238000000114e+00 2.235967276589168051e-01
8.730743402999999958e+00 2.119137565271262957e-01
8.744884568999999885e+00 2.086578107425971496e-01
8.759025733999999730e+00 2.137571354648279964e-01
8.773166899999999657e+00 2.239216090612412557e-01
8.787308064999999502e+00 2.344202185904489255e-01
8.801449230999999429e+00 2.410290230288172353e-01
8.815590395999999274e+00 2.419525123021255553e-01
8.829731561999999201e+00 2.373282279314938847e-01
8.843872727000000822e+00 2.309924365811557578e-01
8.858013893000000749e+00 2.285108278011680483e-01
8.872155058000000594e+00 2.322540240267940703e-01
8.886296224000000521e+00 2.401555702566842143e-01
8.900437389000000366e+00 2.472692788909984785e-01
8.914578555000000293e+00 2.523132910224621384e-01
8.928719720000000137e+00 2.582696374035204911e-01
8.942860886000000065e+00 2.691713297374143110e-01
8.957002050999999909e+00 2.850190013227216212e-01
8.971143216999999837e+00 3.002936289896247501e-01
8.985284381999999681e+00 3.115258511637968297e-01
8.999425547999999608e+00 3.200620320607203695e-01
9.013566712999999453e+00 3.288775129753958026e-01
9.027707878999999380e+00 3.369834735734116293e-01
9.041849043999999225e+00 3.368718438258380132e-01
9.055990209999999152e+00 3.206581659454439404e-01
9.070131375000000773e+00 2.906731140635301358e-01
9.084272541000000700e+00 2.603071264887280023e-01
9.098413706000000545e+00 2.455331150612387603e-01
9.112554872000000472e+00 2.543663354761580564e-01
9.126696037000000317e+00 2.825710556699814191e-01
9.140837203000000244e+00 3.191562719503515666e-01
9.154978368000000089e+00 3.540576780277522317e-01
9.169119534000000016e+00 3.818678498549257228e-01
9.183260698999999860e+00 3.996156501424206198e-01
9.197401864999999788e+00 4.060773793270637810e-01
9.211543029999999632e+00 3.999528720229807988e-01
9.225684195999999559e+00 3.820896676674792047e-01
9.239825360999999404e+00 3.566478650365940695e-01
9.253966526999999331e+00 3.298890886974170655e-01
9.268107691999999176e+00 3.093546493301051470e-01
9.282248858000000880e+00 3.000047595350316953e-01
9.296390023000000724e+00 3.033023873806062198e-01
9.310531189000000651e+00 3.161405644684922578e-01
9.324672354000000496e+00 3.328659498040007492e-01
9.338813520000000423e+00 3.494861368935762158e-01
9.352954685000000268e+00 3.644159966474358470e-01
9.367095851000000195e+00 3.749296938319002237e-01
9.381237016000000040e+00 3.788799044881621114e-01
9.395378181999999967e+00 3.755303749652494361e-01
9.409519346999999811e+00 3.692265048226843760e-01
9.423660512999999739e+00 3.676117323150460692e-01
9.437801677999999583e+00 3.744817498752723850e-01
9.451942843999999511e+00 3.876664118572907825e-01
9.466084008999999355e+00 3.995523471160993267e-01
9.480225174999999282e+00 4.075540280407032867e-01
9.494366339999999127e+00 4.148790802309800796e-01
9.508507506000000831e+00 4.256986202402988084e-01
9.522648671000000675e+00 4.376291404136676277e-01
9.536789837000000603e+00 4.405033708238992318e-01
9.550931002000000447e+00 4.273548705613716692e-01
9.565072168000000374e+00 4.014187787024532383e-01
9.579213333000000219e+00 3.763229655992592626e-01
9.593354499000000146e+00 3.659678519126003948e-01
9.607495663999999991e+00 3.741372579662538556e-01
9.621636829999999918e+00 3.931782072960210428e-01
9.635777994999999763e+00 4.116938201975717249e-01
9.649919160999999690e+00 4.230555759851650777e-01
9.664060325999999534e+00 4.286360220233653706e-01
9.678201491999999462e+00 4.316567966309357018e-01
9.692342656999999306e+00 4.339029964996310440e-01
9.706483822999999234e+00 4.332391928239047729e-01
9.720624988000000855e+00 4.273642390422942583e-01
9.734766154000000782e+00 4.196660966445175944e-01
9.748907319000000626e+00 4.141962600096640301e-01
9.763048485000000554e+00 4.142016151165055504e-01
9.777189650000000398e+00 4.157826395429591315e-01
9.791330816000000326e+00 4.117367960151359085e-01
9.805471981000000170e+00 4.002054636971124069e-01
9.819613147000000097e+00 3.890002636754523735e-01
9.833754311999999942e+00 3.904392337973767724e-01
9.847895477999999869e+00 4.091153883488392040e-01
9.862036642999999714e+00 4.380363522475239080e-01
9.876177808999999641e+00 4.624493355596239752e-01
9.890318973999999486e+00 4.705178651122121636e-01
9.904460139999999413e+00 4.607808135261368676e-01
9.918601304999999257e+00 4.404776750219294712e-01
9.932742470999999185e+00 4.197903205817556938e-01
9.946883636000000806e+00 4.052412473037030338e-01
9.961024802000000733e+00 3.989858435637110290e-01
9.975165967000000578e+00 4.015353735311784078e-01
9.989307133000000505e+00 4.103771820082915411e-01
1.000344829800000035e+01 4.214049295907980053e-01
1.001758946400000028e+01 4.300737223460444625e-01
1.003173062900000012e+01 4.318297027802007193e-01
1.004587179500000005e+01 4.260067630646862114e-01
1.006001295999999989e+01 4.175614550356527843e-01
1.007415412599999982e+01 4.132403756784750470e-01
1.008829529099999966e+01 4.176649622885140190e-01
1.010243645699999959e+01 4.290916147298133865e-01
1.011657762199999944e+01 4.397640270474667545e-01
1.013071878799999936e+01 4.448633019843768466e-01
1.014485995299999921e+01 4.464628816258944255e-01
1.015900111899999914e+01 4.500772303036502109e-01
1.017314228400000076e+01 4.593203723369896352e-01
1.018728345000000068e+01 4.691250007432508085e-01
1.020142461500000053e+01 4.714939443340231406e-01
1.021556578100000046e+01 4.645412825544781299e-01
1.022970694600000030e+01 4.535595096763831435e-01
1.024384811200000023e+01 4.475318044761475988e-01
1.025798927700000007e+01 4.512515666859151509e-01
1.027213044300000000e+01 4.597672095748119858e-01
1.028627160799999984e+01 4.670950093032821826e-01
1.030041277399999977e+01 4.733726410527125950e-01
1.031455393899999962e+01 4.797242948313762412e-01
1.032869510499999954e+01 4.897887070879480831e-01
1.034283626999999939e+01 5.029243481303353747e-01
1.035697743599999932e+01 5.151065843843500858e-01
1.037111860099999916e+01 5.267238648448149263e-01
1.038525976700000086e+01 5.370659297858217940e-01
1.039940093200000071e+01 5.437481114054083520e-01
1.041354209800000064e+01 5.423354331809786544e-01
1.042768326300000048e+01 5.291042101913827622e-01
1.044182442900000041e+01 5.099440158917047938e-01
1.045596559400000025e+01 4.979094798546892520e-01
1.047010676000000018e+01 5.023608448680967342e-01
1.048424792500000002e+01 5.228302666116437791e-01
1.049838909099999995e+01 5.481222378511176885e-01
1.051253025599999980e+01 5.672412039217551438e-01
1.052667142199999972e+01 5.783633140191604127e-01
1.054081258699999957e+01 5.890792031342702018e-01
1.055495375299999949e+01 6.057688117313624332e-01
1.056909491799999934e+01 6.277161228443475238e-01
1.058323608399999927e+01 6.492609130450652799e-01
1.059737724900000089e+01 6.641754430879700521e-01
1.061151841500000081e+01 6.752774521042539391e-01
1.062565958000000066e+01 6.858522969561793303e-01
1.063980074600000059e+01 6.960567351408961656e-01
1.065394191100000043e+01 7.012570728544513798e-01
1.066808307700000036e+01 6.940434595084994385e-01
1.068222424200000020e+01 6.734899567620686867e-01
1.069636540800000013e+01 6.454888427156770803e-01
1.071050657299999997e+01 6.201557896527809532e-01
1.072464773899999990e+01 6.064798011371159703e-01
1.073878890399999975e+01 6.079769778186605578e-01
1.075293006999999967e+01 6.208034493696867884e-01
1.076707123499999952e+01 6.351429231939551556e-01
1.078121240099999945e+01 6.412514389433940920e-01
1.079535356599999929e+01 6.375672391627951185e-01
1.080949473199999922e+01 6.298705354193874228e-01
1.082363589700000084e+01 6.288136244314035395e-01
1.083777706300000077e+01 6.378324851654024741e-01
1.085191822800000061e+01 6.513315001261172910e-01
1.086605939400000054e+01 6.607166563247428570e-01
1.088020055900000038e+01 6.612512981816944801e-01
1.089434172500000031e+01 6.591382743013483037e-01
1.090848289000000015e+01 6.628920971489815628e-01
1.092262405600000008e+01 6.768663369223002491e-01
1.093676522099999993e+01 7.001383112283701138e-01
1.095090638699999985e+01 7.264834560519162210e-01
1.096504755199999970e+01 7.507512689806556949e-01
1.097918871799999962e+01 7.729148369477716329e-01
1.099332988299999947e+01 7.966246468766158273e-01
1.100747104899999940e+01 8.316546992296203200e-01
1.102161221399999924e+01 8.958389957497789879e-01
1.103575337999999917e+01 1.011630016880536331e+00
1.104989454500000079e+01 1.200306384668540005e+00
1.106403571100000072e+01 1.474454620183552223e+00
1.107817687600000056e+01 1.834309413195382987e+00
1.109231804200000049e+01 2.273914580884108361e+00
1.110645920700000033e+01 2.787053110742844453e+00
1.112060037300000026e+01 3.370521138965354879e+00
1.113474153800000011e+01 4.025542208510119124e+00
1.114888270400000003e+01 4.750683765552480509e+00
1.116302386899999988e+01 5.542094874968043428e+00
1.117716503499999980e+01 6.399257593881598538e+00
1.119130619999999965e+01 7.323485081021496867e+00
1.120544736599999958e+01 8.320331458978241557e+00
1.121958853099999942e+01 9.398854252913707796e+00
1.123372969699999935e+01 1.056856418830360411e+01
1.124787086199999919e+01 1.184175544254992118e+01
1.126201202799999912e+01 1.322946703465885854e+01
1.127615319300000074e+01 1.472888244943394298e+01
1.129029435900000067e+01 1.631803919876684716e+01
1.130443552400000051e+01 1.795799291937888853e+01
1.131857669000000044e+01 1.961085107024090135e+01
1.133271785500000028e+01 2.126476820676630552e+01
1.134685902100000021e+01 2.294270571855361140e+01
1.136100018600000006e+01 2.469485910970848863e+01
1.137514135199999998e+01 2.657431017819916974e+01
1.138928251699999983e+01 2.861238525779145903e+01
1.140342368299999976e+01 3.081043591224279155e+01
1.141756484799999960e+01 3.314070950885017908e+01
1.143170601399999953e+01 3.555038403748298492e+01
1.144584717899999937e+01 3.796482816380827074e+01
1.145998834499999930e+01 4.028911590638808349e+01
1.147412950999999914e+01 4.241488618184031623e+01
1.148827067600000085e+01 4.424128097580691588e+01
1.150241184100000069e+01 4.570079947972769219e+01
1.151655300700000062e+01 4.677541309890526122e+01
1.153069417200000046e+01 4.749911145121436817e+01
1.154483533800000039e+01 4.794238867194102482e+01
1.155897650300000024e+01 4.818770268926599698e+01
1.157311766900000016e+01 4.830976127523298658e+01
1.158725883400000001e+01 4.836395895252245225e+01
1.160139999999999993e+01 3.628646354917334804e+01
