# r_minus_2Rs_A, PMF_over_kBT
-1.375000000000000000e+00 nan
-1.324999999999999956e+00 nan
-1.274999999999999911e+00 nan
-1.224999999999999867e+00 nan
-1.174999999999999822e+00 nan
-1.125000000000000000e+00 nan
-1.074999999999999734e+00 nan
-1.024999999999999911e+00 nan
-9.749999999999998668e-01 nan
-9.249999999999999334e-01 nan
-8.749999999999998890e-01 nan
-8.249999999999998446e-01 nan
-7.749999999999999112e-01 nan
-7.249999999999998668e-01 nan
-6.749999999999998224e-01 nan
-6.249999999999998890e-01 nan
-5.749999999999998446e-01 nan
-5.249999999999999112e-01 nan
-4.749999999999998668e-01 nan
-4.249999999999998224e-01 nan
-3.750000000000000000e-01 nan
-3.249999999999997335e-01 nan
-2.749999999999999112e-01 nan
-2.249999999999996447e-01 nan
-1.749999999999998224e-01 nan
-1.250000000000000000e-01 1.299696697604650897e-01
-7.499999999999973355e-02 -8.580599502293488889e-01
-2.499999999999991118e-02 -1.161826348062382053e+00
2.500000000000035527e-02 -1.147176031981405497e+00
7.500000000000017764e-02 -9.394273448993040176e-01
1.250000000000000000e-01 -6.688787008896639463e-01
1.750000000000002665e-01 -5.087820322589617916e-01
2.250000000000000888e-01 -4.159496056409088816e-01
2.750000000000003553e-01 -3.643636840186696979e-01
3.250000000000001776e-01 -2.663025796727804817e-01
3.750000000000000000e-01 -1.339777884852875189e-01
4.250000000000002665e-01 -3.563486904011092804e-03
4.750000000000000888e-01 5.893377663243182241e-02
5.250000000000003553e-01 1.164960268550510047e-01
5.750000000000001776e-01 7.023614094959618193e-02
6.250000000000004441e-01 -5.277742784830641298e-02
6.750000000000002665e-01 1.279545789626679309e-02
7.250000000000000888e-01 -4.394595294008185604e-02
7.749999999999999112e-01 -8.968343149587898466e-02
8.250000000000001776e-01 -1.523509829460567566e-01
8.750000000000004441e-01 -2.633888707621818703e-01
9.250000000000002665e-01 -1.615116105709630823e-01
9.750000000000000888e-01 -1.495135800560358774e-01
1.025000000000000355e+00 -1.788078527738110601e-01
1.075000000000000178e+00 -6.702705721112378612e-02
1.125000000000000444e+00 5.363509606575389554e-02
1.175000000000000266e+00 1.385227275903408994e-01
1.225000000000000089e+00 1.598156799298646735e-01
1.275000000000000355e+00 1.419275378025677270e-01
1.325000000000000178e+00 1.090583373808688972e-01
1.375000000000000444e+00 1.332057134231132700e-01
1.425000000000000266e+00 2.061546304951968889e-01
1.475000000000000089e+00 1.226006222089190967e-01
1.525000000000000355e+00 9.314669871102609910e-02
1.575000000000000178e+00 9.121477706212899328e-02
1.625000000000000444e+00 1.968289179332671779e-02
1.675000000000000266e+00 6.467222345430734265e-03
1.725000000000000089e+00 1.377427036242906411e-02
1.775000000000000355e+00 2.680385266479667905e-02
1.825000000000000178e+00 2.271372926077042109e-02
1.875000000000000444e+00 -9.874090313825245602e-03
1.925000000000000266e+00 -2.944828554725997805e-03
1.975000000000000089e+00 4.244769004436932391e-03
2.025000000000000355e+00 3.753012111332543199e-02
2.075000000000000178e+00 1.050750674540845697e-01
2.125000000000000444e+00 8.608732197477597659e-02
2.175000000000000266e+00 7.387908631873596477e-02
2.225000000000000089e+00 7.376734649254856890e-02
2.275000000000000355e+00 8.708386382647459456e-02
2.325000000000000178e+00 1.049304891032045717e-01
2.375000000000000444e+00 6.501163961841571748e-02
2.425000000000000266e+00 3.226782526674920604e-02
2.475000000000000089e+00 1.144682305652766630e-02
2.525000000000000355e+00 2.370338395925086772e-02
2.575000000000000178e+00 6.139913728158186146e-02
2.625000000000000444e+00 4.880358886160651721e-02
2.675000000000000266e+00 2.327112141234666254e-02
2.725000000000000089e+00 -2.186838912279220892e-04
2.775000000000000799e+00 3.677535406154230913e-03
2.824999999999999734e+00 1.870168137104055717e-02
2.875000000000000444e+00 3.294528705025445703e-03
2.925000000000000266e+00 -4.785333868410424074e-02
2.975000000000000089e+00 -3.940728484924260755e-02
3.025000000000000799e+00 2.172786258364878265e-02
3.074999999999999734e+00 2.078578247682960622e-02
3.125000000000000444e+00 -1.457624754399589051e-03
3.175000000000000266e+00 1.933016062701931048e-02
3.225000000000000089e+00 1.194776254301066487e-02
3.275000000000000799e+00 -6.098355192390325641e-03
3.324999999999999734e+00 1.058117077851727927e-02
3.375000000000000444e+00 -1.059834604087894760e-02
3.425000000000001155e+00 -1.200865613450208258e-02
3.475000000000000089e+00 7.051546081854986880e-03
3.525000000000000799e+00 2.199071231866955856e-02
3.574999999999999734e+00 -7.270564713449445549e-03
3.625000000000000444e+00 -3.270364345961196406e-02
3.675000000000001155e+00 -3.777113000790777164e-02
3.725000000000000089e+00 -3.693638233582730024e-02
3.775000000000000799e+00 -1.903563209730396721e-03
3.824999999999999734e+00 1.591899330642299049e-03
3.875000000000000444e+00 2.568162895763670406e-02
3.925000000000001155e+00 1.887473159578645365e-02
3.975000000000000089e+00 -3.399094420741821665e-03
4.025000000000000355e+00 1.475772970442834620e-02
4.074999999999999289e+00 5.555033669341291613e-03
4.125000000000000000e+00 7.512066020137542210e-03
4.175000000000000711e+00 2.517852071786430557e-02
4.224999999999999645e+00 5.535815532029086938e-03
4.275000000000000355e+00 -2.029317795440022110e-03
4.324999999999999289e+00 1.922561307157533150e-02
4.375000000000000000e+00 1.730465932694214004e-02
4.425000000000000711e+00 3.213503864252675868e-03
4.474999999999999645e+00 2.796617785957611346e-02
4.525000000000000355e+00 2.521644383608778739e-02
4.574999999999999289e+00 -3.038868801286120913e-04
4.625000000000000000e+00 1.315171691125849307e-02
4.675000000000000711e+00 2.460240877617758670e-02
4.724999999999999645e+00 -1.411479896053169369e-03
4.775000000000000355e+00 -4.499117658345896942e-02
4.824999999999999289e+00 -1.970235741730030909e-02
4.875000000000000000e+00 -1.361414593288756691e-03
4.925000000000000711e+00 -1.989868156639884589e-02
4.974999999999999645e+00 -5.192100449759129432e-02
5.025000000000000355e+00 -7.410361856412350789e-02
5.074999999999999289e+00 -5.167954421021780931e-02
5.125000000000000000e+00 -4.150158478457122158e-02
5.175000000000000711e+00 -4.590153266109409103e-02
5.224999999999999645e+00 -3.272530076085056194e-02
5.275000000000000355e+00 -3.157984327733931451e-02
5.324999999999999289e+00 -3.481323674036884697e-02
5.375000000000000000e+00 -1.938134495488963438e-02
5.425000000000000711e+00 -2.138541365380852710e-02
5.474999999999999645e+00 -3.114166796676487436e-02
5.525000000000000355e+00 -4.086238647253548351e-02
5.574999999999999289e+00 -2.882497395635885695e-02
5.625000000000000000e+00 -8.791280295293635305e-03
5.675000000000000711e+00 -1.771935663199242228e-02
5.724999999999999645e+00 -2.574284641735324897e-02
5.775000000000000355e+00 -2.352014837031157768e-02
5.824999999999999289e+00 -3.294461038677365394e-02
5.875000000000000000e+00 -3.523404532800089584e-02
5.925000000000000711e+00 -3.230703900595566225e-02
5.974999999999999645e+00 -1.648580205039573698e-02
6.025000000000000355e+00 -1.737355720569810913e-02
6.074999999999999289e+00 -4.090761461680969546e-02
6.125000000000000000e+00 -5.201072361884806483e-02
6.175000000000000711e+00 -6.237904097295965400e-02
6.224999999999999645e+00 -2.492238068913277260e-02
6.275000000000000355e+00 4.944135527427118149e-03
6.324999999999999289e+00 -2.487267933222936378e-02
6.375000000000000000e+00 -4.239601512278934337e-02
6.425000000000000711e+00 -2.724771488722943502e-02
6.474999999999999645e+00 -4.375174316012309106e-03
6.525000000000000355e+00 1.991503408700001643e-02
6.574999999999999289e+00 -1.407783235442483516e-02
6.625000000000000000e+00 4.630850021213372969e-02
6.674999999999998934e+00 6.732959246974106193e-01
6.724999999999999645e+00 2.181438843145758533e+00
6.775000000000000355e+00 4.814620159506529440e+00
6.825000000000001066e+00 nan
6.875000000000000000e+00 nan
6.924999999999998934e+00 nan
6.974999999999999645e+00 nan
7.025000000000000355e+00 nan
7.075000000000001066e+00 nan
7.125000000000000000e+00 nan
7.174999999999998934e+00 nan
7.224999999999999645e+00 nan
7.275000000000000355e+00 nan
7.325000000000001066e+00 nan
7.375000000000000000e+00 nan
7.424999999999998934e+00 nan
7.474999999999999645e+00 nan
7.525000000000000355e+00 nan
7.575000000000001066e+00 nan
7.625000000000000000e+00 nan
7.674999999999998934e+00 nan
7.724999999999999645e+00 nan
7.775000000000000355e+00 nan
7.825000000000001066e+00 nan
7.875000000000000000e+00 nan
7.924999999999998934e+00 nan
7.974999999999999645e+00 nan
8.025000000000000355e+00 nan
8.075000000000001066e+00 nan
8.125000000000000000e+00 nan
8.175000000000000711e+00 nan
8.224999999999999645e+00 nan
8.275000000000000355e+00 nan
8.325000000000001066e+00 nan
8.375000000000000000e+00 nan
8.425000000000000711e+00 nan
8.474999999999999645e+00 nan
8.525000000000000355e+00 nan
8.575000000000001066e+00 nan
8.625000000000000000e+00 nan
8.675000000000000711e+00 nan
8.724999999999999645e+00 nan
8.775000000000000355e+00 nan
8.825000000000001066e+00 nan
8.875000000000000000e+00 nan
8.925000000000000711e+00 nan
8.974999999999999645e+00 nan
9.025000000000000355e+00 nan
9.075000000000001066e+00 nan
9.125000000000000000e+00 nan
9.175000000000000711e+00 nan
9.224999999999999645e+00 nan
9.275000000000000355e+00 nan
9.325000000000001066e+00 nan
9.375000000000000000e+00 nan
9.425000000000000711e+00 nan
9.474999999999999645e+00 nan
9.525000000000000355e+00 nan
9.575000000000001066e+00 nan
9.625000000000000000e+00 nan
9.675000000000000711e+00 nan
9.724999999999999645e+00 nan
9.775000000000000355e+00 nan
9.825000000000001066e+00 nan
9.875000000000000000e+00 nan
9.925000000000000711e+00 nan
9.974999999999999645e+00 nan
1.002500000000000036e+01 nan
1.007500000000000107e+01 nan
1.012500000000000000e+01 nan
1.017500000000000071e+01 nan
1.022499999999999964e+01 nan
1.027500000000000036e+01 nan
1.032500000000000107e+01 nan
1.037500000000000000e+01 nan
1.042500000000000071e+01 nan
1.047499999999999964e+01 nan
1.052500000000000036e+01 nan
1.057500000000000107e+01 nan
1.062500000000000000e+01 nan
1.067500000000000071e+01 nan
1.072499999999999964e+01 nan
1.077500000000000036e+01 nan
1.082500000000000107e+01 nan
1.087500000000000000e+01 nan
1.092500000000000071e+01 nan
1.097499999999999964e+01 nan
1.102500000000000036e+01 nan
1.107500000000000107e+01 nan
1.112500000000000000e+01 nan
1.117500000000000071e+01 nan
1.122499999999999964e+01 nan
1.127500000000000036e+01 nan
1.132500000000000107e+01 nan
1.137500000000000000e+01 nan
1.142500000000000071e+01 nan
1.147499999999999964e+01 nan
1.152500000000000036e+01 nan
1.157500000000000107e+01 nan
1.162500000000000000e+01 nan
1.167500000000000071e+01 nan
1.172499999999999964e+01 nan
1.177500000000000036e+01 nan
1.182500000000000107e+01 nan
1.187500000000000000e+01 nan
1.192500000000000071e+01 nan
1.197499999999999964e+01 nan
1.202500000000000036e+01 nan
1.207500000000000107e+01 nan
1.212500000000000000e+01 nan
1.217500000000000071e+01 nan
1.222499999999999964e+01 nan
1.227500000000000036e+01 nan
1.232500000000000107e+01 nan
1.237500000000000000e+01 nan
1.242500000000000071e+01 nan
1.247499999999999964e+01 nan
1.252500000000000036e+01 nan
1.257500000000000107e+01 nan
1.262500000000000000e+01 nan
1.267500000000000071e+01 nan
1.272499999999999964e+01 nan
1.277500000000000036e+01 nan
1.282500000000000107e+01 nan
1.287500000000000000e+01 nan
1.292500000000000071e+01 nan
1.297499999999999964e+01 nan
1.302500000000000036e+01 nan
1.307500000000000107e+01 nan
1.312500000000000000e+01 nan
1.317500000000000071e+01 nan
1.322499999999999964e+01 nan
1.327500000000000036e+01 nan
1.332500000000000107e+01 nan
1.337500000000000000e+01 nan
1.342500000000000071e+01 nan
1.347499999999999964e+01 nan
1.352500000000000036e+01 nan
1.357500000000000107e+01 nan
1.362500000000000000e+01 nan
1.367500000000000071e+01 nan
1.372499999999999964e+01 nan
1.377500000000000036e+01 nan
1.382500000000000107e+01 nan
1.387500000000000000e+01 nan
1.392500000000000071e+01 nan
1.397499999999999964e+01 nan
1.402500000000000036e+01 nan
1.407500000000000107e+01 nan
1.412500000000000000e+01 nan
1.417500000000000071e+01 nan
1.422499999999999964e+01 nan
1.427500000000000036e+01 nan
1.432500000000000107e+01 nan
1.437500000000000000e+01 nan
1.442500000000000071e+01 nan
1.447499999999999964e+01 nan
1.452500000000000036e+01 nan
1.457500000000000107e+01 nan
1.462499999999999822e+01 nan
1.467500000000000249e+01 nan
1.472499999999999964e+01 nan
1.477500000000000036e+01 nan
1.482500000000000107e+01 nan
1.487499999999999822e+01 nan
1.492500000000000249e+01 nan
1.497499999999999964e+01 nan
1.502500000000000036e+01 nan
1.507500000000000107e+01 nan
1.512499999999999822e+01 nan
1.517500000000000249e+01 nan
1.522499999999999964e+01 nan
1.527500000000000036e+01 nan
1.532500000000000107e+01 nan
1.537499999999999822e+01 nan
1.542500000000000249e+01 nan
1.547499999999999964e+01 nan
1.552500000000000036e+01 nan
1.557500000000000107e+01 nan
1.562499999999999822e+01 nan
1.567500000000000249e+01 nan
1.572499999999999964e+01 nan
1.577500000000000036e+01 nan
1.582500000000000107e+01 nan
1.587499999999999822e+01 nan
1.592500000000000249e+01 nan
1.597499999999999964e+01 nan
1.602500000000000213e+01 nan
1.607500000000000284e+01 nan
1.612500000000000000e+01 nan
1.617500000000000426e+01 nan
1.622500000000000142e+01 nan
1.627500000000000213e+01 nan
1.632500000000000284e+01 nan
1.637500000000000000e+01 nan
1.642500000000000426e+01 nan
1.647500000000000142e+01 nan
1.652500000000000213e+01 nan
1.657500000000000284e+01 nan
1.662500000000000000e+01 nan
1.667500000000000426e+01 nan
1.672500000000000142e+01 nan
1.677500000000000213e+01 nan
1.682500000000000284e+01 nan
1.687500000000000000e+01 nan
1.692500000000000426e+01 nan
1.697500000000000142e+01 nan
1.702500000000000213e+01 nan
1.707500000000000284e+01 nan
1.712500000000000000e+01 nan
1.717500000000000426e+01 nan
1.722500000000000142e+01 nan
1.727500000000000213e+01 nan
1.732500000000000284e+01 nan
1.737500000000000000e+01 nan
1.742500000000000426e+01 nan
1.747500000000000142e+01 nan
1.752500000000000213e+01 nan
1.757500000000000284e+01 nan
1.762500000000000000e+01 nan
1.767500000000000426e+01 nan
1.772500000000000142e+01 nan
1.777500000000000568e+01 nan
1.782500000000000284e+01 nan
1.787500000000000000e+01 nan
1.792500000000000426e+01 nan
1.797500000000000142e+01 nan
1.802500000000000568e+01 nan
1.807500000000000284e+01 nan
1.812500000000000000e+01 nan
1.817500000000000426e+01 nan
1.822500000000000142e+01 nan
1.827500000000000568e+01 nan
1.832500000000000284e+01 nan
1.837500000000000000e+01 nan
1.842500000000000426e+01 nan
1.847500000000000142e+01 nan
1.852500000000000568e+01 nan
1.857500000000000284e+01 nan
