# r_minus_2Rs_A, PMF_over_kBT
-5.686200000000001253e-01 2.956605732953260457e+01
-5.544801259999996290e-01 4.434701126961198270e+01
-5.403402520000000209e-01 5.911552237177119196e+01
-5.262003780000004127e-01 5.906042492474809791e+01
-5.120605039999999164e-01 5.890105714586496788e+01
-4.979206310000003910e-01 5.851839954808360744e+01
-4.837807569999998947e-01 5.771541540769428025e+01
-4.696408830000002865e-01 5.621562265664163505e+01
-4.555010089999997902e-01 5.369799912097969496e+01
-4.413611350000001821e-01 4.988012021583412547e+01
-4.272212609999996857e-01 4.463790648721647614e+01
-4.130813870000000776e-01 3.811054923518434379e+01
-3.989415129999995813e-01 3.072761389061664516e+01
-3.848016389999999731e-01 2.312314397360180607e+01
-3.706617650000003650e-01 1.595187372756697819e+01
-3.565218919999999514e-01 9.694909046894833793e+00
-3.423820180000003432e-01 4.542750808986195210e+00
-3.282421439999998469e-01 4.121056217459742044e-01
-3.141022700000002388e-01 -2.933964110221339183e+00
-2.999623959999997425e-01 -5.741750050323133792e+00
-2.858225220000001343e-01 -8.171768903006983109e+00
-2.716826479999996380e-01 -1.028335154092194692e+01
-2.575427740000000298e-01 -1.207114985717561595e+01
-2.434029000000004217e-01 -1.352148026178475959e+01
-2.292630259999999254e-01 -1.464424130141596336e+01
-2.151231530000004000e-01 -1.548325067983703107e+01
-2.009832789999999036e-01 -1.610657412649602449e+01
-1.868434050000002955e-01 -1.657670311258499041e+01
-1.727035309999997992e-01 -1.693196777742641146e+01
-1.585636570000001910e-01 -1.718303101608439576e+01
-1.444237829999996947e-01 -1.732541765078376628e+01
-1.302839090000000866e-01 -1.736255926968312124e+01
-1.161440349999995902e-01 -1.731426762816426290e+01
-1.020041609999999821e-01 -1.720912636663642559e+01
-8.786428799999956851e-02 -1.706733581582953008e+01
-7.372441399999996037e-02 -1.689287453214441470e+01
-5.958454000000035222e-02 -1.668086205049185722e+01
-4.544466599999985590e-02 -1.642657750003496631e+01
-3.130479200000024775e-02 -1.613612580115219330e+01
-1.716491799999975143e-02 -1.582364957718215592e+01
-3.025044000000143285e-03 -1.550556494577641331e+01
1.111483000000035304e-02 -1.519127402728570786e+01
2.525470399999996118e-02 -1.487964864540431265e+01
3.939457799999956933e-02 -1.456670707368288120e+01
5.353445100000087109e-02 -1.424585548469610785e+01
6.767432500000047924e-02 -1.391898030345419102e+01
8.181419900000008738e-02 -1.359555450927531339e+01
9.595407299999969553e-02 -1.328002482991630018e+01
1.100939469999993037e-01 -1.297290055466142178e+01
1.242338210000006882e-01 -1.266901961348997219e+01
1.383736950000002963e-01 -1.236114359326671419e+01
1.525135689999999045e-01 -1.205038516322497699e+01
1.666534429999995126e-01 -1.174452208625620742e+01
1.807933169999991208e-01 -1.145223179348635867e+01
1.949331900000004225e-01 -1.117754558764037398e+01
2.090730640000000307e-01 -1.091452571580533615e+01
2.232129379999996388e-01 -1.065230237452991346e+01
2.373528119999992470e-01 -1.038181559718193725e+01
2.514926860000006315e-01 -1.010423439864697670e+01
2.656325600000002396e-01 -9.829758949660483580e+00
2.797724339999998477e-01 -9.568802932352056700e+00
2.939123079999994559e-01 -9.321114123147982156e+00
3.080521820000008404e-01 -9.074971374766064969e+00
3.221920550000003658e-01 -8.821096088615266950e+00
3.363319289999999739e-01 -8.558392873362524966e+00
3.504718029999995821e-01 -8.298824765517069935e+00
3.646116769999991902e-01 -8.053566101627719576e+00
3.787515510000005747e-01 -7.819443238139959007e+00
3.928914250000001829e-01 -7.587717656053557747e+00
4.070312989999997910e-01 -7.349874346465941954e+00
4.211711729999993992e-01 -7.107669298958645854e+00
4.353110470000007837e-01 -6.872985912241807327e+00
4.494509210000003918e-01 -6.651677958406171598e+00
4.635907939999999172e-01 -6.441264856938637706e+00
4.777306679999995254e-01 -6.237739043608748091e+00
4.918705419999991335e-01 -6.039927975247607606e+00
5.060104160000005180e-01 -5.852342861301043087e+00
5.201502900000001262e-01 -5.678425831103126598e+00
5.342901639999997343e-01 -5.510954513698120394e+00
5.484300379999993424e-01 -5.335900467899032051e+00
5.625699120000007269e-01 -5.145607510996695666e+00
5.767097860000003351e-01 -4.944668812307565275e+00
5.908496599999999432e-01 -4.746879611940897803e+00
6.049895329999994686e-01 -4.565025890301162903e+00
6.191294070000008531e-01 -4.399552562132956979e+00
6.332692810000004613e-01 -4.240465798720265411e+00
6.474091550000000694e-01 -4.078678512989071692e+00
6.615490289999996776e-01 -3.913079868713474241e+00
6.756889029999992857e-01 -3.751087668727693725e+00
6.898287770000006702e-01 -3.597969145951463332e+00
7.039686510000002784e-01 -3.454604109518502497e+00
7.181085249999998865e-01 -3.319679616768707930e+00
7.322483979999994119e-01 -3.195776068559604610e+00
7.463882720000007964e-01 -3.091756312018413055e+00
7.605281460000004046e-01 -3.013919785968028009e+00
7.746680200000000127e-01 -2.956653002482131143e+00
7.888078939999996209e-01 -2.901096811250079455e+00
8.029477679999992290e-01 -2.830876374888283920e+00
8.170876420000006135e-01 -2.742473592545426442e+00
8.312275160000002217e-01 -2.647780272805173141e+00
8.453673899999998298e-01 -2.562853569492107297e+00
8.595072639999994379e-01 -2.492696073340473717e+00
8.736471370000007397e-01 -2.428869907630996750e+00
8.877870110000003478e-01 -2.362666847714436358e+00
9.019268849999999560e-01 -2.292464521277226552e+00
9.160667589999995641e-01 -2.223839497962069700e+00
9.302066329999991723e-01 -2.161699755665601685e+00
9.443465070000005568e-01 -2.101860952304159369e+00
9.584863810000001649e-01 -2.038018110708474495e+00
9.726262549999997731e-01 -1.966371780236075395e+00
9.867661289999993812e-01 -1.893352900964357488e+00
1.000906003000000766e+00 -1.829835133100441880e+00
1.015045876000000291e+00 -1.778635225846462831e+00
1.029185749999999899e+00 -1.733197843372128233e+00
1.043325623999999507e+00 -1.678933867016791481e+00
1.057465497999999116e+00 -1.601294231362535569e+00
1.071605372000000500e+00 -1.498106437948605318e+00
1.085745246000000108e+00 -1.382408302846327430e+00
1.099885119999999716e+00 -1.272931652198074914e+00
1.114024993999999325e+00 -1.183346963507169392e+00
1.128164868000000709e+00 -1.113003413111472995e+00
1.142304741000000234e+00 -1.046831972792988452e+00
1.156444614999999843e+00 -9.706244534900676513e-01
1.170584488999999451e+00 -8.806672826615518090e-01
1.184724363000000835e+00 -7.854792464897233373e-01
1.198864237000000443e+00 -6.984454223021145935e-01
1.213004111000000051e+00 -6.246082658261915554e-01
1.227143984999999660e+00 -5.605247841469438441e-01
1.241283858999999268e+00 -4.985811866742189125e-01
1.255423733000000652e+00 -4.330399457874634095e-01
1.269563607000000260e+00 -3.655733839859660605e-01
1.283703479999999786e+00 -3.006682669525932994e-01
1.297843353999999394e+00 -2.410873327473836980e-01
1.311983228000000778e+00 -1.902719601403202176e-01
1.326123102000000387e+00 -1.480657562990046472e-01
1.340262975999999995e+00 -1.136919788854111601e-01
1.354402849999999603e+00 -8.579572589376027736e-02
1.368542723999999211e+00 -6.021696118794572783e-02
1.382682598000000596e+00 -3.686325321082328799e-02
1.396822472000000204e+00 -1.754121433867794622e-02
1.410962345999999812e+00 -1.703598030678321607e-03
1.425102218999999337e+00 1.200818907267908742e-02
1.439242093000000722e+00 2.587381408738842481e-02
1.453381967000000330e+00 3.992056471362914749e-02
1.467521840999999938e+00 4.818684412790474880e-02
1.481661714999999546e+00 4.492622146931424254e-02
1.495801588999999154e+00 3.235395941859131597e-02
1.509941463000000539e+00 2.053278285500859113e-02
1.524081337000000147e+00 2.010811950187907371e-02
1.538221210999999755e+00 3.561439245522635133e-02
1.552361083999999281e+00 6.108875195413254744e-02
1.566500958000000665e+00 8.331192522390296062e-02
1.580640832000000273e+00 9.006569072238335139e-02
1.594780705999999881e+00 7.758350432167127053e-02
1.608920579999999489e+00 4.976630753844268895e-02
1.623060454000000874e+00 1.590059091728690532e-02
1.637200328000000482e+00 -1.309549827944955780e-02
1.651340202000000090e+00 -3.444918639391936210e-02
1.665480075999999698e+00 -5.179927982404208819e-02
1.679619949999999307e+00 -7.237303313928933335e-02
1.693759823000000608e+00 -1.002846856997354763e-01
1.707899697000000216e+00 -1.361864021331946617e-01
1.722039570999999825e+00 -1.755291819606838999e-01
1.736179444999999433e+00 -2.126395505122555818e-01
1.750319319000000817e+00 -2.444250319847292019e-01
1.764459193000000425e+00 -2.669558944477827822e-01
1.778599067000000034e+00 -2.787347369920585294e-01
1.792738940999999642e+00 -2.782024874708035611e-01
1.806878814999999250e+00 -2.702632408866580960e-01
1.821018689000000634e+00 -2.619490639583101910e-01
1.835158562000000160e+00 -2.581814546450420522e-01
1.849298435999999768e+00 -2.621589439119844656e-01
1.863438309999999376e+00 -2.712864627756790270e-01
1.877578184000000761e+00 -2.841141470916657141e-01
1.891718058000000369e+00 -2.997484319003191899e-01
1.905857931999999977e+00 -3.138576248222868514e-01
1.919997805999999585e+00 -3.193051157865287593e-01
1.934137679999999193e+00 -3.091882157397130015e-01
1.948277554000000578e+00 -2.824521737928851195e-01
1.962417427000000103e+00 -2.476126193286241062e-01
1.976557300999999711e+00 -2.135954640869499599e-01
1.990697174999999319e+00 -1.811673392115515924e-01
2.004837049000000704e+00 -1.447399716509512047e-01
2.018976923000000312e+00 -1.003417355991729210e-01
2.033116796999999920e+00 -5.291427266735126977e-02
2.047256670999999528e+00 -1.259374806275559422e-02
2.061396544999999136e+00 1.775801908891061487e-02
2.075536419000000521e+00 4.619118929215026981e-02
2.089676293000000129e+00 7.991414940665464428e-02
2.103816165999999654e+00 1.193959727960880457e-01
2.117956039999999263e+00 1.562982514378141730e-01
2.132095914000000647e+00 1.835593743598220584e-01
2.146235788000000255e+00 2.029468976904524880e-01
2.160375661999999863e+00 2.220337993488481487e-01
2.174515535999999472e+00 2.462278830647672834e-01
2.188655410000000856e+00 2.726668589744392079e-01
2.202795284000000464e+00 2.993739074917893817e-01
2.216935158000000072e+00 3.271090747925544662e-01
2.231075031999999680e+00 3.574159782496018067e-01
2.245214904999999206e+00 3.908089839989976610e-01
2.259354779000000590e+00 4.251417184066230703e-01
2.273494653000000199e+00 4.611419071495284072e-01
2.287634526999999807e+00 5.022622184907934439e-01
2.301774400999999415e+00 5.497284482945854478e-01
2.315914275000000799e+00 5.945119298503431793e-01
2.330054149000000407e+00 6.212326093080289269e-01
2.344194023000000016e+00 6.228439711622275610e-01
2.358333896999999624e+00 6.084077365912623492e-01
2.372473769999999149e+00 6.003405219892119504e-01
2.386613644000000534e+00 6.167750946278456325e-01
2.400753518000000142e+00 6.552433078664083865e-01
2.414893391999999750e+00 6.968823644258606009e-01
2.429033265999999358e+00 7.208678359218385623e-01
2.443173140000000743e+00 7.211601142999466418e-01
2.457313014000000351e+00 7.083838204973851305e-01
2.471452887999999959e+00 6.979875315399493019e-01
2.485592761999999567e+00 6.954144776390140947e-01
2.499732635999999175e+00 6.903695447248470174e-01
2.513872509000000477e+00 6.690457123314885735e-01
2.528012383000000085e+00 6.270378192606216317e-01
2.542152256999999693e+00 5.755883829842414201e-01
2.556292130999999301e+00 5.315322422730730523e-01
2.570432005000000686e+00 5.042321786669425876e-01
2.584571879000000294e+00 4.887117514565009202e-01
2.598711752999999902e+00 4.718990379583924977e-01
2.612851626999999510e+00 4.480059851283506589e-01
2.626991500999999118e+00 4.199850169807746170e-01
2.641131375000000503e+00 3.954235858323134067e-01
2.655271248000000028e+00 3.801117659913035851e-01
2.669411121999999637e+00 3.736054345848085489e-01
2.683550995999999245e+00 3.735495319283792526e-01
2.697690870000000629e+00 3.766445841538299533e-01
2.711830744000000237e+00 3.774737966169805503e-01
2.725970617999999845e+00 3.686559527484298826e-01
2.740110491999999454e+00 3.449130756196669978e-01
2.754250366000000838e+00 3.092915818142234485e-01
2.768390240000000446e+00 2.714092846073086207e-01
2.782530112999999972e+00 2.418540950729113348e-01
2.796669986999999580e+00 2.238780154931419020e-01
2.810809860999999188e+00 2.119787400500143804e-01
2.824949735000000572e+00 2.012807403558696251e-01
2.839089609000000181e+00 1.915203746692295539e-01
2.853229482999999789e+00 1.883096180342143100e-01
2.867369356999999397e+00 1.994117367504202321e-01
2.881509231000000781e+00 2.259467532118133448e-01
2.895649105000000390e+00 2.652517359069115344e-01
2.909788978999999998e+00 3.099338264699582624e-01
2.923928851999999523e+00 3.519960478829986528e-01
2.938068725999999131e+00 3.890165607902353884e-01
2.952208600000000516e+00 4.200198977375730891e-01
2.966348474000000124e+00 4.454828622508397729e-01
2.980488347999999732e+00 4.645957341824438203e-01
2.994628221999999340e+00 4.739398350102668189e-01
3.008768096000000725e+00 4.728153461791144707e-01
3.022907970000000333e+00 4.633792426492640004e-01
3.037047843999999941e+00 4.488953528966366235e-01
3.051187717999999549e+00 4.324771185452007671e-01
3.065327591000000851e+00 4.158392490188766999e-01
3.079467465000000459e+00 4.028126533415115063e-01
3.093607339000000067e+00 3.984702253435905561e-01
3.107747212999999675e+00 4.058256914495093071e-01
3.121887086999999283e+00 4.190945563485772851e-01
3.136026961000000668e+00 4.287367931308541102e-01
3.150166835000000276e+00 4.294440132420636047e-01
3.164306708999999884e+00 4.221749622902049026e-01
3.178446582999999492e+00 4.174711012913654429e-01
3.192586456000000794e+00 4.197956522878190100e-01
3.206726330000000402e+00 4.213967162785650089e-01
3.220866204000000010e+00 4.115664300384143104e-01
3.235006077999999619e+00 3.817038703563611080e-01
3.249145951999999227e+00 3.386929484177834127e-01
3.263285826000000611e+00 3.009633234871298413e-01
3.277425700000000219e+00 2.851749996375225749e-01
3.291565573999999827e+00 2.954492012347778029e-01
3.305705447999999436e+00 3.198980184214406108e-01
3.319845322000000820e+00 3.389147519115116580e-01
3.333985195000000346e+00 3.384055124778448942e-01
3.348125068999999954e+00 3.179346863037064708e-01
3.362264942999999562e+00 2.887831650270875627e-01
3.376404816999999170e+00 2.666639628817453200e-01
3.390544691000000554e+00 2.598772120488153092e-01
3.404684565000000163e+00 2.631233073055359029e-01
3.418824438999999771e+00 2.664665017876792774e-01
3.432964312999999379e+00 2.623427353767802117e-01
3.447104187000000763e+00 2.496967988938294525e-01
3.461244061000000372e+00 2.353180221203636791e-01
3.475383933999999897e+00 2.220414707035516244e-01
3.489523807999999505e+00 2.095583208642395334e-01
3.503663681999999113e+00 2.003464784729551695e-01
3.517803556000000498e+00 1.969792884484604656e-01
3.531943430000000106e+00 2.037630978529314518e-01
3.546083303999999714e+00 2.190588595712910092e-01
3.560223177999999322e+00 2.351801942032061277e-01
3.574363052000000707e+00 2.456308613535433949e-01
3.588502926000000315e+00 2.518891676539301017e-01
3.602642798999999840e+00 2.625594920534908283e-01
3.616782672999999448e+00 2.827350002057436029e-01
3.630922547000000833e+00 3.095635564473511181e-01
3.645062421000000441e+00 3.335844057768202475e-01
3.659202295000000049e+00 3.494898514672399870e-01
3.673342168999999657e+00 3.592812200345019136e-01
3.687482042999999265e+00 3.713289589362140930e-01
3.701621917000000650e+00 3.909720497976412190e-01
3.715761791000000258e+00 4.121624935731134087e-01
3.729901664999999866e+00 4.212580714713212160e-01
3.744041537999999392e+00 4.075882370186985071e-01
3.758181412000000776e+00 3.723986175446096780e-01
3.772321286000000384e+00 3.315753771273453054e-01
3.786461159999999992e+00 3.091599147013219806e-01
3.800601033999999601e+00 3.163477152197451403e-01
3.814740907999999209e+00 3.471094359115998174e-01
3.828880782000000593e+00 3.866430343036562078e-01
3.843020656000000201e+00 4.212796420915481121e-01
3.857160529999999810e+00 4.534041251399045791e-01
3.871300403999999418e+00 4.924973856984529164e-01
3.885440277000000719e+00 5.398327554316164623e-01
3.899580151000000328e+00 5.830718275503965486e-01
3.913720024999999936e+00 6.078793391126637857e-01
3.927859898999999544e+00 6.133535930008271464e-01
3.941999772999999152e+00 6.126466087634341307e-01
3.956139647000000537e+00 6.215965659673958754e-01
3.970279521000000145e+00 6.439558089946899599e-01
3.984419394999999753e+00 6.670713305908630986e-01
3.998559268999999361e+00 6.799630818235122831e-01
4.012699142000000663e+00 6.863391647879684143e-01
4.026839016000000271e+00 6.985713876437138481e-01
4.040978889999999879e+00 7.254075172368263935e-01
4.055118763999999487e+00 7.610449701094363917e-01
4.069258638000000872e+00 7.911192214071878226e-01
4.083398512000000480e+00 8.058257579075309707e-01
4.097538386000000088e+00 8.125829370104167282e-01
4.111678259999999696e+00 8.253123312545369572e-01
4.125818133999999304e+00 8.513614454141880117e-01
4.139958008000000689e+00 8.841579600066484801e-01
4.154097881000000214e+00 9.064543394802377918e-01
4.168237754999999822e+00 9.080296517683414947e-01
4.182377628999999430e+00 8.918576522016703478e-01
4.196517503000000815e+00 8.738237761301377304e-01
4.210657377000000423e+00 8.676885681543460294e-01
4.224797251000000031e+00 8.749689706362868691e-01
4.238937124999999639e+00 8.856702326905168121e-01
4.253076998999999248e+00 8.880320730874835533e-01
4.267216873000000632e+00 8.790848512213642607e-01
4.281356747000000240e+00 8.667446335211259623e-01
4.295496619999999766e+00 8.620715619597376644e-01
4.309636493999999374e+00 8.695106332870405907e-01
4.323776368000000758e+00 8.885858748770019133e-01
4.337916242000000366e+00 9.137224047684640027e-01
4.352056115999999975e+00 9.391692247690297535e-01
4.366195989999999583e+00 9.586197405772196589e-01
4.380335863999999191e+00 9.638299791612290335e-01
4.394475738000000575e+00 9.502887668235295848e-01
4.408615612000000183e+00 9.208921810961996357e-01
4.422755484999999709e+00 8.859321453779447353e-01
4.436895358999999317e+00 8.577047578455996302e-01
4.451035233000000702e+00 8.443255853654960674e-01
4.465175107000000310e+00 8.448370835337879470e-01
4.479314980999999918e+00 8.529876323622129775e-01
4.493454854999999526e+00 8.622698293022459382e-01
4.507594728999999134e+00 8.694765343661785550e-01
4.521734603000000519e+00 8.725496946433484169e-01
4.535874477000000127e+00 8.702896868808629449e-01
4.550014350999999735e+00 8.641869206697005978e-01
4.564154223999999260e+00 8.581733188868199136e-01
4.578294098000000645e+00 8.591908472531759600e-01
4.592433972000000253e+00 8.690244924381822500e-01
4.606573845999999861e+00 8.834799824221590825e-01
4.620713719999999469e+00 8.936413944415004806e-01
4.634853594000000854e+00 8.966296438179348627e-01
4.648993468000000462e+00 8.991543752090684904e-01
4.663133342000000070e+00 9.079050171246141332e-01
4.677273215999999678e+00 9.231160361200263509e-01
4.691413089999999286e+00 9.333222748217302467e-01
4.705552963000000588e+00 9.277961268840382303e-01
4.719692837000000196e+00 9.072813336452654198e-01
4.733832710999999804e+00 8.871170735220488268e-01
4.747972584999999413e+00 8.835807391455698934e-01
4.762112459000000797e+00 8.989187278886738852e-01
4.776252333000000405e+00 9.222934265002447063e-01
4.790392207000000013e+00 9.377897852594312411e-01
4.804532080999999621e+00 9.386740924918495210e-01
4.818671954999999230e+00 9.316521716274817067e-01
4.832811828000000531e+00 9.259705361563952408e-01
4.846951702000000139e+00 9.251470972537791937e-01
4.861091575999999748e+00 9.251906547867765340e-01
4.875231449999999356e+00 9.198272854180302716e-01
4.889371324000000740e+00 9.092350779727151888e-01
4.903511198000000348e+00 9.005487106523517582e-01
4.917651071999999957e+00 9.024526745442642550e-01
4.931790945999999565e+00 9.169591820087727996e-01
4.945930819999999173e+00 9.383030847437527910e-01
4.960070694000000557e+00 9.543487827784584709e-01
4.974210567000000083e+00 9.555308949118224149e-01
4.988350440999999691e+00 9.412682785968282673e-01
5.002490314999999299e+00 9.185759825598260875e-01
5.016630189000000684e+00 8.978853749036375120e-01
5.030770063000000292e+00 8.865552794436073469e-01
5.044909936999999900e+00 8.868003467911069748e-01
5.059049810999999508e+00 8.959531268956624217e-01
5.073189684999999116e+00 9.119222554966679439e-01
5.087329559000000501e+00 9.336423347685851581e-01
5.101469433000000109e+00 9.565833877990428391e-01
5.115609305999999634e+00 9.741846870904087297e-01
5.129749179999999242e+00 9.810876125099223799e-01
5.143889054000000627e+00 9.771791464892274348e-01
5.158028928000000235e+00 9.754343721270650747e-01
5.172168801999999843e+00 9.917797146878566394e-01
5.186308675999999451e+00 1.027682430103308064e+00
5.200448550000000836e+00 1.067267655579476227e+00
5.214588424000000444e+00 1.085711699274266806e+00
5.228728298000000052e+00 1.071533003523292393e+00
5.242868171999999660e+00 1.033981726415142077e+00
5.257008044999999186e+00 9.968202993239874132e-01
5.271147919000000570e+00 9.753213987318964939e-01
5.285287793000000178e+00 9.658844043311898275e-01
5.299427666999999786e+00 9.604007409976862419e-01
5.313567540999999395e+00 9.557521344840509414e-01
5.327707415000000779e+00 9.608305886298520448e-01
5.341847289000000387e+00 9.830405324206470397e-01
5.355987162999999995e+00 1.015174466117082730e+00
5.370127036999999603e+00 1.040810904120819558e+00
5.384266909999999129e+00 1.047251916054463550e+00
5.398406784000000513e+00 1.035897898907528258e+00
5.412546658000000122e+00 1.019589762235193930e+00
5.426686531999999730e+00 1.005191967550565835e+00
5.440826405999999338e+00 9.924003914384318392e-01
5.454966280000000722e+00 9.773485937319907890e-01
5.469106154000000330e+00 9.561827939271339005e-01
5.483246027999999939e+00 9.350560518276651578e-01
5.497385901999999547e+00 9.166257262550363549e-01
5.511525775999999155e+00 8.968110453340329968e-01
5.525665649000000457e+00 8.717037507973106614e-01
5.539805523000000065e+00 8.424020775519025506e-01
5.553945396999999673e+00 8.160320166195162983e-01
5.568085270999999281e+00 8.014318554961352703e-01
5.582225145000000666e+00 8.007379635250071459e-01
5.596365019000000274e+00 8.076120236205905911e-01
5.610504892999999882e+00 8.189092051348332291e-01
5.624644766999999490e+00 8.363369925669008609e-01
5.638784641000000875e+00 8.603534136277612987e-01
5.652924515000000483e+00 8.877129798488230250e-01
5.667064388000000008e+00 9.082909734659576628e-01
5.681204261999999616e+00 9.159234695678115656e-01
5.695344135999999224e+00 9.169307796808698896e-01
5.709484010000000609e+00 9.218482156770555491e-01
5.723623884000000217e+00 9.348788470833611086e-01
5.737763757999999825e+00 9.465993589336658687e-01
5.751903631999999433e+00 9.415037068934566378e-01
5.766043506000000818e+00 9.165156846792346101e-01
5.780183380000000426e+00 8.866098159578239546e-01
5.794323252999999951e+00 8.724086663906724937e-01
5.808463126999999560e+00 8.844819744928393845e-01
5.822603000999999168e+00 9.142516374757878594e-01
5.836742875000000552e+00 9.432519393481975101e-01
5.850882749000000160e+00 9.600181279040196358e-01
5.865022622999999768e+00 9.656833828958628629e-01
5.879162496999999377e+00 9.661984479342393684e-01
5.893302371000000761e+00 9.668655179069745031e-01
5.907442245000000369e+00 9.690278796244253812e-01
5.921582118999999977e+00 9.740100359772014826e-01
5.935721991999999503e+00 9.865010066890516072e-01
5.949861866000000887e+00 1.007621022080178008e+00
5.964001740000000495e+00 1.030066389232224822e+00
5.978141614000000104e+00 1.041018437185508461e+00
5.992281487999999712e+00 1.033630977476555302e+00
6.006421361999999320e+00 1.013574959729728775e+00
6.020561236000000704e+00 9.963447916213770128e-01
6.034701110000000313e+00 9.974514775895446661e-01
6.048840983999999921e+00 1.020606054317903855e+00
6.062980857999999529e+00 1.057333994893832951e+00
6.077120731000000831e+00 1.094500999237633110e+00
6.091260605000000439e+00 1.122140387544346751e+00
6.105400479000000047e+00 1.130872302900002069e+00
6.119540352999999655e+00 1.115078700672020418e+00
6.133680226999999263e+00 1.076498921951058563e+00
6.147820101000000648e+00 1.023685365915747880e+00
6.161959975000000256e+00 9.753683549584835077e-01
6.176099848999999864e+00 9.454244953306290000e-01
6.190239722999999472e+00 9.316776038815586247e-01
6.204379596000000774e+00 9.197987746159554945e-01
6.218519470000000382e+00 8.960618892333531704e-01
6.232659343999999990e+00 8.634759749053433353e-01
6.246799217999999598e+00 8.393750636656687192e-01
6.260939091999999206e+00 8.424583161756054039e-01
6.275078966000000591e+00 8.764640040877313965e-01
6.289218840000000199e+00 9.274113567849440187e-01
6.303358713999999807e+00 9.764503297675997118e-01
6.317498587999999415e+00 1.013352897556778487e+00
6.331638462000000800e+00 1.035145128498191625e+00
6.345778335000000325e+00 1.040662698737795822e+00
6.359918208999999933e+00 1.027323999213967554e+00
6.374058082999999542e+00 9.952900753698710190e-01
6.388197956999999150e+00 9.546763071883450635e-01
6.402337831000000534e+00 9.250546136034873967e-01
6.416477705000000142e+00 9.235766206698450276e-01
6.430617578999999751e+00 9.497869660436943917e-01
6.444757452999999359e+00 9.893958628540602263e-01
6.458897327000000743e+00 1.024157297122096466e+00
6.473037201000000351e+00 1.048985327726645878e+00
6.487177073999999877e+00 1.074620012314280615e+00
6.501316947999999485e+00 1.112897470421559731e+00
6.515456822000000869e+00 1.165754004154781143e+00
6.529596696000000478e+00 1.219078834353554797e+00
6.543736570000000086e+00 1.252865151777605490e+00
6.557876443999999694e+00 1.257439216242683955e+00
6.572016317999999302e+00 1.236649572392504837e+00
6.586156192000000686e+00 1.203108202924596526e+00
6.600296066000000295e+00 1.169609280491620495e+00
6.614435938999999820e+00 1.142053765223428385e+00
6.628575812999999428e+00 1.123398569463116559e+00
6.642715687000000813e+00 1.114245801027109906e+00
6.656855561000000421e+00 1.112750300013624738e+00
6.670995435000000029e+00 1.111506401280665912e+00
6.685135308999999637e+00 1.098068931645551416e+00
6.699275182999999245e+00 1.067260352431366854e+00
6.713415057000000630e+00 1.022095070757300661e+00
6.727554931000000238e+00 9.742934427645106865e-01
6.741694804999999846e+00 9.392693622919541241e-01
6.755834677999999371e+00 9.222203064619733937e-01
6.769974552000000756e+00 9.192814162237858966e-01
6.784114426000000364e+00 9.232299712261493596e-01
6.798254299999999972e+00 9.273385488835454993e-01
6.812394173999999580e+00 9.261909281454911991e-01
6.826534047999999189e+00 9.167307566950810838e-01
6.840673922000000573e+00 9.004266034957506548e-01
6.854813796000000181e+00 8.808163455654938190e-01
6.868953669999999789e+00 8.641873105575719194e-01
6.883093543999999397e+00 8.557542205979338235e-01
6.897233417000000699e+00 8.540416446440470821e-01
6.911373291000000307e+00 8.556027270938635354e-01
6.925513164999999915e+00 8.607919484646071595e-01
6.939653038999999524e+00 8.716193089747630296e-01
6.953792912999999132e+00 8.879500207014601187e-01
6.967932787000000516e+00 9.049386480038386082e-01
6.982072661000000124e+00 9.132280678120654471e-01
6.996212534999999733e+00 9.070868067241608657e-01
7.010352408999999341e+00 8.930650541985478696e-01
7.024492282000000642e+00 8.836376687829936571e-01
7.038632156000000251e+00 8.863827528534589106e-01
7.052772029999999859e+00 8.994739839377619006e-01
7.066911903999999467e+00 9.100402121682460432e-01
7.081051778000000851e+00 9.077407650206623657e-01
7.095191652000000460e+00 8.946612848334574153e-01
7.109331526000000068e+00 8.819906874841692002e-01
7.123471399999999676e+00 8.829224378733382395e-01
7.137611273999999284e+00 9.010167731503528898e-01
7.151751148000000669e+00 9.315410797772791796e-01
7.165891021000000194e+00 9.668657597568728335e-01
7.180030894999999802e+00 1.000586309243320926e+00
7.194170768999999410e+00 1.029760714704302416e+00
7.208310643000000795e+00 1.051718503276580563e+00
7.222450517000000403e+00 1.065144938473537195e+00
7.236590391000000011e+00 1.073321546090644674e+00
7.250730264999999619e+00 1.081405737075710860e+00
7.264870138999999227e+00 1.090895836883754910e+00
7.279010013000000612e+00 1.097652403218978279e+00
7.293149887000000220e+00 1.098081334066643322e+00
7.307289759999999745e+00 1.096393201984691146e+00
7.321429633999999353e+00 1.106073227876667175e+00
7.335569508000000738e+00 1.135687707153504533e+00
7.349709382000000346e+00 1.176244842992005601e+00
7.363849255999999954e+00 1.203399183333633715e+00
7.377989129999999562e+00 1.195494153563252837e+00
7.392129003999999171e+00 1.154447213250643145e+00
7.406268878000000555e+00 1.103219135182806454e+00
7.420408752000000163e+00 1.069500103718683093e+00
7.434548624999999689e+00 1.064643337789631161e+00
7.448688498999999297e+00 1.079012737898993990e+00
7.462828373000000681e+00 1.094929795509379744e+00
7.476968247000000289e+00 1.101768834365426386e+00
7.491108120999999898e+00 1.099226257493382874e+00
7.505247994999999506e+00 1.093681701814514184e+00
7.519387868999999114e+00 1.091038231983674223e+00
7.533527743000000498e+00 1.092876108453857853e+00
7.547667617000000106e+00 1.099592528766550004e+00
7.561807490999999715e+00 1.109699102680936633e+00
7.575947363999999240e+00 1.120091985496090459e+00
7.590087238000000625e+00 1.128837569890110970e+00
7.604227112000000233e+00 1.136529670790995539e+00
7.618366985999999841e+00 1.147718255731357218e+00
7.632506859999999449e+00 1.170076139590824127e+00
7.646646734000000833e+00 1.204570647273076389e+00
7.660786608000000442e+00 1.241884051093103736e+00
7.674926482000000050e+00 1.267348529164332049e+00
7.689066355999999658e+00 1.269061122817999987e+00
7.703206229999999266e+00 1.248277032377835383e+00
7.717346103000000568e+00 1.217233558545869343e+00
7.731485977000000176e+00 1.191393871016639849e+00
7.745625850999999784e+00 1.177702128186499664e+00
7.759765724999999392e+00 1.172391217508009120e+00
7.773905599000000777e+00 1.169766557652593519e+00
7.788045473000000385e+00 1.165444196670565091e+00
7.802185346999999993e+00 1.163239304862527135e+00
7.816325220999999601e+00 1.165029798005239314e+00
7.830465094999999209e+00 1.168423495707147097e+00
7.844604968000000511e+00 1.166179527632165147e+00
7.858744842000000119e+00 1.153374837921104401e+00
7.872884715999999727e+00 1.134977784578113713e+00
7.887024589999999336e+00 1.121225492728076034e+00
7.901164464000000720e+00 1.124322237747744424e+00
7.915304338000000328e+00 1.143413753747593020e+00
7.929444211999999936e+00 1.165750454185408458e+00
7.943584085999999544e+00 1.172923874124400356e+00
7.957723959999999153e+00 1.151504641846120336e+00
7.971863834000000537e+00 1.104180330754690686e+00
7.986003707000000063e+00 1.046544394309412596e+00
8.000143580999999671e+00 9.965346588341166267e-01
8.014283455000001055e+00 9.653347754839884942e-01
8.028423328999998887e+00 9.499581367284815059e-01
8.042563203000000271e+00 9.427722598058672077e-01
8.056703077000001656e+00 9.391155000429662891e-01
8.070842950999999488e+00 9.377545737270711612e-01
8.084982825000000872e+00 9.379779893963231530e-01
8.099122698999998704e+00 9.336448107429422549e-01
8.113262573000000089e+00 9.185215014209671125e-01
8.127402446000001390e+00 8.936549757844822750e-01
8.141542319999999222e+00 8.707276887945685218e-01
8.155682194000000607e+00 8.613628034697260460e-01
8.169822067999998438e+00 8.706061534975333416e-01
8.183961941999999823e+00 8.918917212061661104e-01
8.198101816000001207e+00 9.123854024961826070e-01
8.212241689999999039e+00 9.268265858417858993e-01
8.226381564000000424e+00 9.374975358392276803e-01
8.240521437999998255e+00 9.511266673696265883e-01
8.254661310999999557e+00 9.745003773042011375e-01
8.268801185000000942e+00 1.008973246347439456e+00
8.282941058999998774e+00 1.049775597132430960e+00
8.297080933000000158e+00 1.087134690703265960e+00
8.311220807000001543e+00 1.110606391906616253e+00
8.325360680999999374e+00 1.117079348838931452e+00
8.339500555000000759e+00 1.112133224751174154e+00
8.353640428999998591e+00 1.110732914823017836e+00
8.367780302999999975e+00 1.125275011969325334e+00
8.381920177000001360e+00 1.154334699067756986e+00
8.396060049999999109e+00 1.185890262276092955e+00
8.410199924000000493e+00 1.204434572553632066e+00
8.424339797999998325e+00 1.204853583111090032e+00
8.438479671999999709e+00 1.196437978150793668e+00
8.452619546000001094e+00 1.192970484388091279e+00
8.466759419999998926e+00 1.199680301142917571e+00
8.480899294000000310e+00 1.209059265793172244e+00
8.495039168000001695e+00 1.208502553774723154e+00
8.509179041999999527e+00 1.192833099226618288e+00
8.523318916000000911e+00 1.168877572057617442e+00
8.537458788999998660e+00 1.146796961907931234e+00
8.551598663000000045e+00 1.130857527090748604e+00
8.565738537000001429e+00 1.117473662687011426e+00
8.579878410999999261e+00 1.103406362188605883e+00
8.594018285000000645e+00 1.092650496117309800e+00
8.608158158999998477e+00 1.090484771470414671e+00
8.622298032999999862e+00 1.095320678787262025e+00
8.636437907000001246e+00 1.098095555697653936e+00
8.650577780999999078e+00 1.089238416246708141e+00
8.664717654000000380e+00 1.072753039049425539e+00
8.678857528000001764e+00 1.065921436878083384e+00
8.692997401999999596e+00 1.078935165079368375e+00
8.707137276000000981e+00 1.106954588701178466e+00
8.721277149999998812e+00 1.131410211112294562e+00
8.735417024000000197e+00 1.131571592479549082e+00
8.749556898000001581e+00 1.105079470705559785e+00
8.763696771999999413e+00 1.065609815944890570e+00
8.777836646000000798e+00 1.029475295765349685e+00
8.791976519999998629e+00 1.005309399634393586e+00
8.806116392999999931e+00 9.912505819116574912e-01
8.820256267000001316e+00 9.786656527274004702e-01
8.834396140999999147e+00 9.587411473671565432e-01
8.848536015000000532e+00 9.294402775918158000e-01
8.862675888999998364e+00 8.911197757419220267e-01
8.876815762999999748e+00 8.490251786979587934e-01
8.890955637000001133e+00 8.124288523667235751e-01
8.905095510999998965e+00 7.863839768426466037e-01
8.919235385000000349e+00 7.700919373755361619e-01
8.933375259000001734e+00 7.550562165991774322e-01
8.947515131999999483e+00 7.343200991360046004e-01
8.961655006000000867e+00 7.106658134440415608e-01
8.975794879999998699e+00 6.968062750722676668e-01
8.989934754000000083e+00 7.074884989481979858e-01
9.004074628000001468e+00 7.420799534829161104e-01
9.018214501999999300e+00 7.794909677564270112e-01
9.032354376000000684e+00 7.962353014881546898e-01
9.046494249999998516e+00 7.834471124563062716e-01
9.060634123999999900e+00 7.561253506621632425e-01
9.074773997000001202e+00 7.432771922889394034e-01
9.088913870999999034e+00 7.583437941300275043e-01
9.103053745000000418e+00 7.883554287796243898e-01
9.117193618999998250e+00 8.051331798233096748e-01
9.131333492999999635e+00 7.940400001373077998e-01
9.145473367000001019e+00 7.665061274602518182e-01
9.159613240999998851e+00 7.517137333961692036e-01
9.173753115000000236e+00 7.714576150273995125e-01
9.187892989000001620e+00 8.183536216887965509e-01
9.202032862999999452e+00 8.688255723580819989e-01
9.216172736000000754e+00 9.010170438075029153e-01
9.230312609999998585e+00 9.135910253554033744e-01
9.244452483999999970e+00 9.229875385727250858e-01
9.258592358000001354e+00 9.448318866668987681e-01
9.272732231999999186e+00 9.823118392334286852e-01
9.286872106000000571e+00 1.023475682988246760e+00
9.301011979999998402e+00 1.054362637867688690e+00
9.315151853999999787e+00 1.070488729609161638e+00
9.329291728000001171e+00 1.076440737170516471e+00
9.343431601999999003e+00 1.083478511410937983e+00
9.357571475000000305e+00 1.100402598403206866e+00
9.371711349000001690e+00 1.125401866444034837e+00
9.385851222999999521e+00 1.154712589953865276e+00
9.399991097000000906e+00 1.182477194666999409e+00
9.414130970999998738e+00 1.207659104964516672e+00
9.428270845000000122e+00 1.230482798154309165e+00
9.442410719000001507e+00 1.248116771539052650e+00
9.456550592999999338e+00 1.255708654674267066e+00
9.470690467000000723e+00 1.246896936759123165e+00
9.484830339999998472e+00 1.223398372206103701e+00
9.498970213999999856e+00 1.192357604103602142e+00
9.513110088000001241e+00 1.161002749083259289e+00
9.527249961999999073e+00 1.128362287993725843e+00
9.541389836000000457e+00 1.091469225814893917e+00
9.555529709999998289e+00 1.050066816905008693e+00
9.569669583999999674e+00 1.012323876907572640e+00
9.583809458000001058e+00 9.929562382352159489e-01
9.597949331999998890e+00 9.974521749084370725e-01
9.612089206000000274e+00 1.018699511559500337e+00
9.626229079000001576e+00 1.042326245453057965e+00
9.640368952999999408e+00 1.055179634465545746e+00
9.654508827000000792e+00 1.053423138726483188e+00
9.668648700999998624e+00 1.042930334840406204e+00
9.682788575000000009e+00 1.028640082253374999e+00
9.696928449000001393e+00 1.013027790112335680e+00
9.711068322999999225e+00 9.966014611076960961e-01
9.725208197000000609e+00 9.815175030862643979e-01
9.739348070999998441e+00 9.711223325996414246e-01
9.753487944999999826e+00 9.690167161664149376e-01
9.767627818000001128e+00 9.757968739050166818e-01
9.781767691999998959e+00 9.888817152557187740e-01
9.795907566000000344e+00 1.004294975783000865e+00
9.810047440000001728e+00 1.016029290106935434e+00
9.824187313999999560e+00 1.022169942786504748e+00
9.838327188000000945e+00 1.024463076468590472e+00
9.852467061999998776e+00 1.029559933472732780e+00
9.866606936000000161e+00 1.046408291920188915e+00
9.880746810000001545e+00 1.074343723125334549e+00
9.894886682999999294e+00 1.102036405550522957e+00
9.909026557000000679e+00 1.116990020206086953e+00
9.923166430999998511e+00 1.116630673904118964e+00
9.937306304999999895e+00 1.111525844125148765e+00
9.951446179000001280e+00 1.114980672160109876e+00
9.965586052999999112e+00 1.125886179645844365e+00
9.979725927000000496e+00 1.127348582085527795e+00
9.993865800999998328e+00 1.106665402074506588e+00
1.000800567499999971e+01 1.072397981558362190e+00
1.002214554900000110e+01 1.059913461482626218e+00
1.003628542199999885e+01 1.115104534134061964e+00
1.005042529600000023e+01 1.270251704670346982e+00
1.006456517000000161e+01 1.534774435018821492e+00
1.007870504399999945e+01 1.901936453581635433e+00
1.009284491800000083e+01 2.358639806442887732e+00
1.010698479199999866e+01 2.891049784548641810e+00
1.012112466600000005e+01 3.488108020775959162e+00
1.013526454000000143e+01 4.141237642190974455e+00
1.014940441399999926e+01 4.851682192629565904e+00
1.016354428800000065e+01 5.633319069766633547e+00
1.017768416099999840e+01 6.503718564876065145e+00
1.019182403499999978e+01 7.474563799199811953e+00
1.020596390900000117e+01 8.541028136233487444e+00
1.022010378299999900e+01 9.685585596915176509e+00
1.023424365700000038e+01 1.089306155405904342e+01
1.024838353100000177e+01 1.215742462985725858e+01
1.026252340499999960e+01 1.349168906165893667e+01
1.027666327900000098e+01 1.492002120616369965e+01
1.029080315299999882e+01 1.646034716455566382e+01
1.030494302600000012e+01 1.811823231774671328e+01
1.031908290000000150e+01 1.987963436016548258e+01
1.033322277399999933e+01 2.171803675623633012e+01
1.034736264800000072e+01 2.361406045524537944e+01
1.036150252199999855e+01 2.556587230287145829e+01
1.037564239599999993e+01 2.758471846868746269e+01
1.038978227000000132e+01 2.968247697677817598e+01
1.040392214399999915e+01 3.185830955993386127e+01
1.041806201800000053e+01 3.410016827061799916e+01
1.043220189199999837e+01 3.640803249706921463e+01
1.044634176499999967e+01 3.881329401112459720e+01
1.046048163900000105e+01 4.137069051588025559e+01
1.047462151299999888e+01 4.412214111023459395e+01
1.048876138700000027e+01 4.704464501310901170e+01
1.050290126100000165e+01 5.002242124562459935e+01
1.051704113499999949e+01 5.286624874602222945e+01
1.053118100900000087e+01 5.537093662479674805e+01
1.054532088299999870e+01 5.738721475921310855e+01
1.055946075700000009e+01 5.886139911524188051e+01
1.057360063100000147e+01 5.983565982011297990e+01
1.058774050399999922e+01 6.041725533336414600e+01
1.060188037800000060e+01 6.072862068514734801e+01
1.061602025199999844e+01 6.087706861012664916e+01
1.063016012599999982e+01 6.094000904363415572e+01
1.064430000000000121e+01 4.571998595267412924e+01
