# r_minus_2Rs_A, PMF_over_kBT
-5.483999999999999986e-01 2.948174412365572650e+01
-5.342691820000000646e-01 4.421247922580701584e+01
-5.201383650000002135e-01 5.890802454576183322e+01
-5.060075470000002795e-01 5.876735596224462910e+01
-4.918767300000004283e-01 5.841468944052207490e+01
-4.777459119999996062e-01 5.765380955102799732e+01
-4.636150939999996723e-01 5.620332529674827526e+01
-4.494842769999998211e-01 5.373258629046232215e+01
-4.353534589999998872e-01 4.995228131066406974e+01
-4.212226420000000360e-01 4.474090350622104495e+01
-4.070918240000001020e-01 3.825667241746714353e+01
-3.929610060000001681e-01 3.095509530600539350e+01
-3.788301890000003169e-01 2.348443064549348236e+01
-3.646993710000003830e-01 1.649078439828010545e+01
-3.505685529999995609e-01 1.042086077270151279e+01
-3.364377359999997097e-01 5.426361645213351181e+00
-3.223069179999997758e-01 1.401256709288658087e+00
-3.081761009999999246e-01 -1.889261209607427716e+00
-2.940452829999999906e-01 -4.673862441954311109e+00
-2.799144650000000567e-01 -7.094300387273532849e+00
-2.657836480000002055e-01 -9.203579676575950330e+00
-2.516528300000002716e-01 -1.100364177191207915e+01
-2.375220130000004204e-01 -1.248840777495001575e+01
-2.233911949999995983e-01 -1.367159402523289558e+01
-2.092603769999996643e-01 -1.459188628262960918e+01
-1.951295599999998132e-01 -1.530464868236679976e+01
-1.809987419999998792e-01 -1.586464054070358642e+01
-1.668679250000000280e-01 -1.631060330125554714e+01
-1.527371070000000941e-01 -1.665797186679888142e+01
-1.386062890000001602e-01 -1.690468221430004903e+01
-1.244754720000003090e-01 -1.704865286220993426e+01
-1.103446540000003750e-01 -1.710459665187719125e+01
-9.621383600000044112e-02 -1.709732024961321173e+01
-8.208301899999970175e-02 -1.704966937263115767e+01
-6.795220099999976782e-02 -1.697147818142375542e+01
-5.382138399999991663e-02 -1.685751183931957087e+01
-3.969056599999998269e-02 -1.670466704041350425e+01
-2.555974800000004876e-02 -1.652292705717443866e+01
-1.142893100000019757e-02 -1.632994438968129458e+01
2.701887000000624539e-03 -1.613795419676985787e+01
1.683270400000047573e-02 -1.594513594656078581e+01
3.096352200000040966e-02 -1.574080506438847138e+01
4.509434000000034359e-02 -1.552005322782637009e+01
5.922515700000019478e-02 -1.528959823915281646e+01
7.335597500000012872e-02 -1.506486367004185212e+01
8.748679199999997991e-02 -1.485746679564348938e+01
1.016176099999999138e-01 -1.466693921670452383e+01
1.157484279999998478e-01 -1.448297687846324067e+01
1.298792449999996990e-01 -1.429217489634486782e+01
1.440100629999996329e-01 -1.408656718090938753e+01
1.581408809999995668e-01 -1.386995332637434331e+01
1.722716979999994180e-01 -1.365326822075340729e+01
1.864025159999993519e-01 -1.344568636176887111e+01
2.005333329999992031e-01 -1.325021425126055519e+01
2.146641509999991371e-01 -1.305958113859442804e+01
2.287949690000008474e-01 -1.286474207503868072e+01
2.429257860000006986e-01 -1.266778566043292642e+01
2.570566040000006325e-01 -1.247874114883572361e+01
2.711874210000004837e-01 -1.230749414261465446e+01
2.853182390000004176e-01 -1.215140265069209491e+01
2.994490570000003515e-01 -1.199093118614553433e+01
3.135798740000002027e-01 -1.180818140191275489e+01
3.277106920000001367e-01 -1.160184391804811455e+01
3.418415089999999879e-01 -1.138696918904205901e+01
3.559723269999999218e-01 -1.118434798883961534e+01
3.701031449999998557e-01 -1.100251170682625812e+01
3.842339619999997069e-01 -1.083110777547220493e+01
3.983647799999996408e-01 -1.065767227274593054e+01
4.124955969999994920e-01 -1.047765457008243928e+01
4.266264149999994260e-01 -1.029703775159379120e+01
4.407572329999993599e-01 -1.012372568682770080e+01
4.548880499999992111e-01 -9.956347355189553383e+00
4.690188679999991450e-01 -9.787864624099455568e+00
4.831496860000008553e-01 -9.611141220748194769e+00
4.972805030000007065e-01 -9.426082120630049133e+00
5.114113210000006404e-01 -9.239741901826034720e+00
5.255421380000004916e-01 -9.058695925881002253e+00
5.396729560000004255e-01 -8.884516591527964025e+00
5.538037740000003595e-01 -8.716793958734678327e+00
5.679345910000002107e-01 -8.550213246034452652e+00
5.820654090000001446e-01 -8.380668813252023952e+00
5.961962259999999958e-01 -8.206820043997010927e+00
6.103270439999999297e-01 -8.032600589064204044e+00
6.244578619999998637e-01 -7.866764662736805747e+00
6.385886789999997148e-01 -7.715861098830313125e+00
6.527194969999996488e-01 -7.580110941156494420e+00
6.668503139999995000e-01 -7.445740554407334955e+00
6.809811319999994339e-01 -7.298727716586164149e+00
6.951119499999993678e-01 -7.133708016277243047e+00
7.092427669999992190e-01 -6.960379997080069714e+00
7.233735849999991530e-01 -6.794742725431753172e+00
7.375044030000008632e-01 -6.645946478174764138e+00
7.516352200000007144e-01 -6.511629977223989840e+00
7.657660380000006484e-01 -6.378581460612226195e+00
7.798968550000004996e-01 -6.241367434347107945e+00
7.940276730000004335e-01 -6.102519093872336597e+00
8.081584910000003674e-01 -5.969007669076971112e+00
8.222893080000002186e-01 -5.844672387767225530e+00
8.364201260000001525e-01 -5.723533815153095006e+00
8.505509430000000037e-01 -5.597690770547242067e+00
8.646817609999999377e-01 -5.463040389469997038e+00
8.788125789999998716e-01 -5.320418671237977293e+00
8.929433959999997228e-01 -5.176230956310064357e+00
9.070742139999996567e-01 -5.034478421576826790e+00
9.212050309999995079e-01 -4.895235843836832856e+00
9.353358489999994418e-01 -4.760566797061592581e+00
9.494666669999993758e-01 -4.632496383853810684e+00
9.635974839999992270e-01 -4.514345754086841467e+00
9.777283019999991609e-01 -4.406119365029290691e+00
9.918591190000007884e-01 -4.303409716114753536e+00
1.005989937000000722e+00 -4.199114104915132373e+00
1.020120755000000656e+00 -4.089954913758885979e+00
1.034251572000000508e+00 -3.977935897083240135e+00
1.048382390000000441e+00 -3.863232691177572065e+00
1.062513208000000375e+00 -3.746440876918828877e+00
1.076644025000000227e+00 -3.625773942509313841e+00
1.090774843000000160e+00 -3.503461581282067527e+00
1.104905660000000012e+00 -3.386517300991620516e+00
1.119036477999999946e+00 -3.279580444301407383e+00
1.133167295999999880e+00 -3.181150252174145265e+00
1.147298112999999731e+00 -3.079934250583749034e+00
1.161428930999999665e+00 -2.964769846760013650e+00
1.175559747999999516e+00 -2.834350820417864014e+00
1.189690565999999450e+00 -2.697421062953173632e+00
1.203821383999999384e+00 -2.566425675993185607e+00
1.217952200999999235e+00 -2.450904238111403899e+00
1.232083018999999169e+00 -2.350852423649556044e+00
1.246213836000000796e+00 -2.259165862659489932e+00
1.260344654000000730e+00 -2.169890507839681959e+00
1.274475472000000664e+00 -2.078543252116666906e+00
1.288606289000000515e+00 -1.983745701169342013e+00
1.302737107000000449e+00 -1.888585973806833351e+00
1.316867925000000383e+00 -1.799105663418300693e+00
1.330998742000000234e+00 -1.716623115876551253e+00
1.345129560000000168e+00 -1.638555604429683399e+00
1.359260377000000020e+00 -1.559504995131504757e+00
1.373391194999999954e+00 -1.471301110227694053e+00
1.387522012999999887e+00 -1.373427061864333609e+00
1.401652829999999739e+00 -1.274409387520018200e+00
1.415783647999999673e+00 -1.181276886561242634e+00
1.429914464999999524e+00 -1.096772001804698249e+00
1.444045282999999458e+00 -1.016801375482888403e+00
1.458176100999999392e+00 -9.353704790804968638e-01
1.472306917999999243e+00 -8.539489736080252413e-01
1.486437735999999177e+00 -7.772294619604593890e-01
1.500568553000000804e+00 -7.111251995146137261e-01
1.514699371000000738e+00 -6.551220684806722261e-01
1.528830189000000672e+00 -6.038989274148001130e-01
1.542961006000000523e+00 -5.559537231084590303e-01
1.557091824000000457e+00 -5.121635316013808392e-01
1.571222642000000391e+00 -4.713783706035279408e-01
1.585353459000000242e+00 -4.269616144997812057e-01
1.599484277000000176e+00 -3.718389231026097974e-01
1.613615094000000028e+00 -3.042865735441235842e-01
1.627745911999999961e+00 -2.359016549483445857e-01
1.641876729999999895e+00 -1.818234953613444560e-01
1.656007546999999747e+00 -1.432900720319985055e-01
1.670138364999999681e+00 -1.107884205368048214e-01
1.684269181999999532e+00 -7.189813151332735686e-02
1.698399999999999466e+00 -2.429091920232373525e-02
1.712530817999999400e+00 1.873157033294070573e-02
1.726661634999999251e+00 4.398272795553026526e-02
1.740792452999999185e+00 5.582030878463228873e-02
1.754923270000000812e+00 7.385434674979407532e-02
1.769054088000000746e+00 1.187785854047636036e-01
1.783184906000000680e+00 1.925575748705590229e-01
1.797315723000000531e+00 2.735461021945848614e-01
1.811446541000000465e+00 3.360750212640528645e-01
1.825577358000000316e+00 3.695467928414650771e-01
1.839708176000000250e+00 3.854698218311636282e-01
1.853838994000000184e+00 4.086805374493209797e-01
1.867969811000000036e+00 4.513908693869090882e-01
1.882100628999999969e+00 5.028493042281869663e-01
1.896231446999999903e+00 5.424962581847339038e-01
1.910362263999999755e+00 5.554123449888184183e-01
1.924493081999999688e+00 5.463953377978540971e-01
1.938623898999999540e+00 5.364188289031908141e-01
1.952754716999999474e+00 5.437141447403490702e-01
1.966885534999999408e+00 5.706813247703923508e-01
1.981016351999999259e+00 6.038010269936791019e-01
1.995147169999999193e+00 6.240859756127488112e-01
2.009277987000000820e+00 6.221989520289188391e-01
2.023408805000000754e+00 6.072560934019559653e-01
2.037539623000000688e+00 5.993695989518794676e-01
2.051670440000000539e+00 6.175541967605262528e-01
2.065801258000000473e+00 6.638302414372585503e-01
2.079932075000000324e+00 7.211177173711647015e-01
2.094062893000000258e+00 7.663006063240107579e-01
2.108193711000000192e+00 7.845548605072902859e-01
2.122324528000000043e+00 7.792442403490849046e-01
2.136455345999999977e+00 7.707176683408238915e-01
2.150586163999999911e+00 7.772158730577558572e-01
2.164716980999999763e+00 8.054477328549456416e-01
2.178847798999999696e+00 8.500218574579800901e-01
2.192978615999999548e+00 8.940955002435391208e-01
2.207109433999999482e+00 9.248940374468954673e-01
2.221240251999999415e+00 9.404408438212534804e-01
2.235371068999999267e+00 9.493526071749194273e-01
2.249501886999999201e+00 9.626398618506204485e-01
2.263632704000000828e+00 9.864865651972181126e-01
2.277763522000000762e+00 1.015707814842741641e+00
2.291894340000000696e+00 1.038280321451511057e+00
2.306025157000000547e+00 1.049543056807321406e+00
2.320155975000000481e+00 1.053560277618021956e+00
2.334286792000000332e+00 1.060189994888105502e+00
2.348417610000000266e+00 1.075243191192729597e+00
2.362548428000000200e+00 1.093638731500350403e+00
2.376679245000000051e+00 1.107345291253574615e+00
2.390810062999999985e+00 1.114057553127665301e+00
2.404940880999999919e+00 1.119476628789227490e+00
2.419071697999999770e+00 1.134116970653094469e+00
2.433202515999999704e+00 1.158677167352431425e+00
2.447333332999999556e+00 1.183428751494691511e+00
2.461464150999999489e+00 1.197394828227546171e+00
2.475594968999999423e+00 1.196385311224362979e+00
2.489725785999999275e+00 1.189509193019441469e+00
2.503856603999999209e+00 1.188441781400056740e+00
2.517987421000000836e+00 1.195541928450472469e+00
2.532118239000000770e+00 1.203077304925283642e+00
2.546249057000000704e+00 1.201320850429395293e+00
2.560379874000000555e+00 1.189250541815521700e+00
2.574510692000000489e+00 1.177609294417504060e+00
2.588641509000000340e+00 1.180994337221099144e+00
2.602772327000000274e+00 1.202568476270529985e+00
2.616903145000000208e+00 1.234227166784910068e+00
2.631033962000000059e+00 1.263004149940593734e+00
2.645164779999999993e+00 1.278132686365095694e+00
2.659295596999999844e+00 1.280530712595981058e+00
2.673426414999999778e+00 1.276775299004484054e+00
2.687557232999999712e+00 1.274140284170927728e+00
2.701688049999999564e+00 1.279031615858430726e+00
2.715818867999999497e+00 1.292778443588165516e+00
2.729949685999999431e+00 1.312236132974197389e+00
2.744080502999999283e+00 1.333405174572771301e+00
2.758211320999999216e+00 1.349890175814195459e+00
2.772342138000000844e+00 1.358250121329227511e+00
2.786472956000000778e+00 1.357042770228996886e+00
2.800603774000000712e+00 1.345942099836740624e+00
2.814734591000000563e+00 1.326359952787083074e+00
2.828865409000000497e+00 1.297708003107002739e+00
2.842996226000000348e+00 1.261732299765879972e+00
2.857127044000000282e+00 1.222821940407945007e+00
2.871257862000000216e+00 1.187032888310717738e+00
2.885388679000000067e+00 1.160784925611197949e+00
2.899519497000000001e+00 1.147529723582785266e+00
2.913650313999999852e+00 1.146448777473544567e+00
2.927781131999999786e+00 1.154353107336316242e+00
2.941911949999999720e+00 1.171105836278368173e+00
2.956042766999999571e+00 1.199078537879056938e+00
2.970173584999999505e+00 1.235419307804942690e+00
2.984304402999999439e+00 1.271151708786483425e+00
2.998435219999999291e+00 1.293906687528600941e+00
3.012566037999999224e+00 1.296430388585578797e+00
3.026696855000000852e+00 1.288566571454074605e+00
3.040827673000000786e+00 1.291523539791734621e+00
3.054958491000000720e+00 1.322284139345669018e+00
3.069089308000000571e+00 1.380322493753910251e+00
3.083220126000000505e+00 1.446439710957465152e+00
3.097350943000000356e+00 1.496321386742891946e+00
3.111481761000000290e+00 1.514416828477925137e+00
3.125612579000000224e+00 1.503527588524670833e+00
3.139743396000000075e+00 1.478371758426137106e+00
3.153874214000000009e+00 1.454051769514142833e+00
3.168005030999999860e+00 1.439740895159552281e+00
3.182135848999999794e+00 1.435726601282935277e+00
3.196266666999999728e+00 1.437314896542826403e+00
3.210397483999999579e+00 1.440233452326696195e+00
3.224528301999999513e+00 1.441643693038550111e+00
3.238659118999999365e+00 1.439398512218144077e+00
3.252789936999999298e+00 1.430406154342810154e+00
3.266920754999999232e+00 1.412746473403656111e+00
3.281051572000000860e+00 1.385034206765519471e+00
3.295182390000000794e+00 1.348931183242964238e+00
3.309313208000000728e+00 1.310931283556811877e+00
3.323444025000000579e+00 1.274485006273039289e+00
3.337574843000000513e+00 1.242379798461019647e+00
3.351705660000000364e+00 1.216192578583795481e+00
3.365836478000000298e+00 1.195003238301241666e+00
3.379967296000000232e+00 1.180517076208872140e+00
3.394098113000000083e+00 1.171914947501141668e+00
3.408228931000000017e+00 1.165447734587411688e+00
3.422359747999999868e+00 1.156932715141573809e+00
3.436490565999999802e+00 1.142242145518922669e+00
3.450621383999999736e+00 1.120749953850642910e+00
3.464752200999999587e+00 1.094475156801951954e+00
3.478883018999999521e+00 1.064817542448306398e+00
3.493013835999999372e+00 1.034543822194093465e+00
3.507144653999999306e+00 1.009032438383872687e+00
3.521275471999999240e+00 9.958991857847312446e-01
3.535406289000000868e+00 9.967949035038596861e-01
3.549537107000000802e+00 1.003821347910127670e+00
3.563667925000000736e+00 1.001038459861808505e+00
3.577798742000000587e+00 9.777867948361258499e-01
3.591929560000000521e+00 9.414980290781489458e-01
3.606060377000000372e+00 9.142415760326443319e-01
3.620191195000000306e+00 9.181865071823853697e-01
3.634322013000000240e+00 9.554258290156418809e-01
3.648452830000000091e+00 1.005396501392418429e+00
3.662583648000000025e+00 1.041321836555166414e+00
3.676714464999999876e+00 1.049013967171690709e+00
3.690845282999999810e+00 1.033365540077474165e+00
3.704976100999999744e+00 1.012679208405243614e+00
3.719106917999999595e+00 1.001340963175163523e+00
3.733237735999999529e+00 1.002691901662487339e+00
3.747368552999999380e+00 1.011955668019290044e+00
3.761499370999999314e+00 1.021747085404635769e+00
3.775630188999999248e+00 1.027762594566556942e+00
3.789761006000000876e+00 1.029753190914298955e+00
3.803891824000000810e+00 1.030379086478715678e+00
3.818022642000000744e+00 1.030903421975875034e+00
3.832153459000000595e+00 1.032394771127338018e+00
3.846284277000000529e+00 1.033594865525255813e+00
3.860415094000000380e+00 1.034011989767362749e+00
3.874545912000000314e+00 1.034667215846447164e+00
3.888676730000000248e+00 1.032351425927060973e+00
3.902807547000000099e+00 1.019795926189138058e+00
3.916938365000000033e+00 9.907171722976872985e-01
3.931069181999999884e+00 9.484655577618319455e-01
3.945199999999999818e+00 9.091331186476150350e-01
3.959330817999999752e+00 8.940899702264193394e-01
3.973461634999999603e+00 9.138690301716732023e-01
3.987592452999999537e+00 9.587856511273091797e-01
4.001723269999999388e+00 1.008051315194100184e+00
4.015854087999999322e+00 1.046451144127058086e+00
4.029984905999999256e+00 1.075006768242674937e+00
4.044115723000000884e+00 1.103756702839692849e+00
4.058246541000000818e+00 1.137368655285664332e+00
4.072377358000000669e+00 1.170104195630589317e+00
4.086508176000000603e+00 1.193037505837317269e+00
4.100638994000000537e+00 1.204205138689513177e+00
4.114769811000000388e+00 1.210804708726836765e+00
4.128900629000000322e+00 1.219289684858514633e+00
4.143031447000000256e+00 1.225520213068612918e+00
4.157162264000000107e+00 1.221523932345844443e+00
4.171293082000000041e+00 1.204410537298510775e+00
4.185423898999999892e+00 1.181569689410585156e+00
4.199554716999999826e+00 1.162361188531333411e+00
4.213685534999999760e+00 1.149911369526362748e+00
4.227816351999999611e+00 1.139599464823024988e+00
4.241947169999999545e+00 1.129492426663269100e+00
4.256077986999999396e+00 1.124282869325796241e+00
4.270208804999999330e+00 1.130788923519617128e+00
4.284339622999999264e+00 1.149161479487419868e+00
4.298470439999999115e+00 1.168405749226733903e+00
4.312601258000000826e+00 1.178865132293061890e+00
4.326732075000000677e+00 1.179793235762305770e+00
4.340862893000000611e+00 1.179292188947616893e+00
4.354993711000000545e+00 1.183117702632497270e+00
4.369124528000000396e+00 1.187418724838700257e+00
4.383255346000000330e+00 1.180907583768345148e+00
4.397386164000000264e+00 1.160492821151766663e+00
4.411516981000000115e+00 1.136355562690916088e+00
4.425647799000000049e+00 1.124380125518928963e+00
4.439778615999999900e+00 1.136809100418020080e+00
4.453909433999999834e+00 1.165502689440655715e+00
4.468040251999999768e+00 1.187768157079247544e+00
4.482171068999999619e+00 1.183325400870183230e+00
4.496301886999999553e+00 1.146872971717886713e+00
4.510432703999999404e+00 1.092872832240152192e+00
4.524563521999999338e+00 1.044974190519022628e+00
4.538694339999999272e+00 1.017261566109873172e+00
4.552825156999999123e+00 1.006525937095467782e+00
4.566955975000000834e+00 9.983063446053801471e-01
4.581086792000000685e+00 9.836684282564984727e-01
4.595217610000000619e+00 9.669707837755741053e-01
4.609348428000000553e+00 9.588273090089547424e-01
4.623479245000000404e+00 9.632325680718469840e-01
4.637610063000000338e+00 9.677678942961485120e-01
4.651740881000000272e+00 9.575366787371137889e-01
4.665871698000000123e+00 9.304016377110961855e-01
4.680002516000000057e+00 9.013158809059476084e-01
4.694133332999999908e+00 8.907947126254889270e-01
4.708264150999999842e+00 9.037947816711646709e-01
4.722394968999999776e+00 9.286248212238241706e-01
4.736525785999999627e+00 9.465579413775913054e-01
4.750656603999999561e+00 9.506310017284214098e-01
4.764787420999999412e+00 9.492553126170140132e-01
4.778918238999999346e+00 9.547830763014584221e-01
4.793049056999999280e+00 9.720042778074162726e-01
4.807179873999999131e+00 9.960261542346291463e-01
4.821310692000000842e+00 1.019705389927882067e+00
4.835441509000000693e+00 1.038718705782914142e+00
4.849572327000000627e+00 1.054420032677748864e+00
4.863703145000000561e+00 1.065965703936454290e+00
4.877833962000000412e+00 1.072511049472847589e+00
4.891964780000000346e+00 1.077943480640573881e+00
4.906095597000000197e+00 1.088456792763336622e+00
4.920226415000000131e+00 1.106767849534612935e+00
4.934357233000000065e+00 1.128485610965899610e+00
4.948488049999999916e+00 1.140914845270888378e+00
4.962618867999999850e+00 1.134443611820277198e+00
4.976749685999999784e+00 1.115141211580905178e+00
4.990880502999999635e+00 1.095659199489228186e+00
5.005011320999999569e+00 1.089321733536387171e+00
5.019142137999999420e+00 1.098541616005750399e+00
5.033272955999999354e+00 1.113068365615577093e+00
5.047403773999999288e+00 1.120353050629550040e+00
5.061534590999999139e+00 1.113157745899892248e+00
5.075665409000000849e+00 1.093116121915354455e+00
5.089796226000000701e+00 1.067424067005031674e+00
5.103927044000000635e+00 1.044436835933273855e+00
5.118057862000000569e+00 1.026911657526962784e+00
5.132188679000000420e+00 1.013611547523629142e+00
5.146319497000000354e+00 1.000673085685606978e+00
5.160450314000000205e+00 9.868083563895080346e-01
5.174581132000000139e+00 9.740706049636713715e-01
5.188711950000000073e+00 9.640085527354180783e-01
5.202842766999999924e+00 9.581072205228871042e-01
5.216973584999999858e+00 9.544369883692684908e-01
5.231104402999999792e+00 9.473479495280638929e-01
5.245235219999999643e+00 9.334334834794990599e-01
5.259366037999999577e+00 9.115661059885340478e-01
5.273496854999999428e+00 8.851420929178335228e-01
5.287627672999999362e+00 8.638212623726513328e-01
5.301758490999999296e+00 8.567855391039067570e-01
5.315889307999999147e+00 8.690665467074101258e-01
5.330020126000000857e+00 8.972732986132161415e-01
5.344150943000000709e+00 9.315220238326897828e-01
5.358281761000000643e+00 9.635147055555997042e-01
5.372412579000000576e+00 9.877240784569991661e-01
5.386543396000000428e+00 1.006625812830561628e+00
5.400674214000000362e+00 1.023587863966611167e+00
5.414805031000000213e+00 1.038071857575216583e+00
5.428935849000000147e+00 1.051060858061291015e+00
5.443066667000000081e+00 1.059973533251435285e+00
5.457197483999999932e+00 1.066171137558134419e+00
5.471328301999999866e+00 1.073638707810971482e+00
5.485459118999999717e+00 1.082498520613844661e+00
5.499589936999999651e+00 1.090518818685159985e+00
5.513720754999999585e+00 1.093795559456221866e+00
5.527851571999999436e+00 1.091069976621165338e+00
5.541982389999999370e+00 1.086541564716300812e+00
5.556113207999999304e+00 1.088612157618721099e+00
5.570244024999999155e+00 1.101547908656803187e+00
5.584374843000000865e+00 1.124491430351943322e+00
5.598505660000000717e+00 1.151147404354233572e+00
5.612636478000000650e+00 1.173281255848113602e+00
5.626767296000000584e+00 1.187270831829099649e+00
5.640898113000000436e+00 1.195643233619296808e+00
5.655028931000000370e+00 1.202191789476822592e+00
5.669159748000000221e+00 1.209847642272089630e+00
5.683290566000000155e+00 1.216513841635940452e+00
5.697421384000000089e+00 1.216813629011163300e+00
5.711552200999999940e+00 1.208853446618267213e+00
5.725683018999999874e+00 1.194173428130950398e+00
5.739813835999999725e+00 1.179572707963952638e+00
5.753944653999999659e+00 1.167757111163696848e+00
5.768075471999999593e+00 1.160084888460357178e+00
5.782206288999999444e+00 1.158745612006526926e+00
5.796337106999999378e+00 1.165083836735538725e+00
5.810467924999999312e+00 1.182485855309638012e+00
5.824598741999999163e+00 1.210061311454229127e+00
5.838729560000000873e+00 1.240120691317285306e+00
5.852860377000000724e+00 1.264506412432519156e+00
5.866991195000000658e+00 1.278224469739962288e+00
5.881122013000000592e+00 1.278102364509884126e+00
5.895252830000000444e+00 1.263531467176145284e+00
5.909383648000000377e+00 1.234433314789736613e+00
5.923514465000000229e+00 1.193965803529032144e+00
5.937645283000000163e+00 1.149302522140276395e+00
5.951776101000000097e+00 1.110376654410446307e+00
5.965906917999999948e+00 1.085019721676731663e+00
5.980037735999999882e+00 1.073459810281539362e+00
5.994168552999999733e+00 1.072012337307278074e+00
6.008299370999999667e+00 1.075624930469000873e+00
6.022430188999999601e+00 1.081502480587804627e+00
6.036561005999999452e+00 1.086926423131306052e+00
6.050691823999999386e+00 1.091136819254026946e+00
6.064822641999999320e+00 1.094498832033872660e+00
6.078953458999999171e+00 1.100477967223778109e+00
6.093084277000000881e+00 1.115132658164091239e+00
6.107215094000000732e+00 1.141596766999210644e+00
6.121345912000000666e+00 1.178454043280774854e+00
6.135476730000000600e+00 1.221955867409654672e+00
6.149607547000000451e+00 1.265625890238951001e+00
6.163738365000000385e+00 1.302815828597225334e+00
6.177869182000000237e+00 1.329311736181317372e+00
6.192000000000000171e+00 1.339483523450390123e+00
6.206130818000000104e+00 1.333070147197480182e+00
6.220261634999999956e+00 1.314992257893187855e+00
6.234392452999999890e+00 1.293067938758715840e+00
6.248523269999999741e+00 1.277861321173570985e+00
6.262654087999999675e+00 1.275510073924976950e+00
6.276784905999999609e+00 1.286407893747698594e+00
6.290915722999999460e+00 1.305937046214886266e+00
6.305046540999999394e+00 1.327284401909285094e+00
6.319177357999999245e+00 1.345994932797463406e+00
6.333308175999999179e+00 1.360593700512000126e+00
6.347438993999999113e+00 1.373028844633752854e+00
6.361569811000000740e+00 1.384112959387962860e+00
6.375700629000000674e+00 1.391186605980610835e+00
6.389831447000000608e+00 1.392253294961481203e+00
6.403962264000000459e+00 1.388978797941154752e+00
6.418093082000000393e+00 1.387342669928361971e+00
6.432223899000000245e+00 1.393907854734539598e+00
6.446354717000000178e+00 1.409108173902007266e+00
6.460485535000000112e+00 1.422372583374157173e+00
6.474616351999999964e+00 1.417790222447695925e+00
6.488747169999999898e+00 1.391122736076438215e+00
6.502877986999999749e+00 1.354045000274684440e+00
6.517008804999999683e+00 1.328070358787826422e+00
6.531139622999999617e+00 1.328499949763049415e+00
6.545270439999999468e+00 1.348261197926200694e+00
6.559401257999999402e+00 1.365586789790148359e+00
6.573532074999999253e+00 1.363487702282796477e+00
6.587662892999999187e+00 1.344733336192380335e+00
6.601793710999999121e+00 1.330764421870927805e+00
6.615924528000000748e+00 1.343809822700285039e+00
6.630055346000000682e+00 1.387005075819818245e+00
6.644186164000000616e+00 1.443631896100558976e+00
6.658316981000000467e+00 1.489833724634573642e+00
6.672447799000000401e+00 1.512281115915246943e+00
6.686578616000000252e+00 1.516691030979560040e+00
6.700709434000000186e+00 1.519240497628377540e+00
6.714840252000000120e+00 1.533883458066185312e+00
6.728971068999999972e+00 1.562576428816862872e+00
6.743101886999999905e+00 1.596294882387127245e+00
6.757232703999999757e+00 1.624491560407625101e+00
6.771363521999999691e+00 1.643360583531157104e+00
6.785494339999999625e+00 1.654160266169673932e+00
6.799625156999999476e+00 1.661826826731481077e+00
6.813755974999999410e+00 1.669450231221459191e+00
6.827886791999999261e+00 1.674394822510075542e+00
6.842017609999999195e+00 1.674914339909486571e+00
6.856148427999999129e+00 1.670925138749739247e+00
6.870279245000000756e+00 1.662227908679369648e+00
6.884410063000000690e+00 1.650150784719810915e+00
6.898540881000000624e+00 1.636334122528079860e+00
6.912671698000000475e+00 1.622455794626334935e+00
6.926802516000000409e+00 1.612367675650757448e+00
6.940933333000000260e+00 1.609891758070395085e+00
6.955064151000000194e+00 1.612461634344670713e+00
6.969194969000000128e+00 1.611642304242272061e+00
6.983325785999999979e+00 1.601857671204506062e+00
6.997456603999999913e+00 1.582295364658479642e+00
7.011587420999999765e+00 1.561974669605808330e+00
7.025718238999999699e+00 1.551473618780599750e+00
7.039849056999999632e+00 1.552453878033340118e+00
7.053979873999999484e+00 1.558498265596341525e+00
7.068110691999999418e+00 1.557802277301442828e+00
7.082241508999999269e+00 1.547235953264371133e+00
7.096372326999999203e+00 1.531369040688352001e+00
7.110503144999999137e+00 1.517858812796873735e+00
7.124633962000000764e+00 1.512351274549633473e+00
7.138764780000000698e+00 1.511497654958267489e+00
7.152895597000000549e+00 1.508614999253486744e+00
7.167026415000000483e+00 1.503768837818199700e+00
7.181157233000000417e+00 1.501491533507813614e+00
7.195288050000000268e+00 1.506577940268339688e+00
7.209418868000000202e+00 1.517972866776524654e+00
7.223549686000000136e+00 1.524273508474523808e+00
7.237680502999999987e+00 1.514288647990873926e+00
7.251811320999999921e+00 1.486985671684719179e+00
7.265942137999999773e+00 1.453881553101552981e+00
7.280072955999999706e+00 1.430487406100624526e+00
7.294203773999999640e+00 1.423259036692098078e+00
7.308334590999999492e+00 1.424896511653463094e+00
7.322465408999999426e+00 1.426106043751644847e+00
7.336596225999999277e+00 1.426379284552533377e+00
7.350727043999999211e+00 1.435696668516586172e+00
7.364857861999999145e+00 1.461755943546108938e+00
7.378988679000000772e+00 1.498546998632868110e+00
7.393119497000000706e+00 1.527764611016900531e+00
7.407250314000000557e+00 1.531556959317555311e+00
7.421381132000000491e+00 1.509831343436003337e+00
7.435511950000000425e+00 1.477461211232006022e+00
7.449642767000000276e+00 1.451878427138209915e+00
7.463773585000000210e+00 1.442503671933108578e+00
7.477904403000000144e+00 1.448683778967625457e+00
7.492035219999999995e+00 1.462355620068347406e+00
7.506166037999999929e+00 1.475602135633907963e+00
7.520296854999999780e+00 1.486460176796635224e+00
7.534427672999999714e+00 1.491608147906404724e+00
7.548558490999999648e+00 1.490452584175862683e+00
7.562689307999999500e+00 1.484314373841451484e+00
7.576820125999999433e+00 1.472564585325308428e+00
7.590950942999999285e+00 1.456500261008777386e+00
7.605081760999999219e+00 1.438215301007028657e+00
7.619212578999999153e+00 1.421891315976017367e+00
7.633343396000000780e+00 1.412420382498281057e+00
7.647474214000000714e+00 1.412861398955687520e+00
7.661605031000000565e+00 1.421626574785793906e+00
7.675735849000000499e+00 1.430705444579480456e+00
7.689866667000000433e+00 1.430355235404480396e+00
7.703997484000000284e+00 1.419804767996611261e+00
7.718128302000000218e+00 1.407959883601417772e+00
7.732259119000000069e+00 1.407707272906948859e+00
7.746389937000000003e+00 1.427112761754711912e+00
7.760520754999999937e+00 1.458690288463639462e+00
7.774651571999999788e+00 1.482790603084840342e+00
7.788782389999999722e+00 1.482378172663109339e+00
7.802913207999999656e+00 1.455481003590540112e+00
7.817044024999999507e+00 1.411733298475489562e+00
7.831174842999999441e+00 1.368833151727498532e+00
7.845305659999999293e+00 1.339817055262665590e+00
7.859436477999999227e+00 1.325671012279814320e+00
7.873567295999999160e+00 1.321218950068988818e+00
7.887698113000000788e+00 1.318801241522690404e+00
7.901828931000000722e+00 1.313249408432081822e+00
7.915959748000000573e+00 1.301688225901040497e+00
7.930090566000000507e+00 1.288151578703399025e+00
7.944221384000000441e+00 1.277726853124129036e+00
7.958352201000000292e+00 1.271305064598610812e+00
7.972483019000000226e+00 1.266639697461581449e+00
7.986613836000000077e+00 1.258169710005379471e+00
8.000744653999998235e+00 1.244431752450477546e+00
8.014875471999999945e+00 1.231759608787111659e+00
8.029006289000001573e+00 1.229094188284529210e+00
8.043137106999999730e+00 1.240746942691544064e+00
8.057267925000001441e+00 1.258297193749902121e+00
8.071398741999999515e+00 1.268726866513356200e+00
8.085529560000001226e+00 1.265435683968364700e+00
8.099660376999999301e+00 1.249625297574654681e+00
8.113791195000001011e+00 1.230738579752562956e+00
8.127922012999999168e+00 1.215424513144649055e+00
8.142052830000000796e+00 1.202336232768601576e+00
8.156183647999998954e+00 1.190253932220635136e+00
8.170314465000000581e+00 1.182243785828022808e+00
8.184445282999998739e+00 1.185016609523929176e+00
8.198576101000000449e+00 1.202267314625563799e+00
8.212706917999998524e+00 1.226116150953876272e+00
8.226837736000000234e+00 1.241131122715461998e+00
8.240968552999998309e+00 1.237595986138014581e+00
8.255099371000000019e+00 1.222795264861687770e+00
8.269230189000001729e+00 1.212784293395083424e+00
8.283361005999999804e+00 1.220303265072699261e+00
8.297491824000001515e+00 1.241780975065351456e+00
8.311622641999999672e+00 1.261830253053350503e+00
8.325753459000001300e+00 1.269707222350584530e+00
8.339884276999999457e+00 1.264546925818930134e+00
8.354015094000001085e+00 1.259346786405414420e+00
8.368145911999999242e+00 1.264420535760054420e+00
8.382276730000000953e+00 1.279347416724707642e+00
8.396407546999999028e+00 1.297539983869702596e+00
8.410538365000000738e+00 1.310273206797868184e+00
8.424669181999998813e+00 1.314623335842071583e+00
8.438800000000000523e+00 1.309936276489887419e+00
8.452930817999998681e+00 1.296539728001894431e+00
8.467061635000000308e+00 1.275059484269954524e+00
8.481192452999998466e+00 1.249155178090031626e+00
8.495323270000000093e+00 1.227973903955595247e+00
8.509454087999998251e+00 1.220217013450421106e+00
8.523584905999999961e+00 1.228750693867269206e+00
8.537715723000001589e+00 1.246655042936225755e+00
8.551846540999999746e+00 1.262127701163086257e+00
8.565977358000001374e+00 1.264532275589573374e+00
8.580108175999999531e+00 1.248677785186538713e+00
8.594238994000001242e+00 1.221262553989161503e+00
8.608369810999999316e+00 1.195108634211466736e+00
8.622500629000001027e+00 1.183454010551288960e+00
8.636631446999999184e+00 1.192008010280984465e+00
8.650762264000000812e+00 1.213469974950371011e+00
8.664893081999998969e+00 1.234653912111770779e+00
8.679023899000000597e+00 1.243361813594933807e+00
8.693154716999998755e+00 1.240563984449224222e+00
8.707285535000000465e+00 1.235337097047189303e+00
8.721416351999998540e+00 1.231187848068611146e+00
8.735547170000000250e+00 1.228750232454453695e+00
8.749677986999998325e+00 1.223449077487350323e+00
8.763808805000000035e+00 1.214122430121264529e+00
8.777939623000001745e+00 1.207927046891891010e+00
8.792070439999999820e+00 1.208197882190145123e+00
8.806201258000001530e+00 1.210998128668734353e+00
8.820332074999999605e+00 1.206141410676593750e+00
8.834462893000001316e+00 1.191232916105064987e+00
8.848593710999999473e+00 1.173906124685752062e+00
8.862724528000001101e+00 1.164960173037352220e+00
8.876855345999999258e+00 1.166640645747968108e+00
8.890986164000000969e+00 1.164104962883822481e+00
8.905116980999999043e+00 1.139740478142448055e+00
8.919247799000000754e+00 1.090588130580901094e+00
8.933378615999998829e+00 1.033743398693967919e+00
8.947509434000000539e+00 9.920138448415745103e-01
8.961640251999998696e+00 9.757119403214495890e-01
8.975771069000000324e+00 9.742452084790524935e-01
8.989901886999998482e+00 9.658021999554442516e-01
9.004032704000000109e+00 9.387626319259183560e-01
9.018163521999998267e+00 9.008966951084218522e-01
9.032294339999999977e+00 8.700406798043243128e-01
9.046425157000001605e+00 8.576890844913762635e-01
9.060555974999999762e+00 8.593093233306063894e-01
9.074686792000001390e+00 8.591777844363530647e-01
9.088817609999999547e+00 8.448057565624900178e-01
9.102948428000001257e+00 8.181338344983792865e-01
9.117079244999999332e+00 7.927851002416215209e-01
9.131210063000001043e+00 7.778579353738201974e-01
9.145340880999999200e+00 7.722442021163118397e-01
9.159471698000000828e+00 7.678800092240027908e-01
9.173602515999998985e+00 7.564683585553577672e-01
9.187733333000000613e+00 7.421158933410758607e-01
9.201864150999998770e+00 7.340214529354067707e-01
9.215994969000000481e+00 7.345820046643023460e-01
9.230125785999998556e+00 7.391877856419757364e-01
9.244256604000000266e+00 7.389881193125731329e-01
9.258387420999998341e+00 7.316242850083423122e-01
9.272518239000000051e+00 7.281449956045182859e-01
9.286649057000001761e+00 7.401212238839693924e-01
9.300779873999999836e+00 7.662188211271256932e-01
9.314910692000001546e+00 7.932890578481313071e-01
9.329041508999999621e+00 8.025361991586450472e-01
9.343172327000001331e+00 7.872739362940492924e-01
9.357303144999999489e+00 7.600530339461855078e-01
9.371433962000001117e+00 7.396736369169705227e-01
9.385564779999999274e+00 7.384584960167952516e-01
9.399695597000000902e+00 7.524912714920031220e-01
9.413826414999999059e+00 7.699974042288744158e-01
9.427957233000000770e+00 7.843191814738208478e-01
9.442088049999998844e+00 7.969673883248731272e-01
9.456218868000000555e+00 8.120641084983617475e-01
9.470349685999998712e+00 8.301172286088256413e-01
9.484480503000000340e+00 8.473203624482987806e-01
9.498611320999998497e+00 8.602243656246351122e-01
9.512742138000000125e+00 8.734650947941045018e-01
9.526872955999998283e+00 8.895140749949952408e-01
9.541003773999999993e+00 9.054029685941564765e-01
9.555134591000001620e+00 9.144296309707282688e-01
9.569265408999999778e+00 9.095251267395827455e-01
9.583396226000001406e+00 8.938308447895497721e-01
9.597527043999999563e+00 8.788076530367128214e-01
9.611657862000001273e+00 8.754421612422778054e-01
9.625788678999999348e+00 8.871708725019491482e-01
9.639919497000001058e+00 9.091755836638135690e-01
9.654050313999999133e+00 9.337319755270883093e-01
9.668181132000000844e+00 9.531219037247691261e-01
9.682311949999999001e+00 9.641288850902327567e-01
9.696442767000000629e+00 9.697374643071157152e-01
9.710573584999998786e+00 9.744760359692072882e-01
9.724704403000000497e+00 9.855280020849264133e-01
9.738835219999998571e+00 1.004762659903759570e+00
9.752966038000000282e+00 1.028835980428420172e+00
9.767096854999998357e+00 1.051335189580079543e+00
9.781227673000000067e+00 1.066512748113812137e+00
9.795358490999998224e+00 1.080093180243801854e+00
9.809489307999999852e+00 1.101773064485509934e+00
9.823620126000001562e+00 1.138678503430732292e+00
9.837750942999999637e+00 1.187362906847525323e+00
9.851881761000001347e+00 1.234737461918568258e+00
9.866012578999999505e+00 1.269408753157033942e+00
9.880143396000001133e+00 1.288561222280222296e+00
9.894274213999999290e+00 1.296454809275838116e+00
9.908405031000000918e+00 1.299623329694689744e+00
9.922535848999999075e+00 1.299503833599052527e+00
9.936666667000000785e+00 1.293110228059516587e+00
9.950797483999998860e+00 1.281908237350441127e+00
9.964928302000000571e+00 1.271922938210645171e+00
9.979059118999998645e+00 1.272243251974055411e+00
9.993189937000000356e+00 1.291915153840978547e+00
1.000732075499999851e+01 1.342417177633342007e+00
1.002145157200000014e+01 1.437263282118406593e+00
1.003558238999999830e+01 1.592444699846435441e+00
1.004971320800000001e+01 1.820914265621370376e+00
1.006384402500000164e+01 2.124499062390254878e+00
1.007797484299999979e+01 2.498073037823488107e+00
1.009210566000000142e+01 2.934933678702279281e+00
1.010623647799999958e+01 3.435592369222732145e+00
1.012036729600000129e+01 4.006396093493528099e+00
1.013449811299999936e+01 4.653184882503577313e+00
1.014862893100000107e+01 5.377050880997906290e+00
1.016275974799999915e+01 6.172480700896610273e+00
1.017689056600000086e+01 7.037835560567010873e+00
1.019102138399999902e+01 7.980716318611973392e+00
1.020515220100000064e+01 9.011243705998111864e+00
1.021928301899999880e+01 1.013701553938412836e+01
1.023341383600000043e+01 1.135382663970032624e+01
1.024754465399999859e+01 1.264910896013074471e+01
1.026167547200000030e+01 1.401698928699858371e+01
1.027580628899999837e+01 1.546642315673237000e+01
1.028993710700000008e+01 1.701535368438375073e+01
1.030406792499999824e+01 1.867195677790345343e+01
1.031819874199999987e+01 2.042456446822312444e+01
1.033232956000000158e+01 2.224480718196726770e+01
1.034646037699999965e+01 2.410462812938644817e+01
1.036059119500000136e+01 2.599667752330763904e+01
1.037472201299999952e+01 2.793292075260081830e+01
1.038885283000000115e+01 2.993013164107942714e+01
1.040298364799999931e+01 3.199816027631477766e+01
1.041711446500000093e+01 3.414090683369753521e+01
1.043124528299999909e+01 3.636957486571097320e+01
1.044537610100000080e+01 3.870864849701077048e+01
1.045950691799999888e+01 4.118861645267958238e+01
1.047363773600000059e+01 4.381556578091329612e+01
1.048776855299999866e+01 4.654269029450102835e+01
1.050189937100000037e+01 4.926506356751816895e+01
1.051603018899999853e+01 5.183916986072900812e+01
1.053016100600000016e+01 5.412676678790509754e+01
1.054429182399999831e+01 5.603471976305539926e+01
1.055842264200000002e+01 5.753387958599138585e+01
1.057255345900000165e+01 5.865146970950457472e+01
1.058668427699999981e+01 5.944734450595203157e+01
1.060081509400000144e+01 5.999086352615469764e+01
1.061494591199999959e+01 6.034494461576820612e+01
1.062907673000000131e+01 6.056236958875062015e+01
1.064320754699999938e+01 6.068668851755057858e+01
1.065733836500000109e+01 6.075213553224727292e+01
1.067146918199999917e+01 6.078363068170610717e+01
1.068560000000000088e+01 4.559617861375844683e+01
