# r_minus_2Rs_A, PMF_over_kBT
-5.476499999999999702e-01 1.890974152194518254e+01
-5.335190210000000377e-01 2.360296988529700712e+01
-5.193880420000001052e-01 2.823166498463896090e+01
-5.052570630000001728e-01 3.272545906839919638e+01
-4.911260840000002403e-01 3.697131791996132222e+01
-4.769951050000003079e-01 3.608248533659122614e+01
-4.628641260000003754e-01 3.460666565379117543e+01
-4.487331470000004430e-01 3.237419509905575410e+01
-4.346021679999996223e-01 2.927569752356129129e+01
-4.204711889999996899e-01 2.529986140442913367e+01
-4.063402099999997574e-01 2.054688654440817785e+01
-3.922092309999998250e-01 1.521297045042832252e+01
-3.780782519999998925e-01 9.555353931831309211e+00
-3.639472729999999601e-01 3.854193827311116038e+00
-3.498162940000000276e-01 -1.623104947339207627e+00
-3.356853150000000952e-01 -6.653907401158223323e+00
-3.215543360000001627e-01 -1.108799749704358462e+01
-3.074233570000002302e-01 -1.486469158965056891e+01
-2.932923780000002978e-01 -1.800985546071003540e+01
-2.791613990000003653e-01 -2.060983805353994569e+01
-2.650304200000004329e-01 -2.277215703304084826e+01
-2.508994409999996122e-01 -2.458982863532565943e+01
-2.367684619999996798e-01 -2.612489010397388967e+01
-2.226374829999997473e-01 -2.741197563280078242e+01
-2.085065029999997321e-01 -2.847307956508985072e+01
-1.943755239999997997e-01 -2.932982538439504694e+01
-1.802445449999998672e-01 -3.000903259324624273e+01
-1.661135659999999348e-01 -3.054022616927412415e+01
-1.519825870000000023e-01 -3.095023634278672020e+01
-1.378516080000000699e-01 -3.126144939906657783e+01
-1.237206290000001374e-01 -3.148979898243070963e+01
-1.095896500000002050e-01 -3.164701341409827862e+01
-9.545867100000027250e-02 -3.174172916762729102e+01
-8.132769200000034004e-02 -3.178115434278170781e+01
-6.719671300000040759e-02 -3.177163804730180630e+01
-5.306573399999958696e-02 -3.171988047754557627e+01
-3.893475499999965450e-02 -3.163403863671082306e+01
-2.480377599999972205e-02 -3.152289522725080317e+01
-1.067279699999978959e-02 -3.139445307796739826e+01
3.458182000000142864e-03 -3.125377423513652175e+01
1.758916100000007532e-02 -3.110246820492394093e+01
3.172014000000000777e-02 -3.094111315612368784e+01
4.585111899999994023e-02 -3.077286045870298992e+01
5.998209799999987268e-02 -3.060309337089561055e+01
7.411307699999980514e-02 -3.043648724177909415e+01
8.824405599999973759e-02 -3.027299499401336291e+01
1.023750349999996700e-01 -3.010926665722451290e+01
1.165060139999996025e-01 -2.994097239154989509e+01
1.306369930000004231e-01 -2.976796205150588293e+01
1.447679720000003556e-01 -2.959489840421046480e+01
1.588989510000002880e-01 -2.942612851792848261e+01
1.730299300000002205e-01 -2.926207571529428364e+01
1.871609090000001530e-01 -2.909842864830866560e+01
2.012918880000000854e-01 -2.893154418817452367e+01
2.154228670000000179e-01 -2.876303511174543104e+01
2.295538459999999503e-01 -2.859867291329688044e+01
2.436848249999998828e-01 -2.844236332597488826e+01
2.578158039999998152e-01 -2.829058383324476367e+01
2.719467829999997477e-01 -2.813548987533977197e+01
2.860777619999996801e-01 -2.797126510022607349e+01
3.002087409999996126e-01 -2.779973242295470470e+01
3.143397200000004332e-01 -2.762823491178786384e+01
3.284706990000003657e-01 -2.746244612545417851e+01
3.426016780000002981e-01 -2.730135471782340773e+01
3.567326570000002306e-01 -2.713938823903280806e+01
3.708636360000001631e-01 -2.697391567500057263e+01
3.849946150000000955e-01 -2.680775926210061044e+01
3.991255940000000280e-01 -2.664674934006317386e+01
4.132565729999999604e-01 -2.649373503003678820e+01
4.273875519999998929e-01 -2.634526114503096039e+01
4.415185309999998253e-01 -2.619473766438447626e+01
4.556495099999997578e-01 -2.603804308477582907e+01
4.697804899999997730e-01 -2.587649686348532896e+01
4.839114689999997054e-01 -2.571401291516684751e+01
4.980424479999996379e-01 -2.555374773152278678e+01
5.121734269999995703e-01 -2.539564922323722485e+01
5.263044060000003910e-01 -2.523769757223158905e+01
5.404353850000003234e-01 -2.507905600734612506e+01
5.545663640000002559e-01 -2.492087619825385758e+01
5.686973430000001883e-01 -2.476593191912275316e+01
5.828283220000001208e-01 -2.461551478551024985e+01
5.969593010000000533e-01 -2.446807807032873328e+01
6.110902799999999857e-01 -2.432045193303689956e+01
6.252212589999999182e-01 -2.416957402592787219e+01
6.393522379999998506e-01 -2.401523610315929602e+01
6.534832169999997831e-01 -2.385894915817054596e+01
6.676141959999997155e-01 -2.370299128561611823e+01
6.817451749999996480e-01 -2.354729569378284637e+01
6.958761539999995804e-01 -2.338978204781365733e+01
7.100071330000004011e-01 -2.322882883099585172e+01
7.241381120000003335e-01 -2.306517134733968533e+01
7.382690910000002660e-01 -2.290190512189896666e+01
7.524000700000001984e-01 -2.274146273964002063e+01
7.665310490000001309e-01 -2.258349278914941038e+01
7.806620280000000633e-01 -2.242460978279327222e+01
7.947930069999999958e-01 -2.226260984107021201e+01
8.089239859999999283e-01 -2.209886792696427449e+01
8.230549649999998607e-01 -2.193814050029786245e+01
8.371859439999997932e-01 -2.178345108305245503e+01
8.513169229999997256e-01 -2.163302827356030988e+01
8.654479019999996581e-01 -2.148181935827683375e+01
8.795788809999995905e-01 -2.132765498194006426e+01
8.937098600000004112e-01 -2.117389358514949294e+01
9.078408390000003436e-01 -2.102563821500949715e+01
9.219718180000002761e-01 -2.088438952593400444e+01
9.361027970000002085e-01 -2.074560433125766323e+01
9.502337760000001410e-01 -2.060388328275026382e+01
9.643647550000000734e-01 -2.045757081948599421e+01
9.784957340000000059e-01 -2.030969072735787506e+01
9.926267129999999383e-01 -2.016334980310837466e+01
1.006757691999999871e+00 -2.001782138723096693e+01
1.020888670999999803e+00 -1.987006078864590108e+01
1.035019649999999736e+00 -1.971911649921475274e+01
1.049150628999999668e+00 -1.956764373373876964e+01
1.063281607999999601e+00 -1.941797575689282596e+01
1.077412587000000421e+00 -1.926957395193348788e+01
1.091543566000000354e+00 -1.911877031150392270e+01
1.105674545000000286e+00 -1.896362744953287915e+01
1.119805524000000219e+00 -1.880579537633813558e+01
1.133936503000000151e+00 -1.864897272948769569e+01
1.148067483000000166e+00 -1.849536679980106868e+01
1.162198462000000099e+00 -1.834405872134777837e+01
1.176329441000000031e+00 -1.819249595418787280e+01
1.190460419999999964e+00 -1.803985805808009957e+01
1.204591398999999896e+00 -1.788786713425469799e+01
1.218722377999999829e+00 -1.773846648867275988e+01
1.232853356999999761e+00 -1.759198843530691647e+01
1.246984335999999693e+00 -1.744754765221273374e+01
1.261115314999999626e+00 -1.730309959891167537e+01
1.275246293999999558e+00 -1.715737263106712973e+01
1.289377273000000379e+00 -1.701185097790242651e+01
1.303508252000000311e+00 -1.686995355945755293e+01
1.317639231000000244e+00 -1.673465113465234211e+01
1.331770210000000176e+00 -1.660509012305935528e+01
1.345901189000000109e+00 -1.647599706038645095e+01
1.360032168000000041e+00 -1.634105912960452045e+01
1.374163146999999974e+00 -1.619770146997848315e+01
1.388294125999999906e+00 -1.604938679142084368e+01
1.402425104999999839e+00 -1.590285025336143576e+01
1.416556083999999771e+00 -1.576156878329452127e+01
1.430687062999999704e+00 -1.562353734710017505e+01
1.444818041999999636e+00 -1.548355916259146703e+01
1.458949020999999568e+00 -1.533988488402935246e+01
1.473080000000000389e+00 -1.519701442663762592e+01
1.487210979000000322e+00 -1.506235521998882376e+01
1.501341958000000254e+00 -1.493847374639016934e+01
1.515472937000000186e+00 -1.481965369830174239e+01
1.529603916000000119e+00 -1.469797843865792686e+01
1.543734895000000051e+00 -1.456889433522110622e+01
1.557865873999999984e+00 -1.443386026090310992e+01
1.571996852999999916e+00 -1.429588239440926856e+01
1.586127831999999849e+00 -1.415406505701148632e+01
1.600258810999999781e+00 -1.400441811786973645e+01
1.614389789999999714e+00 -1.384491278403096004e+01
1.628520768999999646e+00 -1.367964302849253144e+01
1.642651747999999579e+00 -1.351579703149148415e+01
1.656782727000000399e+00 -1.335830294937443163e+01
1.670913706000000332e+00 -1.320651232572556921e+01
1.685044685000000264e+00 -1.305818236572045166e+01
1.699175664000000197e+00 -1.291328724354432822e+01
1.713306643000000129e+00 -1.277510895174597394e+01
1.727437622000000061e+00 -1.264594044317214738e+01
1.741568600999999994e+00 -1.252296618903111280e+01
1.755699579999999926e+00 -1.239953320856907482e+01
1.769830558999999859e+00 -1.227140453435976575e+01
1.783961537999999791e+00 -1.213969114127051796e+01
1.798092516999999724e+00 -1.200826802604257360e+01
1.812223496999999739e+00 -1.187951163328995641e+01
1.826354475999999671e+00 -1.175134145598237900e+01
1.840485454999999604e+00 -1.162089693447657623e+01
1.854616434000000424e+00 -1.148847924877342663e+01
1.868747413000000357e+00 -1.135667171174284640e+01
1.882878392000000289e+00 -1.122659198350971188e+01
1.897009371000000222e+00 -1.109727429958270051e+01
1.911140350000000154e+00 -1.096766233272370883e+01
1.925271329000000087e+00 -1.083977968307619832e+01
1.939402308000000019e+00 -1.071759293074494934e+01
1.953533286999999952e+00 -1.060265003289196883e+01
1.967664265999999884e+00 -1.049106423518723474e+01
1.981795244999999817e+00 -1.037611985213043297e+01
1.995926223999999749e+00 -1.025386684963072348e+01
2.010057203000000570e+00 -1.012618619678012521e+01
2.024188181999999614e+00 -9.996594214562334102e+00
2.038319161000000435e+00 -9.865592081174483496e+00
2.052450139999999479e+00 -9.729347976542459975e+00
2.066581119000000299e+00 -9.583861331191041444e+00
2.080712097999999344e+00 -9.430582331565691590e+00
2.094843077000000164e+00 -9.277136735193035832e+00
2.108974055999999209e+00 -9.133320761325233406e+00
2.123105035000000029e+00 -9.003351246745653569e+00
2.137236014000000850e+00 -8.884358319316469021e+00
2.151366992999999894e+00 -8.768454504106930614e+00
2.165497972000000715e+00 -8.647900581134528863e+00
2.179628950999999759e+00 -8.519604752138430825e+00
2.193759930000000580e+00 -8.384397901062603964e+00
2.207890908999999624e+00 -8.246082881635711459e+00
2.222021888000000445e+00 -8.107165513338117080e+00
2.236152866999999489e+00 -7.969053040110827268e+00
2.250283846000000310e+00 -7.831396928096706844e+00
2.264414824999999354e+00 -7.694451826607494382e+00
2.278545804000000174e+00 -7.561073787316641592e+00
2.292676782999999219e+00 -7.435139368774729363e+00
2.306807762000000039e+00 -7.318899825441028462e+00
2.320938741000000860e+00 -7.211400965586030054e+00
2.335069719999999904e+00 -7.108186392903655282e+00
2.349200699000000725e+00 -7.004362466026702982e+00
2.363331677999999769e+00 -6.898540106751976708e+00
2.377462657000000590e+00 -6.792155998749293211e+00
2.391593635999999634e+00 -6.687300914335003732e+00
2.405724615000000455e+00 -6.583272528019723069e+00
2.419855593999999499e+00 -6.478096743120577372e+00
2.433986573000000320e+00 -6.368840109018615081e+00
2.448117551999999364e+00 -6.256008176290015044e+00
2.462248531000000185e+00 -6.142708781955113828e+00
2.476379509999999229e+00 -6.030473274389343885e+00
2.490510490000000132e+00 -5.918241272384352492e+00
2.504641468999999177e+00 -5.803288864502219369e+00
2.518772447999999997e+00 -5.684450743752261559e+00
2.532903427000000818e+00 -5.563408422590411462e+00
2.547034405999999862e+00 -5.443311730015394367e+00
2.561165385000000683e+00 -5.325707231920140394e+00
2.575296363999999727e+00 -5.208327000035067655e+00
2.589427343000000548e+00 -5.088883836370756697e+00
2.603558321999999592e+00 -4.968523550768514596e+00
2.617689301000000413e+00 -4.851166876222374746e+00
2.631820279999999457e+00 -4.740589395491418223e+00
2.645951259000000277e+00 -4.636209358679850290e+00
2.660082237999999322e+00 -4.532978100010612188e+00
2.674213217000000142e+00 -4.425669084115155805e+00
2.688344195999999187e+00 -4.313429236516740595e+00
2.702475175000000007e+00 -4.199854875081502570e+00
2.716606154000000828e+00 -4.089192562437251155e+00
2.730737132999999872e+00 -3.984831965166470980e+00
2.744868112000000693e+00 -3.888341384128364275e+00
2.758999090999999737e+00 -3.799773579619599495e+00
2.773130070000000558e+00 -3.718626416696364956e+00
2.787261048999999602e+00 -3.641315464689961701e+00
2.801392028000000423e+00 -3.562971072528864802e+00
2.815523006999999467e+00 -3.480101637125294189e+00
2.829653986000000288e+00 -3.393092097406961827e+00
2.843784964999999332e+00 -3.304361370606882176e+00
2.857915944000000152e+00 -3.214866486778985788e+00
2.872046922999999197e+00 -3.122275763475043320e+00
2.886177902000000017e+00 -3.022500129292549076e+00
2.900308881000000838e+00 -2.915797817906480738e+00
2.914439859999999882e+00 -2.807798380972036156e+00
2.928570839000000703e+00 -2.706608905866079162e+00
2.942701817999999747e+00 -2.616109160525367017e+00
2.956832797000000568e+00 -2.532688124897679138e+00
2.970963775999999612e+00 -2.447531306909087156e+00
2.985094755000000433e+00 -2.354678232140894778e+00
2.999225733999999477e+00 -2.256434299151753642e+00
3.013356713000000298e+00 -2.160575896735262624e+00
3.027487691999999342e+00 -2.073408278919504077e+00
3.041618671000000163e+00 -1.994517320611749689e+00
3.055749649999999207e+00 -1.918145232114128795e+00
3.069880629000000027e+00 -1.839948652187697320e+00
3.084011608000000848e+00 -1.763452222568120398e+00
3.098142586999999892e+00 -1.696378029578130331e+00
3.112273566000000713e+00 -1.644096873159343275e+00
3.126404544999999757e+00 -1.604031459263908665e+00
3.140535524000000578e+00 -1.567161920903663130e+00
3.154666502999999622e+00 -1.525663660971035895e+00
3.168797483000000526e+00 -1.479894900814322511e+00
3.182928461999999570e+00 -1.438037943785646533e+00
3.197059441000000390e+00 -1.406630308788925809e+00
3.211190419999999435e+00 -1.384661098989131922e+00
3.225321399000000255e+00 -1.363665480198971380e+00
3.239452377999999300e+00 -1.334030094292842250e+00
3.253583357000000120e+00 -1.292896995092320367e+00
3.267714335999999165e+00 -1.244399897641192965e+00
3.281845314999999985e+00 -1.193900282855165251e+00
3.295976294000000806e+00 -1.139562847360168441e+00
3.310107272999999850e+00 -1.074917239459708185e+00
3.324238252000000671e+00 -9.966156523602789363e-01
3.338369230999999715e+00 -9.096510199774279215e-01
3.352500210000000536e+00 -8.281414798385879905e-01
3.366631188999999580e+00 -7.663998775988298817e-01
3.380762168000000401e+00 -7.303025462340233531e-01
3.394893146999999445e+00 -7.144130531372381299e-01
3.409024126000000265e+00 -7.084239086667540874e-01
3.423155104999999310e+00 -7.045803911456900437e-01
3.437286084000000130e+00 -7.012901849261465870e-01
3.451417062999999175e+00 -7.009504573243257042e-01
3.465548041999999995e+00 -7.029465258782323644e-01
3.479679021000000816e+00 -7.007202438311841419e-01
3.493809999999999860e+00 -6.853795252927392667e-01
3.507940979000000681e+00 -6.528485081415693614e-01
3.522071957999999725e+00 -6.079812899928471737e-01
3.536202937000000546e+00 -5.622282488430565550e-01
3.550333915999999590e+00 -5.255758216180348441e-01
3.564464895000000411e+00 -5.008918072371395525e-01
3.578595873999999455e+00 -4.833252656451652030e-01
3.592726853000000276e+00 -4.673085168442581150e-01
3.606857831999999320e+00 -4.511747029903574457e-01
3.620988811000000140e+00 -4.368114941993068712e-01
3.635119789999999185e+00 -4.276393722562037425e-01
3.649250769000000005e+00 -4.234775919053861415e-01
3.663381748000000826e+00 -4.207362676242993871e-01
3.677512726999999870e+00 -4.145707923328512123e-01
3.691643706000000691e+00 -4.037339007801801216e-01
3.705774684999999735e+00 -3.904165474475638220e-01
3.719905664000000556e+00 -3.796590567093911517e-01
3.734036642999999600e+00 -3.740834684780036667e-01
3.748167622000000421e+00 -3.711990620743508273e-01
3.762298600999999465e+00 -3.666519718728409316e-01
3.776429580000000286e+00 -3.580446982687739421e-01
3.790560558999999330e+00 -3.486888873300237890e-01
3.804691538000000151e+00 -3.448771660343403767e-01
3.818822516999999195e+00 -3.509153702572129774e-01
3.832953497000000098e+00 -3.631973843131577340e-01
3.847084475999999142e+00 -3.749896406328430132e-01
3.861215454999999963e+00 -3.814143200853692406e-01
3.875346434000000784e+00 -3.847413713328187157e-01
3.889477412999999828e+00 -3.914143656686661643e-01
3.903608392000000649e+00 -4.038582759138851230e-01
3.917739370999999693e+00 -4.171742208564808152e-01
3.931870350000000514e+00 -4.226145633920621592e-01
3.946001328999999558e+00 -4.163065180787439701e-01
3.960132308000000378e+00 -4.029068058142861730e-01
3.974263286999999423e+00 -3.925547780293614508e-01
3.988394266000000243e+00 -3.892908362034015468e-01
4.002525244999999288e+00 -3.883110984772315533e-01
4.016656224000000108e+00 -3.805355222334396714e-01
4.030787202999999153e+00 -3.622261068380350224e-01
4.044918181999999973e+00 -3.379676023498596749e-01
4.059049161000000794e+00 -3.152434509719377331e-01
4.073180139999999838e+00 -2.969650868899060825e-01
4.087311119000000659e+00 -2.790035944975670645e-01
4.101442097999999703e+00 -2.568595861385585266e-01
4.115573077000000524e+00 -2.306034146867377288e-01
4.129704055999999568e+00 -2.068190072555982084e-01
4.143835035000000389e+00 -1.929086729399491773e-01
4.157966013999999433e+00 -1.912427670092107235e-01
4.172096993000000253e+00 -1.967978918748967132e-01
4.186227971999999298e+00 -2.006408509613386570e-01
4.200358951000000118e+00 -1.955447185441387958e-01
4.214489929999999163e+00 -1.800642750725032215e-01
4.228620908999999983e+00 -1.593706363625440048e-01
4.242751888000000804e+00 -1.400610058551023940e-01
4.256882866999999848e+00 -1.251468517122757973e-01
4.271013846000000669e+00 -1.129964239139509274e-01
4.285144824999999713e+00 -1.019375492575642639e-01
4.299275804000000534e+00 -9.276327555141072878e-02
4.313406782999999578e+00 -8.959187613054009347e-02
4.327537762000000399e+00 -9.481563646942170465e-02
4.341668740999999443e+00 -1.043851357946152802e-01
4.355799720000000264e+00 -1.097740698264733084e-01
4.369930698999999308e+00 -1.044778277143967316e-01
4.384061678000000128e+00 -8.893753606886356522e-02
4.398192656999999173e+00 -6.950211105797610145e-02
4.412323635999999993e+00 -5.415337485884830215e-02
4.426454615000000814e+00 -4.607024549608951247e-02
4.440585593999999858e+00 -4.224284087384333475e-02
4.454716573000000679e+00 -3.729879296911242648e-02
4.468847551999999723e+00 -2.827415313033743161e-02
4.482978531000000544e+00 -1.581150005178688644e-02
4.497109509999999588e+00 -2.662028250312253874e-03
4.511240490000000491e+00 9.579149169114842266e-03
4.525371468999999536e+00 2.337627954587429002e-02
4.539502448000000356e+00 4.184161614778236782e-02
4.553633426999999401e+00 6.396539430033243434e-02
4.567764406000000221e+00 8.371914864497131958e-02
4.581895384999999266e+00 9.403830359939213679e-02
4.596026364000000086e+00 9.282074568719167473e-02
4.610157342999999130e+00 8.424287540213981629e-02
4.624288321999999951e+00 7.639034255478538427e-02
4.638419301000000772e+00 7.397295240168411112e-02
4.652550279999999816e+00 7.804456080689714526e-02
4.666681259000000637e+00 8.800195262928411921e-02
4.680812237999999681e+00 1.048498170452809575e-01
4.694943217000000502e+00 1.307677164200686803e-01
4.709074195999999546e+00 1.654737066303448856e-01
4.723205175000000366e+00 2.055668070645246814e-01
4.737336153999999411e+00 2.450701470745402233e-01
4.751467133000000231e+00 2.794130601695874461e-01
4.765598111999999276e+00 3.053094630485704286e-01
4.779729091000000096e+00 3.210746783422262496e-01
4.793860069999999141e+00 3.246528180004153441e-01
4.807991048999999961e+00 3.152368105503660090e-01
4.822122028000000782e+00 2.950465870646068467e-01
4.836253006999999826e+00 2.682821539030850744e-01
4.850383986000000647e+00 2.396662877133506342e-01
4.864514964999999691e+00 2.125953873662229654e-01
4.878645944000000512e+00 1.884250287946791502e-01
4.892776922999999556e+00 1.666477006392010907e-01
4.906907902000000377e+00 1.484965608608455057e-01
4.921038880999999421e+00 1.356729927091775423e-01
4.935169860000000241e+00 1.287016145611481477e-01
4.949300838999999286e+00 1.260987002438511695e-01
4.963431818000000106e+00 1.246177359701841070e-01
4.977562796999999151e+00 1.201036611454702197e-01
4.991693775999999971e+00 1.102171106256939481e-01
5.005824755000000792e+00 9.555736052412466819e-02
5.019955733999999836e+00 7.872650885665333220e-02
5.034086713000000657e+00 6.271873699356245169e-02
5.048217691999999701e+00 5.003134627260585887e-02
5.062348671000000522e+00 4.200327606368858824e-02
5.076479649999999566e+00 3.779122618838570702e-02
5.090610629000000387e+00 3.662132530720452195e-02
5.104741607999999431e+00 3.866400124232960422e-02
5.118872587000000252e+00 4.600928226810729882e-02
5.133003565999999296e+00 5.983340340152576431e-02
5.147134545000000116e+00 7.870183481182113638e-02
5.161265523999999161e+00 9.739745643099428918e-02
5.175396502999999981e+00 1.101563391500883782e-01
5.189527483000000885e+00 1.161310712485867924e-01
5.203658461999999929e+00 1.184888264590862050e-01
5.217789441000000750e+00 1.216003478384211078e-01
5.231920419999999794e+00 1.259568674452324899e-01
5.246051399000000615e+00 1.275344902110955303e-01
5.260182377999999659e+00 1.226191856925149537e-01
5.274313357000000480e+00 1.120807541058823631e-01
5.288444335999999524e+00 1.021693610992455703e-01
5.302575315000000344e+00 9.754169987160743460e-02
5.316706293999999389e+00 9.877590746339581784e-02
5.330837273000000209e+00 1.026599770146718882e-01
5.344968251999999254e+00 1.063484816362514351e-01
5.359099231000000074e+00 1.110833584421015985e-01
5.373230209999999119e+00 1.205594509688463489e-01
5.387361188999999939e+00 1.388522548210673335e-01
5.401492168000000760e+00 1.657613628327414546e-01
5.415623146999999804e+00 1.976331868415730497e-01
5.429754126000000625e+00 2.282890230117153862e-01
5.443885104999999669e+00 2.526784484468178604e-01
5.458016084000000490e+00 2.689618687708081879e-01
5.472147062999999534e+00 2.792957055473852535e-01
5.486278042000000355e+00 2.863658462801597082e-01
5.500409020999999399e+00 2.905976439289190694e-01
5.514540000000000219e+00 2.897421315871797631e-01
5.528670978999999264e+00 2.824562324823265413e-01
5.542801958000000084e+00 2.712864464273589959e-01
5.556932936999999129e+00 2.621186633694119195e-01
5.571063915999999949e+00 2.603187112931113489e-01
5.585194895000000770e+00 2.652113360594219316e-01
5.599325873999999814e+00 2.720585768896448542e-01
5.613456853000000635e+00 2.761837337849017970e-01
5.627587831999999679e+00 2.780236599456236135e-01
5.641718811000000500e+00 2.814980804813549398e-01
5.655849789999999544e+00 2.901767056366875153e-01
5.669980769000000365e+00 3.032775332107426891e-01
5.684111747999999409e+00 3.154556921056865804e-01
5.698242727000000230e+00 3.222368687784671337e-01
5.712373705999999274e+00 3.229248320796482830e-01
5.726504685000000094e+00 3.209879095438585850e-01
5.740635663999999139e+00 3.205476306157200028e-01
5.754766642999999959e+00 3.219689621338419627e-01
5.768897622000000780e+00 3.206083189761042007e-01
5.783028600999999824e+00 3.116230187371975546e-01
5.797159580000000645e+00 2.936662014061646175e-01
5.811290558999999689e+00 2.707638814843829067e-01
5.825421538000000510e+00 2.494357755030334189e-01
5.839552516999999554e+00 2.344876509575071211e-01
5.853683497000000457e+00 2.269137148347990518e-01
5.867814475999999502e+00 2.266173945813578783e-01
5.881945455000000322e+00 2.349581648774048404e-01
5.896076433999999367e+00 2.543093258628514874e-01
5.910207413000000187e+00 2.854114450728992836e-01
5.924338391999999232e+00 3.243793601589972653e-01
5.938469371000000052e+00 3.637394875006432216e-01
5.952600350000000873e+00 3.965741602066854554e-01
5.966731328999999917e+00 4.200649408784888905e-01
5.980862308000000738e+00 4.354362138681153738e-01
5.994993286999999782e+00 4.453536267300393092e-01
6.009124266000000603e+00 4.516980563502954737e-01
6.023255244999999647e+00 4.544103849143290574e-01
6.037386224000000468e+00 4.528649891006528705e-01
6.051517202999999512e+00 4.489675297583755054e-01
6.065648182000000332e+00 4.461142744879538213e-01
6.079779160999999377e+00 4.455023897380767650e-01
6.093910140000000197e+00 4.455042912896347573e-01
6.108041118999999242e+00 4.414699573203524352e-01
6.122172098000000062e+00 4.273502274371434595e-01
6.136303077000000883e+00 4.031288792891221107e-01
6.150434055999999927e+00 3.763102917935130520e-01
6.164565035000000748e+00 3.574559330389801559e-01
6.178696013999999792e+00 3.536858122212152011e-01
6.192826993000000613e+00 3.653946551269049436e-01
6.206957971999999657e+00 3.858787621983568172e-01
6.221088951000000478e+00 4.072479078884310155e-01
6.235219929999999522e+00 4.250431653380681851e-01
6.249350909000000343e+00 4.372501742796064406e-01
6.263481887999999387e+00 4.427977315207600739e-01
6.277612867000000207e+00 4.408168354608399397e-01
6.291743845999999252e+00 4.319187546392431187e-01
6.305874825000000072e+00 4.175601267678059614e-01
6.320005803999999117e+00 4.009316082470322229e-01
6.334136782999999937e+00 3.853149604565118125e-01
6.348267762000000758e+00 3.735068262066256750e-01
6.362398740999999802e+00 3.678292121580044594e-01
6.376529720000000623e+00 3.711003976925786318e-01
6.390660698999999667e+00 3.844724953975555692e-01
6.404791678000000488e+00 4.044643992913128372e-01
6.418922656999999532e+00 4.259457654686560346e-01
6.433053636000000353e+00 4.423589291976828264e-01
6.447184614999999397e+00 4.490748315327790507e-01
6.461315594000000218e+00 4.458162417340680861e-01
6.475446572999999262e+00 4.373453075900757270e-01
6.489577552000000082e+00 4.285833805990693079e-01
6.503708530999999127e+00 4.232220786512046473e-01
6.517839509999999947e+00 4.212463960885148850e-01
6.531970490000000851e+00 4.182472628785696145e-01
6.546101468999999895e+00 4.111760715500540897e-01
6.560232448000000716e+00 4.038506673541437664e-01
6.574363426999999760e+00 4.055595189097509490e-01
6.588494406000000581e+00 4.237559707842626366e-01
6.602625384999999625e+00 4.578836021833518899e-01
6.616756364000000445e+00 4.962401900754480621e-01
6.630887342999999490e+00 5.247136236480631766e-01
6.645018322000000310e+00 5.369465430375237602e-01
6.659149300999999355e+00 5.389974436838951277e-01
6.673280280000000175e+00 5.433133052020311382e-01
6.687411258999999220e+00 5.577118075106932693e-01
6.701542238000000040e+00 5.798026600261794172e-01
6.715673217000000861e+00 5.989590203720860373e-01
6.729804195999999905e+00 6.062095300245502472e-01
6.743935175000000726e+00 6.015516883445908292e-01
6.758066153999999770e+00 5.937455403201248316e-01
6.772197133000000591e+00 5.920522180176597260e-01
6.786328111999999635e+00 5.983986334856030709e-01
6.800459091000000456e+00 6.066225802059523886e-01
6.814590069999999500e+00 6.082752277717951017e-01
6.828721049000000320e+00 6.009645647906127763e-01
6.842852027999999365e+00 5.888666229166235055e-01
6.856983007000000185e+00 5.773243866895585441e-01
6.871113985999999230e+00 5.682258183734605339e-01
6.885244965000000050e+00 5.600394958599812512e-01
6.899375944000000871e+00 5.513022533136204828e-01
6.913506922999999915e+00 5.436472832685783629e-01
6.927637902000000736e+00 5.398400372739926567e-01
6.941768880999999780e+00 5.396206415391748834e-01
6.955899860000000601e+00 5.398661858046507334e-01
6.970030838999999645e+00 5.371007038261126354e-01
6.984161818000000466e+00 5.309927532131979433e-01
6.998292796999999510e+00 5.236018193005342880e-01
7.012423776000000331e+00 5.160781654703905375e-01
7.026554754999999375e+00 5.066215136366256644e-01
7.040685734000000195e+00 4.942448924705633573e-01
7.054816712999999240e+00 4.811094257881647351e-01
7.068947692000000060e+00 4.731417044855827925e-01
7.083078671000000881e+00 4.769799933134271086e-01
7.097209649999999925e+00 4.938004360381276214e-01
7.111340629000000746e+00 5.185919627000661336e-01
7.125471607999999790e+00 5.427689750975250860e-01
7.139602587000000611e+00 5.601265803351367367e-01
7.153733565999999655e+00 5.682960587271832509e-01
7.167864545000000476e+00 5.695824963972331290e-01
7.181995523999999520e+00 5.685399078020667574e-01
7.196126503000000341e+00 5.693664119175876337e-01
7.210257482999999468e+00 5.736184357683296042e-01
7.224388462000000288e+00 5.791601374920487544e-01
7.238519440999999333e+00 5.823062302107526733e-01
7.252650420000000153e+00 5.811542459017378093e-01
7.266781398999999197e+00 5.772290376557211999e-01
7.280912378000000018e+00 5.729133261095942231e-01
7.295043357000000839e+00 5.681241857936054629e-01
7.309174335999999883e+00 5.598423103971930104e-01
7.323305315000000704e+00 5.458506371428359927e-01
7.337436293999999748e+00 5.277620183990174851e-01
7.351567273000000569e+00 5.115826873254540885e-01
7.365698251999999613e+00 5.024358749699366911e-01
7.379829231000000433e+00 4.996385225264550201e-01
7.393960209999999478e+00 4.994585873030050749e-01
7.408091189000000298e+00 4.989444820764887822e-01
7.422222167999999343e+00 4.984959210605239832e-01
7.436353147000000163e+00 5.004785594216318856e-01
7.450484125999999208e+00 5.053656829567234610e-01
7.464615105000000028e+00 5.107034369641239024e-01
7.478746084000000849e+00 5.139580047920224715e-01
7.492877062999999893e+00 5.168162599353118836e-01
7.507008042000000714e+00 5.233028581324195017e-01
7.521139020999999758e+00 5.364490126879530862e-01
7.535270000000000579e+00 5.547094751179173500e-01
7.549400978999999623e+00 5.727633340207463064e-01
7.563531958000000444e+00 5.862310220128437166e-01
7.577662936999999488e+00 5.951819237931603723e-01
7.591793916000000308e+00 6.023661530787380869e-01
7.605924894999999353e+00 6.099946469596053689e-01
7.620055874000000173e+00 6.173308108988377896e-01
7.634186852999999218e+00 6.214542938939056071e-01
7.648317832000000038e+00 6.209462184767318149e-01
7.662448811000000859e+00 6.175298826492330306e-01
7.676579789999999903e+00 6.165503253672497408e-01
7.690710769000000724e+00 6.215207063793126707e-01
7.704841747999999768e+00 6.321946805815361614e-01
7.718972727000000589e+00 6.444085314047747204e-01
7.733103705999999633e+00 6.533520151695153544e-01
7.747234685000000454e+00 6.559126276988367366e-01
7.761365663999999498e+00 6.529447225442721603e-01
7.775496643000000319e+00 6.484542142116751506e-01
7.789627621999999363e+00 6.459288792902988519e-01
7.803758601000000183e+00 6.469952567754360118e-01
7.817889579999999228e+00 6.499768193587991405e-01
7.832020559000000048e+00 6.511754844143293752e-01
7.846151538000000869e+00 6.463194736215971403e-01
7.860282516999999913e+00 6.340592091489849480e-01
7.874413497000000817e+00 6.168236063776353362e-01
7.888544475999999861e+00 6.003472921273091956e-01
7.902675455000000682e+00 5.894068746564409267e-01
7.916806433999999726e+00 5.853416076944517599e-01
7.930937413000000547e+00 5.859752138288936152e-01
7.945068391999999591e+00 5.876139064229679576e-01
7.959199371000000411e+00 5.891846757986876071e-01
7.973330349999999456e+00 5.920083733763794598e-01
7.987461329000000276e+00 5.981440254024539271e-01
8.001592307999999321e+00 6.065477790784834511e-01
8.015723287000000141e+00 6.127040391741616077e-01
8.029854265999999186e+00 6.122301614144491921e-01
8.043985245000000006e+00 6.054135578022021846e-01
8.058116224000000827e+00 5.987854571020960748e-01
8.072247202999999871e+00 6.015171427438996687e-01
8.086378182000000692e+00 6.194581755644605892e-01
8.100509160999999736e+00 6.501171592916232811e-01
8.114640140000000557e+00 6.838088673184774535e-01
8.128771118999999601e+00 7.110130993163057411e-01
8.142902098000000422e+00 7.278696257507597522e-01
8.157033076999999466e+00 7.381028983657822451e-01
8.171164056000000286e+00 7.476941946997834876e-01
8.185295034999999331e+00 7.581504700211745273e-01
8.199426014000000151e+00 7.648859576509918767e-01
8.213556992999999196e+00 7.620852958984309922e-01
8.227687972000000016e+00 7.497177364479892248e-01
8.241818951000000837e+00 7.340781074240307902e-01
8.255949929999999881e+00 7.232068424230888581e-01
8.270080909000000702e+00 7.203023777719756993e-01
8.284211887999999746e+00 7.215294765600930305e-01
8.298342867000000567e+00 7.216006060588249227e-01
8.312473845999999611e+00 7.208070582054597608e-01
8.326604825000000432e+00 7.230197089580725489e-01
8.340735803999999476e+00 7.327043873278284991e-01
8.354866783000000297e+00 7.498861129596727793e-01
8.368997761999999341e+00 7.698463498420524687e-01
8.383128741000000161e+00 7.856569975972877984e-01
8.397259719999999206e+00 7.926625030945118056e-01
8.411390699000000026e+00 7.905983938368175146e-01
8.425521678000000847e+00 7.810083282838826690e-01
8.439652656999999891e+00 7.678574003681388760e-01
8.453783636000000712e+00 7.538548461077203555e-01
8.467914614999999756e+00 7.414361982839263732e-01
8.482045594000000577e+00 7.325334307961028912e-01
8.496176572999999621e+00 7.304835023713636133e-01
8.510307552000000442e+00 7.399539909366499302e-01
8.524438530999999486e+00 7.643717445349613726e-01
8.538569510000000307e+00 8.030813113769657008e-01
8.552700489999999434e+00 8.494189938561103048e-01
8.566831469000000254e+00 8.936353456454311228e-01
8.580962447999999299e+00 9.275297447621140279e-01
8.595093427000000119e+00 9.481383782449555042e-01
8.609224405999999163e+00 9.570576074769823194e-01
8.623355384999999984e+00 9.583573909102502952e-01
8.637486364000000805e+00 9.541279149238919288e-01
8.651617342999999849e+00 9.447123590951651551e-01
8.665748322000000670e+00 9.309301876683049315e-01
8.679879300999999714e+00 9.154943274577860279e-01
8.694010280000000535e+00 9.027099452677189717e-01
8.708141258999999579e+00 8.967883117628598910e-01
8.722272238000000399e+00 8.992326793718721234e-01
8.736403216999999444e+00 9.074688689002750053e-01
8.750534196000000264e+00 9.168157361433788566e-01
8.764665174999999309e+00 9.232566691443961915e-01
8.778796154000000129e+00 9.254308938396320627e-01
8.792927132999999174e+00 9.250855955101471295e-01
8.807058111999999994e+00 9.258975541043694690e-01
8.821189091000000815e+00 9.299831214961979953e-01
8.835320069999999859e+00 9.381693201947234328e-01
8.849451049000000680e+00 9.506822444732900834e-01
8.863582027999999724e+00 9.673854221437343526e-01
8.877713007000000545e+00 9.861196835886758549e-01
8.891843985999999589e+00 1.002018700148655128e+00
8.905974965000000410e+00 1.009405972670555762e+00
8.920105943999999454e+00 1.003729215862481539e+00
8.934236923000000274e+00 9.858431457131473508e-01
8.948367901999999319e+00 9.601083978790132534e-01
8.962498881000000139e+00 9.314340584907707665e-01
8.976629859999999184e+00 9.046016236695120227e-01
8.990760839000000004e+00 8.892802659783756170e-01
9.004891818000000825e+00 9.036572091000047990e-01
9.019022796999999869e+00 9.712279676752890722e-01
9.033153776000000690e+00 1.110553531335662036e+00
9.047284754999999734e+00 1.325766566154747750e+00
9.061415734000000555e+00 1.608153897874202265e+00
9.075546712999999599e+00 1.948873549645687042e+00
9.089677692000000420e+00 2.351596169127675218e+00
9.103808670999999464e+00 2.830411040420970359e+00
9.117939650000000285e+00 3.398102894875195457e+00
9.132070628999999329e+00 4.054895214153340532e+00
9.146201608000000149e+00 4.790394247328576327e+00
9.160332586999999194e+00 5.596044122819763267e+00
9.174463566000000014e+00 6.476589286939882228e+00
9.188594545000000835e+00 7.446174650364089764e+00
9.202725523999999879e+00 8.512902756145013683e+00
9.216856503000000700e+00 9.668308651213671112e+00
9.230987482999999827e+00 1.088953364055661766e+01
9.245118462000000648e+00 1.215390289834501836e+01
9.259249440999999692e+00 1.345554888616048572e+01
9.273380420000000512e+00 1.480940712912414448e+01
9.287511398999999557e+00 1.624134971509020886e+01
9.301642378000000377e+00 1.777536763382315854e+01
9.315773356999999422e+00 1.942570551607927598e+01
9.329904336000000242e+00 2.119628679646064384e+01
9.344035314999999287e+00 2.308170877020578615e+01
9.358166294000000107e+00 2.506588729528649040e+01
9.372297272999999151e+00 2.711551710579491825e+01
9.386428251999999972e+00 2.917608434855655730e+01
9.400559231000000793e+00 3.117617520667863573e+01
9.414690209999999837e+00 3.303917948293723583e+01
9.428821189000000658e+00 3.469902537719671187e+01
9.442952167999999702e+00 3.611160354092580604e+01
9.457083147000000523e+00 3.725965989735900763e+01
9.471214125999999567e+00 3.814974332149657954e+01
9.485345105000000387e+00 3.880606973849165797e+01
9.499476083999999432e+00 3.926403922090837284e+01
9.513607063000000252e+00 3.956405656049608410e+01
9.527738041999999297e+00 3.475411867217945172e+01
9.541869021000000117e+00 2.986383596724039791e+01
9.555999999999999162e+00 2.492357052488641500e+01
