# r_minus_2Rs_A, PMF_over_kBT
-9.749999999999999778e-01 nan
-9.250000000000000444e-01 nan
-8.750000000000000000e-01 nan
-8.249999999999999556e-01 nan
-7.750000000000000222e-01 nan
-7.249999999999999778e-01 nan
-6.749999999999999334e-01 nan
-6.250000000000000000e-01 nan
-5.749999999999999556e-01 nan
-5.250000000000000222e-01 nan
-4.749999999999999778e-01 nan
-4.249999999999999334e-01 nan
-3.750000000000000000e-01 nan
-3.249999999999999556e-01 nan
-2.749999999999999112e-01 nan
-2.249999999999999778e-01 2.852285551150809617e+00
-1.749999999999999334e-01 6.838328992950888363e-01
-1.250000000000000000e-01 -6.052464731463240710e-01
-7.499999999999995559e-02 -1.183906085716790457e+00
-2.499999999999991118e-02 -1.278288210474687325e+00
2.499999999999991118e-02 -1.189307619621451373e+00
7.500000000000017764e-02 -1.037328873349152802e+00
1.250000000000000000e-01 -9.113432169792826665e-01
1.750000000000002665e-01 -7.978742244406197281e-01
2.250000000000000888e-01 -6.807526016717480033e-01
2.749999999999999112e-01 -5.804589289403946362e-01
3.250000000000001776e-01 -5.193443063713312213e-01
3.750000000000000000e-01 -4.470248960980098829e-01
4.250000000000002665e-01 -4.037601368160664284e-01
4.750000000000000888e-01 -3.485815382899127290e-01
5.249999999999999112e-01 -3.225370860140441276e-01
5.750000000000001776e-01 -2.721901954387793698e-01
6.250000000000000000e-01 -2.289226571934713517e-01
6.750000000000002665e-01 -2.139141540349693005e-01
7.250000000000000888e-01 -2.205928844730748184e-01
7.749999999999999112e-01 -2.510176790343929265e-01
8.250000000000001776e-01 -2.553645610046266223e-01
8.750000000000000000e-01 -2.573483632446853520e-01
9.250000000000002665e-01 -2.349537855500871686e-01
9.750000000000000888e-01 -2.113024356257599268e-01
1.025000000000000355e+00 -1.890754593466151545e-01
1.075000000000000178e+00 -1.596448248603605791e-01
1.125000000000000000e+00 -1.588295130061118388e-01
1.174999999999999822e+00 -1.194956302056515013e-01
1.225000000000000089e+00 -1.010243022575553623e-01
1.275000000000000355e+00 -6.708366704838890360e-02
1.325000000000000178e+00 -5.615165138397770761e-02
1.375000000000000000e+00 -4.694676475579869640e-02
1.425000000000000266e+00 -3.513356613801092015e-02
1.475000000000000089e+00 -3.382581347178200554e-02
1.525000000000000355e+00 -2.836546957991862780e-02
1.575000000000000178e+00 -3.281872936500492693e-02
1.625000000000000000e+00 -3.634032245933512678e-02
1.675000000000000266e+00 -5.155302508577719323e-02
1.725000000000000089e+00 -4.431163053954308845e-02
1.775000000000000355e+00 -6.080457669442266427e-02
1.825000000000000178e+00 -5.827319584747640141e-02
1.875000000000000000e+00 -7.876047172424953391e-02
1.925000000000000266e+00 -6.539408210180634728e-02
1.975000000000000089e+00 -6.167216880962852338e-02
2.025000000000000355e+00 -5.477059655219503748e-02
2.075000000000000178e+00 -5.031557078516583209e-02
2.125000000000000000e+00 -4.002389232528032886e-02
2.175000000000000266e+00 -3.488932077870435938e-02
2.225000000000000089e+00 -1.590431316757949173e-02
2.275000000000000355e+00 -3.903280955057949250e-03
2.325000000000000178e+00 5.710016656033249476e-03
2.375000000000000000e+00 -8.484474896951551756e-03
2.425000000000000266e+00 -1.719475546263401003e-02
2.475000000000000089e+00 -1.610750052459231085e-02
2.525000000000000355e+00 -1.754494522020936739e-02
2.575000000000000178e+00 -2.816138025876983517e-02
2.625000000000000000e+00 -3.002742294243295265e-02
2.675000000000000266e+00 -2.971827833521197351e-02
2.725000000000000089e+00 -1.893666445815374647e-02
2.775000000000000355e+00 -2.082035425313192786e-02
2.825000000000000178e+00 -1.370946711610857884e-02
2.875000000000000000e+00 -1.466183340818420257e-02
2.925000000000000266e+00 -8.605567956245193870e-03
2.975000000000000089e+00 -1.262539993395517257e-02
3.025000000000000355e+00 -1.366753556944762769e-02
3.075000000000000178e+00 -8.220232020099102130e-03
3.125000000000000000e+00 -1.231204366363887991e-02
3.175000000000000711e+00 -1.341667184889268859e-02
3.224999999999999645e+00 -1.970453656392094285e-02
3.275000000000000355e+00 -1.250855946430432832e-02
3.325000000000000178e+00 -1.083607147331200338e-02
3.375000000000000000e+00 -1.466614706072159359e-02
3.425000000000000711e+00 -1.177570066752497979e-02
3.474999999999999645e+00 -1.222694070839687973e-02
3.525000000000000355e+00 -2.493750135795262061e-03
3.575000000000000178e+00 2.796754136101438967e-03
3.625000000000000000e+00 2.089205943594999674e-03
3.675000000000000711e+00 -5.701723032822236803e-03
3.724999999999999645e+00 -1.252589063630615840e-02
3.775000000000000355e+00 -1.414931590097653034e-02
3.825000000000001066e+00 -1.283158798812393010e-02
3.875000000000000000e+00 -8.027991864106928319e-03
3.925000000000000711e+00 -3.350938418800038839e-03
3.974999999999999645e+00 -1.337342868194646428e-03
4.025000000000000355e+00 -3.451024042628129344e-03
4.075000000000001066e+00 -4.010313595047776403e-03
4.125000000000000000e+00 -3.330202513756930216e-03
4.175000000000000711e+00 -1.101136607398818914e-03
4.224999999999999645e+00 5.236855745251270964e-04
4.275000000000000355e+00 2.993613940170725130e-03
4.325000000000001066e+00 8.956395345582161003e-04
4.375000000000000000e+00 -2.056712526920930536e-03
4.425000000000000711e+00 5.281919044533012197e-04
4.474999999999999645e+00 -3.310318271465403136e-03
4.525000000000000355e+00 1.412469840823031174e-03
4.575000000000001066e+00 2.841546360725347945e-03
4.625000000000000000e+00 6.035005564803815233e-03
4.675000000000000711e+00 2.592156629814823532e-03
4.724999999999999645e+00 4.734313437217234073e-04
4.775000000000000355e+00 6.203362581819267703e-03
4.825000000000001066e+00 2.333868171370193870e-03
4.875000000000000000e+00 -4.436871313738007146e-03
4.925000000000000711e+00 -6.219458953631296083e-03
4.974999999999999645e+00 2.042473826955770733e-03
5.025000000000000355e+00 8.045822612530173501e-03
5.075000000000001066e+00 3.777776568417934300e-03
5.125000000000000000e+00 1.688912150339542560e-03
5.175000000000000711e+00 3.182275742987646702e-03
5.224999999999999645e+00 -1.606063333209857948e-03
5.275000000000000355e+00 -2.645140539312862415e-03
5.325000000000001066e+00 -4.433693236557327381e-03
5.375000000000000000e+00 -2.321755845028879769e-03
5.425000000000000711e+00 -4.229227347406272486e-03
5.474999999999999645e+00 -8.714611051278650308e-03
5.525000000000000355e+00 -7.833008247037772862e-03
5.575000000000001066e+00 -2.378527980488579722e-03
5.625000000000000000e+00 -7.342295344100098497e-05
5.675000000000000711e+00 6.269110404886053985e-03
5.724999999999999645e+00 1.322613885489154484e-03
5.775000000000000355e+00 2.745308853538593334e-04
5.825000000000001066e+00 -2.673675309113813462e-03
5.875000000000000000e+00 9.917688557455524041e-04
5.925000000000000711e+00 4.937162740636639839e-03
5.974999999999999645e+00 4.771010211951498547e-02
6.025000000000000355e+00 3.464555399577096684e-01
6.075000000000001066e+00 1.017323421027845676e+00
6.125000000000000000e+00 1.827203989592086630e+00
6.175000000000000711e+00 2.384835124205803680e+00
6.224999999999999645e+00 2.566671369394164071e+00
6.275000000000000355e+00 2.583919172563367450e+00
6.325000000000001066e+00 2.580110990233967172e+00
6.375000000000000000e+00 2.571045933040517539e+00
6.425000000000000711e+00 2.553227147656355722e+00
6.474999999999999645e+00 2.554823556196883505e+00
6.525000000000000355e+00 2.565279568894019757e+00
6.575000000000001066e+00 2.576343956424726134e+00
6.625000000000000000e+00 2.569536183655235728e+00
6.675000000000000711e+00 2.556884029622407351e+00
6.724999999999999645e+00 2.546777179508150635e+00
6.775000000000000355e+00 2.555827155911955639e+00
6.825000000000001066e+00 2.575797534424017154e+00
6.875000000000000000e+00 2.573768477001955102e+00
6.925000000000000711e+00 2.563354301702472693e+00
6.974999999999999645e+00 2.551763344646811760e+00
7.025000000000000355e+00 2.550122053853984827e+00
7.074999999999999289e+00 2.564866152718519476e+00
7.125000000000000000e+00 2.569324687276012043e+00
7.175000000000000711e+00 2.571218752728269052e+00
7.225000000000001421e+00 2.574223954088445065e+00
7.275000000000000355e+00 2.580650795350181159e+00
7.324999999999999289e+00 2.589311108939512440e+00
7.375000000000000000e+00 2.578784623946593246e+00
7.425000000000000711e+00 2.560444658245170313e+00
7.475000000000001421e+00 2.544882209813437601e+00
7.525000000000000355e+00 2.531972040403912771e+00
7.574999999999999289e+00 2.538007527843166855e+00
7.625000000000000000e+00 2.540093232276038560e+00
7.675000000000000711e+00 2.553987077663737892e+00
7.725000000000001421e+00 2.554265572271968043e+00
7.775000000000000355e+00 2.562514718144686565e+00
7.824999999999999289e+00 2.552264477497345752e+00
7.875000000000000000e+00 2.559734693977523179e+00
7.925000000000000711e+00 2.551673991457944712e+00
7.975000000000001421e+00 2.561331871462783738e+00
8.025000000000000355e+00 2.560042630490278359e+00
8.074999999999999289e+00 2.556802357080075527e+00
8.125000000000000000e+00 2.562292839208235140e+00
8.175000000000000711e+00 2.551750868264588412e+00
8.225000000000001421e+00 2.566618456697504769e+00
8.275000000000000355e+00 2.560356503514357396e+00
8.324999999999999289e+00 2.573462903613999320e+00
8.375000000000000000e+00 2.574955742909158740e+00
8.425000000000000711e+00 2.572810662078948152e+00
8.475000000000001421e+00 2.563824360479544762e+00
8.525000000000000355e+00 2.558908225423000005e+00
8.575000000000001066e+00 2.567421046597981427e+00
8.625000000000000000e+00 2.568179631617024672e+00
8.675000000000000711e+00 2.570716385941623106e+00
8.725000000000001421e+00 2.567917612012157402e+00
8.775000000000000355e+00 2.570898073264215267e+00
8.825000000000001066e+00 2.577473585788871535e+00
8.875000000000000000e+00 2.579916921411491426e+00
8.925000000000000711e+00 2.582345308636357917e+00
8.975000000000001421e+00 2.636144005693275449e+00
9.025000000000000355e+00 2.985255106686881543e+00
9.075000000000001066e+00 3.964365672344197122e+00
9.125000000000000000e+00 5.779633624946868053e+00
9.175000000000000711e+00 6.854548639047020941e+00
9.225000000000001421e+00 8.202263420046426390e+00
9.275000000000000355e+00 nan
9.325000000000001066e+00 nan
9.375000000000000000e+00 nan
9.425000000000000711e+00 nan
9.475000000000001421e+00 nan
9.525000000000000355e+00 nan
9.575000000000001066e+00 nan
9.625000000000000000e+00 nan
9.675000000000000711e+00 nan
9.725000000000001421e+00 nan
9.775000000000000355e+00 nan
9.825000000000001066e+00 nan
9.875000000000000000e+00 nan
9.925000000000000711e+00 nan
9.975000000000001421e+00 nan
1.002500000000000036e+01 nan
1.007500000000000107e+01 nan
1.012500000000000000e+01 nan
1.017500000000000071e+01 nan
1.022500000000000142e+01 nan
1.027500000000000036e+01 nan
1.032500000000000107e+01 nan
1.037500000000000000e+01 nan
1.042500000000000071e+01 nan
1.047500000000000142e+01 nan
1.052500000000000036e+01 nan
1.057500000000000107e+01 nan
1.062500000000000000e+01 nan
1.067500000000000071e+01 nan
1.072500000000000142e+01 nan
1.077500000000000036e+01 nan
1.082500000000000107e+01 nan
1.087500000000000000e+01 nan
1.092500000000000071e+01 nan
1.097500000000000142e+01 nan
1.102500000000000036e+01 nan
1.107500000000000107e+01 nan
1.112500000000000000e+01 nan
1.117500000000000071e+01 nan
1.122500000000000142e+01 nan
1.127500000000000036e+01 nan
1.132500000000000107e+01 nan
1.137500000000000000e+01 nan
1.142500000000000071e+01 nan
1.147500000000000142e+01 nan
1.152500000000000036e+01 nan
1.157500000000000107e+01 nan
1.162500000000000000e+01 nan
1.167500000000000071e+01 nan
1.172500000000000142e+01 nan
1.177500000000000036e+01 nan
1.182500000000000107e+01 nan
1.187500000000000000e+01 nan
1.192500000000000071e+01 nan
1.197500000000000142e+01 nan
1.202500000000000036e+01 nan
1.207500000000000107e+01 nan
1.212500000000000000e+01 nan
1.217500000000000071e+01 nan
1.222500000000000142e+01 nan
1.227500000000000036e+01 nan
1.232500000000000107e+01 nan
1.237500000000000000e+01 nan
1.242500000000000071e+01 nan
1.247500000000000142e+01 nan
1.252500000000000036e+01 nan
1.257500000000000107e+01 nan
1.262500000000000000e+01 nan
1.267500000000000071e+01 nan
1.272500000000000142e+01 nan
1.277500000000000036e+01 nan
1.282500000000000107e+01 nan
1.287500000000000000e+01 nan
1.292500000000000071e+01 nan
1.297500000000000142e+01 nan
1.302500000000000036e+01 nan
1.307500000000000107e+01 nan
1.312500000000000000e+01 nan
1.317500000000000071e+01 nan
1.322500000000000142e+01 nan
1.327500000000000036e+01 nan
1.332500000000000107e+01 nan
1.337500000000000000e+01 nan
1.342500000000000071e+01 nan
1.347500000000000142e+01 nan
1.352500000000000036e+01 nan
1.357500000000000107e+01 nan
1.362500000000000000e+01 nan
1.367500000000000071e+01 nan
1.372500000000000142e+01 nan
1.377500000000000036e+01 nan
1.382500000000000107e+01 nan
1.387500000000000000e+01 nan
1.392500000000000071e+01 nan
1.397500000000000142e+01 nan
1.402500000000000036e+01 nan
1.407500000000000107e+01 nan
1.412500000000000000e+01 nan
1.417500000000000071e+01 nan
1.422500000000000142e+01 nan
1.427500000000000036e+01 nan
1.432500000000000107e+01 nan
1.437500000000000000e+01 nan
1.442500000000000071e+01 nan
1.447500000000000142e+01 nan
1.452500000000000036e+01 nan
1.457500000000000107e+01 nan
1.462500000000000000e+01 nan
1.467500000000000071e+01 nan
1.472500000000000142e+01 nan
1.477500000000000036e+01 nan
1.482500000000000107e+01 nan
1.487500000000000000e+01 nan
1.492500000000000071e+01 nan
1.497500000000000142e+01 nan
1.502499999999999858e+01 nan
1.507500000000000284e+01 nan
1.512500000000000000e+01 nan
1.517500000000000071e+01 nan
1.522500000000000142e+01 nan
1.527499999999999858e+01 nan
1.532500000000000284e+01 nan
1.537500000000000000e+01 nan
1.542500000000000071e+01 nan
1.547500000000000142e+01 nan
1.552499999999999858e+01 nan
1.557500000000000284e+01 nan
1.562500000000000000e+01 nan
1.567500000000000071e+01 nan
1.572500000000000142e+01 nan
1.577499999999999858e+01 nan
1.582500000000000284e+01 nan
1.587500000000000000e+01 nan
1.592500000000000071e+01 nan
1.597500000000000142e+01 nan
1.602499999999999858e+01 nan
1.607500000000000284e+01 nan
1.612500000000000000e+01 nan
1.617500000000000071e+01 nan
1.622500000000000142e+01 nan
1.627499999999999858e+01 nan
1.632500000000000284e+01 nan
1.637500000000000000e+01 nan
1.642500000000000071e+01 nan
1.647500000000000142e+01 nan
1.652499999999999858e+01 nan
1.657500000000000284e+01 nan
1.662500000000000000e+01 nan
1.667500000000000071e+01 nan
1.672500000000000142e+01 nan
1.677499999999999858e+01 nan
1.682500000000000284e+01 nan
1.687500000000000000e+01 nan
1.692500000000000071e+01 nan
1.697500000000000142e+01 nan
1.702499999999999858e+01 nan
1.707500000000000284e+01 nan
1.712500000000000000e+01 nan
1.717500000000000071e+01 nan
1.722500000000000142e+01 nan
1.727499999999999858e+01 nan
1.732500000000000284e+01 nan
1.737500000000000000e+01 nan
1.742500000000000071e+01 nan
1.747500000000000142e+01 nan
1.752499999999999858e+01 nan
1.757500000000000284e+01 nan
1.762500000000000000e+01 nan
1.767500000000000071e+01 nan
1.772500000000000142e+01 nan
1.777499999999999858e+01 nan
1.782500000000000284e+01 nan
1.787500000000000000e+01 nan
1.792500000000000071e+01 nan
1.797500000000000142e+01 nan
1.802499999999999858e+01 nan
1.807500000000000284e+01 nan
1.812500000000000000e+01 nan
1.817500000000000426e+01 nan
1.822500000000000142e+01 nan
1.827499999999999858e+01 nan
1.832500000000000284e+01 nan
1.837500000000000000e+01 nan
1.842500000000000426e+01 nan
1.847500000000000142e+01 nan
1.852499999999999858e+01 nan
1.857500000000000284e+01 nan
1.862500000000000000e+01 nan
1.867500000000000426e+01 nan
1.872500000000000142e+01 nan
1.877499999999999858e+01 nan
1.882500000000000284e+01 nan
1.887500000000000000e+01 nan
1.892500000000000426e+01 nan
1.897500000000000142e+01 nan
