# r_minus_2Rs_A, PMF_over_kBT
-5.655400000000003757e-01 2.023621574421152758e+01
-5.514113339999999752e-01 2.526985171020404408e+01
-5.372826689999996574e-01 3.025012154633129313e+01
-5.231540030000001451e-01 3.511301045479395100e+01
-5.090253379999998273e-01 3.974868604457279275e+01
-4.948966720000003150e-01 3.893388797351139630e+01
-4.807680069999999972e-01 3.752442427204614006e+01
-4.666393409999995967e-01 3.530962716041563709e+01
-4.525106760000001671e-01 3.212688124338475149e+01
-4.383820099999997666e-01 2.791612437040899763e+01
-4.242533450000003370e-01 2.274854431337557870e+01
-4.101246789999999365e-01 1.681855698821943079e+01
-3.959960139999996187e-01 1.040722690492228963e+01
-3.818673480000001064e-01 3.833196797193191507e+00
-3.677386829999997886e-01 -2.588872549467923001e+00
-3.536100170000002763e-01 -8.582742167444584069e+00
-3.394813519999999585e-01 -1.394130064797244550e+01
-3.253526859999995580e-01 -1.855350036178145956e+01
-3.112240210000001284e-01 -2.241528047941935498e+01
-2.970953549999997279e-01 -2.561100934560352016e+01
-2.829666900000002983e-01 -2.826971250228642774e+01
-2.688380239999998977e-01 -3.051240229994304798e+01
-2.547093589999995800e-01 -3.242068546402336437e+01
-2.405806930000000676e-01 -3.403597005204623827e+01
-2.264520279999997499e-01 -3.537997936618099004e+01
-2.123233620000002375e-01 -3.647684715195424587e+01
-1.981946969999999197e-01 -3.735870389873467445e+01
-1.840660310000004074e-01 -3.806003477553664993e+01
-1.699373660000000896e-01 -3.860939412215019217e+01
-1.558086999999996891e-01 -3.902906197639622832e+01
-1.416800350000002595e-01 -3.933905007993399039e+01
-1.275513689999998590e-01 -3.955854548600020593e+01
-1.134227040000004294e-01 -3.970335421215188632e+01
-9.929403800000002889e-02 -3.978442578623141657e+01
-8.516537299999971111e-02 -3.980883854830291568e+01
-7.103670700000019878e-02 -3.978337701371409452e+01
-5.690804199999988100e-02 -3.971761482035520885e+01
-4.277937600000036866e-02 -3.962129664752737312e+01
-2.865071100000005089e-02 -3.950201161223381519e+01
-1.452204499999965037e-02 -3.936353632353208098e+01
-3.933800000002207753e-04 -3.920753135350270213e+01
1.373528599999929156e-02 -3.903515257498852264e+01
2.786395100000049752e-02 -3.884891862207946645e+01
4.199261700000000985e-02 -3.865320090959522759e+01
5.612128199999943945e-02 -3.845390550191952173e+01
7.024994800000072814e-02 -3.825617492745861625e+01
8.437861400000024048e-02 -3.806220131292146647e+01
9.850727899999967008e-02 -3.787110849839326931e+01
1.126359449999991824e-01 -3.768111552903405936e+01
1.267646100000003884e-01 -3.749096674757250014e+01
1.408932759999999007e-01 -3.730173215584244417e+01
1.550219409999993303e-01 -3.711550767892128988e+01
1.691506070000006190e-01 -3.693111104718715865e+01
1.832792720000000486e-01 -3.674616147886952433e+01
1.974079379999995609e-01 -3.655698626794988115e+01
2.115366030000007669e-01 -3.636326552432406345e+01
2.256652690000002792e-01 -3.616800664283203304e+01
2.397939339999997088e-01 -3.597588533422661072e+01
2.539225999999992212e-01 -3.578837421355813575e+01
2.680512650000004271e-01 -3.560268854953029916e+01
2.821799309999999394e-01 -3.541492989869126973e+01
2.963085959999993690e-01 -3.522395297462823294e+01
3.104372620000006577e-01 -3.503366815022307179e+01
3.245659270000000873e-01 -3.484792344039529155e+01
3.386945929999995997e-01 -3.466718949338999778e+01
3.528232580000008056e-01 -3.448764047190784510e+01
3.669519240000003180e-01 -3.430645023439311814e+01
3.810805889999997476e-01 -3.412354019664754645e+01
3.952092549999992599e-01 -3.394236692327964988e+01
4.093379200000004658e-01 -3.376351205738309602e+01
4.234665859999999782e-01 -3.358450681650219849e+01
4.375952509999994078e-01 -3.340128029134255883e+01
4.517239170000006965e-01 -3.321248938238167625e+01
4.658525820000001261e-01 -3.302044006986996294e+01
4.799812479999996384e-01 -3.282661357705431016e+01
4.941099130000008444e-01 -3.263236638243709820e+01
5.082385790000003567e-01 -3.243787351235464200e+01
5.223672439999997863e-01 -3.224577933662333606e+01
5.364959099999992986e-01 -3.205886829450517439e+01
5.506245750000005046e-01 -3.187846306503132965e+01
5.647532410000000169e-01 -3.170177159845157533e+01
5.788819059999994465e-01 -3.152540165542881567e+01
5.930105720000007352e-01 -3.134973210848853142e+01
6.071392370000001648e-01 -3.117606631363266700e+01
6.212679029999996771e-01 -3.100430714307943347e+01
6.353965680000008831e-01 -3.083130651865135974e+01
6.495252340000003954e-01 -3.065385874706701230e+01
6.636538989999998250e-01 -3.047326086231507958e+01
6.777825649999993374e-01 -3.029420694706391259e+01
6.919112310000006261e-01 -3.011835030885998776e+01
7.060398960000000557e-01 -2.994278777183196638e+01
7.201685619999995680e-01 -2.976280280466254169e+01
7.342972270000007740e-01 -2.957875237422878456e+01
7.484258930000002863e-01 -2.939444671696033851e+01
7.625545579999997159e-01 -2.921324592283186661e+01
7.766832239999992282e-01 -2.903277189434740535e+01
7.908118890000004342e-01 -2.884824998360924653e+01
8.049405549999999465e-01 -2.865899397715462982e+01
8.190692199999993761e-01 -2.846918885740833360e+01
8.331978860000006648e-01 -2.828466192558389025e+01
8.473265510000000944e-01 -2.810456377378134007e+01
8.614552169999996067e-01 -2.792524341079170824e+01
8.755838820000008127e-01 -2.774333374387213524e+01
8.897125480000003250e-01 -2.756089224906653712e+01
9.038412129999997546e-01 -2.738176571507748847e+01
9.179698789999992670e-01 -2.720770463632884173e+01
9.320985440000004729e-01 -2.703591373425697952e+01
9.462272099999999853e-01 -2.686260915101858160e+01
9.603558749999994149e-01 -2.668728874852382660e+01
9.744845410000007035e-01 -2.651061022569257375e+01
9.886132060000001331e-01 -2.633357153442301879e+01
1.002741871999999645e+00 -2.615608978604147339e+01
1.016870537000000851e+00 -2.597856533791617295e+01
1.030999203000000364e+00 -2.580111569216511214e+01
1.045127867999999793e+00 -2.562402321807631367e+01
1.059256533999999306e+00 -2.544626503839633358e+01
1.073385199000000512e+00 -2.526708960610539378e+01
1.087513865000000024e+00 -2.508772970989938855e+01
1.101642529999999454e+00 -2.491173370483602056e+01
1.115771196000000742e+00 -2.474110979104264274e+01
1.129899861000000172e+00 -2.457336474162042350e+01
1.144028526999999684e+00 -2.440426811893287606e+01
1.158157191999999114e+00 -2.423004866992936712e+01
1.172285858000000403e+00 -2.405276576872396177e+01
1.186414522999999832e+00 -2.387678202466090127e+01
1.200543188999999344e+00 -2.370448829102249277e+01
1.214671854000000550e+00 -2.353257557503005160e+01
1.228800520000000063e+00 -2.335697189574533894e+01
1.242929184999999492e+00 -2.317705514536185163e+01
1.257057851000000781e+00 -2.299649649420306474e+01
1.271186516000000211e+00 -2.282163894927175463e+01
1.285315181999999723e+00 -2.265418034809239956e+01
1.299443846999999153e+00 -2.249082429510969661e+01
1.313572513000000441e+00 -2.232767789020895322e+01
1.327701178999999954e+00 -2.216527181102786415e+01
1.341829843999999383e+00 -2.200453140370883176e+01
1.355958510000000672e+00 -2.184528589150038869e+01
1.370087175000000101e+00 -2.168515345970370589e+01
1.384215840999999614e+00 -2.152117308685401298e+01
1.398344506000000820e+00 -2.135439429533976963e+01
1.412473172000000332e+00 -2.118912698344395551e+01
1.426601836999999762e+00 -2.102726294112457595e+01
1.440730502999999274e+00 -2.086427365791625022e+01
1.454859168000000480e+00 -2.069532712228593851e+01
1.468987833999999992e+00 -2.052062701937325784e+01
1.483116498999999422e+00 -2.034541196389460538e+01
1.497245165000000711e+00 -2.017570002368993798e+01
1.511373830000000140e+00 -2.001113669278817753e+01
1.525502495999999653e+00 -1.984462541834108862e+01
1.539631161000000859e+00 -1.967219221304355159e+01
1.553759827000000371e+00 -1.949788753529323415e+01
1.567888491999999800e+00 -1.932988135209473768e+01
1.582017157999999313e+00 -1.917346071567090604e+01
1.596145823000000519e+00 -1.902732722297984580e+01
1.610274489000000031e+00 -1.888421041442305182e+01
1.624403153999999461e+00 -1.873675037142693611e+01
1.638531820000000749e+00 -1.858292211998965371e+01
1.652660485000000179e+00 -1.842300004632716792e+01
1.666789150999999691e+00 -1.825842353525878892e+01
1.680917815999999121e+00 -1.809104743085323364e+01
1.695046482000000410e+00 -1.792205046642708766e+01
1.709175146999999839e+00 -1.775103835212633285e+01
1.723303812999999352e+00 -1.757732804040871244e+01
1.737432478000000557e+00 -1.740368348588330960e+01
1.751561144000000070e+00 -1.723529281724453099e+01
1.765689808999999499e+00 -1.707699477614395178e+01
1.779818475000000788e+00 -1.692772944960816872e+01
1.793947140000000218e+00 -1.678037564568484896e+01
1.808075805999999730e+00 -1.662735289231221358e+01
1.822204470999999160e+00 -1.646821330151344753e+01
1.836333137000000448e+00 -1.630933625826620670e+01
1.850461801999999878e+00 -1.615600732034219078e+01
1.864590467999999390e+00 -1.600760738895085922e+01
1.878719133000000596e+00 -1.585722051051446080e+01
1.892847799000000109e+00 -1.569990071876339854e+01
1.906976463999999538e+00 -1.553970400634997162e+01
1.921105130000000827e+00 -1.538470363901539883e+01
1.935233795000000256e+00 -1.523768088617492111e+01
1.949362460999999769e+00 -1.509292783735370236e+01
1.963491126999999281e+00 -1.494099442642040643e+01
1.977619792000000487e+00 -1.477974593590173313e+01
1.991748457999999999e+00 -1.461678608186058703e+01
2.005877122999999429e+00 -1.446441383740473796e+01
2.020005789000000718e+00 -1.432687523482247727e+01
2.034134454000000147e+00 -1.419742965589116324e+01
2.048263119999999660e+00 -1.406533199520225530e+01
2.062391785000000866e+00 -1.392525767029831130e+01
2.076520451000000378e+00 -1.378171981021998249e+01
2.090649115999999808e+00 -1.364059164582945627e+01
2.104777781999999320e+00 -1.350191765690584234e+01
2.118906447000000526e+00 -1.335878503633957592e+01
2.133035113000000038e+00 -1.320445510109880516e+01
2.147163777999999468e+00 -1.304032137271409120e+01
2.161292444000000756e+00 -1.287472020485770940e+01
2.175421109000000186e+00 -1.271586961640901237e+01
2.189549774999999698e+00 -1.256652598322726178e+01
2.203678439999999128e+00 -1.242273352508797046e+01
2.217807106000000417e+00 -1.228079488535899344e+01
2.231935770999999846e+00 -1.213964045084003729e+01
2.246064436999999359e+00 -1.199944202998718978e+01
2.260193102000000565e+00 -1.185855721952662734e+01
2.274321768000000077e+00 -1.171250454622749260e+01
2.288450432999999506e+00 -1.156000320770920453e+01
2.302579099000000795e+00 -1.140300695647237283e+01
2.316707764000000225e+00 -1.124744158667385996e+01
2.330836429999999737e+00 -1.109803425799641907e+01
2.344965094999999167e+00 -1.095574573387534301e+01
2.359093761000000455e+00 -1.081911715020685349e+01
2.373222425999999885e+00 -1.068546785534892685e+01
2.387351091999999397e+00 -1.055392038673290855e+01
2.401479757000000603e+00 -1.042269871473530607e+01
2.415608423000000116e+00 -1.029023307154749389e+01
2.429737087999999545e+00 -1.015404714311201495e+01
2.443865754000000834e+00 -1.001326366944388724e+01
2.457994419000000264e+00 -9.868310886405627258e+00
2.472123084999999776e+00 -9.720221687964050616e+00
2.486251749999999205e+00 -9.570134298610454948e+00
2.500380416000000494e+00 -9.419281840940005424e+00
2.514509080999999924e+00 -9.269427082426751952e+00
2.528637746999999436e+00 -9.122263645721311320e+00
2.542766412000000642e+00 -8.978753813101125303e+00
2.556895078000000154e+00 -8.838848767110189186e+00
2.571023743999999667e+00 -8.702235382684296638e+00
2.585152409000000873e+00 -8.567563992122412486e+00
2.599281075000000385e+00 -8.433993448501720280e+00
2.613409739999999815e+00 -8.300854211617256340e+00
2.627538405999999327e+00 -8.168758788170656260e+00
2.641667071000000533e+00 -8.039027971282319385e+00
2.655795737000000045e+00 -7.911907752843122310e+00
2.669924401999999475e+00 -7.785608117201183731e+00
2.684053068000000764e+00 -7.656399875515509379e+00
2.698181733000000193e+00 -7.523038567692274192e+00
2.712310398999999705e+00 -7.388136747061052390e+00
2.726439063999999135e+00 -7.258985135053035442e+00
2.740567730000000424e+00 -7.140745721845006777e+00
2.754696394999999853e+00 -7.030242010069820857e+00
2.768825060999999366e+00 -6.917971385460383260e+00
2.782953726000000572e+00 -6.793105845076255811e+00
2.797082392000000084e+00 -6.652817848108939280e+00
2.811211056999999514e+00 -6.503736208302015598e+00
2.825339723000000802e+00 -6.355108691046763347e+00
2.839468388000000232e+00 -6.211730292092623174e+00
2.853597053999999744e+00 -6.071611948513791823e+00
2.867725718999999174e+00 -5.932686162580967704e+00
2.881854385000000462e+00 -5.796815151921500764e+00
2.895983049999999892e+00 -5.670621549358882518e+00
2.910111715999999404e+00 -5.559711415330964357e+00
2.924240381000000610e+00 -5.462216215632671457e+00
2.938369047000000123e+00 -5.370506950285844461e+00
2.952497711999999552e+00 -5.274810642572268726e+00
2.966626378000000841e+00 -5.168122764516424716e+00
2.980755043000000271e+00 -5.048318235434649637e+00
2.994883708999999783e+00 -4.917793516450151614e+00
3.009012373999999213e+00 -4.782192599364745611e+00
3.023141040000000501e+00 -4.647331562786781944e+00
3.037269704999999931e+00 -4.517593398906100788e+00
3.051398370999999443e+00 -4.394895211557456882e+00
3.065527036000000649e+00 -4.278879132189018719e+00
3.079655702000000161e+00 -4.169146218570959128e+00
3.093784366999999591e+00 -4.065032676731690664e+00
3.107913033000000880e+00 -3.965055155150340127e+00
3.122041698000000309e+00 -3.866883311854272698e+00
3.136170363999999822e+00 -3.766974478450276997e+00
3.150299028999999251e+00 -3.662997614480156372e+00
3.164427695000000540e+00 -3.556868709655410576e+00
3.178556359999999970e+00 -3.454125993785937432e+00
3.192685025999999482e+00 -3.359695012751893195e+00
3.206813692000000771e+00 -3.271435961747204857e+00
3.220942357000000200e+00 -3.182218093165007033e+00
3.235071022999999713e+00 -3.083763767098765207e+00
3.249199687999999142e+00 -2.973990160518489745e+00
3.263328354000000431e+00 -2.858389914868186388e+00
3.277457018999999860e+00 -2.741102526071285794e+00
3.291585684999999373e+00 -2.620670323490016607e+00
3.305714350000000579e+00 -2.492305744742499662e+00
3.319843016000000091e+00 -2.358352292153323759e+00
3.333971680999999521e+00 -2.231071333560735503e+00
3.348100347000000809e+00 -2.125543741831735112e+00
3.362229012000000239e+00 -2.047379108895075461e+00
3.376357677999999751e+00 -1.986774696869268553e+00
3.390486342999999181e+00 -1.928038235321381855e+00
3.404615009000000470e+00 -1.863645390459571338e+00
3.418743673999999899e+00 -1.799011337069294392e+00
3.432872339999999411e+00 -1.742539288028428501e+00
3.447001005000000617e+00 -1.694084078340257982e+00
3.461129671000000130e+00 -1.643348218358275048e+00
3.475258335999999559e+00 -1.579823954754647097e+00
3.489387002000000848e+00 -1.503418055357923500e+00
3.503515667000000278e+00 -1.425369298186022426e+00
3.517644332999999790e+00 -1.357444663542008101e+00
3.531772997999999220e+00 -1.302509024498684553e+00
3.545901664000000508e+00 -1.254669335445994349e+00
3.560030328999999938e+00 -1.205492803220766795e+00
3.574158994999999450e+00 -1.151584024686383323e+00
3.588287660000000656e+00 -1.094381923507683929e+00
3.602416326000000169e+00 -1.037307772891932878e+00
3.616544990999999598e+00 -9.816569792992027033e-01
3.630673657000000887e+00 -9.271901221188256770e-01
3.644802322000000316e+00 -8.730126902830077640e-01
3.658930987999999829e+00 -8.191256688787644791e-01
3.673059652999999258e+00 -7.665376828583099211e-01
3.687188319000000547e+00 -7.148667342961596560e-01
3.701316983999999977e+00 -6.621867378737116283e-01
3.715445649999999489e+00 -6.075063539428011694e-01
3.729574315000000695e+00 -5.535100585264078887e-01
3.743702981000000207e+00 -5.035057605757735644e-01
3.757831645999999637e+00 -4.596343921323917669e-01
3.771960311999999149e+00 -4.211761952625474592e-01
3.786088977000000355e+00 -3.863219941547928471e-01
3.800217642999999867e+00 -3.564472781624115072e-01
3.814346307999999297e+00 -3.349559680175877574e-01
3.828474974000000586e+00 -3.216621140698530112e-01
3.842603640000000098e+00 -3.108896466167490047e-01
3.856732304999999528e+00 -2.933532944440990775e-01
3.870860971000000816e+00 -2.629802182207816585e-01
3.884989636000000246e+00 -2.224884451684410180e-01
3.899118301999999758e+00 -1.811614590687664617e-01
3.913246966999999188e+00 -1.464534360837435045e-01
3.927375633000000477e+00 -1.184744953232588216e-01
3.941504297999999906e+00 -9.365778753429676584e-02
3.955632963999999419e+00 -6.900492622906195805e-02
3.969761629000000625e+00 -4.786845300824627003e-02
3.983890295000000137e+00 -3.601856852786600172e-02
3.998018959999999566e+00 -3.465167395155521746e-02
4.012147626000000855e+00 -3.818321643353250749e-02
4.026276291000000285e+00 -3.834195024832176557e-02
4.040404956999999797e+00 -3.260869888662032423e-02
4.054533621999999227e+00 -2.547417279791641676e-02
4.068662288000000515e+00 -2.512093326056952236e-02
4.082790952999999945e+00 -3.434198818893108296e-02
4.096919618999999457e+00 -4.743817842278286179e-02
4.111048284000000663e+00 -5.437692240542713051e-02
4.125176950000000176e+00 -4.904823166668492718e-02
4.139305614999999605e+00 -3.439306679129394695e-02
4.153434280999999118e+00 -2.115049096643240034e-02
4.167562946000000323e+00 -1.728539627270109236e-02
4.181691611999999836e+00 -2.109213190906356061e-02
4.195820276999999265e+00 -2.345831854834390384e-02
4.209948943000000554e+00 -1.662403720733429680e-02
4.224077607999999984e+00 -3.089755376488589889e-03
4.238206273999999496e+00 5.871157174493824016e-03
4.252334939000000702e+00 7.106964605156917969e-04
4.266463605000000214e+00 -1.521705507289450310e-02
4.280592269999999644e+00 -2.930486355024264356e-02
4.294720935999999156e+00 -3.137446705231283772e-02
4.308849601000000362e+00 -2.139807787488479107e-02
4.322978266999999875e+00 -9.755858334345113292e-03
4.337106931999999304e+00 -6.739698187685050357e-03
4.351235598000000593e+00 -1.326537559940632605e-02
4.365364263000000022e+00 -2.396208391636278634e-02
4.379492928999999535e+00 -3.685182779595663760e-02
4.393621594000000741e+00 -5.539027369065419037e-02
4.407750260000000253e+00 -8.461167484715215181e-02
4.421878924999999683e+00 -1.251376198554154939e-01
4.436007590999999195e+00 -1.699861813374816677e-01
4.450136256000000401e+00 -2.072297115121228828e-01
4.464264921999999913e+00 -2.291824196344647291e-01
4.478393587999999426e+00 -2.341404732857554905e-01
4.492522253000000632e+00 -2.225979825674677670e-01
4.506650919000000144e+00 -1.976432486487738061e-01
4.520779583999999574e+00 -1.636496632835866549e-01
4.534908250000000862e+00 -1.277834752608999480e-01
4.549036915000000292e+00 -9.785871623255548712e-02
4.563165580999999804e+00 -8.007711756694835259e-02
4.577294245999999234e+00 -7.478255952312728994e-02
4.591422912000000522e+00 -7.721827286289162373e-02
4.605551576999999952e+00 -8.344332691593958629e-02
4.619680242999999464e+00 -9.100697038551786022e-02
4.633808908000000670e+00 -9.726489215550415679e-02
4.647937574000000183e+00 -9.763193677347725696e-02
4.662066238999999612e+00 -8.780385154812009318e-02
4.676194904999999125e+00 -6.561347090326119513e-02
4.690323570000000331e+00 -3.562635024947269358e-02
4.704452235999999843e+00 -4.583398725213072566e-03
4.718580900999999272e+00 2.528773112512983090e-02
4.732709567000000561e+00 5.711266964235051091e-02
4.746838231999999991e+00 9.384007327760723882e-02
4.760966897999999503e+00 1.343642865286902577e-01
4.775095563000000709e+00 1.747425756490814663e-01
4.789224229000000221e+00 2.105193110680820823e-01
4.803352893999999651e+00 2.439239573902058922e-01
4.817481559999999163e+00 2.785610690411042256e-01
4.831610225000000369e+00 3.144887438153487480e-01
4.845738890999999882e+00 3.452373240062236448e-01
4.859867555999999311e+00 3.646330131793149576e-01
4.873996222000000600e+00 3.733182208506944377e-01
4.888124887000000030e+00 3.776245145830827710e-01
4.902253552999999542e+00 3.829521748253199576e-01
4.916382218000000748e+00 3.857793365246653394e-01
4.930510884000000260e+00 3.770954242888437946e-01
4.944639548999999690e+00 3.517023136757631008e-01
4.958768214999999202e+00 3.148082803878171632e-01
4.972896880000000408e+00 2.788536905938627797e-01
4.987025545999999920e+00 2.551234915751328103e-01
5.001154210999999350e+00 2.470018660794730536e-01
5.015282877000000639e+00 2.507486142575752197e-01
5.029411542000000068e+00 2.599657549526979139e-01
5.043540207999999581e+00 2.716755149140643866e-01
5.057668873000000787e+00 2.841725937198456009e-01
5.071797539000000299e+00 2.969839818148196642e-01
5.085926204999999811e+00 3.090425018087179510e-01
5.100054869999999241e+00 3.164162229843006102e-01
5.114183536000000529e+00 3.148140645315287145e-01
5.128312200999999959e+00 3.012931176359501251e-01
5.142440866999999471e+00 2.789361419390026242e-01
5.156569532000000677e+00 2.546480364779357686e-01
5.170698198000000190e+00 2.362682386422196856e-01
5.184826862999999619e+00 2.274359322566104069e-01
5.198955528999999132e+00 2.245618943560740988e-01
5.213084194000000338e+00 2.219306280884234539e-01
5.227212859999999850e+00 2.159842541666519011e-01
5.241341524999999280e+00 2.081927600619009056e-01
5.255470191000000568e+00 2.024170380686856063e-01
5.269598855999999998e+00 2.002604001430343672e-01
5.283727521999999510e+00 1.999273756451254158e-01
5.297856187000000716e+00 1.976905218225883942e-01
5.311984853000000228e+00 1.899478081660435080e-01
5.326113517999999658e+00 1.756678065698267233e-01
5.340242183999999170e+00 1.543013735907470263e-01
5.354370849000000376e+00 1.268085328668737688e-01
5.368499514999999889e+00 9.472474786017492931e-02
5.382628179999999318e+00 6.267111846884532156e-02
5.396756846000000607e+00 3.517765183445664690e-02
5.410885511000000037e+00 1.473096701880827197e-02
5.425014176999999549e+00 1.471960972364350084e-03
5.439142842000000755e+00 -9.214074369541691567e-03
5.453271508000000267e+00 -2.264005627956322542e-02
5.467400172999999697e+00 -4.019404720664709885e-02
5.481528838999999209e+00 -5.667788009792840143e-02
5.495657504000000415e+00 -6.349329807671288961e-02
5.509786169999999927e+00 -5.491984831275775747e-02
5.523914834999999357e+00 -3.425382186154468656e-02
5.538043501000000646e+00 -1.217334124424507280e-02
5.552172166000000075e+00 3.137055035592695162e-03
5.566300831999999588e+00 1.272883039594852050e-02
5.580429497000000794e+00 2.420028146609265463e-02
5.594558163000000306e+00 4.130434308726371739e-02
5.608686827999999736e+00 5.718550040888725761e-02
5.622815493999999248e+00 5.934850292149818074e-02
5.636944159000000454e+00 4.214920332716420859e-02
5.651072824999999966e+00 1.343111141111918982e-02
5.665201489999999396e+00 -1.177650321685508317e-02
5.679330156000000684e+00 -2.460472529709267775e-02
5.693458821000000114e+00 -2.834023947733577131e-02
5.707587486999999626e+00 -3.226953566845480736e-02
5.721716152999999139e+00 -4.454445548091801044e-02
5.735844818000000345e+00 -6.576680611093443929e-02
5.749973483999999857e+00 -9.251525129275961490e-02
5.764102148999999287e+00 -1.245969469593335432e-01
5.778230815000000575e+00 -1.645561260652534941e-01
5.792359480000000005e+00 -2.141114657175418046e-01
5.806488145999999517e+00 -2.728740945060916800e-01
5.820616811000000723e+00 -3.392843718407849707e-01
5.834745477000000236e+00 -4.093653923056850275e-01
5.848874141999999665e+00 -4.772015490466712251e-01
5.863002807999999177e+00 -5.353838429643467123e-01
5.877131473000000383e+00 -5.757242770694066536e-01
5.891260138999999896e+00 -5.953405984174855448e-01
5.905388803999999325e+00 -5.987391984322707472e-01
5.919517470000000614e+00 -5.949997164532527805e-01
5.933646135000000044e+00 -5.897441160265763926e-01
5.947774800999999556e+00 -5.813595018398922676e-01
5.961903466000000762e+00 -5.624642952067597790e-01
5.976032132000000274e+00 -5.286008874531038515e-01
5.990160796999999704e+00 -4.850464849177553717e-01
6.004289462999999216e+00 -4.439319649195541118e-01
6.018418128000000422e+00 -4.152897622094906538e-01
6.032546793999999934e+00 -4.011383896152400652e-01
6.046675458999999364e+00 -3.988471946545963931e-01
6.060804125000000653e+00 -4.038610856638742419e-01
6.074932790000000082e+00 -4.160863711532707399e-01
6.089061455999999595e+00 -4.363692651288317848e-01
6.103190121000000801e+00 -4.615112583832861048e-01
6.117318787000000313e+00 -4.842079283341433893e-01
6.131447451999999743e+00 -4.977398691855041690e-01
6.145576117999999255e+00 -5.012699166048628641e-01
6.159704783000000461e+00 -4.969420874010399558e-01
6.173833448999999973e+00 -4.895351387171249513e-01
6.187962113999999403e+00 -4.832237367406655437e-01
6.202090780000000692e+00 -4.818244455740243737e-01
6.216219445000000121e+00 -4.889104728800619526e-01
6.230348110999999633e+00 -5.053731121395834691e-01
6.244476776000000839e+00 -5.273623747486322344e-01
6.258605442000000352e+00 -5.465298082436866878e-01
6.272734106999999781e+00 -5.558683040441154688e-01
6.286862772999999294e+00 -5.535445661612401480e-01
6.300991438000000500e+00 -5.442002184569201262e-01
6.315120104000000012e+00 -5.346610409158563115e-01
6.329248768999999442e+00 -5.307151101996208098e-01
6.343377435000000730e+00 -5.347334812984030350e-01
6.357506101000000243e+00 -5.457753700900305205e-01
6.371634765999999672e+00 -5.585564014261583665e-01
6.385763431999999185e+00 -5.667528560458485742e-01
6.399892097000000390e+00 -5.674441186620420297e-01
6.414020762999999903e+00 -5.625441992297011140e-01
6.428149427999999332e+00 -5.582235805660928918e-01
6.442278094000000621e+00 -5.577124516457896419e-01
6.456406759000000051e+00 -5.588367425837246216e-01
6.470535424999999563e+00 -5.553917667313799100e-01
6.484664090000000769e+00 -5.438709639030907539e-01
6.498792756000000281e+00 -5.267370086012697072e-01
6.512921420999999711e+00 -5.086531813072241448e-01
6.527050086999999223e+00 -4.895099146096129061e-01
6.541178752000000429e+00 -4.634499848178359471e-01
6.555307417999999942e+00 -4.251099056711424851e-01
6.569436082999999371e+00 -3.784936049520206680e-01
6.583564749000000660e+00 -3.371539741630478204e-01
6.597693414000000089e+00 -3.166471462693092320e-01
6.611822079999999602e+00 -3.223938455365429334e-01
6.625950745000000808e+00 -3.463543417251750967e-01
6.640079411000000320e+00 -3.729382278316801802e-01
6.654208075999999750e+00 -3.889460739600476558e-01
6.668336741999999262e+00 -3.889483503857169566e-01
6.682465407000000468e+00 -3.737053454593013413e-01
6.696594072999999980e+00 -3.453959183479478057e-01
6.710722737999999410e+00 -3.065250782293800214e-01
6.724851404000000699e+00 -2.605298207429393997e-01
6.738980069000000128e+00 -2.152813142803955415e-01
6.753108734999999641e+00 -1.824326198240981967e-01
6.767237400000000846e+00 -1.717283020764783785e-01
6.781366066000000359e+00 -1.854023434917664304e-01
6.795494730999999788e+00 -2.150850125022616410e-01
6.809623396999999301e+00 -2.450390791629466491e-01
6.823752062000000507e+00 -2.604034453132557658e-01
6.837880728000000019e+00 -2.553112819958718305e-01
6.852009392999999449e+00 -2.343578192959157036e-01
6.866138059000000737e+00 -2.057853852113593618e-01
6.880266724000000167e+00 -1.756166411373794034e-01
6.894395389999999679e+00 -1.437030225109587889e-01
6.908524055000000885e+00 -1.094414676823376453e-01
6.922652721000000398e+00 -7.702288015581970626e-02
6.936781385999999827e+00 -5.383829446352006443e-02
6.950910051999999340e+00 -4.563496056404048318e-02
6.965038718000000628e+00 -5.120321300872010539e-02
6.979167383000000058e+00 -6.249190516253655403e-02
6.993296048999999570e+00 -6.615637901525950326e-02
7.007424714000000776e+00 -4.890134633809406495e-02
7.021553380000000288e+00 3.371842795737656218e-03
7.035682044999999718e+00 1.053293162567552343e-01
7.049810710999999230e+00 2.743151249541009307e-01
7.063939376000000436e+00 5.261742923679326722e-01
7.078068041999999949e+00 8.710150387435176000e-01
7.092196706999999378e+00 1.309420692058504088e+00
7.106325373000000667e+00 1.833015336249260052e+00
7.120454038000000097e+00 2.431558388791058345e+00
7.134582703999999609e+00 3.099394149246994967e+00
7.148711369000000815e+00 3.837329627654624264e+00
7.162840035000000327e+00 4.645842731461969244e+00
7.176968699999999757e+00 5.522777441333516890e+00
7.191097365999999269e+00 6.466794199376549201e+00
7.205226031000000475e+00 7.482848597689073067e+00
7.219354696999999987e+00 8.582883324489376520e+00
7.233483361999999417e+00 9.776670085083313921e+00
7.247612028000000706e+00 1.106291039605838122e+01
7.261740693000000135e+00 1.242911742334775838e+01
7.275869358999999648e+00 1.386201109255344299e+01
7.289998024000000854e+00 1.535947547233286947e+01
7.304126690000000366e+00 1.693271932230265264e+01
7.318255354999999795e+00 1.859676738061879320e+01
7.332384020999999308e+00 2.035967779252556653e+01
7.346512686000000514e+00 2.221790559809702259e+01
7.360641352000000026e+00 2.415936626481813931e+01
7.374770016999999456e+00 2.616460870226178770e+01
7.388898683000000744e+00 2.820595567515375990e+01
7.403027348000000174e+00 3.024422982046911201e+01
7.417156013999999686e+00 3.222718477307780205e+01
7.431284678999999116e+00 3.409615708703461223e+01
7.445413345000000405e+00 3.579609844509573691e+01
7.459542009999999834e+00 3.728567172823450449e+01
7.473670675999999347e+00 3.854226197419026079e+01
7.487799341000000553e+00 3.956185606633887630e+01
7.501928007000000065e+00 4.035536112466099468e+01
7.516056671999999494e+00 4.094409810090292012e+01
7.530185338000000783e+00 4.135758045599643395e+01
7.544314003000000213e+00 4.162939222554221885e+01
7.558442668999999725e+00 3.654864526815867976e+01
7.572571333999999155e+00 3.139487908721980602e+01
7.586700000000000443e+00 2.619562221928140744e+01
