# r_minus_2Rs_A, PMF_over_kBT
-5.342999999999999972e-01 2.876639390105930971e+01
-5.201663090000003820e-01 4.314395845053908829e+01
-5.060326189999999613e-01 5.750347730762587162e+01
-4.918989280000003461e-01 5.743033304873517864e+01
-4.777652369999998427e-01 5.724685389430251092e+01
-4.636315470000003103e-01 5.684855034085087055e+01
-4.494978559999998069e-01 5.607942188778844184e+01
-4.353641650000001917e-01 5.474215693496346091e+01
-4.212304749999997711e-01 5.263055112109823597e+01
-4.070967840000001559e-01 4.959165597221645072e+01
-3.929630929999996525e-01 4.560258800919693556e+01
-3.788294030000001200e-01 4.082058613385354562e+01
-3.646957119999996166e-01 3.558065437912942741e+01
-3.505620210000000014e-01 3.032031090488488445e+01
-3.364283309999995808e-01 2.545377836456444598e+01
-3.222946399999999656e-01 2.125424602186379275e+01
-3.081609490000003504e-01 1.780096666563419916e+01
-2.940272589999999298e-01 1.501107753419552893e+01
-2.798935680000003146e-01 1.271942303788766004e+01
-2.657598769999998112e-01 1.076951139867970575e+01
-2.516261870000002787e-01 9.061505406834823972e+00
-2.374924959999997753e-01 7.551197768399497079e+00
-2.233588060000002429e-01 6.228325889480570865e+00
-2.092251149999997395e-01 5.094109927229109047e+00
-1.950914240000001243e-01 4.147411900530460827e+00
-1.809577339999997037e-01 3.378704551043520965e+00
-1.668240430000000885e-01 2.769235313046081615e+00
-1.526903519999995851e-01 2.289751803335215996e+00
-1.385566620000000526e-01 1.904778951712783552e+00
-1.244229710000004374e-01 1.585900853250418407e+00
-1.102892799999999340e-01 1.319660458777073941e+00
-9.615559000000040157e-02 1.103280690951724097e+00
-8.202189899999989819e-02 9.358716603539125600e-01
-6.788820800000028299e-02 8.101938983231775637e-01
-5.375451799999986235e-02 7.161799115601290566e-01
-3.962082700000024715e-02 6.476967696895954418e-01
-2.548713599999974377e-02 6.066502878048911640e-01
-1.135344600000021131e-02 5.954351043031547164e-01
2.780245000000292066e-03 6.052691855093179640e-01
1.691393599999990727e-02 6.226397052781589281e-01
3.104762599999943973e-02 6.365725760639140418e-01
4.518131700000083129e-02 6.437469582521231359e-01
5.931500800000044649e-02 6.503293559370959542e-01
7.344869799999997895e-02 6.611675268140739803e-01
8.758238899999959415e-02 6.743827203365455603e-01
1.017160799999992093e-01 6.862969402574101707e-01
1.158497700000005182e-01 6.951451830495614104e-01
1.299834610000001334e-01 7.010874540063145588e-01
1.441171519999997486e-01 7.049726424286166804e-01
1.582508419999992810e-01 7.066615862211200749e-01
1.723845330000006726e-01 7.079615809357058254e-01
1.865182240000002878e-01 7.134243670165130169e-01
2.006519139999998202e-01 7.259157193950596110e-01
2.147856049999994354e-01 7.459146038885862140e-01
2.289192960000008270e-01 7.700724741499964665e-01
2.430529860000003595e-01 7.922367142031880860e-01
2.571866769999999747e-01 8.119584360197436013e-01
2.713203679999995899e-01 8.300053158796565356e-01
2.854540579999991223e-01 8.447129933763104503e-01
2.995877490000005139e-01 8.556051298773716951e-01
3.137214400000001291e-01 8.614476987080958992e-01
3.278551299999996615e-01 8.629683141553528003e-01
3.419888209999992768e-01 8.629465504587656710e-01
3.561225110000005856e-01 8.616628698794652763e-01
3.702562020000002008e-01 8.561818072265143797e-01
3.843898929999998160e-01 8.450049011483553585e-01
3.985235829999993484e-01 8.295623145523354225e-01
4.126572740000007400e-01 8.125700459515190488e-01
4.267909650000003552e-01 7.969326267042653456e-01
4.409246549999998877e-01 7.845526035452294877e-01
4.550583459999995029e-01 7.771386394058641400e-01
4.691920369999991181e-01 7.762338494766112262e-01
4.833257270000004269e-01 7.820188793252214055e-01
4.974594180000000421e-01 7.904515921896297925e-01
5.115931089999996573e-01 7.944319326862743225e-01
5.257267989999991897e-01 7.879761211039983948e-01
5.398604900000005813e-01 7.729726118751596431e-01
5.539941810000001965e-01 7.564364640477325707e-01
5.681278709999997290e-01 7.442841691077539679e-01
5.822615619999993442e-01 7.390127406286275402e-01
5.963952530000007357e-01 7.351482873893910863e-01
6.105289430000002682e-01 7.278840979609988437e-01
6.246626339999998834e-01 7.167212235926285757e-01
6.387963249999994986e-01 7.023431966231896695e-01
6.529300150000008074e-01 6.847776880079106121e-01
6.670637060000004226e-01 6.614257828533958161e-01
6.811973970000000378e-01 6.283296658871062590e-01
6.953310869999995703e-01 5.868962016301146889e-01
7.094647779999991855e-01 5.448363755221166116e-01
7.235984690000005770e-01 5.101498323311961514e-01
7.377321590000001095e-01 4.866362204433851701e-01
7.518658499999997247e-01 4.706451015187571585e-01
7.659995409999993399e-01 4.546747189003284007e-01
7.801332310000006487e-01 4.334531586674881254e-01
7.942669220000002639e-01 4.051852157643320851e-01
8.084006129999998791e-01 3.704746435841794749e-01
8.225343029999994116e-01 3.303943650221725647e-01
8.366679940000008031e-01 2.830784991934915951e-01
8.508016850000004183e-01 2.296594051346598775e-01
8.649353749999999508e-01 1.768083125612118778e-01
8.790690659999995660e-01 1.323305409404724742e-01
8.932027569999991812e-01 1.041308261331970186e-01
9.073364470000004900e-01 9.191054644454155209e-02
9.214701380000001052e-01 8.500162840721436908e-02
9.356038279999996377e-01 7.110720776373646856e-02
9.497375189999992529e-01 4.179315076912359928e-02
9.638712100000006444e-01 -9.064348002958411143e-04
9.780049000000001769e-01 -4.320289160766854764e-02
9.921385909999997921e-01 -7.222890491125966150e-02
1.006272281999999407e+00 -8.017696974854260361e-02
1.020405972000000716e+00 -6.723670429911976498e-02
1.034539663000000331e+00 -4.303694904142041366e-02
1.048673353999999946e+00 -1.656071893758870317e-02
1.062807043999999479e+00 2.595300555755741811e-03
1.076940735000000871e+00 7.091307567659299593e-03
1.091074426000000486e+00 2.411345683341892254e-04
1.105208116000000018e+00 -7.787744995336964848e-03
1.119341806999999633e+00 -4.886243794580025224e-03
1.133475497999999249e+00 1.439048513597818157e-02
1.147609188000000557e+00 3.940694032715441608e-02
1.161742879000000173e+00 5.197910713490117018e-02
1.175876569999999788e+00 4.514796849422708647e-02
1.190010259999999320e+00 2.881967861198475589e-02
1.204143951000000712e+00 2.564657499278766295e-02
1.218277642000000327e+00 5.200865919214336941e-02
1.232411331999999859e+00 9.856490168496101489e-02
1.246545022999999475e+00 1.416652712459036678e-01
1.260678714000000866e+00 1.596967345252728876e-01
1.274812404000000399e+00 1.498422150344342896e-01
1.288946095000000014e+00 1.322736172335208238e-01
1.303079785999999629e+00 1.291508922830306716e-01
1.317213475999999162e+00 1.511381717343951436e-01
1.331347167000000553e+00 1.912200092661997530e-01
1.345480858000000168e+00 2.296253676115167508e-01
1.359614547999999701e+00 2.506979890124245713e-01
1.373748238999999316e+00 2.513155119576957475e-01
1.387881930000000708e+00 2.407347395799739331e-01
1.402015620000000240e+00 2.360883412860133035e-01
1.416149310999999855e+00 2.511087777311384883e-01
1.430283001999999470e+00 2.867384909803618598e-01
1.444416692000000779e+00 3.338151143732019932e-01
1.458550383000000394e+00 3.791267433819278665e-01
1.472684074000000010e+00 4.125629510660520083e-01
1.486817763999999542e+00 4.336256467599781672e-01
1.500951454999999157e+00 4.465568754095166071e-01
1.515085145000000466e+00 4.534170850005594389e-01
1.529218836000000081e+00 4.548840858130649423e-01
1.543352526999999696e+00 4.487787437929462442e-01
1.557486216999999229e+00 4.374152391555625741e-01
1.571619908000000621e+00 4.295087716066792183e-01
1.585753599000000236e+00 4.332068410891629640e-01
1.599887288999999768e+00 4.508391385275754004e-01
1.614020979999999383e+00 4.721630616915408751e-01
1.628154671000000775e+00 4.805271112358493468e-01
1.642288361000000307e+00 4.651534690914171932e-01
1.656422051999999923e+00 4.298012693300368170e-01
1.670555742999999538e+00 3.885072221449430430e-01
1.684689433000000847e+00 3.558093519469665011e-01
1.698823124000000462e+00 3.347917955835928439e-01
1.712956815000000077e+00 3.157209748482401324e-01
1.727090504999999609e+00 2.877383939875048924e-01
1.741224195999999225e+00 2.459000273333291631e-01
1.755357887000000616e+00 1.935364556351224508e-01
1.769491577000000149e+00 1.403730579780830823e-01
1.783625267999999764e+00 9.783031912259865237e-02
1.797758958999999379e+00 7.481621554157058540e-02
1.811892649000000688e+00 7.260641586746885423e-02
1.826026340000000303e+00 8.086892176247850728e-02
1.840160030999999918e+00 8.467261013159976812e-02
1.854293720999999451e+00 7.196106974553018176e-02
1.868427412000000842e+00 4.265005446506542341e-02
1.882561103000000458e+00 9.189466924109268575e-03
1.896694792999999990e+00 -1.716437278927074317e-02
1.910828483999999605e+00 -3.488053831892123924e-02
1.924962174999999220e+00 -4.947206541706172800e-02
1.939095865000000529e+00 -6.548272914624675423e-02
1.953229556000000144e+00 -7.793947035825610214e-02
1.967363246999999760e+00 -7.602430642416102557e-02
1.981496936999999292e+00 -5.695525490752828546e-02
1.995630628000000684e+00 -3.190229474789241237e-02
2.009764319000000299e+00 -1.819059905031572555e-02
2.023898008999999831e+00 -2.339095670039981201e-02
2.038031699999999447e+00 -3.693161884061169076e-02
2.052165391000000838e+00 -4.016180224872734073e-02
2.066299081000000371e+00 -2.331438389464501881e-02
2.080432771999999986e+00 4.931415770304425905e-03
2.094566461999999518e+00 2.440804669122265125e-02
2.108700152999999133e+00 2.415466935500987233e-02
2.122833844000000525e+00 1.071643375946784715e-02
2.136967534000000057e+00 -8.513067103113058920e-04
2.151101224999999673e+00 -2.442993275252547392e-03
2.165234915999999288e+00 -3.025922012760418056e-04
2.179368606000000597e+00 -7.136278769552362178e-03
2.193502297000000212e+00 -2.758355963058889415e-02
2.207635987999999827e+00 -5.188694559679341012e-02
2.221769677999999359e+00 -6.777143943685537408e-02
2.235903369000000751e+00 -7.256885264039070194e-02
2.250037060000000366e+00 -7.585892379935721408e-02
2.264170749999999899e+00 -8.866697375598420194e-02
2.278304440999999514e+00 -1.098884841309164528e-01
2.292438131999999129e+00 -1.302999521758323453e-01
2.306571822000000438e+00 -1.380371541572724681e-01
2.320705513000000053e+00 -1.313014859424068703e-01
2.334839203999999668e+00 -1.207181484404955540e-01
2.348972893999999201e+00 -1.144551689284938334e-01
2.363106585000000592e+00 -1.146814145768129123e-01
2.377240276000000208e+00 -1.173249096560837756e-01
2.391373965999999740e+00 -1.137932827457159846e-01
2.405507656999999355e+00 -1.025886249643548354e-01
2.419641348000000747e+00 -8.778690835371172341e-02
2.433775038000000279e+00 -7.602837367596215756e-02
2.447908728999999894e+00 -7.172446805478394083e-02
2.462042419999999510e+00 -7.761916835978688312e-02
2.476176110000000818e+00 -9.300506459273805149e-02
2.490309801000000434e+00 -1.124575501744757844e-01
2.504443492000000049e+00 -1.315131297417213574e-01
2.518577181999999581e+00 -1.437054507691613026e-01
2.532710872999999197e+00 -1.457995779728573638e-01
2.546844564000000588e+00 -1.385890837547094634e-01
2.560978254000000121e+00 -1.291461436486347480e-01
2.575111944999999736e+00 -1.270942316051986154e-01
2.589245635999999351e+00 -1.384698177895824500e-01
2.603379326000000660e+00 -1.639043122636483218e-01
2.617513017000000275e+00 -1.961232690929470834e-01
2.631646707999999890e+00 -2.254286279687942596e-01
2.645780397999999423e+00 -2.503048161262118043e-01
2.659914089000000814e+00 -2.754067272025064739e-01
2.674047779000000347e+00 -3.044311291431665012e-01
2.688181469999999962e+00 -3.347378684602233534e-01
2.702315160999999577e+00 -3.553114312551013398e-01
2.716448851000000886e+00 -3.596342834787762399e-01
2.730582542000000501e+00 -3.514650027298742430e-01
2.744716233000000116e+00 -3.433265166429944060e-01
2.758849922999999649e+00 -3.455431003963411740e-01
2.772983613999999264e+00 -3.576599246381721997e-01
2.787117305000000655e+00 -3.697863662286220432e-01
2.801250995000000188e+00 -3.705967616302334733e-01
2.815384685999999803e+00 -3.574937627744940727e-01
2.829518376999999418e+00 -3.369286045689090514e-01
2.843652067000000727e+00 -3.186141468175041069e-01
2.857785758000000342e+00 -3.072150800862658571e-01
2.871919448999999958e+00 -3.012880973284186581e-01
2.886053138999999490e+00 -2.933922287466490531e-01
2.900186830000000882e+00 -2.816654435398024958e-01
2.914320521000000497e+00 -2.713408874110854185e-01
2.928454211000000029e+00 -2.724458897837465088e-01
2.942587901999999644e+00 -2.909582699584873922e-01
2.956721592999999260e+00 -3.205665643280770638e-01
2.970855283000000568e+00 -3.474015003582717753e-01
2.984988974000000184e+00 -3.595895300971125863e-01
2.999122664999999799e+00 -3.562052320959523399e-01
3.013256354999999331e+00 -3.458327818615067883e-01
3.027390046000000723e+00 -3.402853974229049783e-01
3.041523737000000338e+00 -3.439862886062048375e-01
3.055657426999999871e+00 -3.528132342516698827e-01
3.069791117999999486e+00 -3.590449918974147892e-01
3.083924809000000877e+00 -3.584325202897584717e-01
3.098058499000000410e+00 -3.519504313068981816e-01
3.112192190000000025e+00 -3.470593158179831050e-01
3.126325880999999640e+00 -3.491647303116494072e-01
3.140459570999999173e+00 -3.591820941143186730e-01
3.154593262000000564e+00 -3.709604984835461750e-01
3.168726953000000179e+00 -3.732787570605982097e-01
3.182860642999999712e+00 -3.628275760304511266e-01
3.196994333999999327e+00 -3.415259393905785146e-01
3.211128025000000719e+00 -3.190378676393450519e-01
3.225261715000000251e+00 -3.048640852894539677e-01
3.239395405999999866e+00 -2.994254652977978992e-01
3.253529095999999399e+00 -2.991537399295864930e-01
3.267662787000000790e+00 -3.002516473624066151e-01
3.281796478000000405e+00 -3.019753085842431517e-01
3.295930167999999938e+00 -3.055929391411371654e-01
3.310063858999999553e+00 -3.083073744478763700e-01
3.324197549999999168e+00 -3.024879361248249410e-01
3.338331240000000477e+00 -2.825001895126959539e-01
3.352464931000000092e+00 -2.525348857023637095e-01
3.366598621999999708e+00 -2.274258264016051356e-01
3.380732311999999240e+00 -2.224641782150733604e-01
3.394866003000000632e+00 -2.423721296731287111e-01
3.408999694000000247e+00 -2.734385240402463779e-01
3.423133383999999779e+00 -2.944835488896124787e-01
3.437267074999999394e+00 -2.914553957780245952e-01
3.451400766000000786e+00 -2.653620980547977126e-01
3.465534456000000318e+00 -2.326102845544948394e-01
3.479668146999999934e+00 -2.095991683885021217e-01
3.493801837999999549e+00 -2.043133315191312249e-01
3.507935528000000858e+00 -2.144900860999019443e-01
3.522069219000000473e+00 -2.325013423837845039e-01
3.536202910000000088e+00 -2.543252006507490393e-01
3.550336599999999621e+00 -2.783505972543931506e-01
3.564470290999999236e+00 -3.001908066468850222e-01
3.578603982000000627e+00 -3.123715141893477210e-01
3.592737672000000160e+00 -3.060501474930816812e-01
3.606871362999999775e+00 -2.772722275612036213e-01
3.621005053999999390e+00 -2.324621439524516830e-01
3.635138744000000699e+00 -1.873680099464163362e-01
3.649272435000000314e+00 -1.573159095665790375e-01
3.663406125999999929e+00 -1.504508977446015194e-01
3.677539815999999462e+00 -1.612605984272015291e-01
3.691673507000000853e+00 -1.747315583629571734e-01
3.705807198000000469e+00 -1.789683275611988478e-01
3.719940888000000001e+00 -1.737794359287505586e-01
3.734074578999999616e+00 -1.722366452911092694e-01
3.748208269999999231e+00 -1.887611733812057935e-01
3.762341960000000540e+00 -2.243575260648515979e-01
3.776475651000000155e+00 -2.625640731845262366e-01
3.790609341999999771e+00 -2.855424887250723742e-01
3.804743031999999303e+00 -2.864984203925509121e-01
3.818876723000000695e+00 -2.750970387346480805e-01
3.833010413000000227e+00 -2.677725241966495418e-01
3.847144103999999842e+00 -2.718220969542688437e-01
3.861277794999999458e+00 -2.807283179228114989e-01
3.875411485000000766e+00 -2.823452625789091286e-01
3.889545176000000382e+00 -2.729281233148626029e-01
3.903678866999999997e+00 -2.594085287232328341e-01
3.917812556999999529e+00 -2.568521831768855179e-01
3.931946247999999144e+00 -2.744025211988585511e-01
3.946079939000000536e+00 -3.064825161591659963e-01
3.960213629000000068e+00 -3.369363272082335214e-01
3.974347319999999684e+00 -3.520217883517631208e-01
3.988481010999999299e+00 -3.526924906773825086e-01
4.002614701000000608e+00 -3.550692457591324569e-01
4.016748392000000223e+00 -3.769468238490762957e-01
4.030882082999999838e+00 -4.192498684573457979e-01
4.045015772999999371e+00 -4.644028538747217993e-01
4.059149464000000762e+00 -4.899768654221752229e-01
4.073283155000000377e+00 -4.902837102078407838e-01
4.087416844999999910e+00 -4.780449858264965712e-01
4.101550535999999525e+00 -4.713397897258797542e-01
4.115684226999999140e+00 -4.763761067288125872e-01
4.129817917000000449e+00 -4.781652292037001928e-01
4.143951608000000064e+00 -4.589750514299826278e-01
4.158085298999999679e+00 -4.154125903559862110e-01
4.172218988999999212e+00 -3.627586037110450690e-01
4.186352680000000603e+00 -3.233388702524244707e-01
4.200486371000000219e+00 -3.101457617000917821e-01
4.214620060999999751e+00 -3.181008867316172939e-01
4.228753751999999366e+00 -3.320515021105823195e-01
4.242887443000000758e+00 -3.390571722688680012e-01
4.257021133000000290e+00 -3.331689294784219157e-01
4.271154823999999905e+00 -3.180141311553121852e-01
4.285288514999999521e+00 -2.985663056189000741e-01
4.299422205000000830e+00 -2.802301466757999293e-01
4.313555896000000445e+00 -2.678974435701473311e-01
4.327689587000000060e+00 -2.649070646843725285e-01
4.341823276999999592e+00 -2.742705430059402261e-01
4.355956967999999208e+00 -2.937222105289567509e-01
4.370090658000000516e+00 -3.143552453231031052e-01
4.384224349000000132e+00 -3.245355072433095955e-01
4.398358039999999747e+00 -3.166757742275372323e-01
4.412491729999999279e+00 -2.913936355431445691e-01
4.426625421000000671e+00 -2.579023270696101378e-01
4.440759112000000286e+00 -2.279661782357216282e-01
4.454892801999999818e+00 -2.100671830756546399e-01
4.469026492999999434e+00 -2.051406934114865521e-01
4.483160184000000825e+00 -2.079953019672693415e-01
4.497293874000000358e+00 -2.129440210725874749e-01
4.511427564999999973e+00 -2.163491505501173862e-01
4.525561255999999588e+00 -2.196941755360128923e-01
4.539694945999999121e+00 -2.246868195956306380e-01
4.553828637000000512e+00 -2.319305190808567119e-01
4.567962328000000127e+00 -2.395029647744451040e-01
4.582096017999999660e+00 -2.438911544179038771e-01
4.596229708999999275e+00 -2.440652214797758290e-01
4.610363400000000667e+00 -2.409136947415717600e-01
4.624497090000000199e+00 -2.378596305319220505e-01
4.638630780999999814e+00 -2.393890985529072424e-01
4.652764471999999429e+00 -2.492510329369572730e-01
4.666898162000000738e+00 -2.675335433049461642e-01
4.681031853000000353e+00 -2.893901479446689962e-01
4.695165543999999969e+00 -3.070251331034210551e-01
4.709299233999999501e+00 -3.144277616935635677e-01
4.723432924999999116e+00 -3.127333417643161084e-01
4.737566616000000508e+00 -3.120036240300354535e-01
4.751700306000000040e+00 -3.231433170467727933e-01
4.765833996999999655e+00 -3.527760303891387395e-01
4.779967687999999271e+00 -3.967066465907667094e-01
4.794101378000000580e+00 -4.374167342624222243e-01
4.808235069000000195e+00 -4.585413409739675927e-01
4.822368759999999810e+00 -4.574273272540647639e-01
4.836502449999999342e+00 -4.457756767674680987e-01
4.850636141000000734e+00 -4.434009612550582347e-01
4.864769832000000349e+00 -4.617300521809841740e-01
4.878903521999999882e+00 -4.916954241456359398e-01
4.893037212999999497e+00 -5.141235780602109173e-01
4.907170903999999112e+00 -5.171991525001136125e-01
4.921304594000000421e+00 -5.076434288830249386e-01
4.935438285000000036e+00 -5.034500590930903741e-01
4.949571974999999568e+00 -5.160039002096485916e-01
4.963705665999999184e+00 -5.351899869761940209e-01
4.977839357000000575e+00 -5.386162266221585782e-01
4.991973047000000108e+00 -5.120845377101783669e-01
5.006106737999999723e+00 -4.631689054061940425e-01
5.020240428999999338e+00 -4.162183848926996887e-01
5.034374119000000647e+00 -3.873379368419413993e-01
5.048507810000000262e+00 -3.750756938229926618e-01
5.062641500999999877e+00 -3.628668281271387741e-01
5.076775190999999410e+00 -3.407782778297026027e-01
5.090908882000000801e+00 -3.163911993728234506e-01
5.105042573000000417e+00 -3.087672500971105904e-01
5.119176262999999949e+00 -3.276120701861930939e-01
5.133309953999999564e+00 -3.631944484840463616e-01
5.147443644999999179e+00 -3.932413059093811114e-01
5.161577335000000488e+00 -3.990795744593782501e-01
5.175711026000000103e+00 -3.849978700851064417e-01
5.189844716999999719e+00 -3.684664866945155381e-01
5.203978406999999251e+00 -3.654826101565387120e-01
5.218112098000000643e+00 -3.767500382346007370e-01
5.232245789000000258e+00 -3.889065466488013101e-01
5.246379478999999790e+00 -3.872539471980349646e-01
5.260513169999999405e+00 -3.687478185751178472e-01
5.274646861000000797e+00 -3.467522915469931633e-01
5.288780551000000330e+00 -3.364188111948482884e-01
5.302914241999999945e+00 -3.451449559638195552e-01
5.317047932999999560e+00 -3.675242196082688650e-01
5.331181623000000869e+00 -3.856229410793172718e-01
5.345315314000000484e+00 -3.863825829856040173e-01
5.359449005000000099e+00 -3.706093738330267229e-01
5.373582694999999632e+00 -3.509312187949991113e-01
5.387716385999999247e+00 -3.440439396430683416e-01
5.401850077000000638e+00 -3.561540902223310212e-01
5.415983767000000171e+00 -3.762224401632092707e-01
5.430117457999999786e+00 -3.872007427525367973e-01
5.444251148999999401e+00 -3.790573595269766116e-01
5.458384839000000710e+00 -3.559217672204475491e-01
5.472518530000000325e+00 -3.323684318109734193e-01
5.486652220999999940e+00 -3.188986963497555394e-01
5.500785910999999473e+00 -3.141682120265976152e-01
5.514919602000000864e+00 -3.108825872529976664e-01
5.529053292000000397e+00 -3.057818962261134033e-01
5.543186983000000012e+00 -3.061897343339143873e-01
5.557320673999999627e+00 -3.183161441484667620e-01
5.571454363999999160e+00 -3.356303625201153551e-01
5.585588055000000551e+00 -3.436811081889459274e-01
5.599721746000000167e+00 -3.325555593206850347e-01
5.613855435999999699e+00 -3.094060104553992829e-01
5.627989126999999314e+00 -2.939332603753221917e-01
5.642122818000000706e+00 -2.999402452293278287e-01
5.656256508000000238e+00 -3.196017387172691571e-01
5.670390198999999853e+00 -3.318519687806436025e-01
5.684523889999999469e+00 -3.222086442568343756e-01
5.698657580000000777e+00 -2.918781732990787248e-01
5.712791271000000393e+00 -2.586024650664509039e-01
5.726924962000000008e+00 -2.363460634372760438e-01
5.741058651999999540e+00 -2.246920427823653199e-01
5.755192342999999155e+00 -2.155113987719801116e-01
5.769326034000000547e+00 -1.996504759131116913e-01
5.783459724000000080e+00 -1.808528577348198496e-01
5.797593414999999695e+00 -1.703753178886469044e-01
5.811727105999999310e+00 -1.770846912156347486e-01
5.825860796000000619e+00 -1.998742286378938360e-01
5.839994487000000234e+00 -2.241860814936345037e-01
5.854128177999999849e+00 -2.330207181927548277e-01
5.868261867999999382e+00 -2.130517111675764852e-01
5.882395559000000773e+00 -1.678602644424866952e-01
5.896529250000000388e+00 -1.159315232310547117e-01
5.910662939999999921e+00 -8.074779824003464057e-02
5.924796630999999536e+00 -7.937493647363602634e-02
5.938930321999999151e+00 -1.039077275956881152e-01
5.953064012000000460e+00 -1.291317864692551609e-01
5.967197703000000075e+00 -1.299616683720188348e-01
5.981331393999999690e+00 -1.018245077117150288e-01
5.995465083999999223e+00 -6.914321821312974237e-02
6.009598775000000614e+00 -6.291375666224929830e-02
6.023732466000000230e+00 -9.401917397496184492e-02
6.037866155999999762e+00 -1.457321662667325768e-01
6.051999846999999377e+00 -1.858864938902229369e-01
6.066133538000000769e+00 -1.982286325043123298e-01
6.080267228000000301e+00 -1.948169229676288694e-01
6.094400918999999917e+00 -1.992359224697910491e-01
6.108534608999999449e+00 -2.243805739884034978e-01
6.122668300000000841e+00 -2.622623340426120109e-01
6.136801991000000456e+00 -2.934960480935924210e-01
6.150935680999999988e+00 -3.051663126493586731e-01
6.165069371999999603e+00 -3.011069702185800168e-01
6.179203062999999219e+00 -2.909919962628197965e-01
6.193336753000000527e+00 -2.788118367379652796e-01
6.207470444000000143e+00 -2.636637686001019887e-01
6.221604134999999758e+00 -2.453356291110040388e-01
6.235737824999999290e+00 -2.291624492622421627e-01
6.249871516000000682e+00 -2.243434445745347006e-01
6.264005207000000297e+00 -2.317358996976786045e-01
6.278138896999999830e+00 -2.423487512467392690e-01
6.292272587999999445e+00 -2.445624803654737889e-01
6.306406279000000836e+00 -2.329677458559995529e-01
6.320539969000000369e+00 -2.122311149564595212e-01
6.334673659999999984e+00 -1.906366191391235532e-01
6.348807350999999599e+00 -1.716870001815387070e-01
6.362941040999999132e+00 -1.528751782974584472e-01
6.377074732000000523e+00 -1.292109849931382115e-01
6.391208423000000138e+00 -9.910891884468675528e-02
6.405342112999999671e+00 -6.700382451165687314e-02
6.419475803999999286e+00 -3.846658353388221485e-02
6.433609495000000678e+00 -1.786755746210744178e-02
6.447743185000000210e+00 -5.514824518925820485e-03
6.461876875999999825e+00 -3.152315100896529998e-03
6.476010566999999440e+00 -9.286403144772137352e-03
6.490144257000000749e+00 -1.818636043579324735e-02
6.504277948000000364e+00 -2.059250505038612289e-02
6.518411638999999980e+00 -2.749409487385889861e-03
6.532545328999999512e+00 3.790384355275477901e-02
6.546679019999999127e+00 8.942424096118983812e-02
6.560812711000000519e+00 1.327862869714930838e-01
6.574946401000000051e+00 1.537204670860354838e-01
6.589080091999999667e+00 1.557166005168699741e-01
6.603213782999999282e+00 1.545466479362307410e-01
6.617347473000000591e+00 1.641348842261596275e-01
6.631481164000000206e+00 1.865666938611525438e-01
6.645614854999999821e+00 2.122095377760082613e-01
6.659748544999999353e+00 2.323268484681051405e-01
6.673882236000000745e+00 2.476596547583529428e-01
6.688015926000000277e+00 2.651852873243338848e-01
6.702149616999999893e+00 2.868718612450784633e-01
6.716283307999999508e+00 3.089949032518219951e-01
6.730416998000000817e+00 3.229982504957522593e-01
6.744550689000000432e+00 3.241813300157332378e-01
6.758684380000000047e+00 3.220132176642014343e-01
6.772818069999999580e+00 3.270955602674607832e-01
6.786951760999999195e+00 3.432130345399038163e-01
6.801085452000000586e+00 3.647355204213695856e-01
6.815219142000000119e+00 3.751094376489216842e-01
6.829352832999999734e+00 3.627863555540056240e-01
6.843486523999999349e+00 3.311642058112713727e-01
6.857620214000000658e+00 2.943479013630039276e-01
6.871753905000000273e+00 2.690379038639285625e-01
6.885887595999999888e+00 2.609474852532578382e-01
6.900021285999999421e+00 2.612071375611986213e-01
6.914154977000000812e+00 2.554792577072628745e-01
6.928288668000000428e+00 2.378428281896791674e-01
6.942422357999999960e+00 2.133011454210258506e-01
6.956556048999999575e+00 1.954755115859345693e-01
6.970689739999999190e+00 1.912849688596338638e-01
6.984823430000000499e+00 1.940561003903464865e-01
6.998957121000000114e+00 1.931273250987413093e-01
7.013090811999999730e+00 1.779555807197237272e-01
7.027224501999999262e+00 1.511255156668980248e-01
7.041358193000000654e+00 1.255212876561202506e-01
7.055491884000000269e+00 1.119881490999397045e-01
7.069625573999999801e+00 1.172454798541338050e-01
7.083759264999999417e+00 1.390330540771227419e-01
7.097892956000000808e+00 1.668931994476512415e-01
7.112026646000000341e+00 1.919437534404639933e-01
7.126160336999999956e+00 2.079536575392104680e-01
7.140294027999999571e+00 2.129115020420861981e-01
7.154427718000000880e+00 2.119013585137015099e-01
7.168561409000000495e+00 2.084634942926548717e-01
7.182695100000000110e+00 2.030653258263193095e-01
7.196828789999999643e+00 1.904967690635928079e-01
7.210962480999999258e+00 1.678636569042133431e-01
7.225096172000000649e+00 1.427888928273866043e-01
7.239229862000000182e+00 1.276264018724848626e-01
7.253363552999999797e+00 1.340805989385316366e-01
7.267497242999999330e+00 1.614402898964755195e-01
7.281630934000000721e+00 1.950122529613622646e-01
7.295764625000000336e+00 2.194668482999304615e-01
7.309898314999999869e+00 2.306119220834137451e-01
7.324032005999999484e+00 2.332857500819383034e-01
7.338165697000000876e+00 2.341181759982937649e-01
7.352299387000000408e+00 2.318289362714480717e-01
7.366433078000000023e+00 2.195958448808177366e-01
7.380566768999999638e+00 1.951474090326854594e-01
7.394700458999999171e+00 1.660205095517000018e-01
7.408834150000000562e+00 1.441313183327288527e-01
7.422967841000000178e+00 1.312977678505422574e-01
7.437101530999999710e+00 1.178407471392812766e-01
7.451235221999999325e+00 9.219760130366161377e-02
7.465368913000000717e+00 5.361604426370192300e-02
7.479502603000000249e+00 1.506381061625283735e-02
7.493636293999999864e+00 -4.358115735596967966e-03
7.507769984999999480e+00 3.035746161923924546e-03
7.521903675000000788e+00 2.806760911571259953e-02
7.536037366000000404e+00 5.582713318044518758e-02
7.550171057000000019e+00 7.457977193214837541e-02
7.564304746999999551e+00 8.386178579981162784e-02
7.578438437999999167e+00 9.156463334290876332e-02
7.592572129000000558e+00 1.030641031129402307e-01
7.606705819000000091e+00 1.151221378671376527e-01
7.620839509999999706e+00 1.202028196700375418e-01
7.634973200999999321e+00 1.141061520488779735e-01
7.649106891000000630e+00 1.044312821482229481e-01
7.663240582000000245e+00 1.040428773026444986e-01
7.677374272999999860e+00 1.227166577800886671e-01
7.691507962999999393e+00 1.588862398185977298e-01
7.705641654000000784e+00 1.972065801406799324e-01
7.719775345000000399e+00 2.196910225199566469e-01
7.733909034999999932e+00 2.188764972882051296e-01
7.748042725999999547e+00 2.009156234973090704e-01
7.762176416999999162e+00 1.820527948974088872e-01
7.776310107000000471e+00 1.769343288554470206e-01
7.790443798000000086e+00 1.869321473411726942e-01
7.804577488999999701e+00 2.025514308461993096e-01
7.818711178999999234e+00 2.111565996552453583e-01
7.832844870000000626e+00 2.093771953893241999e-01
7.846978560000000158e+00 2.018355038742924989e-01
7.861112250999999773e+00 1.974397985754539064e-01
7.875245941999999388e+00 2.004474743263866543e-01
7.889379632000000697e+00 2.066010066674746071e-01
7.903513323000000312e+00 2.091596386839746913e-01
7.917647013999999928e+00 2.037011475714738395e-01
7.931780703999999460e+00 1.888396388476021315e-01
7.945914395000000852e+00 1.652703838105082923e-01
7.960048086000000467e+00 1.355179996334356929e-01
7.974181775999999999e+00 1.024017491644535482e-01
7.988315466999999614e+00 7.639314485600756655e-02
8.002449158000001006e+00 7.465665091806528153e-02
8.016582847999998762e+00 1.184175266470237631e-01
8.030716539000000154e+00 2.241111850616146484e-01
8.044850230000001545e+00 3.983955029970029926e-01
8.058983919999999301e+00 6.380038435510773098e-01
8.073117611000000693e+00 9.349767906032155906e-01
8.087251301999998532e+00 1.288272381261069910e+00
8.101384991999999841e+00 1.703172861541906613e+00
8.115518683000001232e+00 2.190412094421269273e+00
8.129652373999999071e+00 2.758691238161874892e+00
8.143786064000000380e+00 3.409093975229998463e+00
8.157919755000001771e+00 4.138519297109342077e+00
8.172053445999999610e+00 4.942185851453210432e+00
8.186187136000000919e+00 5.820268559530054731e+00
8.200320826999998758e+00 6.776958520743729508e+00
8.214454518000000149e+00 7.812029730961864260e+00
8.228588208000001458e+00 8.920193803784728814e+00
8.242721898999999297e+00 1.009142431565418718e+01
8.256855590000000689e+00 1.131704705271125100e+01
8.270989279999998445e+00 1.259766824765293158e+01
8.285122970999999836e+00 1.393890688837108094e+01
8.299256662000001228e+00 1.534516327186854312e+01
8.313390351999998984e+00 1.681632002258633918e+01
8.327524043000000376e+00 1.835015912839594066e+01
8.341657734000001767e+00 1.995161796892694639e+01
8.355791423999999523e+00 2.163237577301165260e+01
8.369925115000000915e+00 2.339910398320725449e+01
8.384058805999998754e+00 2.524082315265265919e+01
8.398192496000000062e+00 2.712627753339518932e+01
8.412326187000001454e+00 2.902311808941222893e+01
8.426459876999999210e+00 3.092620902888366174e+01
8.440593568000000602e+00 3.287260237851221234e+01
8.454727258999998440e+00 3.492827517343204136e+01
8.468860948999999749e+00 3.715621370153952796e+01
8.482994640000001141e+00 3.958247952239790379e+01
8.497128330999998980e+00 4.217660551703466609e+01
8.511262021000000288e+00 4.486126122126762539e+01
8.525395712000001680e+00 4.752907041758179929e+01
8.539529402999999519e+00 5.006220498757354420e+01
8.553663093000000828e+00 5.235336294821764369e+01
8.567796783999998667e+00 5.431720201462694320e+01
8.581930475000000058e+00 5.590339055249630462e+01
8.596064165000001367e+00 5.710276360113412863e+01
8.610197855999999206e+00 5.794555026710482082e+01
8.624331547000000597e+00 5.849316370579018098e+01
8.638465236999998353e+00 5.881951375118535452e+01
8.652598927999999745e+00 5.899643039189475502e+01
8.666732619000001137e+00 5.908369442298728558e+01
8.680866308999998893e+00 5.912241501079212469e+01
8.695000000000000284e+00 4.435136804302605640e+01
