# r_minus_2Rs_A, PMF_over_kBT
-1.975000000000000089e+00 nan
-1.925000000000000044e+00 nan
-1.875000000000000000e+00 nan
-1.824999999999999956e+00 nan
-1.774999999999999911e+00 nan
-1.725000000000000089e+00 nan
-1.674999999999999822e+00 nan
-1.625000000000000000e+00 nan
-1.574999999999999956e+00 nan
-1.524999999999999911e+00 nan
-1.475000000000000089e+00 nan
-1.424999999999999822e+00 nan
-1.375000000000000000e+00 nan
-1.324999999999999956e+00 nan
-1.274999999999999911e+00 nan
-1.225000000000000089e+00 nan
-1.174999999999999822e+00 nan
-1.125000000000000000e+00 nan
-1.074999999999999956e+00 nan
-1.024999999999999911e+00 nan
-9.750000000000000888e-01 nan
-9.249999999999998224e-01 nan
-8.750000000000000000e-01 nan
-8.249999999999997335e-01 nan
-7.749999999999999112e-01 nan
-7.250000000000000888e-01 nan
-6.749999999999998224e-01 nan
-6.250000000000000000e-01 nan
-5.749999999999997335e-01 nan
-5.249999999999999112e-01 nan
-4.750000000000000888e-01 nan
-4.249999999999998224e-01 nan
-3.750000000000000000e-01 nan
-3.249999999999997335e-01 nan
-2.749999999999999112e-01 nan
-2.250000000000000888e-01 nan
-1.749999999999998224e-01 4.741102421341492068e-01
-1.250000000000000000e-01 -1.460679778235141058e+00
-7.499999999999973355e-02 -2.313418158371638444e+00
-2.499999999999991118e-02 -2.573661514682068496e+00
2.500000000000035527e-02 -2.514876039505431482e+00
7.500000000000017764e-02 -2.341032042399767032e+00
1.250000000000000000e-01 -2.137621495339067312e+00
1.749999999999998224e-01 -1.959069673417160207e+00
2.250000000000000888e-01 -1.798002503896760196e+00
2.750000000000003553e-01 -1.640600951627851245e+00
3.250000000000001776e-01 -1.476561842096450139e+00
3.750000000000000000e-01 -1.335286726923030187e+00
4.250000000000002665e-01 -1.205969617581344799e+00
4.750000000000000888e-01 -1.074638580440456792e+00
5.250000000000003553e-01 -9.937642518683178494e-01
5.750000000000001776e-01 -9.218336408869811649e-01
6.250000000000000000e-01 -8.289354595933695613e-01
6.750000000000002665e-01 -7.680657557224366272e-01
7.250000000000000888e-01 -7.147752591790523802e-01
7.750000000000003553e-01 -6.360333639659994098e-01
8.250000000000001776e-01 -6.028380125718446614e-01
8.750000000000000000e-01 -6.499133165729027439e-01
9.250000000000002665e-01 -6.489309008566719328e-01
9.750000000000000888e-01 -5.485646433265674027e-01
1.025000000000000355e+00 -4.830327956965669856e-01
1.075000000000000178e+00 -4.394861247717014585e-01
1.125000000000000000e+00 -3.974576601969710410e-01
1.175000000000000266e+00 -3.557276788048588934e-01
1.225000000000000089e+00 -3.036586913093506368e-01
1.275000000000000355e+00 -2.349145604820974675e-01
1.325000000000000178e+00 -1.301284258236434788e-01
1.375000000000000000e+00 -9.579619273805395352e-02
1.425000000000000266e+00 -1.292921369680897214e-01
1.475000000000000089e+00 -1.158676798889208825e-01
1.525000000000000355e+00 -5.977149431312867023e-02
1.575000000000000178e+00 -4.266070477837358155e-02
1.625000000000000000e+00 -5.212682970367632507e-02
1.675000000000000266e+00 -4.632493484682820295e-02
1.725000000000000089e+00 -7.048874410247440991e-02
1.775000000000000355e+00 -7.006313796219210133e-02
1.825000000000000178e+00 -6.220760730876362388e-02
1.875000000000000000e+00 -9.902258812660580389e-02
1.925000000000000266e+00 -9.118106694801841883e-02
1.975000000000000089e+00 -7.612772403442358282e-02
2.025000000000000355e+00 -6.259792728245994198e-02
2.075000000000000178e+00 -1.085089528677407600e-02
2.125000000000000000e+00 1.368990566442507273e-02
2.175000000000000711e+00 -5.363044032898667268e-03
2.224999999999999645e+00 -5.104112303476293633e-02
2.275000000000000355e+00 -7.792019703734887059e-03
2.325000000000000178e+00 6.197161899494640913e-02
2.375000000000000000e+00 6.321528865752146231e-02
2.425000000000000711e+00 4.328639677603907110e-02
2.474999999999999645e+00 1.297642514950458903e-02
2.525000000000000355e+00 2.604792507759690068e-03
2.575000000000000178e+00 2.608232593998627280e-02
2.625000000000000000e+00 1.786647879420799612e-02
2.675000000000000711e+00 3.263930999798647647e-02
2.724999999999999645e+00 5.213035708125923762e-02
2.775000000000000355e+00 1.789902447650870698e-03
2.825000000000001066e+00 -3.734832397353393674e-03
2.875000000000000000e+00 -1.663979454711128625e-02
2.925000000000000711e+00 -1.610559071979134060e-02
2.974999999999999645e+00 -8.321567007005814531e-03
3.025000000000000355e+00 -3.071716332724250265e-02
3.075000000000001066e+00 -2.616941760063706823e-02
3.125000000000000000e+00 -2.362687720767020494e-02
3.175000000000000711e+00 -1.341200635857031642e-02
3.224999999999999645e+00 2.854002608429606624e-03
3.275000000000000355e+00 -1.164955943399581528e-02
3.325000000000001066e+00 -1.212622209912561644e-02
3.375000000000000000e+00 1.891593798665880399e-03
3.425000000000000711e+00 -3.496180147423766371e-02
3.474999999999999645e+00 -4.328738297401990565e-02
3.525000000000000355e+00 -3.154115912838717506e-02
3.575000000000001066e+00 -3.282692899023320621e-02
3.625000000000000000e+00 -1.272577962330156964e-02
3.675000000000000711e+00 7.217792293848557250e-03
3.724999999999999645e+00 2.095157106677580927e-02
3.775000000000000355e+00 1.138554242786238291e-02
3.825000000000001066e+00 6.812867150991053222e-03
3.875000000000000000e+00 4.623309260745500637e-03
3.925000000000000711e+00 -2.323178513151402669e-02
3.974999999999999645e+00 -3.852420590041694126e-02
4.025000000000000355e+00 -2.591201905175655185e-02
4.075000000000001066e+00 -1.411307849986354057e-02
4.125000000000000000e+00 -2.313047748391028335e-02
4.175000000000000711e+00 -3.570933246994734134e-02
4.224999999999999645e+00 7.632068222935828317e-04
4.275000000000000355e+00 3.699317256157641509e-02
4.325000000000001066e+00 3.265173863271364496e-02
4.375000000000000000e+00 2.415314257985867741e-02
4.425000000000000711e+00 1.932930968867818677e-02
4.474999999999999645e+00 6.486509799197293091e-03
4.525000000000000355e+00 -1.577966987848533620e-02
4.575000000000001066e+00 -1.010658384816665034e-02
4.625000000000000000e+00 -2.109655800141219117e-03
4.675000000000000711e+00 6.966454229985874491e-03
4.724999999999999645e+00 1.177809567002485736e-02
4.775000000000000355e+00 -1.617483319878054715e-02
4.825000000000001066e+00 -4.152550478667471623e-03
4.875000000000000000e+00 2.814855181036479692e-02
4.925000000000000711e+00 1.647012174392781247e-03
4.974999999999999645e+00 -2.664400296423119485e-02
5.025000000000000355e+00 -1.509397643879450968e-02
5.075000000000001066e+00 -6.598256757646137061e-03
5.125000000000000000e+00 -1.315265688274047662e-02
5.175000000000000711e+00 -2.480480277134144984e-02
5.224999999999999645e+00 -1.113394691545188664e-02
5.275000000000000355e+00 3.892495829540543184e-04
5.325000000000001066e+00 -1.586353791428241067e-02
5.375000000000000000e+00 -2.211501758021316988e-03
5.425000000000000711e+00 1.487443906747687450e-02
5.474999999999999645e+00 -5.913964844061148085e-03
5.525000000000000355e+00 -2.293740840912672496e-02
5.575000000000001066e+00 2.740069435711589563e-03
5.625000000000000000e+00 -8.982247622708605661e-04
5.675000000000000711e+00 -3.849217046703401479e-02
5.724999999999999645e+00 -4.108544968115657170e-02
5.775000000000000355e+00 -3.256513792340909319e-02
5.825000000000001066e+00 -4.087160552618529508e-02
5.875000000000000000e+00 -2.632669546513000114e-02
5.925000000000000711e+00 -1.405532269290432623e-02
5.974999999999999645e+00 -1.436900593194234688e-03
6.025000000000000355e+00 -4.658510690426886924e-03
6.074999999999999289e+00 -2.367850353603229152e-02
6.125000000000000000e+00 -2.496601508098317268e-02
6.175000000000000711e+00 -1.946103227792272961e-02
6.225000000000001421e+00 -9.638145195528746711e-03
6.275000000000000355e+00 -1.498327415933875528e-02
6.324999999999999289e+00 6.606264555025997964e-03
6.375000000000000000e+00 3.430301260545665087e-03
6.425000000000000711e+00 -6.597683439107715486e-03
6.475000000000001421e+00 -6.386023956355124653e-04
6.525000000000000355e+00 5.333338512660379394e-03
6.574999999999999289e+00 1.611685400638984689e-02
6.625000000000000000e+00 5.317419446577709152e-04
6.675000000000000711e+00 -9.441567737544787065e-04
6.725000000000001421e+00 1.223197157681044089e-02
6.775000000000000355e+00 -2.340139187837486645e-03
6.824999999999999289e+00 -8.609895870073991375e-03
6.875000000000000000e+00 5.176923608946726318e-03
6.925000000000000711e+00 -6.404632142426258667e-03
6.975000000000001421e+00 -8.386114605424044299e-03
7.025000000000000355e+00 4.960547468074061328e-03
7.074999999999999289e+00 1.860406090998356632e-03
7.125000000000000000e+00 -3.833012365197063787e-03
7.175000000000000711e+00 -1.533142896234851449e-02
7.225000000000001421e+00 -2.330232947099020180e-02
7.275000000000000355e+00 -3.714509797590626050e-02
7.324999999999999289e+00 -4.469977243304779080e-02
7.375000000000000000e+00 -4.044695594003844263e-02
7.425000000000000711e+00 -2.809902583695267353e-02
7.475000000000001421e+00 -2.945575985584447665e-02
7.525000000000000355e+00 -4.746379302669589961e-02
7.575000000000001066e+00 -2.768231467399617785e-02
7.625000000000000000e+00 -2.241679147199926447e-02
7.675000000000000711e+00 -3.171182253598070488e-02
7.725000000000001421e+00 -3.922734574644648475e-02
7.775000000000000355e+00 -3.674718496748674568e-02
7.825000000000001066e+00 -7.088819323272765871e-03
7.875000000000000000e+00 -1.079270517653618811e-02
7.925000000000000711e+00 -3.626186801548447747e-02
7.975000000000001421e+00 -1.998695693132424012e-02
8.025000000000000355e+00 -2.282844321570998147e-03
8.075000000000001066e+00 -3.225442701934611023e-02
8.125000000000000000e+00 -4.059020016965586564e-02
8.175000000000000711e+00 -2.427352832247864356e-02
8.225000000000001421e+00 -3.054472500358818010e-02
8.275000000000000355e+00 -2.784425191214490170e-02
8.325000000000001066e+00 -1.493318395199061399e-02
8.375000000000000000e+00 -1.973436199407130331e-02
8.425000000000000711e+00 -1.969685530406017904e-02
8.475000000000001421e+00 -2.659149705232666250e-02
8.525000000000000355e+00 -3.835599080752150059e-02
8.575000000000001066e+00 -3.065352832461076815e-02
8.625000000000000000e+00 -4.083062522102753888e-02
8.675000000000000711e+00 -5.320211272152386428e-02
8.725000000000001421e+00 -3.417280580701964610e-02
8.775000000000000355e+00 -2.047486894134120661e-02
8.825000000000001066e+00 -3.236613038727043090e-02
8.875000000000000000e+00 -4.218245067896209122e-02
8.925000000000000711e+00 -4.654639929282611277e-02
8.975000000000001421e+00 -4.698221730298746124e-02
9.025000000000000355e+00 -4.093134058236636008e-02
9.075000000000001066e+00 -2.260555639180283904e-02
9.125000000000000000e+00 -2.318250474788641213e-02
9.175000000000000711e+00 -3.242914792812445768e-02
9.225000000000001421e+00 -1.875442112656156013e-02
9.275000000000000355e+00 -1.464777675383466260e-02
9.325000000000001066e+00 -1.656150587702676091e-02
9.375000000000000000e+00 -2.608212419765587597e-02
9.425000000000000711e+00 -2.763931382741491305e-02
9.475000000000001421e+00 -3.072320478228496299e-02
9.525000000000000355e+00 -3.326108719926468282e-02
9.575000000000001066e+00 -2.498401694855933997e-02
9.625000000000000000e+00 -3.461879703042258782e-02
9.675000000000000711e+00 -3.551619979614528688e-02
9.725000000000001421e+00 -3.392365332915092679e-02
9.775000000000000355e+00 -4.197626071054383345e-02
9.825000000000001066e+00 -3.194252332905200831e-02
9.875000000000000000e+00 -2.367543531773952381e-02
9.925000000000000711e+00 -2.310289855201297371e-02
9.975000000000001421e+00 -1.651482968277839802e-02
1.002500000000000036e+01 -1.906060505843054642e-02
1.007500000000000107e+01 -3.345475927558272389e-02
1.012500000000000000e+01 -3.892035052996423161e-02
1.017500000000000071e+01 -2.101339791009193547e-02
1.022500000000000142e+01 -1.989085517798816483e-02
1.027500000000000036e+01 -3.648261820111864395e-02
1.032500000000000107e+01 -4.083439533975585789e-02
1.037500000000000000e+01 -3.175662028593739805e-02
1.042500000000000071e+01 -2.315394929469594132e-02
1.047500000000000142e+01 -3.573065106362882659e-02
1.052500000000000036e+01 -4.246188351710511455e-02
1.057500000000000107e+01 -4.357125469386691208e-02
1.062500000000000000e+01 -4.133136470689624531e-02
1.067500000000000071e+01 -2.254599911911636667e-02
1.072500000000000142e+01 -1.079928404721153257e-02
1.077500000000000036e+01 6.204402874070424900e-04
1.082500000000000107e+01 1.693742718204171993e-02
1.087500000000000000e+01 2.396948656533970379e-02
1.092500000000000071e+01 4.334277816562037700e-02
1.097500000000000142e+01 6.268319397032162676e-02
1.102500000000000036e+01 6.803000110997614591e-02
1.107500000000000107e+01 7.919798815130252301e-02
1.112500000000000000e+01 8.371629899464361202e-02
1.117500000000000071e+01 9.564460856326051363e-02
1.122500000000000142e+01 1.134794139461623441e-01
1.127500000000000036e+01 1.237864340911181138e-01
1.132500000000000107e+01 1.370134292067974879e-01
1.137500000000000000e+01 1.516739032516765118e-01
1.142500000000000071e+01 1.608535332808673779e-01
1.147500000000000142e+01 1.800611624234513819e-01
1.152500000000000036e+01 1.882011164471359965e-01
1.157500000000000107e+01 1.922854130882460932e-01
1.162500000000000000e+01 2.268104244288948745e-01
1.167500000000000071e+01 2.473329868851970037e-01
1.172500000000000142e+01 2.399593205162453557e-01
1.177500000000000036e+01 2.330553656551843655e-01
1.182500000000000107e+01 2.516896390829646002e-01
1.187500000000000000e+01 2.845310829472142977e-01
1.192500000000000071e+01 3.083250132824493228e-01
1.197500000000000142e+01 3.127229812637937201e-01
1.202500000000000036e+01 3.929085187069500940e-01
1.207500000000000107e+01 9.344464803083452065e-01
1.212500000000000000e+01 2.279698524370142643e+00
1.217500000000000071e+01 4.646585352754970089e+00
1.222500000000000142e+01 nan
1.227500000000000036e+01 nan
1.232500000000000107e+01 nan
1.237500000000000000e+01 nan
1.242500000000000071e+01 nan
1.247500000000000142e+01 nan
1.252500000000000036e+01 nan
1.257500000000000107e+01 nan
1.262500000000000000e+01 nan
1.267500000000000071e+01 nan
1.272500000000000142e+01 nan
1.277500000000000036e+01 nan
1.282500000000000107e+01 nan
1.287500000000000000e+01 nan
1.292500000000000071e+01 nan
1.297500000000000142e+01 nan
1.302500000000000036e+01 nan
1.307500000000000107e+01 nan
1.312500000000000000e+01 nan
1.317500000000000071e+01 nan
1.322500000000000142e+01 nan
1.327500000000000036e+01 nan
1.332500000000000107e+01 nan
1.337500000000000000e+01 nan
1.342500000000000071e+01 nan
1.347500000000000142e+01 nan
1.352500000000000036e+01 nan
1.357500000000000107e+01 nan
1.362500000000000000e+01 nan
1.367500000000000071e+01 nan
1.372500000000000142e+01 nan
1.377500000000000036e+01 nan
1.382500000000000107e+01 nan
1.387500000000000000e+01 nan
1.392500000000000071e+01 nan
1.397500000000000142e+01 nan
1.402499999999999858e+01 nan
1.407500000000000284e+01 nan
1.412500000000000000e+01 nan
1.417500000000000071e+01 nan
1.422500000000000142e+01 nan
1.427499999999999858e+01 nan
1.432500000000000284e+01 nan
1.437500000000000000e+01 nan
1.442500000000000071e+01 nan
1.447500000000000142e+01 nan
1.452499999999999858e+01 nan
1.457500000000000284e+01 nan
1.462500000000000000e+01 nan
1.467500000000000071e+01 nan
1.472500000000000142e+01 nan
1.477499999999999858e+01 nan
1.482500000000000284e+01 nan
1.487500000000000000e+01 nan
1.492500000000000071e+01 nan
1.497500000000000142e+01 nan
1.502499999999999858e+01 nan
1.507500000000000284e+01 nan
1.512500000000000000e+01 nan
1.517500000000000071e+01 nan
1.522500000000000142e+01 nan
1.527499999999999858e+01 nan
1.532500000000000284e+01 nan
1.537500000000000000e+01 nan
1.542500000000000071e+01 nan
1.547500000000000142e+01 nan
1.552499999999999858e+01 nan
1.557500000000000284e+01 nan
1.562500000000000000e+01 nan
1.567500000000000071e+01 nan
1.572500000000000142e+01 nan
1.577499999999999858e+01 nan
1.582500000000000284e+01 nan
1.587500000000000000e+01 nan
1.592500000000000071e+01 nan
1.597500000000000142e+01 nan
1.602499999999999858e+01 nan
1.607500000000000284e+01 nan
1.612500000000000000e+01 nan
1.617500000000000071e+01 nan
1.622500000000000142e+01 nan
1.627499999999999858e+01 nan
1.632500000000000284e+01 nan
1.637500000000000000e+01 nan
1.642500000000000071e+01 nan
1.647500000000000142e+01 nan
1.652499999999999858e+01 nan
1.657500000000000284e+01 nan
1.662500000000000000e+01 nan
1.667500000000000071e+01 nan
1.672500000000000142e+01 nan
1.677499999999999858e+01 nan
1.682500000000000284e+01 nan
1.687500000000000000e+01 nan
1.692500000000000071e+01 nan
1.697500000000000142e+01 nan
1.702499999999999858e+01 nan
1.707500000000000284e+01 nan
1.712500000000000000e+01 nan
1.717500000000000426e+01 nan
1.722500000000000142e+01 nan
1.727499999999999858e+01 nan
1.732500000000000284e+01 nan
1.737500000000000000e+01 nan
1.742500000000000426e+01 nan
1.747500000000000142e+01 nan
1.752499999999999858e+01 nan
1.757500000000000284e+01 nan
1.762500000000000000e+01 nan
1.767500000000000426e+01 nan
1.772500000000000142e+01 nan
1.777499999999999858e+01 nan
1.782500000000000284e+01 nan
1.787500000000000000e+01 nan
1.792500000000000426e+01 nan
1.797500000000000142e+01 nan
