# r_minus_2Rs_A, PMF_over_kBT
-5.386500000000000732e-01 2.227162048712057185e+01
-5.245079160000001295e-01 2.780251853595521183e+01
-5.103658320000001858e-01 3.326657014609671137e+01
-4.962237489999998807e-01 3.859567418741293920e+01
-4.820816649999999370e-01 4.368346452361017640e+01
-4.679395809999999933e-01 4.281644878859886916e+01
-4.537974970000000496e-01 4.140470521214578525e+01
-4.396554130000001059e-01 3.930407749282284158e+01
-4.255133290000001622e-01 3.642790737356052233e+01
-4.113712459999998572e-01 3.277835474026161933e+01
-3.972291619999999135e-01 2.845704131754724742e+01
-3.830870779999999698e-01 2.364976225688931422e+01
-3.689449940000000261e-01 1.859623931234527561e+01
-3.548029100000000824e-01 1.355307358136517948e+01
-3.406608270000002214e-01 8.758883926425463429e+00
-3.265187429999998336e-01 4.405786120507918291e+00
-3.123766589999998899e-01 6.162582278353303522e-01
-2.982345749999999462e-01 -2.566239296385068869e+00
-2.840924910000000025e-01 -5.173280307333309125e+00
-2.699504070000000588e-01 -7.287376989056408405e+00
-2.558083240000001979e-01 -9.008973371019068921e+00
-2.416662399999998101e-01 -1.042535941979530278e+01
-2.275241559999998664e-01 -1.159337504093909743e+01
-2.133820719999999227e-01 -1.254177117907319783e+01
-1.992399879999999790e-01 -1.328582444692092857e+01
-1.850979050000001180e-01 -1.384318166997675803e+01
-1.709558210000001743e-01 -1.423861444167194534e+01
-1.568137369999997865e-01 -1.450056042055880923e+01
-1.426716529999998428e-01 -1.465385538895659678e+01
-1.285295689999998991e-01 -1.471805526320978430e+01
-1.143874849999999554e-01 -1.470881504426676933e+01
-1.002454020000000945e-01 -1.464120373165151534e+01
-8.610331800000015079e-02 -1.452660361629971497e+01
-7.196123400000020709e-02 -1.437129656952782497e+01
-5.781914999999981930e-02 -1.417717560878154259e+01
-4.367706599999987560e-02 -1.394615287231167855e+01
-2.953498300000001464e-02 -1.368617406401780201e+01
-1.539289900000007094e-02 -1.340803372651546255e+01
-1.250815000000127242e-03 -1.312155817333472285e+01
1.289126899999981646e-02 -1.282975469805084323e+01
2.703335300000020425e-02 -1.253240852342692691e+01
4.117543699999970386e-02 -1.222996464521939153e+01
5.531752000000000891e-02 -1.192731338824686205e+01
6.945960400000039670e-02 -1.163107064311065386e+01
8.360168799999989631e-02 -1.134363986661588974e+01
9.774377200000028409e-02 -1.106194926672605661e+01
1.118858559999997837e-01 -1.078014628239824191e+01
1.260279390000000888e-01 -1.049609706182385338e+01
1.401700229999995884e-01 -1.021309158888057311e+01
1.543121069999999762e-01 -9.936744464052891246e+00
1.684541910000003639e-01 -9.669754255337076998e+00
1.825962749999998636e-01 -9.411061016105019661e+00
1.967383590000002513e-01 -9.157606811167942951e+00
2.108804419999996682e-01 -8.907606577522365399e+00
2.250225260000000560e-01 -8.660802926727335205e+00
2.391646100000004438e-01 -8.417756216293057037e+00
2.533066939999999434e-01 -8.178297186904373461e+00
2.674487780000003312e-01 -7.940906764027720222e+00
2.815908609999997481e-01 -7.704693226644308446e+00
2.957329450000001358e-01 -7.469081902247607374e+00
3.098750289999996355e-01 -7.235199499548865987e+00
3.240171130000000232e-01 -7.005219560671815948e+00
3.381591970000004110e-01 -6.782821590639569465e+00
3.523012809999999106e-01 -6.570409861663637052e+00
3.664433640000002157e-01 -6.368492209695474138e+00
3.805854479999997153e-01 -6.175909267297763350e+00
3.947275320000001031e-01 -5.990870425677417010e+00
4.088696159999996027e-01 -5.812286556918608404e+00
4.230116999999999905e-01 -5.638352705264334297e+00
4.371537830000002955e-01 -5.466804313276393934e+00
4.512958669999997952e-01 -5.295293653281335722e+00
4.654379510000001829e-01 -5.123339466537113474e+00
4.795800349999996826e-01 -4.952934317362268857e+00
4.937221190000000703e-01 -4.787922573922095637e+00
5.078642029999995700e-01 -4.630567318807058186e+00
5.220062859999998750e-01 -4.480625058970190366e+00
5.361483700000002628e-01 -4.336609835381586286e+00
5.502904539999997624e-01 -4.198194014576365873e+00
5.644325380000001502e-01 -4.067302873315552958e+00
5.785746219999996498e-01 -3.945866068090393419e+00
5.927167049999999549e-01 -3.832902191772737055e+00
6.068587890000003426e-01 -3.723663603928635268e+00
6.210008729999998422e-01 -3.613367117574121323e+00
6.351429570000002300e-01 -3.501035636045008559e+00
6.492850409999997296e-01 -3.390156623952323756e+00
6.634271250000001174e-01 -3.285739255017585236e+00
6.775692080000004225e-01 -3.190792936847365979e+00
6.917112919999999221e-01 -3.104147196079740212e+00
7.058533760000003099e-01 -3.022561672511471897e+00
7.199954599999998095e-01 -2.945680633121313008e+00
7.341375440000001973e-01 -2.876748071732454726e+00
7.482796269999996142e-01 -2.819428870991262492e+00
7.624217110000000019e-01 -2.775722981548447876e+00
7.765637950000003897e-01 -2.744004962693414207e+00
7.907058789999998893e-01 -2.718900147770930253e+00
8.048479630000002771e-01 -2.694175921111472860e+00
8.189900469999997767e-01 -2.664916669090873214e+00
8.331321300000000818e-01 -2.628075720064492415e+00
8.472742139999995814e-01 -2.584257632908019353e+00
8.614162979999999692e-01 -2.536541666143065754e+00
8.755583820000003570e-01 -2.485994278096345766e+00
8.897004659999998566e-01 -2.430803234623415854e+00
9.038425490000001616e-01 -2.368506936576449284e+00
9.179846329999996613e-01 -2.300343605110998446e+00
9.321267170000000490e-01 -2.231956810069174679e+00
9.462688010000004368e-01 -2.169795184426903667e+00
9.604108849999999364e-01 -2.112882524617861080e+00
9.745529690000003242e-01 -2.051488141430266587e+00
9.886950519999997411e-01 -1.976654774939247794e+00
1.002837136000000129e+00 -1.889024414989710188e+00
1.016979219999999628e+00 -1.799919888384741817e+00
1.031121304000000016e+00 -1.721321065663923733e+00
1.045263388000000404e+00 -1.657102347210916982e+00
1.059405470999999821e+00 -1.600747012500084665e+00
1.073547555000000209e+00 -1.546009781206295841e+00
1.087689638999999708e+00 -1.494769586433074338e+00
1.101831723000000096e+00 -1.454290542222621774e+00
1.115973806999999596e+00 -1.427909599530837070e+00
1.130115890999999984e+00 -1.408332294219215797e+00
1.144257974000000289e+00 -1.381159646017604103e+00
1.158400057999999788e+00 -1.336370559496968369e+00
1.172542142000000176e+00 -1.275259213997945729e+00
1.186684225999999676e+00 -1.206327202834186707e+00
1.200826310000000063e+00 -1.138584572138686468e+00
1.214968393000000368e+00 -1.075831656404924175e+00
1.229110476999999868e+00 -1.017281321206208844e+00
1.243252561000000256e+00 -9.611230803005383905e-01
1.257394644999999755e+00 -9.100634005581706987e-01
1.271536729000000143e+00 -8.689845976194794375e-01
1.285678812999999643e+00 -8.424277784012845771e-01
1.299820895999999948e+00 -8.310339877996479885e-01
1.313962980000000336e+00 -8.289331053133004445e-01
1.328105063999999835e+00 -8.255715501316860383e-01
1.342247148000000223e+00 -8.125379796983693836e-01
1.356389231999999723e+00 -7.898865054896768712e-01
1.370531315000000028e+00 -7.635866675919427138e-01
1.384673399000000416e+00 -7.420077940304610209e-01
1.398815482999999915e+00 -7.286989472344576058e-01
1.412957567000000303e+00 -7.207543676725141069e-01
1.427099650999999803e+00 -7.138066756444629846e-01
1.441241735000000190e+00 -7.091821768504926737e-01
1.455383817999999607e+00 -7.118554547371971353e-01
1.469525901999999995e+00 -7.258247730938469644e-01
1.483667986000000383e+00 -7.504344569450553948e-01
1.497810069999999882e+00 -7.778919020867380851e-01
1.511952154000000270e+00 -7.989274958616796596e-01
1.526094236999999687e+00 -8.086778699660959191e-01
1.540236321000000075e+00 -8.094381380011759219e-01
1.554378404999999574e+00 -8.058258333945476082e-01
1.568520488999999962e+00 -8.019882872274353147e-01
1.582662573000000350e+00 -7.986318176118096801e-01
1.596804656999999850e+00 -7.943152628384142488e-01
1.610946740000000155e+00 -7.887725592047951650e-01
1.625088823999999654e+00 -7.845294500678887673e-01
1.639230908000000042e+00 -7.855470793155250320e-01
1.653372992000000430e+00 -7.941756620358857433e-01
1.667515075999999929e+00 -8.101933804513539172e-01
1.681657159000000235e+00 -8.295629891476625772e-01
1.695799242999999734e+00 -8.478113119771615303e-01
1.709941327000000122e+00 -8.626871970815743751e-01
1.724083410999999622e+00 -8.748295945560782272e-01
1.738225495000000009e+00 -8.855618692178204299e-01
1.752367579000000397e+00 -8.948427673006316141e-01
1.766509661999999814e+00 -8.995253346037648257e-01
1.780651746000000202e+00 -8.963903070004715090e-01
1.794793829999999701e+00 -8.865040984238516941e-01
1.808935914000000089e+00 -8.743070039598119791e-01
1.823077997999999589e+00 -8.639939275521939521e-01
1.837220080999999894e+00 -8.552950772349117159e-01
1.851362165000000282e+00 -8.438545415483353906e-01
1.865504248999999781e+00 -8.261065429533474003e-01
1.879646333000000169e+00 -8.040781787194557495e-01
1.893788416999999669e+00 -7.822772846650600798e-01
1.907930501000000056e+00 -7.619026421730428211e-01
1.922072584000000361e+00 -7.394842998860742256e-01
1.936214667999999861e+00 -7.110852416386199693e-01
1.950356752000000249e+00 -6.765976983120056687e-01
1.964498835999999748e+00 -6.413142702860881172e-01
1.978640920000000136e+00 -6.095847764318786943e-01
1.992783003000000441e+00 -5.796406545077532613e-01
2.006925086999999941e+00 -5.459241628954911718e-01
2.021067171000000329e+00 -5.058619343408441438e-01
2.035209254999999828e+00 -4.629363052270214496e-01
2.049351339000000216e+00 -4.222114589961032394e-01
2.063493422999999716e+00 -3.858586759049069670e-01
2.077635506000000021e+00 -3.496964774604487403e-01
2.091777590000000409e+00 -3.090333617751204187e-01
2.105919673999999908e+00 -2.645678200974534988e-01
2.120061758000000296e+00 -2.226125212029064215e-01
2.134203841999999796e+00 -1.892411507063380682e-01
2.148345925000000101e+00 -1.638564280736973799e-01
2.162488008999999600e+00 -1.395456638391303628e-01
2.176630092999999988e+00 -1.104094281879293149e-01
2.190772177000000376e+00 -7.747234635737143549e-02
2.204914260999999875e+00 -4.851527867452531950e-02
2.219056345000000263e+00 -3.222505869760361463e-02
2.233198427999999680e+00 -2.990518410129183735e-02
2.247340512000000068e+00 -3.523956768066671685e-02
2.261482595999999567e+00 -4.006192017061849242e-02
2.275624679999999955e+00 -4.082343931745224808e-02
2.289766764000000343e+00 -3.906350999518881650e-02
2.303908846999999760e+00 -3.816871347771666478e-02
2.318050931000000148e+00 -3.830501142739262121e-02
2.332193014999999647e+00 -3.499765673951227285e-02
2.346335099000000035e+00 -2.576897345762763081e-02
2.360477183000000423e+00 -1.385325810497484156e-02
2.374619266999999923e+00 -7.631313953267770955e-03
2.388761350000000228e+00 -1.541227529345245983e-02
2.402903433999999727e+00 -4.047416037845685821e-02
2.417045518000000115e+00 -7.919684278939342903e-02
2.431187601999999615e+00 -1.236631466393811607e-01
2.445329686000000002e+00 -1.678403641066665841e-01
2.459471769000000307e+00 -2.100609909993593760e-01
2.473613852999999807e+00 -2.519750925156127863e-01
2.487755937000000195e+00 -2.952401653816760785e-01
2.501898020999999694e+00 -3.386350227656054201e-01
2.516040105000000082e+00 -3.765891415795481478e-01
2.530182188999999582e+00 -4.038697983598913410e-01
2.544324271999999887e+00 -4.199625667621971203e-01
2.558466356000000275e+00 -4.296314598619543901e-01
2.572608439999999774e+00 -4.383907771265764808e-01
2.586750524000000162e+00 -4.469743467089060118e-01
2.600892607999999662e+00 -4.505229600091817943e-01
2.615034692000000049e+00 -4.442258565866286091e-01
2.629176775000000355e+00 -4.304852308470659139e-01
2.643318858999999854e+00 -4.190283238614513905e-01
2.657460943000000242e+00 -4.200615587619189739e-01
2.671603026999999742e+00 -4.361979422405388718e-01
2.685745111000000129e+00 -4.604011690141538438e-01
2.699887194000000434e+00 -4.819490627149400908e-01
2.714029277999999934e+00 -4.945053453564112189e-01
2.728171362000000322e+00 -4.998896212503414205e-01
2.742313445999999821e+00 -5.039698032084274359e-01
2.756455530000000209e+00 -5.089869166232281472e-01
2.770597613999999709e+00 -5.115441232492523582e-01
2.784739697000000014e+00 -5.057344719212659712e-01
2.798881781000000402e+00 -4.887921958596184169e-01
2.813023864999999901e+00 -4.649400646776822299e-01
2.827165949000000289e+00 -4.423149103995109854e-01
2.841308032999999789e+00 -4.261148306320459156e-01
2.855450116000000094e+00 -4.144656563930970705e-01
2.869592199999999593e+00 -4.009045267362578713e-01
2.883734283999999981e+00 -3.784863365416253345e-01
2.897876368000000369e+00 -3.448487222321148238e-01
2.912018451999999868e+00 -3.034141174699991339e-01
2.926160536000000256e+00 -2.609867388720505943e-01
2.940302618999999673e+00 -2.239680970489290601e-01
2.954444703000000061e+00 -1.955716174616517478e-01
2.968586786999999561e+00 -1.755653343630534380e-01
2.982728870999999948e+00 -1.623979177858352330e-01
2.996870955000000336e+00 -1.554677702609073009e-01
3.011013037999999753e+00 -1.554789199697950153e-01
3.025155122000000141e+00 -1.626383968188838125e-01
3.039297205999999640e+00 -1.746542894263569679e-01
3.053439290000000028e+00 -1.864475063209605210e-01
3.067581374000000416e+00 -1.926023405120602661e-01
3.081723457999999916e+00 -1.904799216550276952e-01
3.095865541000000221e+00 -1.815841470891665921e-01
3.110007624999999720e+00 -1.707114817290582565e-01
3.124149709000000108e+00 -1.634211328110692918e-01
3.138291792999999608e+00 -1.625484997871158299e-01
3.152433876999999995e+00 -1.665090471699040009e-01
3.166575960000000300e+00 -1.705184994612558569e-01
3.180718043999999800e+00 -1.703937049660888547e-01
3.194860128000000188e+00 -1.653256692335194344e-01
3.209002211999999687e+00 -1.581237338348788768e-01
3.223144296000000075e+00 -1.522045102910558612e-01
3.237286379999999575e+00 -1.480778317526665333e-01
3.251428462999999880e+00 -1.441519535527087115e-01
3.265570547000000268e+00 -1.394160734229732412e-01
3.279712630999999767e+00 -1.348597841424128418e-01
3.293854715000000155e+00 -1.333871111752378269e-01
3.307996798999999655e+00 -1.360434398688949997e-01
3.322138881999999960e+00 -1.415722586098748792e-01
3.336280966000000348e+00 -1.479539032807188903e-01
3.350423049999999847e+00 -1.554380631229008713e-01
3.364565134000000235e+00 -1.659726719328666888e-01
3.378707217999999735e+00 -1.812501692497514583e-01
3.392849302000000122e+00 -2.011029217116853118e-01
3.406991385000000427e+00 -2.222534718328885717e-01
3.421133468999999927e+00 -2.421062904805220128e-01
3.435275553000000315e+00 -2.606562291991547653e-01
3.449417636999999814e+00 -2.805230736575783368e-01
3.463559721000000202e+00 -3.033207385867333628e-01
3.477701803999999619e+00 -3.277467893241654551e-01
3.491843888000000007e+00 -3.483143711077136828e-01
3.505985972000000395e+00 -3.591664096181119703e-01
3.520128055999999894e+00 -3.596729253995416542e-01
3.534270140000000282e+00 -3.544624376302163427e-01
3.548412223999999782e+00 -3.490184788645205316e-01
3.562554307000000087e+00 -3.449334228410574354e-01
3.576696390999999586e+00 -3.385764024456268118e-01
3.590838474999999974e+00 -3.249397610666813208e-01
3.604980559000000362e+00 -3.050529373346275719e-01
3.619122642999999862e+00 -2.863000695739490453e-01
3.633264726000000167e+00 -2.759274618652947098e-01
3.647406809999999666e+00 -2.759644914017060913e-01
3.661548894000000054e+00 -2.831775153237501286e-01
3.675690978000000442e+00 -2.935838907839807277e-01
3.689833061999999941e+00 -3.072176417841498974e-01
3.703975146000000329e+00 -3.269631352064656937e-01
3.718117228999999746e+00 -3.522550832977877633e-01
3.732259313000000134e+00 -3.764653964734705482e-01
3.746401396999999633e+00 -3.909433332199778732e-01
3.760543481000000021e+00 -3.918242722556106727e-01
3.774685565000000409e+00 -3.805080411743135826e-01
3.788827647999999826e+00 -3.613372391220979196e-01
3.802969732000000214e+00 -3.369044964094305428e-01
3.817111815999999713e+00 -3.083106116710547795e-01
3.831253900000000101e+00 -2.791649691873105965e-01
3.845395983999999601e+00 -2.571657750782003760e-01
3.859538067999999988e+00 -2.490351286560619215e-01
3.873680151000000293e+00 -2.541246600698219282e-01
3.887822234999999793e+00 -2.656750840786514800e-01
3.901964319000000181e+00 -2.753535312437112026e-01
3.916106402999999681e+00 -2.799603362198919143e-01
3.930248487000000068e+00 -2.825945817204074118e-01
3.944390570000000373e+00 -2.862088300655383222e-01
3.958532653999999873e+00 -2.893147560190163503e-01
3.972674738000000261e+00 -2.884765757240330686e-01
3.986816821999999760e+00 -2.836634204750154709e-01
4.000958905999999260e+00 -2.785444753329828771e-01
4.015100990000000536e+00 -2.762626240254659749e-01
4.029243072999999953e+00 -2.750624807831307805e-01
4.043385156999999452e+00 -2.700028323412144715e-01
4.057527241000000728e+00 -2.591830818720568530e-01
4.071669325000000228e+00 -2.469018337303472421e-01
4.085811408999999728e+00 -2.392307701579259316e-01
4.099953491999999144e+00 -2.369619608983448700e-01
4.114095576000000420e+00 -2.353196419992178434e-01
4.128237659999999920e+00 -2.306521518469519805e-01
4.142379743999999420e+00 -2.244471142922170870e-01
4.156521828000000696e+00 -2.206930482349065414e-01
4.170663912000000195e+00 -2.203878728455359592e-01
4.184805994999999612e+00 -2.183595094007300119e-01
4.198948079000000888e+00 -2.100244703833151760e-01
4.213090163000000388e+00 -1.981147868008434898e-01
4.227232246999999887e+00 -1.904821801907248258e-01
4.241374330999999387e+00 -1.906403867427011178e-01
4.255516414000000580e+00 -1.946733512695013602e-01
4.269658498000000080e+00 -1.945172590720014583e-01
4.283800581999999579e+00 -1.862999635887074845e-01
4.297942666000000855e+00 -1.746023466169015492e-01
4.312084750000000355e+00 -1.646939033832692800e-01
4.326226833999999855e+00 -1.563026659900286219e-01
4.340368916999999271e+00 -1.443003454106088768e-01
4.354511001000000547e+00 -1.270262878496195569e-01
4.368653085000000047e+00 -1.095524959312665914e-01
4.382795168999999547e+00 -9.949263199655433709e-02
4.396937253000000823e+00 -9.905505157898630841e-02
4.411079336000000239e+00 -1.024469830215757327e-01
4.425221419999999739e+00 -1.012259267597057644e-01
4.439363503999999239e+00 -9.237127539175293833e-02
4.453505588000000515e+00 -7.989828825401623646e-02
4.467647672000000014e+00 -6.794891552530035739e-02
4.481789755999999514e+00 -5.701176054300205465e-02
4.495931839000000707e+00 -4.448092437835082791e-02
4.510073923000000207e+00 -2.913911155296489142e-02
4.524216006999999706e+00 -1.244573671009785443e-02
4.538358090999999206e+00 1.505521441318435905e-03
4.552500175000000482e+00 1.175465003963438448e-02
4.566642257999999899e+00 2.024329293619508974e-02
4.580784341999999398e+00 2.803307141406552461e-02
4.594926426000000674e+00 3.551485008344990035e-02
4.609068510000000174e+00 4.171170214649233543e-02
4.623210593999999674e+00 4.575512658136560162e-02
4.637352677999999173e+00 4.528255018202909099e-02
4.651494761000000366e+00 3.855141927434058147e-02
4.665636844999999866e+00 2.568872367523944433e-02
4.679778928999999366e+00 1.216086373219305017e-02
4.693921013000000642e+00 7.303503635594843502e-03
4.708063097000000141e+00 1.728254455904920661e-02
4.722205179999999558e+00 3.949702745946215288e-02
4.736347264000000834e+00 6.549484766827085025e-02
4.750489348000000334e+00 8.949470578522156217e-02
4.764631431999999833e+00 1.121931155248026002e-01
4.778773515999999333e+00 1.389215086406947464e-01
4.792915600000000609e+00 1.705981059987431436e-01
4.807057683000000026e+00 2.003409917134293394e-01
4.821199766999999525e+00 2.186188893635039321e-01
4.835341851000000801e+00 2.237611679033770784e-01
4.849483935000000301e+00 2.229485583610593125e-01
4.863626018999999800e+00 2.255363732702297952e-01
4.877768101999999217e+00 2.359970359208780621e-01
4.891910186000000493e+00 2.494686676939581460e-01
4.906052269999999993e+00 2.572201995987448697e-01
4.920194353999999493e+00 2.536325956040990093e-01
4.934336438000000769e+00 2.405892272388090447e-01
4.948478522000000268e+00 2.235821493429188678e-01
4.962620604999999685e+00 2.080173261406565999e-01
4.976762688999999185e+00 1.952419332609585112e-01
4.990904773000000461e+00 1.817255620369095936e-01
5.005046856999999960e+00 1.642559236215301866e-01
5.019188940999999460e+00 1.438297176148166656e-01
5.033331024000000653e+00 1.266450708294861727e-01
5.047473108000000153e+00 1.190986381754584045e-01
5.061615191999999652e+00 1.231134887118177090e-01
5.075757275999999152e+00 1.325060117209408972e-01
5.089899360000000428e+00 1.373349230815650301e-01
5.104041443999999927e+00 1.319314363435983850e-01
5.118183526999999344e+00 1.183677491245740399e-01
5.132325611000000620e+00 1.040780289996403596e-01
5.146467695000000120e+00 9.592859022127164792e-02
5.160609778999999619e+00 9.516301299490503851e-02
5.174751862999999119e+00 9.772830630088957804e-02
5.188893946000000312e+00 1.001870690786121898e-01
5.203036029999999812e+00 1.040582980478488295e-01
5.217178113999999312e+00 1.140048592431321950e-01
5.231320198000000588e+00 1.315832557016802795e-01
5.245462282000000087e+00 1.515943675447291028e-01
5.259604365999999587e+00 1.626549645048323001e-01
5.273746449000000780e+00 1.569870532909574123e-01
5.287888533000000280e+00 1.365785775093053545e-01
5.302030616999999779e+00 1.111440211580925208e-01
5.316172700999999279e+00 9.018493370824565147e-02
5.330314785000000555e+00 7.608543147507074167e-02
5.344456867999999972e+00 6.517271025303461585e-02
5.358598951999999471e+00 5.412333636427302253e-02
5.372741036000000747e+00 4.593266754638136717e-02
5.386883120000000247e+00 4.671777225412299117e-02
5.401025203999999746e+00 5.908252780390110814e-02
5.415167287999999246e+00 7.885502064385185861e-02
5.429309371000000439e+00 9.804669049401582015e-02
5.443451454999999939e+00 1.106867494593064549e-01
5.457593538999999438e+00 1.171605776219291073e-01
5.471735623000000714e+00 1.220411673142836051e-01
5.485877707000000214e+00 1.304155596531968442e-01
5.500019789999999631e+00 1.422388887867054308e-01
5.514161873999999131e+00 1.531667281051518614e-01
5.528303958000000407e+00 1.582030296759926458e-01
5.542446041999999906e+00 1.557424430624854139e-01
5.556588125999999406e+00 1.499022907249054626e-01
5.570730210000000682e+00 1.470598832914626897e-01
5.584872293000000099e+00 1.504769888606105610e-01
5.599014376999999598e+00 1.563822816288116258e-01
5.613156461000000874e+00 1.574085079676530441e-01
5.627298545000000374e+00 1.487714387599616828e-01
5.641440628999999873e+00 1.331841330320635564e-01
5.655582711999999290e+00 1.191109568770984950e-01
5.669724796000000566e+00 1.132227686996376548e-01
5.683866880000000066e+00 1.157920241330430144e-01
5.698008963999999565e+00 1.227668522783353922e-01
5.712151048000000841e+00 1.301049043299284946e-01
5.726293132000000341e+00 1.372074175570290322e-01
5.740435214999999758e+00 1.448077784777499488e-01
5.754577298999999257e+00 1.529756093887879587e-01
5.768719383000000533e+00 1.605248121852929089e-01
5.782861467000000033e+00 1.665390771473331810e-01
5.797003550999999533e+00 1.717418162507886592e-01
5.811145634000000726e+00 1.758649625736703470e-01
5.825287718000000226e+00 1.769848945742333868e-01
5.839429801999999725e+00 1.731743356844779314e-01
5.853571885999999225e+00 1.667035492594797219e-01
5.867713970000000501e+00 1.625093157502899288e-01
5.881856054000000000e+00 1.640483860409407413e-01
5.895998136999999417e+00 1.690261443007852193e-01
5.910140221000000693e+00 1.694164658032430992e-01
5.924282305000000193e+00 1.594861347787093209e-01
5.938424388999999692e+00 1.409324481998055489e-01
5.952566472999999192e+00 1.211525039321452724e-01
5.966708556000000385e+00 1.062073593333918708e-01
5.980850639999999885e+00 9.625510682286897435e-02
5.994992723999999384e+00 8.690353008673490365e-02
6.009134808000000660e+00 7.512612322163736422e-02
6.023276892000000160e+00 6.201603645479458748e-02
6.037418975999999660e+00 5.096996722370406019e-02
6.051561059000000853e+00 4.404715302925321652e-02
6.065703143000000352e+00 4.114412151131396911e-02
6.079845226999999852e+00 4.133798523790055413e-02
6.093987310999999352e+00 4.403180774730497404e-02
6.108129395000000628e+00 4.828245992580892931e-02
6.122271478000000045e+00 5.076001005754982032e-02
6.136413561999999544e+00 4.789118471787112696e-02
6.150555646000000820e+00 3.830032755793943977e-02
6.164697730000000320e+00 2.437355538464114346e-02
6.178839813999999819e+00 1.001018033111567007e-02
6.192981897999999319e+00 -3.544165998292214681e-03
6.207123981000000512e+00 -1.797715435157432040e-02
6.221266065000000012e+00 -3.617778872239263421e-02
6.235408148999999511e+00 -5.728687156017731041e-02
6.249550233000000787e+00 -7.612832611622888379e-02
6.263692317000000287e+00 -8.722397683909832722e-02
6.277834399999999704e+00 -8.983047335775573572e-02
6.291976483999999203e+00 -8.825677797420716786e-02
6.306118568000000479e+00 -8.693416800907449726e-02
6.320260651999999979e+00 -8.582027068871500575e-02
6.334402735999999479e+00 -7.955706113709481997e-02
6.348544820000000755e+00 -6.313786129464382668e-02
6.362686903000000171e+00 -3.700940351525527916e-02
6.376828986999999671e+00 -8.344147589788519781e-03
6.390971070999999171e+00 1.383014243164382151e-02
6.405113155000000447e+00 2.481439960214437690e-02
6.419255238999999946e+00 2.729903029662850145e-02
6.433397321999999363e+00 2.608389700210089757e-02
6.447539406000000639e+00 2.372248743902627410e-02
6.461681490000000139e+00 2.014721689204979072e-02
6.475823573999999638e+00 1.433787235583761088e-02
6.489965657999999138e+00 7.811488896959595252e-03
6.504107742000000414e+00 4.994723316373850253e-03
6.518249824999999831e+00 9.383429424101308314e-03
6.532391908999999330e+00 1.865361956301292423e-02
6.546533993000000606e+00 2.670832020658941985e-02
6.560676077000000106e+00 2.695563606225270803e-02
6.574818160999999606e+00 1.757814693617198998e-02
6.588960244000000799e+00 1.947495361522832980e-03
6.603102328000000298e+00 -1.427970169845060866e-02
6.617244411999999798e+00 -2.734505068208292755e-02
6.631386495999999298e+00 -3.671639873437371193e-02
6.645528580000000574e+00 -4.278415541068358863e-02
6.659670664000000073e+00 -4.548524223937278066e-02
6.673812746999999490e+00 -4.307071905933668177e-02
6.687954831000000766e+00 -3.532622540052887672e-02
6.702096915000000266e+00 -2.496071472421856896e-02
6.716238998999999765e+00 -1.697776080457025216e-02
6.730381082999999265e+00 -1.504319634671258399e-02
6.744523166000000458e+00 -1.872171681077894334e-02
6.758665249999999958e+00 -2.536454967556700524e-02
6.772807333999999457e+00 -3.241355404543799779e-02
6.786949418000000733e+00 -3.867025327731443696e-02
6.801091502000000233e+00 -4.520521055635917662e-02
6.815233585999999733e+00 -5.123515926442223645e-02
6.829375668999999149e+00 -5.361426141367253706e-02
6.843517753000000425e+00 -4.990202870557425285e-02
6.857659836999999925e+00 -3.890981709307173020e-02
6.871801920999999425e+00 -2.140981606640490753e-02
6.885944005000000701e+00 1.100186923358670299e-03
6.900086088000000117e+00 2.558195344605174171e-02
6.914228171999999617e+00 4.937728418457698609e-02
6.928370255999999117e+00 7.016051481085838759e-02
6.942512340000000393e+00 8.683405384337117283e-02
6.956654423999999892e+00 1.002935783607812326e-01
6.970796507999999392e+00 1.104145647631717964e-01
6.984938591000000585e+00 1.145156640487483557e-01
6.999080675000000085e+00 1.086863651086868998e-01
7.013222758999999584e+00 9.180721774623723519e-02
7.027364843000000860e+00 6.805515113186189069e-02
7.041506927000000360e+00 4.345944034840965031e-02
7.055649009999999777e+00 2.183932933990817560e-02
7.069791093999999276e+00 2.082232778911397020e-03
7.083933178000000552e+00 -2.038663918758398808e-02
7.098075262000000052e+00 -4.652226517674762363e-02
7.112217345999999552e+00 -7.300237024433720023e-02
7.126359430000000827e+00 -9.459434576801761807e-02
7.140501513000000244e+00 -1.084286651377528443e-01
7.154643596999999744e+00 -1.162919796554913177e-01
7.168785680999999244e+00 -1.228969608380205969e-01
7.182927765000000520e+00 -1.316229761563230127e-01
7.197069849000000019e+00 -1.415559239410884018e-01
7.211211931999999436e+00 -1.490635109184372808e-01
7.225354016000000712e+00 -1.504714419545303272e-01
7.239496100000000212e+00 -1.455875374073913875e-01
7.253638183999999711e+00 -1.381802455907124028e-01
7.267780267999999211e+00 -1.333759814169557245e-01
7.281922352000000487e+00 -1.322410378929586017e-01
7.296064434999999904e+00 -1.310035511645617490e-01
7.310206518999999403e+00 -1.244416446430447465e-01
7.324348603000000679e+00 -1.110600834041415297e-01
7.338490687000000179e+00 -9.458644283156036892e-02
7.352632770999999678e+00 -8.058931239255251455e-02
7.366774854000000872e+00 -7.241921398070516602e-02
7.380916938000000371e+00 -6.841038746609484633e-02
7.395059021999999871e+00 -6.632643611256394678e-02
7.409201105999999371e+00 -6.556347726672839826e-02
7.423343190000000646e+00 -6.682274503424956436e-02
7.437485274000000146e+00 -7.001473709744221452e-02
7.451627356999999563e+00 -7.272710717863617447e-02
7.465769441000000839e+00 -7.163761997400275305e-02
7.479911525000000339e+00 -6.549702910036270254e-02
7.494053608999999838e+00 -5.567444799766629870e-02
7.508195692999999338e+00 -4.540092386497551757e-02
7.522337776000000531e+00 -3.752876664902249360e-02
7.536479860000000031e+00 -3.370528846444198479e-02
7.550621943999999530e+00 -3.423901223776049108e-02
7.564764028000000806e+00 -3.985808578292182602e-02
7.578906112000000306e+00 -5.104115447844570497e-02
7.593048195999999805e+00 -6.644014243929685648e-02
7.607190278999999222e+00 -8.296153497966773926e-02
7.621332363000000498e+00 -9.642238596705166032e-02
7.635474446999999998e+00 -1.052457828652482164e-01
7.649616530999999497e+00 -1.117741998957901828e-01
7.663758615000000773e+00 -1.205400774569298505e-01
7.677900698000000190e+00 -1.329199983708670985e-01
7.692042781999999690e+00 -1.442052037547041365e-01
7.706184865999999190e+00 -1.474230600524366608e-01
7.720326950000000465e+00 -1.404531024647397430e-01
7.734469033999999965e+00 -1.276081650463485317e-01
7.748611117999999465e+00 -1.152796499418862197e-01
7.762753201000000658e+00 -1.049610795254878326e-01
7.776895285000000158e+00 -9.307099698156129364e-02
7.791037368999999657e+00 -7.566163360528932458e-02
7.805179452999999157e+00 -5.429700035201445729e-02
7.819321537000000433e+00 -3.504659919086705600e-02
7.833463619999999850e+00 -2.201824822352982380e-02
7.847605703999999349e+00 -1.478482658661484095e-02
7.861747788000000625e+00 -8.634739226452303740e-03
7.875889872000000125e+00 -5.053629605722420592e-05
7.890031955999999624e+00 1.139175513374457438e-02
7.904174039999999124e+00 2.282593248418951504e-02
7.918316123000000317e+00 3.103771311015801615e-02
7.932458206999999817e+00 3.449142000888816284e-02
7.946600290999999316e+00 3.303685032646264119e-02
7.960742375000000592e+00 2.851137477534670950e-02
7.974884459000000092e+00 2.324087741060587575e-02
7.989026541999999509e+00 1.824084647831636374e-02
8.003168626000000785e+00 1.229228919143654508e-02
8.017310710000000284e+00 3.819393405796844831e-03
8.031452793999999784e+00 -8.277251131170615395e-03
8.045594877999999284e+00 -2.352605739560775788e-02
8.059736962000000560e+00 -3.964369451552673951e-02
8.073879044999999977e+00 -5.386761668352502141e-02
8.088021128999999476e+00 -6.484935035213545973e-02
8.102163213000000752e+00 -7.277289975904910335e-02
8.116305297000000252e+00 -7.898820251040028495e-02
8.130447380999999751e+00 -8.476625931987502582e-02
8.144589463999999168e+00 -9.013104687052120312e-02
8.158731548000000444e+00 -9.304247400581999727e-02
8.172873631999999944e+00 -9.165076908676805800e-02
8.187015715999999443e+00 -8.730399406520827910e-02
8.201157800000000719e+00 -8.395434555140557364e-02
8.215299884000000219e+00 -8.543152808054532699e-02
8.229441966999999636e+00 -9.208104108942638533e-02
8.243584050999999135e+00 -9.983036191907324053e-02
8.257726135000000411e+00 -1.051596039200903832e-01
8.271868218999999911e+00 -1.093492912302691522e-01
8.286010302999999411e+00 -1.167774572226107921e-01
8.300152386000000604e+00 -1.291514059160494554e-01
8.314294470000000103e+00 -1.430469881657376874e-01
8.328436553999999603e+00 -1.530292196660925086e-01
8.342578638000000879e+00 -1.558930882494120596e-01
8.356720722000000379e+00 -1.546424014058480623e-01
8.370862805999999878e+00 -1.534751301945522783e-01
8.385004888999999295e+00 -1.532395757359914512e-01
8.399146973000000571e+00 -1.513063078605014766e-01
8.413289057000000071e+00 -1.453209033744204959e-01
8.427431140999999570e+00 -1.368789018062157581e-01
8.441573225000000846e+00 -1.296945809505176683e-01
8.455715308000000263e+00 -1.265296877954913413e-01
8.469857391999999763e+00 -1.248669855188060396e-01
8.483999475999999262e+00 -1.193478497172657526e-01
8.498141560000000538e+00 -1.070428594146060064e-01
8.512283644000000038e+00 -8.881670925963636165e-02
8.526425727999999538e+00 -6.900302101754807182e-02
8.540567811000000731e+00 -5.174097425525925331e-02
8.554709895000000230e+00 -3.851469515203920224e-02
8.568851978999999730e+00 -2.847851280983260125e-02
8.582994062999999230e+00 -2.082464588588628374e-02
8.597136147000000506e+00 -1.632278688806376721e-02
8.611278231000000005e+00 -1.478938560136988656e-02
8.625420313999999422e+00 -1.498009138594280643e-02
8.639562398000000698e+00 -1.513802843968647949e-02
8.653704482000000198e+00 -1.292807132171613915e-02
8.667846565999999697e+00 -6.479772796396332524e-03
8.681988649999999197e+00 5.813555462459873979e-03
8.696130733000000390e+00 2.450431323377522119e-02
8.710272816999999890e+00 4.785733298018080006e-02
8.724414900999999389e+00 7.042834281077681169e-02
8.738556985000000665e+00 8.671787579667178392e-02
8.752699069000000165e+00 9.583487535234258559e-02
8.766841152999999665e+00 1.007417813257189820e-01
8.780983236000000858e+00 1.057196175393944060e-01
8.795125320000000357e+00 1.129621749143439047e-01
8.809267403999999857e+00 1.192080491727667280e-01
8.823409487999999357e+00 1.202839162191322586e-01
8.837551572000000633e+00 1.161642182108852950e-01
8.851693655000000049e+00 1.109055076298250953e-01
8.865835738999999549e+00 1.091874749654051513e-01
8.879977823000000825e+00 1.124228045800004239e-01
8.894119907000000325e+00 1.171646157991013126e-01
8.908261990999999824e+00 1.173159273242223577e-01
8.922404074999999324e+00 1.107864760653942682e-01
8.936546158000000517e+00 1.006061180699351354e-01
8.950688242000000017e+00 9.154734567771338760e-02
8.964830325999999516e+00 8.607597635348618326e-02
8.978972410000000792e+00 8.176281080918101907e-02
8.993114494000000292e+00 7.429620891400112725e-02
9.007256576999999709e+00 6.146178328145790459e-02
9.021398660999999208e+00 4.642867066306344270e-02
9.035540745000000484e+00 3.407086539351311671e-02
9.049682828999999984e+00 2.862488677167362994e-02
9.063824912999999484e+00 3.005879605344841110e-02
9.077966997000000759e+00 3.564441383309180367e-02
9.092109080000000176e+00 4.290208839181808287e-02
9.106251163999999676e+00 5.158759220718511784e-02
9.120393247999999176e+00 6.231676852783785137e-02
9.134535332000000452e+00 7.368359368863508507e-02
9.148677415999999951e+00 8.270914302144838359e-02
9.162819498999999368e+00 8.605018895785754296e-02
9.176961583000000644e+00 8.480552871384272606e-02
9.191103667000000144e+00 8.329987031493146787e-02
9.205245750999999643e+00 8.609498917117441863e-02
9.219387834999999143e+00 9.243283410159630620e-02
9.233529919000000419e+00 9.769126374820924497e-02
9.247672001999999836e+00 9.907829073152907284e-02
9.261814085999999335e+00 9.875591203023592612e-02
9.275956170000000611e+00 1.019899873305583071e-01
9.290098254000000111e+00 1.113700734375075996e-01
9.304240337999999610e+00 1.230495092185917017e-01
9.318382421000000804e+00 1.296424833834821655e-01
9.332524505000000303e+00 1.292841555564745448e-01
9.346666588999999803e+00 1.263566413332108951e-01
9.360808672999999303e+00 1.275356046625502060e-01
9.374950757000000579e+00 1.348226753219696761e-01
9.389092841000000078e+00 1.427212440416898431e-01
9.403234923999999495e+00 1.424719682735346993e-01
9.417377008000000771e+00 1.311374112795995472e-01
9.431519092000000271e+00 1.138648724175519433e-01
9.445661175999999770e+00 9.849186800283149523e-02
9.459803259999999270e+00 9.023911899493874955e-02
9.473945343000000463e+00 8.550635071215317851e-02
9.488087426999999963e+00 7.757501261431798412e-02
9.502229510999999462e+00 6.412133303632483461e-02
9.516371595000000738e+00 5.084936753815316735e-02
9.530513679000000238e+00 4.632859734737060364e-02
9.544655762999999737e+00 5.321239045142522883e-02
9.558797845999999154e+00 6.565093414111622394e-02
9.572939930000000430e+00 7.302439732443577469e-02
9.587082013999999930e+00 6.964426839292237048e-02
9.601224097999999429e+00 5.842851576065299923e-02
9.615366182000000705e+00 4.721455651889971961e-02
9.629508265000000122e+00 3.974037340848290967e-02
9.643650348999999622e+00 3.269111847416628081e-02
9.657792432999999122e+00 2.166837328135873264e-02
9.671934517000000398e+00 6.658138556913328898e-03
9.686076600999999897e+00 -5.905861239994258938e-03
9.700218684999999397e+00 -8.647605373530709016e-03
9.714360768000000590e+00 -2.343757674413637915e-03
9.728502852000000090e+00 3.623563353933434428e-03
9.742644935999999589e+00 1.172174021588645587e-04
9.756787020000000865e+00 -1.543478307440615538e-02
9.770929104000000365e+00 -3.777947145851889843e-02
9.785071186999999782e+00 -6.110317983781943241e-02
9.799213270999999281e+00 -8.349465905947273114e-02
9.813355355000000557e+00 -1.062511230302369825e-01
9.827497439000000057e+00 -1.273317697204161547e-01
9.841639522999999556e+00 -1.401837756258457190e-01
9.855781607000000832e+00 -1.384283661263943088e-01
9.869923690000000249e+00 -1.217636887480963992e-01
9.884065773999999749e+00 -9.834565214091917085e-02
9.898207857999999248e+00 -7.748778305027226310e-02
9.912349942000000524e+00 -6.350325803733714025e-02
9.926492026000000024e+00 -5.559654821026427385e-02
9.940634108999999441e+00 -5.139557902686142654e-02
9.954776193000000717e+00 -5.151299857443270014e-02
9.968918277000000217e+00 -5.803675767691363063e-02
9.983060360999999716e+00 -7.072240202745572191e-02
9.997202444999999216e+00 -8.468248229617447720e-02
1.001134452900000049e+01 -9.289686481083947456e-02
1.002548661199999991e+01 -9.139941772182957891e-02
1.003962869599999941e+01 -8.069740949663195551e-02
1.005377078000000068e+01 -6.405945766515497297e-02
1.006791286400000018e+01 -4.354886634710641857e-02
1.008205494799999968e+01 -2.035185146646423249e-02
1.009619703100000088e+01 3.673882832525343645e-03
1.011033911500000038e+01 2.474682945449302451e-02
1.012448119899999988e+01 3.939756098715196941e-02
1.013862328299999938e+01 4.754623353683928855e-02
1.015276536700000065e+01 5.104180678146885697e-02
1.016690745100000015e+01 4.947706893539471906e-02
1.018104953399999957e+01 4.004123929452596542e-02
1.019519161800000084e+01 1.973088522509858223e-02
1.020933370200000034e+01 -9.205444645759897071e-03
1.022347578599999984e+01 -3.710874650637574490e-02
1.023761786999999934e+01 -5.267529738089127278e-02
1.025175995300000054e+01 -5.142996315853398670e-02
1.026590203700000004e+01 -3.784920703357741445e-02
1.028004412099999954e+01 -1.872149574269510452e-02
1.029418620500000081e+01 1.943625400006254722e-03
1.030832828900000031e+01 2.611766820051375504e-02
1.032247037299999981e+01 5.604573961467629317e-02
1.033661245599999923e+01 8.903059010014846564e-02
1.035075454000000050e+01 1.169045546368492339e-01
1.036489662400000000e+01 1.329052378533761569e-01
1.037903870799999950e+01 1.369710198855802474e-01
1.039318079200000078e+01 1.334964190664518213e-01
1.040732287500000020e+01 1.272008755093629873e-01
1.042146495899999969e+01 1.190246118622342308e-01
1.043560704299999919e+01 1.076025686824992889e-01
1.044974912700000047e+01 9.213079585406447336e-02
1.046389121099999997e+01 7.437929005847010444e-02
1.047803329499999947e+01 5.629578635340592996e-02
1.049217537800000066e+01 3.793337217020642527e-02
1.050631746200000016e+01 1.895694091437238882e-02
1.052045954599999966e+01 1.708847414942482601e-03
1.053460162999999916e+01 -9.455766862648040672e-03
1.054874371400000044e+01 -9.653358868064287890e-03
1.056288579699999985e+01 1.963399132920429224e-03
1.057702788099999935e+01 2.114815273250769678e-02
1.059116996500000063e+01 4.207289736818253800e-02
1.060531204900000013e+01 6.276516038519197593e-02
1.061945413299999963e+01 8.524496092652089629e-02
1.063359621699999913e+01 1.099972381246665520e-01
1.064773830000000032e+01 1.326791486478899884e-01
1.066188038399999982e+01 1.443731799776024616e-01
1.067602246799999932e+01 1.394759569871357741e-01
1.069016455200000060e+01 1.211161361863046793e-01
1.070430663600000010e+01 9.881511438013657056e-02
1.071844871899999951e+01 8.009935499330111952e-02
1.073259080300000079e+01 6.545424495441487522e-02
1.074673288700000029e+01 5.198263539248326737e-02
1.076087497099999979e+01 3.939553176424936964e-02
1.077501705499999929e+01 3.229725616298217972e-02
1.078915913900000056e+01 3.572231325254904277e-02
1.080330122199999998e+01 4.865473894305782920e-02
1.081744330599999948e+01 6.365467028059779153e-02
1.083158539000000076e+01 7.490058105863006688e-02
1.084572747400000026e+01 8.374440041685193847e-02
1.085986955799999976e+01 9.634068569399900639e-02
1.087401164099999917e+01 1.165932929454784883e-01
1.088815372500000045e+01 1.409322589894914657e-01
1.090229580899999995e+01 1.612679954900242407e-01
1.091643789299999945e+01 1.720426108587576053e-01
1.093057997700000072e+01 1.756430698213851116e-01
1.094472206100000022e+01 1.793997462875127624e-01
1.095886414399999964e+01 1.895810623492426572e-01
1.097300622799999914e+01 2.086721657510235417e-01
1.098714831200000042e+01 2.393446096949345403e-01
1.100129039599999992e+01 2.896372203099941700e-01
1.101543247999999942e+01 3.736120986990423276e-01
1.102957456300000061e+01 5.071204666172945963e-01
1.104371664700000011e+01 7.011137917448078127e-01
1.105785873099999961e+01 9.600436782205523656e-01
1.107200081500000088e+01 1.286294760964024064e+00
1.108614289900000038e+01 1.683200112660392378e+00
1.110028498299999988e+01 2.156274837921070997e+00
1.111442706599999930e+01 2.709741414218132860e+00
1.112856915000000058e+01 3.343258181611692414e+00
1.114271123400000008e+01 4.052810163523286491e+00
1.115685331799999958e+01 4.835322796140143708e+00
1.117099540200000085e+01 5.692138579656131903e+00
1.118513748500000027e+01 6.627328190401572172e+00
1.119927956899999977e+01 7.644108279825907459e+00
1.121342165299999927e+01 8.741733488902220017e+00
1.122756373700000054e+01 9.916703935513684343e+00
1.124170582100000004e+01 1.116701967676081964e+01
1.125584790499999954e+01 1.249466336038042868e+01
1.126998998800000074e+01 1.390401441035778340e+01
1.128413207200000024e+01 1.539701373891156599e+01
1.129827415599999973e+01 1.697145315710628566e+01
1.131241623999999923e+01 1.862436043296573018e+01
1.132655832400000051e+01 2.035618486094020341e+01
1.134070040699999993e+01 2.217385235887474337e+01
1.135484249099999943e+01 2.408713405908902416e+01
1.136898457500000070e+01 2.610256126713624880e+01
1.138312665900000020e+01 2.821818119306087880e+01
1.139726874299999970e+01 3.041943452483441845e+01
1.141141082699999920e+01 3.267647523106501950e+01
1.142555291000000040e+01 3.494323252209384378e+01
1.143969499399999989e+01 3.715971028246343622e+01
1.145383707799999939e+01 3.925814309782068534e+01
1.146797916200000067e+01 4.117254916706215084e+01
1.148212124600000017e+01 4.284792329712431780e+01
1.149626332899999959e+01 4.424718685720952749e+01
1.151040541300000086e+01 4.535532266180192096e+01
1.152454749700000036e+01 4.618163045265157507e+01
1.153868958099999986e+01 4.675733557293583686e+01
1.155283166499999936e+01 4.712967595811392130e+01
1.156697374900000064e+01 4.735215733702399632e+01
1.158111583200000005e+01 4.152648828306248419e+01
1.159525791599999955e+01 3.564017591075339908e+01
1.160940000000000083e+01 2.972057105416712730e+01
