# r_minus_2Rs_A, PMF_over_kBT
-1.975000000000000089e+00 nan
-1.925000000000000044e+00 nan
-1.875000000000000000e+00 nan
-1.824999999999999956e+00 nan
-1.774999999999999911e+00 nan
-1.725000000000000089e+00 nan
-1.674999999999999822e+00 nan
-1.625000000000000000e+00 nan
-1.574999999999999956e+00 nan
-1.524999999999999911e+00 nan
-1.475000000000000089e+00 nan
-1.424999999999999822e+00 nan
-1.375000000000000000e+00 nan
-1.324999999999999956e+00 nan
-1.274999999999999911e+00 nan
-1.225000000000000089e+00 nan
-1.174999999999999822e+00 nan
-1.125000000000000000e+00 nan
-1.074999999999999956e+00 nan
-1.024999999999999911e+00 nan
-9.750000000000000888e-01 nan
-9.249999999999998224e-01 nan
-8.750000000000000000e-01 nan
-8.249999999999997335e-01 nan
-7.749999999999999112e-01 nan
-7.250000000000000888e-01 nan
-6.749999999999998224e-01 nan
-6.250000000000000000e-01 nan
-5.749999999999997335e-01 nan
-5.249999999999999112e-01 nan
-4.750000000000000888e-01 nan
-4.249999999999998224e-01 nan
-3.750000000000000000e-01 nan
-3.249999999999997335e-01 nan
-2.749999999999999112e-01 3.169997105825066441e+00
-2.250000000000000888e-01 -1.438184146686283249e+00
-1.749999999999998224e-01 -3.759940244234011075e+00
-1.250000000000000000e-01 -4.823311429743750267e+00
-7.499999999999973355e-02 -5.139701087067333418e+00
-2.499999999999991118e-02 -5.021735839798411760e+00
2.500000000000035527e-02 -4.693458782444915656e+00
7.500000000000017764e-02 -4.363112450116036101e+00
1.250000000000000000e-01 -4.032609312451956640e+00
1.749999999999998224e-01 -3.704526418591505443e+00
2.250000000000000888e-01 -3.395896046551051484e+00
2.750000000000003553e-01 -3.104167886677850152e+00
3.250000000000001776e-01 -2.830085524176638945e+00
3.750000000000000000e-01 -2.552987589167420968e+00
4.250000000000002665e-01 -2.313681664704521523e+00
4.750000000000000888e-01 -2.088656197981513696e+00
5.250000000000003553e-01 -1.891948473713020773e+00
5.750000000000001776e-01 -1.702484454187471075e+00
6.250000000000000000e-01 -1.538862086476555424e+00
6.750000000000002665e-01 -1.416845226548439030e+00
7.250000000000000888e-01 -1.304706630124769617e+00
7.750000000000003553e-01 -1.215353389911079773e+00
8.250000000000001776e-01 -1.112239949097522773e+00
8.750000000000000000e-01 -1.026516470228415079e+00
9.250000000000002665e-01 -9.330828544587145279e-01
9.750000000000000888e-01 -8.572852687492403811e-01
1.025000000000000355e+00 -7.536867956928992029e-01
1.075000000000000178e+00 -6.644712231974168049e-01
1.125000000000000000e+00 -5.669819203161526877e-01
1.175000000000000266e+00 -4.915172214428498165e-01
1.225000000000000089e+00 -4.221399047051876963e-01
1.275000000000000355e+00 -3.644311402477337647e-01
1.325000000000000178e+00 -3.087668982574112708e-01
1.375000000000000000e+00 -2.617856096025613089e-01
1.425000000000000266e+00 -2.137048471080339740e-01
1.475000000000000089e+00 -1.824164206089286255e-01
1.525000000000000355e+00 -1.638921167248866551e-01
1.575000000000000178e+00 -1.431974008924203901e-01
1.625000000000000000e+00 -1.560838037380367638e-01
1.675000000000000266e+00 -1.819472633112339255e-01
1.725000000000000089e+00 -1.995695862780773877e-01
1.775000000000000355e+00 -2.082240537571700967e-01
1.825000000000000178e+00 -1.586060798641417691e-01
1.875000000000000000e+00 -1.728836874491885001e-01
1.925000000000000266e+00 -1.331730668640635218e-01
1.975000000000000089e+00 -1.330230906021734327e-01
2.025000000000000355e+00 -1.171534774381595839e-01
2.075000000000000178e+00 -1.213436491622855301e-01
2.125000000000000000e+00 -1.314645463314721707e-01
2.175000000000000711e+00 -1.056453946646582764e-01
2.224999999999999645e+00 -7.157640141425088143e-02
2.275000000000000355e+00 -5.305117017627451054e-02
2.325000000000000178e+00 -2.719584395723965639e-02
2.375000000000000000e+00 -3.819131132753620511e-02
2.425000000000000711e+00 -4.096236442266487643e-02
2.474999999999999645e+00 -4.879359290005099575e-02
2.525000000000000355e+00 -5.252604570181862442e-02
2.575000000000000178e+00 -4.407686030878495836e-02
2.625000000000000000e+00 -3.134028381192965895e-02
2.675000000000000711e+00 -3.636859814784987321e-02
2.724999999999999645e+00 -2.915413774652719781e-02
2.775000000000000355e+00 -5.352649771305125620e-02
2.825000000000001066e+00 -6.560327074263454239e-02
2.875000000000000000e+00 -7.533788262222380905e-02
2.925000000000000711e+00 -5.660926091564721929e-02
2.974999999999999645e+00 -4.112070222659950508e-02
3.025000000000000355e+00 -2.687214817412808543e-02
3.075000000000001066e+00 -4.356113396453261538e-02
3.125000000000000000e+00 -3.409574001493886897e-02
3.175000000000000711e+00 -1.845780285469415458e-02
3.224999999999999645e+00 5.923428825674648124e-03
3.275000000000000355e+00 -9.788620457603276770e-05
3.325000000000001066e+00 -6.266991163505745803e-03
3.375000000000000000e+00 -1.000164958383435200e-02
3.425000000000000711e+00 6.837251635980774907e-03
3.474999999999999645e+00 5.440579864893102524e-03
3.525000000000000355e+00 2.074693771797105621e-04
3.575000000000001066e+00 -4.193218208739561519e-03
3.625000000000000000e+00 -2.726576807338669181e-02
3.675000000000000711e+00 -3.565265503153961651e-02
3.724999999999999645e+00 -4.253054264118934918e-02
3.775000000000000355e+00 -3.563040557497595268e-02
3.825000000000001066e+00 -1.838817199303122152e-02
3.875000000000000000e+00 1.387984006682015494e-03
3.925000000000000711e+00 2.282814953265995331e-02
3.974999999999999645e+00 2.380115876032817823e-04
4.025000000000000355e+00 -6.711601289079697878e-03
4.075000000000001066e+00 -1.559759312179990511e-02
4.125000000000000000e+00 1.033054488651252711e-02
4.175000000000000711e+00 2.093965532900258705e-02
4.224999999999999645e+00 3.618871712644070732e-02
4.275000000000000355e+00 2.582007231186918619e-02
4.325000000000001066e+00 9.455315449208670855e-03
4.375000000000000000e+00 -3.634845968686128970e-03
4.425000000000000711e+00 -6.992736296575448492e-03
4.474999999999999645e+00 -1.505517712398033760e-02
4.525000000000000355e+00 -2.806823683754562995e-02
4.575000000000001066e+00 -2.304578994066996955e-02
4.625000000000000000e+00 -5.801439001763479368e-03
4.675000000000000711e+00 1.034968884260697129e-02
4.724999999999999645e+00 1.038387869006740516e-02
4.775000000000000355e+00 2.104959487375287206e-04
4.825000000000001066e+00 -1.587562702249911695e-04
4.875000000000000000e+00 -1.380671012886303117e-03
4.925000000000000711e+00 3.343881116993981713e-03
4.974999999999999645e+00 6.384996067066476926e-03
5.025000000000000355e+00 -1.492050804215476088e-03
5.075000000000001066e+00 -2.430739502371418673e-03
5.125000000000000000e+00 -1.090827437531801357e-02
5.175000000000000711e+00 -1.463628229557952486e-02
5.224999999999999645e+00 -3.073499186873629441e-02
5.275000000000000355e+00 -2.423985461226685345e-02
5.325000000000001066e+00 -1.935723943662637225e-02
5.375000000000000000e+00 -1.798651914627669157e-02
5.425000000000000711e+00 -3.042838601200070769e-02
5.474999999999999645e+00 -4.449286260815495803e-02
5.525000000000000355e+00 -2.708161138424032902e-02
5.575000000000001066e+00 -2.257657282277936162e-02
5.625000000000000000e+00 -1.760536569737543647e-02
5.675000000000000711e+00 -2.869109293569789901e-02
5.724999999999999645e+00 -5.083802872063181155e-02
5.775000000000000355e+00 -4.128725257117012853e-02
5.825000000000001066e+00 -5.403425387827513054e-02
5.875000000000000000e+00 -5.218804389582162168e-02
5.925000000000000711e+00 -6.692813078669808402e-02
5.974999999999999645e+00 -5.923556978961860148e-02
6.025000000000000355e+00 -5.138363762817940023e-02
6.074999999999999289e+00 -4.347790424330829490e-02
6.125000000000000000e+00 -2.548737409685960034e-02
6.175000000000000711e+00 -1.935559314042893317e-02
6.225000000000001421e+00 -2.000514025506590701e-02
6.275000000000000355e+00 -2.836705328143078117e-02
6.324999999999999289e+00 -3.055976377578624795e-02
6.375000000000000000e+00 -3.464118839337141514e-02
6.425000000000000711e+00 -3.808055588383692930e-02
6.475000000000001421e+00 -3.648586518024702491e-02
6.525000000000000355e+00 -3.855051573598267112e-02
6.574999999999999289e+00 -3.999782053946650956e-02
6.625000000000000000e+00 -4.172866360828150073e-02
6.675000000000000711e+00 -2.652117243179930028e-02
6.725000000000001421e+00 -2.055075713216947264e-02
6.775000000000000355e+00 -1.991104318074684090e-02
6.824999999999999289e+00 -2.964860898892881028e-02
6.875000000000000000e+00 -3.089323326934412250e-02
6.925000000000000711e+00 -3.663625324355142959e-02
6.975000000000001421e+00 -3.098421947984745725e-02
7.025000000000000355e+00 -3.315727398134585974e-02
7.074999999999999289e+00 -2.063478578623338319e-02
7.125000000000000000e+00 -2.396896130779098757e-02
7.175000000000000711e+00 -3.131847261517606285e-02
7.225000000000001421e+00 -2.465268905194377067e-02
7.275000000000000355e+00 -1.857659575151545187e-02
7.324999999999999289e+00 -1.874756971970785099e-02
7.375000000000000000e+00 -3.581495775663986331e-02
7.425000000000000711e+00 -3.426624523089868285e-02
7.475000000000001421e+00 -4.511148407820630979e-02
7.525000000000000355e+00 -3.725592835351617532e-02
7.575000000000001066e+00 -3.168925344817541401e-02
7.625000000000000000e+00 -7.408755202079397861e-03
7.675000000000000711e+00 -1.800314194153607161e-03
7.725000000000001421e+00 -6.131654468369755577e-03
7.775000000000000355e+00 -8.712276184360176132e-03
7.825000000000001066e+00 -1.103307988302759668e-02
7.875000000000000000e+00 -2.202653264652217405e-02
7.925000000000000711e+00 -2.789897423467557758e-02
7.975000000000001421e+00 -3.170164799786009263e-02
8.025000000000000355e+00 -2.946586966885937284e-02
8.075000000000001066e+00 -2.041250109145250138e-02
8.125000000000000000e+00 -1.841307203139367840e-02
8.175000000000000711e+00 -1.869081941133347510e-02
8.225000000000001421e+00 -2.556482623405672075e-02
8.275000000000000355e+00 -2.159494173816867146e-02
8.325000000000001066e+00 -1.349395615305641095e-02
8.375000000000000000e+00 -1.472942397226795208e-02
8.425000000000000711e+00 -1.209454748087986607e-02
8.475000000000001421e+00 -1.089745135643216400e-02
8.525000000000000355e+00 -7.538947533893984414e-03
8.575000000000001066e+00 -6.381716244404422866e-03
8.625000000000000000e+00 -1.675685332075478942e-02
8.675000000000000711e+00 -2.770943557707668606e-02
8.725000000000001421e+00 -3.412585750299908932e-02
8.775000000000000355e+00 -2.115337691799249950e-02
8.825000000000001066e+00 -1.071477973696518225e-02
8.875000000000000000e+00 -8.348094252926449230e-03
8.925000000000000711e+00 -2.154143953415044166e-02
8.975000000000001421e+00 -2.233535418011249260e-02
9.025000000000000355e+00 -2.533721589111722142e-02
9.075000000000001066e+00 -1.708270574021764077e-02
9.125000000000000000e+00 -1.777848102072413991e-02
9.175000000000000711e+00 -1.298683193528689904e-02
9.225000000000001421e+00 -1.126208957954055734e-02
9.275000000000000355e+00 -9.823269056535780322e-03
9.325000000000001066e+00 -1.186315083086212675e-02
9.375000000000000000e+00 -1.445230790191439317e-02
9.425000000000000711e+00 -1.720280294043519120e-02
9.475000000000001421e+00 -1.126326683704922081e-02
9.525000000000000355e+00 -6.055329622035070074e-03
9.575000000000001066e+00 2.417172352943808278e-03
9.625000000000000000e+00 3.040084331955128505e-03
9.675000000000000711e+00 1.806742064503049153e-02
9.725000000000001421e+00 7.036380490511066725e-03
9.775000000000000355e+00 6.532624916821383465e-03
9.825000000000001066e+00 -8.437396854879727339e-04
9.875000000000000000e+00 1.125848736772461223e-03
9.925000000000000711e+00 3.514555946341424431e-03
9.975000000000001421e+00 -4.455100329905666186e-03
1.002500000000000036e+01 6.520199475862280096e-03
1.007500000000000107e+01 1.514027317203255453e-03
1.012500000000000000e+01 8.005378252906739447e-03
1.017500000000000071e+01 7.416314596693673877e-03
1.022500000000000142e+01 1.284592275782851269e-02
1.027500000000000036e+01 6.442635260629418596e-03
1.032500000000000107e+01 1.222262012797041032e-02
1.037500000000000000e+01 1.874886793464725088e-02
1.042500000000000071e+01 3.707239757077621795e-02
1.047500000000000142e+01 5.346096695155081596e-02
1.052500000000000036e+01 5.928513025713785106e-02
1.057500000000000107e+01 6.877734776867742983e-02
1.062500000000000000e+01 7.745805083538510882e-02
1.067500000000000071e+01 1.053004845312045107e-01
1.072500000000000142e+01 1.175021677685152283e-01
1.077500000000000036e+01 1.313588471648789169e-01
1.082500000000000107e+01 1.357062088113372977e-01
1.087500000000000000e+01 1.478148315438018445e-01
1.092500000000000071e+01 1.550421422064992283e-01
1.097500000000000142e+01 1.736922200101149727e-01
1.102500000000000036e+01 1.839491671269501971e-01
1.107500000000000107e+01 1.948315831829234845e-01
1.112500000000000000e+01 2.096051061751936506e-01
1.117500000000000071e+01 2.304588904735925536e-01
1.122500000000000142e+01 2.539365612903283775e-01
1.127500000000000036e+01 2.685278548088006478e-01
1.132500000000000107e+01 2.840569663865942229e-01
1.137500000000000000e+01 2.945222234618894430e-01
1.142500000000000071e+01 2.963626571031459100e-01
1.147500000000000142e+01 3.133501469194402422e-01
1.152500000000000036e+01 3.353910150265114187e-01
1.157500000000000107e+01 3.638671514951430375e-01
1.162500000000000000e+01 3.819811442797623191e-01
1.167500000000000071e+01 3.964731243694974983e-01
1.172500000000000142e+01 4.150479453955204789e-01
1.177500000000000036e+01 4.226523127892414244e-01
1.182500000000000107e+01 4.287047218919813329e-01
1.187500000000000000e+01 4.403919615283726219e-01
1.192500000000000071e+01 4.506523432658893213e-01
1.197500000000000142e+01 5.147237554291875794e-01
1.202500000000000036e+01 8.722623361022189270e-01
1.207500000000000107e+01 1.852070535026373532e+00
1.212500000000000000e+01 3.788600173821512929e+00
1.217500000000000071e+01 4.908507705073740013e+00
1.222500000000000142e+01 6.426922285048489059e+00
1.227500000000000036e+01 nan
1.232500000000000107e+01 nan
1.237500000000000000e+01 nan
1.242500000000000071e+01 nan
1.247500000000000142e+01 nan
1.252500000000000036e+01 nan
1.257500000000000107e+01 nan
1.262500000000000000e+01 nan
1.267500000000000071e+01 nan
1.272500000000000142e+01 nan
1.277500000000000036e+01 nan
1.282500000000000107e+01 nan
1.287500000000000000e+01 nan
1.292500000000000071e+01 nan
1.297500000000000142e+01 nan
1.302500000000000036e+01 nan
1.307500000000000107e+01 9.121609824958788693e+00
1.312500000000000000e+01 9.121609824958788693e+00
1.317500000000000071e+01 9.121609824958788693e+00
1.322500000000000142e+01 nan
1.327500000000000036e+01 nan
1.332500000000000107e+01 nan
1.337500000000000000e+01 nan
1.342500000000000071e+01 nan
1.347500000000000142e+01 nan
1.352500000000000036e+01 nan
1.357500000000000107e+01 nan
1.362500000000000000e+01 nan
1.367500000000000071e+01 nan
1.372500000000000142e+01 nan
1.377500000000000036e+01 nan
1.382500000000000107e+01 nan
1.387500000000000000e+01 nan
1.392500000000000071e+01 nan
1.397500000000000142e+01 nan
1.402499999999999858e+01 nan
1.407500000000000284e+01 nan
1.412500000000000000e+01 nan
1.417500000000000071e+01 nan
1.422500000000000142e+01 nan
1.427499999999999858e+01 nan
1.432500000000000284e+01 nan
1.437500000000000000e+01 nan
1.442500000000000071e+01 nan
1.447500000000000142e+01 nan
1.452499999999999858e+01 nan
1.457500000000000284e+01 nan
1.462500000000000000e+01 nan
1.467500000000000071e+01 nan
1.472500000000000142e+01 nan
1.477499999999999858e+01 nan
1.482500000000000284e+01 nan
1.487500000000000000e+01 nan
1.492500000000000071e+01 nan
1.497500000000000142e+01 nan
1.502499999999999858e+01 nan
1.507500000000000284e+01 nan
1.512500000000000000e+01 nan
1.517500000000000071e+01 nan
1.522500000000000142e+01 nan
1.527499999999999858e+01 nan
1.532500000000000284e+01 nan
1.537500000000000000e+01 nan
1.542500000000000071e+01 nan
1.547500000000000142e+01 nan
1.552499999999999858e+01 nan
1.557500000000000284e+01 nan
1.562500000000000000e+01 nan
1.567500000000000071e+01 nan
1.572500000000000142e+01 nan
1.577499999999999858e+01 nan
1.582500000000000284e+01 nan
1.587500000000000000e+01 nan
1.592500000000000071e+01 nan
1.597500000000000142e+01 nan
1.602499999999999858e+01 nan
1.607500000000000284e+01 nan
1.612500000000000000e+01 nan
1.617500000000000071e+01 nan
1.622500000000000142e+01 nan
1.627499999999999858e+01 nan
1.632500000000000284e+01 nan
1.637500000000000000e+01 nan
1.642500000000000071e+01 nan
1.647500000000000142e+01 nan
1.652499999999999858e+01 nan
1.657500000000000284e+01 nan
1.662500000000000000e+01 nan
1.667500000000000071e+01 nan
1.672500000000000142e+01 nan
1.677499999999999858e+01 nan
1.682500000000000284e+01 nan
1.687500000000000000e+01 nan
1.692500000000000071e+01 nan
1.697500000000000142e+01 nan
1.702499999999999858e+01 nan
1.707500000000000284e+01 nan
1.712500000000000000e+01 nan
1.717500000000000426e+01 nan
1.722500000000000142e+01 nan
1.727499999999999858e+01 nan
1.732500000000000284e+01 nan
1.737500000000000000e+01 nan
1.742500000000000426e+01 nan
1.747500000000000142e+01 nan
1.752499999999999858e+01 nan
1.757500000000000284e+01 nan
1.762500000000000000e+01 nan
1.767500000000000426e+01 nan
1.772500000000000142e+01 nan
1.777499999999999858e+01 nan
1.782500000000000284e+01 nan
1.787500000000000000e+01 nan
1.792500000000000426e+01 nan
1.797500000000000142e+01 nan
