# r_minus_2Rs_A, PMF_over_kBT
-1.175000000000000044e+00 nan
-1.125000000000000000e+00 nan
-1.074999999999999956e+00 nan
-1.024999999999999911e+00 nan
-9.749999999999999778e-01 nan
-9.249999999999999334e-01 nan
-8.749999999999998890e-01 nan
-8.249999999999999556e-01 nan
-7.749999999999999112e-01 nan
-7.249999999999999778e-01 nan
-6.749999999999999334e-01 nan
-6.249999999999998890e-01 nan
-5.749999999999999556e-01 nan
-5.249999999999999112e-01 nan
-4.749999999999998668e-01 nan
-4.249999999999999334e-01 nan
-3.749999999999998890e-01 nan
-3.249999999999999556e-01 nan
-2.749999999999999112e-01 nan
-2.249999999999998668e-01 nan
-1.750000000000000444e-01 2.468182201139324405e+00
-1.249999999999997780e-01 5.601903768796225869e-01
-7.499999999999995559e-02 -2.828065336444587352e-01
-2.499999999999968914e-02 -6.145569475974483886e-01
2.500000000000013323e-02 -6.113992809042914089e-01
7.499999999999995559e-02 -4.802336428642632882e-01
1.250000000000002220e-01 -3.739871829727388075e-01
1.750000000000000444e-01 -2.614346248175123399e-01
2.250000000000003109e-01 -1.544039301610760084e-01
2.750000000000001332e-01 -1.206447312551630624e-01
3.249999999999999556e-01 -6.250012272117055900e-02
3.750000000000002220e-01 4.325841965616472606e-03
4.250000000000000444e-01 4.383428429965574580e-02
4.750000000000003109e-01 5.936428074675959010e-02
5.250000000000001332e-01 4.825955811249427185e-02
5.749999999999999556e-01 3.540685625038975104e-02
6.250000000000002220e-01 9.164511493410909537e-03
6.750000000000000444e-01 -3.068542353909986531e-02
7.250000000000003109e-01 -7.173964328919923972e-02
7.750000000000001332e-01 -8.604219585640437984e-02
8.250000000000003997e-01 -1.180861135577626619e-01
8.750000000000002220e-01 -1.456192111926539745e-01
9.250000000000000444e-01 -1.487465208726312937e-01
9.749999999999998668e-01 -1.398632015710585819e-01
1.025000000000000133e+00 -1.202565188459638890e-01
1.075000000000000400e+00 -7.558863497297574341e-02
1.125000000000000222e+00 -1.895803097712711605e-02
1.175000000000000044e+00 -8.897328193922859896e-03
1.225000000000000311e+00 2.316291282684179720e-03
1.275000000000000133e+00 3.222179727844531882e-02
1.325000000000000400e+00 4.758679007852117948e-02
1.375000000000000222e+00 4.662851437941206711e-02
1.425000000000000044e+00 3.672535984417946153e-02
1.475000000000000311e+00 4.262161848597356695e-02
1.525000000000000133e+00 3.121485218554864716e-02
1.575000000000000400e+00 1.812811493973054411e-02
1.625000000000000222e+00 1.984660831581930296e-02
1.675000000000000044e+00 -1.409529944008447444e-03
1.725000000000000311e+00 -8.246857358390702331e-03
1.775000000000000133e+00 -2.094151671795252412e-02
1.825000000000000400e+00 -3.637403114477733013e-02
1.875000000000000222e+00 -4.565021118892920171e-02
1.925000000000000044e+00 -4.741859624948263630e-02
1.975000000000000311e+00 -3.988693712542934477e-02
2.025000000000000355e+00 -3.686560154793738775e-02
2.075000000000000178e+00 -1.565604428185585206e-02
2.125000000000000000e+00 -4.994044137864861455e-04
2.174999999999999822e+00 -7.481525320069515317e-03
2.225000000000000533e+00 9.993106742220092542e-03
2.275000000000000355e+00 2.433056510417808127e-02
2.325000000000000178e+00 1.874899347848524300e-02
2.375000000000000000e+00 1.949878092557666420e-02
2.424999999999999822e+00 1.973220951928666977e-02
2.475000000000000533e+00 1.791147481662669350e-02
2.525000000000000355e+00 9.528805762582859273e-03
2.575000000000000178e+00 2.856682616366512661e-03
2.625000000000000000e+00 -7.727975448053037155e-04
2.674999999999999822e+00 -8.270342354653514860e-03
2.725000000000000533e+00 -1.577223525356830081e-02
2.775000000000000355e+00 -1.869411389874642282e-02
2.825000000000000178e+00 -2.426987460003227071e-02
2.875000000000000000e+00 -2.068843060972369585e-02
2.924999999999999822e+00 -1.541894218796535654e-02
2.975000000000000533e+00 -1.836002219078780584e-02
3.024999999999999467e+00 -1.070707685372873641e-02
3.075000000000000178e+00 -5.078456328231339967e-04
3.125000000000000000e+00 6.329145111278577929e-03
3.174999999999999822e+00 7.290031497545701455e-03
3.225000000000000533e+00 6.608112296063950453e-03
3.274999999999999467e+00 9.047894858367211413e-03
3.325000000000000178e+00 6.628280786596274510e-03
3.375000000000000000e+00 4.774164641673461773e-03
3.424999999999999822e+00 5.532259643756365364e-03
3.475000000000000533e+00 9.607606547499702998e-03
3.524999999999999467e+00 8.489191168081333672e-03
3.575000000000000178e+00 2.780043380786523244e-03
3.625000000000000888e+00 3.023585428283404042e-03
3.674999999999999822e+00 -4.480402771085412184e-03
3.725000000000000533e+00 -5.642851219147093644e-03
3.774999999999999467e+00 1.732214589670544314e-03
3.825000000000000178e+00 2.307440145411732146e-03
3.875000000000000888e+00 -4.829990422998697852e-03
3.924999999999999822e+00 -6.006400935678612996e-03
3.975000000000000533e+00 1.670542590360479807e-03
4.024999999999999467e+00 2.875114463472439041e-03
4.075000000000000178e+00 4.266535834014373307e-03
4.125000000000000888e+00 3.826953521703035932e-03
4.174999999999999822e+00 4.705674564286610462e-03
4.225000000000000533e+00 3.796183047155121670e-03
4.274999999999999467e+00 -2.226563234783540679e-03
4.325000000000000178e+00 -3.478574779773424552e-03
4.375000000000000888e+00 -6.279267187371928571e-03
4.424999999999999822e+00 -1.881511243296607461e-03
4.475000000000000533e+00 3.304832311452621241e-03
4.524999999999999467e+00 5.564344715192959256e-03
4.575000000000000178e+00 1.597295868269288377e-03
4.625000000000000888e+00 -7.641274961782684727e-03
4.674999999999999822e+00 -6.428392147470596285e-03
4.725000000000000533e+00 -1.970282369973208603e-03
4.774999999999999467e+00 -5.866720112855716707e-03
4.825000000000000178e+00 -5.397953071169414585e-03
4.875000000000000888e+00 4.011121843434217737e-03
4.924999999999999822e+00 2.414957462040234759e-03
4.975000000000000533e+00 2.915482261032664724e-03
5.024999999999999467e+00 4.176549209182311984e-03
5.075000000000000178e+00 3.322745611950228550e-03
5.125000000000000888e+00 5.569196767666095838e-03
5.174999999999999822e+00 3.307736692915952403e-03
5.225000000000000533e+00 2.575005094902937941e-03
5.274999999999999467e+00 6.746174102424618013e-03
5.325000000000000178e+00 5.957443105294224495e-03
5.375000000000000888e+00 2.254233979394282272e-03
5.424999999999999822e+00 5.159937753507204405e-03
5.475000000000000533e+00 5.532642818674382568e-03
5.524999999999999467e+00 3.498995742154509259e-03
5.575000000000000178e+00 4.282240574286166890e-03
5.625000000000000888e+00 6.404206113583832405e-04
5.674999999999999822e+00 4.611317789197766359e-03
5.725000000000000533e+00 2.634106668802704831e-03
5.774999999999999467e+00 -4.969709877506112150e-03
5.825000000000000178e+00 8.306427951478623228e-02
5.875000000000000888e+00 6.029687809891028927e-01
5.924999999999999822e+00 1.938020261784490827e+00
5.975000000000000533e+00 4.121421873372567823e+00
6.024999999999999467e+00 7.380973936566560312e+00
6.075000000000000178e+00 nan
6.125000000000000888e+00 nan
6.174999999999999822e+00 nan
6.225000000000000533e+00 nan
6.274999999999999467e+00 nan
6.325000000000000178e+00 nan
6.375000000000000888e+00 nan
6.424999999999999822e+00 nan
6.475000000000000533e+00 nan
6.524999999999999467e+00 nan
6.575000000000000178e+00 nan
6.625000000000000888e+00 nan
6.674999999999999822e+00 nan
6.725000000000000533e+00 nan
6.774999999999999467e+00 nan
6.825000000000000178e+00 nan
6.874999999999999112e+00 nan
6.924999999999999822e+00 nan
6.975000000000000533e+00 nan
7.025000000000001243e+00 nan
7.075000000000000178e+00 nan
7.124999999999999112e+00 nan
7.174999999999999822e+00 nan
7.225000000000000533e+00 nan
7.275000000000001243e+00 nan
7.325000000000000178e+00 nan
7.374999999999999112e+00 nan
7.424999999999999822e+00 nan
7.475000000000000533e+00 nan
7.525000000000001243e+00 nan
7.575000000000000178e+00 nan
7.624999999999999112e+00 nan
7.674999999999999822e+00 nan
7.725000000000000533e+00 nan
7.775000000000001243e+00 nan
7.825000000000000178e+00 nan
7.874999999999999112e+00 nan
7.924999999999999822e+00 nan
7.975000000000000533e+00 nan
8.025000000000002132e+00 nan
8.075000000000001066e+00 nan
8.125000000000000000e+00 nan
8.175000000000000711e+00 nan
8.225000000000001421e+00 nan
8.275000000000002132e+00 nan
8.325000000000001066e+00 nan
8.375000000000001776e+00 nan
8.425000000000000711e+00 nan
8.475000000000001421e+00 nan
8.525000000000002132e+00 nan
8.575000000000001066e+00 nan
8.625000000000001776e+00 nan
8.675000000000000711e+00 nan
8.725000000000001421e+00 nan
8.775000000000002132e+00 nan
8.825000000000001066e+00 nan
8.875000000000001776e+00 nan
8.925000000000000711e+00 nan
8.975000000000001421e+00 nan
9.025000000000002132e+00 nan
9.075000000000001066e+00 nan
9.125000000000001776e+00 nan
9.175000000000000711e+00 nan
9.225000000000001421e+00 nan
9.275000000000002132e+00 nan
9.325000000000001066e+00 nan
9.375000000000001776e+00 nan
9.425000000000000711e+00 nan
9.475000000000001421e+00 nan
9.525000000000002132e+00 nan
9.575000000000001066e+00 nan
9.625000000000001776e+00 nan
9.675000000000000711e+00 nan
9.725000000000001421e+00 nan
9.775000000000002132e+00 nan
9.825000000000001066e+00 nan
9.875000000000001776e+00 nan
9.925000000000000711e+00 nan
9.975000000000001421e+00 nan
1.002500000000000213e+01 nan
1.007500000000000107e+01 nan
1.012500000000000178e+01 nan
1.017500000000000071e+01 nan
1.022500000000000142e+01 nan
1.027500000000000213e+01 nan
1.032500000000000107e+01 nan
1.037500000000000178e+01 nan
1.042500000000000071e+01 nan
1.047500000000000142e+01 nan
1.052500000000000213e+01 nan
1.057500000000000107e+01 nan
1.062500000000000178e+01 nan
1.067500000000000071e+01 nan
1.072500000000000142e+01 nan
1.077500000000000213e+01 nan
1.082500000000000107e+01 nan
1.087500000000000178e+01 nan
1.092500000000000071e+01 nan
1.097500000000000142e+01 nan
1.102500000000000213e+01 nan
1.107500000000000107e+01 nan
1.112500000000000178e+01 nan
1.117500000000000071e+01 nan
1.122500000000000142e+01 nan
1.127500000000000213e+01 nan
1.132500000000000107e+01 nan
1.137500000000000178e+01 nan
1.142500000000000071e+01 nan
1.147500000000000142e+01 nan
1.152500000000000213e+01 nan
1.157500000000000107e+01 nan
1.162500000000000178e+01 nan
1.167500000000000071e+01 nan
1.172500000000000142e+01 nan
1.177500000000000213e+01 nan
1.182500000000000107e+01 nan
1.187500000000000178e+01 nan
1.192500000000000071e+01 nan
1.197500000000000142e+01 nan
1.202500000000000213e+01 nan
1.207500000000000107e+01 nan
1.212500000000000178e+01 nan
1.217500000000000071e+01 nan
1.222500000000000142e+01 nan
1.227500000000000213e+01 nan
1.232500000000000107e+01 nan
1.237500000000000178e+01 nan
1.242500000000000071e+01 nan
1.247500000000000142e+01 nan
1.252500000000000213e+01 nan
1.257500000000000107e+01 nan
1.262500000000000178e+01 nan
1.267500000000000071e+01 nan
1.272500000000000142e+01 nan
1.277500000000000213e+01 nan
1.282500000000000107e+01 nan
1.287500000000000178e+01 nan
1.292500000000000071e+01 nan
1.297500000000000142e+01 nan
1.302500000000000213e+01 nan
1.307500000000000107e+01 nan
1.312500000000000178e+01 nan
1.317500000000000071e+01 nan
1.322500000000000142e+01 nan
1.327500000000000213e+01 nan
1.332500000000000107e+01 nan
1.337500000000000178e+01 nan
1.342500000000000071e+01 nan
1.347500000000000142e+01 nan
1.352500000000000213e+01 nan
1.357500000000000107e+01 nan
1.362500000000000178e+01 nan
1.367500000000000071e+01 nan
1.372500000000000142e+01 nan
1.377500000000000213e+01 nan
1.382500000000000107e+01 nan
1.387500000000000178e+01 nan
1.392500000000000071e+01 nan
1.397500000000000142e+01 nan
1.402500000000000213e+01 nan
1.407500000000000107e+01 nan
1.412500000000000178e+01 nan
1.417500000000000071e+01 nan
1.422500000000000142e+01 nan
1.427500000000000213e+01 nan
1.432500000000000107e+01 nan
1.437500000000000178e+01 nan
1.442500000000000071e+01 nan
1.447500000000000142e+01 nan
1.452500000000000213e+01 nan
1.457500000000000107e+01 nan
1.462500000000000178e+01 nan
1.467500000000000071e+01 nan
1.472500000000000142e+01 nan
1.477500000000000213e+01 nan
1.482499999999999929e+01 nan
1.487500000000000355e+01 nan
1.492500000000000071e+01 nan
1.497500000000000142e+01 nan
1.502500000000000213e+01 nan
1.507499999999999929e+01 nan
1.512500000000000355e+01 nan
1.517500000000000071e+01 nan
1.522500000000000142e+01 nan
1.527500000000000213e+01 nan
1.532499999999999929e+01 nan
1.537500000000000355e+01 nan
1.542500000000000071e+01 nan
1.547500000000000142e+01 nan
1.552500000000000213e+01 nan
1.557499999999999929e+01 nan
1.562500000000000355e+01 nan
1.567500000000000071e+01 nan
1.572500000000000142e+01 nan
1.577500000000000213e+01 nan
1.582499999999999929e+01 nan
1.587500000000000355e+01 nan
1.592500000000000071e+01 nan
1.597500000000000142e+01 nan
1.602500000000000213e+01 nan
1.607499999999999929e+01 nan
1.612500000000000355e+01 nan
1.617500000000000071e+01 nan
1.622500000000000142e+01 nan
1.627500000000000213e+01 nan
1.632499999999999929e+01 nan
1.637500000000000355e+01 nan
1.642500000000000071e+01 nan
1.647500000000000142e+01 nan
1.652500000000000213e+01 nan
1.657499999999999929e+01 nan
1.662500000000000355e+01 nan
1.667500000000000071e+01 nan
1.672500000000000142e+01 nan
1.677500000000000213e+01 nan
1.682499999999999929e+01 nan
1.687500000000000355e+01 nan
1.692500000000000071e+01 nan
1.697500000000000142e+01 nan
1.702500000000000213e+01 nan
1.707499999999999929e+01 nan
1.712500000000000355e+01 nan
1.717500000000000071e+01 nan
1.722500000000000142e+01 nan
1.727500000000000213e+01 nan
1.732499999999999929e+01 nan
1.737500000000000355e+01 nan
1.742500000000000071e+01 nan
1.747500000000000142e+01 nan
1.752500000000000213e+01 nan
1.757499999999999929e+01 nan
1.762500000000000355e+01 nan
1.767500000000000071e+01 nan
1.772500000000000142e+01 nan
1.777500000000000213e+01 nan
1.782499999999999929e+01 nan
1.787500000000000355e+01 nan
1.792500000000000071e+01 nan
1.797500000000000497e+01 nan
1.802500000000000213e+01 nan
1.807499999999999929e+01 nan
1.812500000000000355e+01 nan
1.817500000000000071e+01 nan
1.822500000000000497e+01 nan
1.827500000000000213e+01 nan
1.832499999999999929e+01 nan
1.837500000000000355e+01 nan
1.842500000000000071e+01 nan
1.847500000000000497e+01 nan
1.852500000000000213e+01 nan
1.857499999999999929e+01 nan
1.862500000000000355e+01 nan
1.867500000000000071e+01 nan
1.872500000000000497e+01 nan
1.877500000000000213e+01 nan
