# r_minus_2Rs_A, PMF_over_kBT
-5.287800000000002498e-01 2.446204208727625229e+01
-5.146465429999995678e-01 3.669033812211350920e+01
-5.005130859999997739e-01 4.890598332030305073e+01
-4.863796300000000628e-01 4.885308731927837300e+01
-4.722461730000002689e-01 4.870937071962771370e+01
-4.581127159999995868e-01 4.838057073826907128e+01
-4.439792589999997929e-01 4.771807963174317990e+01
-4.298458019999999991e-01 4.652546310683131736e+01
-4.157123460000002879e-01 4.459115479654242620e+01
-4.015788889999996059e-01 4.174961093426125558e+01
-3.874454319999998120e-01 3.796452562999201064e+01
-3.733119750000000181e-01 3.338610242271286666e+01
-3.591785190000003070e-01 2.834803586125788399e+01
-3.450450619999996249e-01 2.329583800137838523e+01
-3.309116049999998310e-01 1.865247168839054837e+01
-3.167781480000000371e-01 1.469457481930075815e+01
-3.026446910000002433e-01 1.149728041695707148e+01
-2.885112349999996439e-01 8.962498096323809449e+00
-2.743777779999998501e-01 6.909671511575197655e+00
-2.602443210000000562e-01 5.169857942926025629e+00
-2.461108640000002623e-01 3.634215651109244050e+00
-2.319774069999995803e-01 2.255273467412182598e+00
-2.178439509999998691e-01 1.027416808182785246e+00
-2.037104940000000752e-01 -3.790046101559418901e-02
-1.895770370000002814e-01 -9.220249371035738051e-01
-1.754435799999995993e-01 -1.612605121185250567e+00
-1.613101229999998054e-01 -2.119838962627328627e+00
-1.471766670000000943e-01 -2.480138489850546080e+00
-1.330432100000003004e-01 -2.749447136172603834e+00
-1.189097529999996183e-01 -2.977112187684628708e+00
-1.047762959999998245e-01 -3.183608596779231803e+00
-9.064284000000011332e-02 -3.361885775092158468e+00
-7.650938300000031944e-02 -3.491736555852952506e+00
-6.237592599999963738e-02 -3.560438900061024370e+00
-4.824246899999984350e-02 -3.578361267303899140e+00
-3.410901200000004962e-02 -3.569829049832295098e+00
-1.997555600000033849e-02 -3.557408455416609883e+00
-5.842098999999656428e-03 -3.553683591127001051e+00
8.291357999999249273e-03 -3.554084245622714633e+00
2.242481500000081951e-02 -3.545491788794471688e+00
3.655827200000061339e-02 -3.519325889366776039e+00
5.069172800000032453e-02 -3.475147928934227082e+00
6.482518500000011841e-02 -3.420812842210009919e+00
7.895864199999991229e-02 -3.367895853727587152e+00
9.309209899999970617e-02 -3.321840366307197812e+00
1.072255559999995000e-01 -3.281734169538351509e+00
1.213590119999992112e-01 -3.244182896466526245e+00
1.354924690000007814e-01 -3.204392516192458018e+00
1.496259260000005753e-01 -3.162201662633219001e+00
1.637593830000003692e-01 -3.118213044459889005e+00
1.778928400000001631e-01 -3.073198181813225460e+00
1.920262959999998742e-01 -3.027970133581842305e+00
2.061597529999996681e-01 -2.980027172352336606e+00
2.202932099999994620e-01 -2.931368389347413839e+00
2.344266669999992558e-01 -2.884072470307076586e+00
2.485601230000007433e-01 -2.838269830195045529e+00
2.626935800000005372e-01 -2.791638281432076596e+00
2.768270370000003311e-01 -2.740116840954472721e+00
2.909604940000001250e-01 -2.684662404858663365e+00
3.050939509999999188e-01 -2.636286579819012488e+00
3.192274069999996300e-01 -2.613145480959950362e+00
3.333608639999994239e-01 -2.622753671802408704e+00
3.474943209999992177e-01 -2.652486618320558875e+00
3.616277780000007880e-01 -2.675181825939871416e+00
3.757612350000005819e-01 -2.664936724188201822e+00
3.898946910000002930e-01 -2.618092855453369339e+00
4.040281480000000869e-01 -2.554224397574641259e+00
4.181616049999998808e-01 -2.497015116723542150e+00
4.322950619999996746e-01 -2.458870644402438188e+00
4.464285189999994685e-01 -2.430269089152462314e+00
4.605619749999991797e-01 -2.395027569725904470e+00
4.746954320000007499e-01 -2.344732489146297283e+00
4.888288890000005438e-01 -2.283657115825054262e+00
5.029623460000003377e-01 -2.226534516501637029e+00
5.170958020000000488e-01 -2.178694763302932103e+00
5.312292589999998427e-01 -2.135878656094401862e+00
5.453627159999996366e-01 -2.088455192773979618e+00
5.594961729999994304e-01 -2.030230585683362676e+00
5.736296299999992243e-01 -1.969700193606534810e+00
5.877630860000007118e-01 -1.923520509653410926e+00
6.018965430000005057e-01 -1.903851710316432744e+00
6.160300000000002996e-01 -1.908334979235187134e+00
6.301634570000000934e-01 -1.919946321549387491e+00
6.442969139999998873e-01 -1.919395265013140062e+00
6.584303699999995985e-01 -1.901127540234430313e+00
6.725638269999993923e-01 -1.878607616200419272e+00
6.866972839999991862e-01 -1.871850381983744427e+00
7.008307410000007565e-01 -1.890511733448921206e+00
7.149641980000005503e-01 -1.925638059364768395e+00
7.290976540000002615e-01 -1.952450516058483743e+00
7.432311110000000554e-01 -1.951303634997927361e+00
7.573645679999998492e-01 -1.920873120674869483e+00
7.714980249999996431e-01 -1.878763214721745456e+00
7.856314809999993543e-01 -1.849022487971055284e+00
7.997649379999991481e-01 -1.844624872806663873e+00
8.138983950000007184e-01 -1.860989588751895241e+00
8.280318520000005122e-01 -1.883723974176803040e+00
8.421653090000003061e-01 -1.902982338877881929e+00
8.562987650000000173e-01 -1.917590664031298076e+00
8.704322219999998111e-01 -1.930833082124825850e+00
8.845656789999996050e-01 -1.938199964253730201e+00
8.986991359999993989e-01 -1.929855396534414069e+00
9.128325929999991928e-01 -1.897382480329389054e+00
9.269660490000006803e-01 -1.842974561614992624e+00
9.410995060000004742e-01 -1.784541875911559217e+00
9.552329630000002680e-01 -1.742064174697407708e+00
9.693664200000000619e-01 -1.726007689470009154e+00
9.834998769999998558e-01 -1.732127500792739028e+00
9.976333329999995669e-01 -1.744340327371153521e+00
1.011766789999999361e+00 -1.743617891863745939e+00
1.025900246999999155e+00 -1.719626069649365263e+00
1.040033704000000725e+00 -1.674455066473457876e+00
1.054167160000000436e+00 -1.616039698742772757e+00
1.068300617000000230e+00 -1.553584708523876756e+00
1.082434074000000024e+00 -1.489371810895985249e+00
1.096567530999999818e+00 -1.418014877130589824e+00
1.110700987999999612e+00 -1.336078401970393514e+00
1.124834443999999323e+00 -1.248801982122088816e+00
1.138967900999999117e+00 -1.171393681181665869e+00
1.153101358000000687e+00 -1.118569354284993267e+00
1.167234815000000481e+00 -1.090370942464351955e+00
1.181368272000000275e+00 -1.073563340808032507e+00
1.195501727999999986e+00 -1.050727590485102780e+00
1.209635184999999780e+00 -1.015561101316080794e+00
1.223768641999999573e+00 -9.785213755416126702e-01
1.237902098999999367e+00 -9.517653351206138979e-01
1.252035555999999161e+00 -9.386154969470297260e-01
1.266169012000000649e+00 -9.268725831124200454e-01
1.280302469000000443e+00 -9.003855220044023611e-01
1.294435926000000237e+00 -8.511829214875188399e-01
1.308569383000000030e+00 -7.841148706135623314e-01
1.322702839999999824e+00 -7.140413995426015958e-01
1.336836295999999535e+00 -6.543496874550953635e-01
1.350969752999999329e+00 -6.114407315898908735e-01
1.365103209999999123e+00 -5.837226445431547006e-01
1.379236667000000693e+00 -5.657994075029630920e-01
1.393370123000000405e+00 -5.489518764263490169e-01
1.407503580000000198e+00 -5.276669405673857227e-01
1.421637036999999992e+00 -4.984237833594846734e-01
1.435770493999999786e+00 -4.604274217735540020e-01
1.449903950999999580e+00 -4.199651912361215267e-01
1.464037406999999291e+00 -3.826661388399550390e-01
1.478170864000000861e+00 -3.491310644380174466e-01
1.492304321000000655e+00 -3.162595985313743085e-01
1.506437778000000449e+00 -2.775487913336540657e-01
1.520571235000000243e+00 -2.322461247464069345e-01
1.534704690999999954e+00 -1.901768752780039762e-01
1.548838147999999748e+00 -1.611994136654359977e-01
1.562971604999999542e+00 -1.480807171743911965e-01
1.577105061999999336e+00 -1.409011007229423740e-01
1.591238518999999130e+00 -1.293153794436019410e-01
1.605371975000000617e+00 -1.139297474869103155e-01
1.619505432000000411e+00 -1.032470176417046304e-01
1.633638889000000205e+00 -1.050804680473547137e-01
1.647772345999999999e+00 -1.127786371931307485e-01
1.661905801999999710e+00 -1.095213150952591974e-01
1.676039258999999504e+00 -8.531590888391349381e-02
1.690172715999999298e+00 -4.710858192084899088e-02
1.704306173000000868e+00 -1.208636815908725737e-02
1.718439630000000662e+00 6.291077650695697798e-03
1.732573086000000373e+00 8.333213799502914299e-03
1.746706543000000167e+00 5.010235531875295578e-03
1.760839999999999961e+00 5.040210391765498343e-03
1.774973456999999755e+00 9.858413274237420865e-03
1.789106913999999549e+00 1.784703122055653068e-02
1.803240369999999260e+00 2.476100813762549535e-02
1.817373827000000830e+00 2.609929812309808028e-02
1.831507284000000624e+00 1.970964022262755577e-02
1.845640741000000418e+00 5.679276716469061626e-03
1.859774198000000212e+00 -8.058703260418909053e-03
1.873907653999999923e+00 -1.189673723645334746e-02
1.888041110999999717e+00 -7.785069592340931877e-04
1.902174567999999510e+00 1.975672959665253359e-02
1.916308024999999304e+00 3.540286205373988082e-02
1.930441481000000792e+00 3.909580880755392229e-02
1.944574938000000586e+00 3.459809320426110446e-02
1.958708395000000380e+00 3.360627177593578097e-02
1.972841852000000173e+00 4.553681929119690608e-02
1.986975308999999967e+00 6.687143973083919946e-02
2.001108764999999678e+00 8.655578688347809191e-02
2.015242221999999472e+00 9.502029090997865524e-02
2.029375678999999266e+00 9.099195192321118952e-02
2.043509136000000836e+00 8.008468680301916720e-02
2.057642593000000630e+00 6.996283752619802954e-02
2.071776049000000341e+00 6.500228734824808896e-02
2.085909506000000135e+00 6.527543178096806287e-02
2.100042962999999929e+00 7.003253334831427424e-02
2.114176419999999723e+00 7.779283310689777409e-02
2.128309876999999517e+00 8.357571250676798513e-02
2.142443332999999228e+00 8.322095457104872196e-02
2.156576790000000798e+00 7.896986928669846861e-02
2.170710247000000592e+00 8.089487012470542027e-02
2.184843704000000386e+00 1.053069958053267641e-01
2.198977160000000097e+00 1.608564602975146585e-01
2.213110616999999891e+00 2.423910672317539650e-01
2.227244073999999685e+00 3.300664860765056829e-01
2.241377530999999479e+00 4.008067718933574497e-01
2.255510987999999273e+00 4.418778719061435822e-01
2.269644444000000760e+00 4.521337922651174068e-01
2.283777901000000554e+00 4.388729796166028763e-01
2.297911358000000348e+00 4.106887035049364698e-01
2.312044815000000142e+00 3.774105464213874939e-01
2.326178271999999936e+00 3.474074397863766706e-01
2.340311727999999647e+00 3.330272248292782677e-01
2.354445184999999441e+00 3.417407891594006486e-01
2.368578641999999235e+00 3.700598347558212708e-01
2.382712099000000805e+00 4.069037491924358818e-01
2.396845556000000599e+00 4.366117992685634164e-01
2.410979012000000310e+00 4.494145607102684181e-01
2.425112469000000104e+00 4.496309112132603758e-01
2.439245925999999898e+00 4.486476649029604857e-01
2.453379382999999692e+00 4.499153309121730615e-01
2.467512839999999485e+00 4.488435387776910090e-01
2.481646295999999197e+00 4.331305928455346788e-01
2.495779753000000767e+00 3.979156947269117950e-01
2.509913210000000561e+00 3.564126980520683219e-01
2.524046667000000355e+00 3.334521872943021492e-01
2.538180123000000066e+00 3.502647410046879628e-01
2.552313579999999860e+00 4.082425803424829525e-01
2.566447036999999654e+00 4.875755987809498038e-01
2.580580493999999447e+00 5.614918598020732787e-01
2.594713950999999241e+00 6.136532184719509786e-01
2.608847407000000729e+00 6.434542758425454423e-01
2.622980864000000523e+00 6.647814187628835469e-01
2.637114321000000317e+00 6.878530155146744818e-01
2.651247778000000110e+00 7.104709405655231791e-01
2.665381234999999904e+00 7.256084246749843203e-01
2.679514690999999615e+00 7.254946763532590381e-01
2.693648147999999409e+00 7.127268257912682259e-01
2.707781604999999203e+00 7.001148443194935567e-01
2.721915062000000773e+00 6.985450897491141120e-01
2.736048519000000567e+00 7.124244114792777083e-01
2.750181975000000278e+00 7.387144284245383830e-01
2.764315432000000072e+00 7.684766900049755378e-01
2.778448888999999866e+00 7.933121308988351217e-01
2.792582345999999660e+00 8.093216875135542665e-01
2.806715801999999371e+00 8.193700159263972438e-01
2.820849258999999165e+00 8.301324068853670468e-01
2.834982716000000735e+00 8.470100287503257164e-01
2.849116173000000529e+00 8.676337313629751691e-01
2.863249630000000323e+00 8.800670517445574603e-01
2.877383086000000034e+00 8.700839496670482731e-01
2.891516542999999828e+00 8.335045345278011553e-01
2.905649999999999622e+00 7.818268053957613262e-01
2.919783456999999416e+00 7.312128778223101477e-01
2.933916913999999210e+00 6.943911113048741868e-01
2.948050370000000697e+00 6.712751969151273812e-01
2.962183827000000491e+00 6.557154871160211229e-01
2.976317284000000285e+00 6.470163313959069740e-01
2.990450741000000079e+00 6.493704304320306875e-01
3.004584197999999873e+00 6.675237973788537005e-01
3.018717653999999584e+00 6.961643910827071124e-01
3.032851110999999378e+00 7.229127985470480411e-01
3.046984567999999172e+00 7.375627055662938858e-01
3.061118025000000742e+00 7.369753170203452441e-01
3.075251481000000453e+00 7.260342506975696608e-01
3.089384938000000247e+00 7.079118458250945878e-01
3.103518395000000041e+00 6.805077860099064679e-01
3.117651851999999835e+00 6.437529957547400983e-01
3.131785308999999629e+00 5.997914805720157005e-01
3.145918764999999340e+00 5.592093401953537324e-01
3.160052221999999134e+00 5.329881069292543572e-01
3.174185679000000704e+00 5.259438027529945714e-01
3.188319136000000498e+00 5.378617273068257987e-01
3.202452593000000292e+00 5.588423177129122621e-01
3.216586049000000003e+00 5.791484029616178475e-01
3.230719505999999797e+00 5.880982899093645244e-01
3.244852962999999590e+00 5.793921144998943618e-01
3.258986419999999384e+00 5.557333871031193695e-01
3.273119876999999178e+00 5.267581208665923498e-01
3.287253333000000666e+00 5.032331772765754607e-01
3.301386790000000460e+00 4.885785298040783431e-01
3.315520247000000253e+00 4.796094815964124791e-01
3.329653704000000047e+00 4.702692810658053446e-01
3.343787159999999758e+00 4.618853548300538847e-01
3.357920616999999552e+00 4.614154041839260145e-01
3.372054073999999346e+00 4.712626453931996195e-01
3.386187530999999140e+00 4.845136485624141898e-01
3.400320988000000710e+00 4.861129356942228696e-01
3.414454444000000422e+00 4.655450080121532608e-01
3.428587901000000215e+00 4.301673325498125422e-01
3.442721358000000009e+00 3.957174254301776273e-01
3.456854814999999803e+00 3.720043589683577068e-01
3.470988271999999597e+00 3.528406153202752193e-01
3.485121727999999308e+00 3.175055596861433571e-01
3.499255185000000878e+00 2.547189516066268311e-01
3.513388642000000672e+00 1.746672061830469858e-01
3.527522099000000466e+00 1.032578694151471410e-01
3.541655556000000260e+00 6.600021479203022068e-02
3.555789011999999971e+00 6.531127443520468034e-02
3.569922468999999765e+00 8.358645804285913528e-02
3.584055925999999559e+00 1.015160158745089802e-01
3.598189382999999353e+00 1.113229023237920501e-01
3.612322839999999147e+00 1.206220316280965932e-01
3.626456296000000634e+00 1.374068137159021319e-01
3.640589753000000428e+00 1.575187225638803312e-01
3.654723210000000222e+00 1.703169982989027886e-01
3.668856667000000016e+00 1.705626821983798891e-01
3.682990122999999727e+00 1.661742728662325419e-01
3.697123579999999521e+00 1.689397838806954155e-01
3.711257036999999315e+00 1.816936214413029660e-01
3.725390494000000885e+00 1.948709408823905420e-01
3.739523951000000679e+00 1.989109429728248557e-01
3.753657407000000390e+00 2.000908515252426412e-01
3.767790864000000184e+00 2.165152652844124503e-01
3.781924320999999978e+00 2.607802659111317922e-01
3.796057777999999772e+00 3.256266883190015449e-01
3.810191234999999566e+00 3.865725469751755128e-01
3.824324690999999277e+00 4.189729738021785721e-01
3.838458148000000847e+00 4.150057856555200431e-01
3.852591605000000641e+00 3.874021334838122499e-01
3.866725062000000435e+00 3.556473188417470510e-01
3.880858519000000229e+00 3.331629596036211893e-01
3.894991974999999940e+00 3.224668293342300984e-01
3.909125431999999734e+00 3.148065297674769170e-01
3.923258888999999527e+00 3.012953879074142804e-01
3.937392345999999321e+00 2.776272507344366147e-01
3.951525802000000809e+00 2.444769510871314111e-01
3.965659259000000603e+00 2.102662732512534660e-01
3.979792716000000397e+00 1.831560585478424485e-01
3.993926173000000190e+00 1.686974877281333107e-01
4.008059629999999984e+00 1.695551572771023530e-01
4.022193085999999695e+00 1.839263420169299224e-01
4.036326542999999489e+00 2.082795358227329530e-01
4.050459999999999283e+00 2.349281878407634139e-01
4.064593457000000853e+00 2.550522484124631006e-01
4.078726914000000647e+00 2.636907703790001278e-01
4.092860370000000358e+00 2.623366190362119710e-01
4.106993827000000152e+00 2.615560943218699919e-01
4.121127283999999946e+00 2.719255399748359281e-01
4.135260740999999740e+00 2.961218403412164690e-01
4.149394197999999534e+00 3.297957955033830046e-01
4.163527653999999245e+00 3.657951797628804513e-01
4.177661111000000815e+00 3.996891473580745924e-01
4.191794568000000609e+00 4.300813263289313682e-01
4.205928025000000403e+00 4.537329720467262462e-01
4.220061481000000114e+00 4.624419460371012036e-01
4.234194937999999908e+00 4.519407583336754186e-01
4.248328394999999702e+00 4.301076639485490460e-01
4.262461851999999496e+00 4.143207164427238354e-01
4.276595308999999290e+00 4.242327151156732867e-01
4.290728765000000777e+00 4.674008299562490976e-01
4.304862222000000571e+00 5.328045608914440123e-01
4.318995679000000365e+00 5.994202819448730679e-01
4.333129136000000159e+00 6.505298195128297323e-01
4.347262592999999953e+00 6.783141627900945991e-01
4.361396048999999664e+00 6.862138546017870766e-01
4.375529505999999458e+00 6.836076941824664743e-01
4.389662962999999252e+00 6.828617392755553794e-01
4.403796420000000822e+00 6.972161399974012852e-01
4.417929877000000616e+00 7.335509089698799556e-01
4.432063333000000327e+00 7.892214180332199902e-01
4.446196790000000121e+00 8.476666386730826730e-01
4.460330246999999915e+00 8.916676814726898215e-01
4.474463703999999709e+00 9.165674646425028271e-01
4.488597159999999420e+00 9.277357554903549186e-01
4.502730616999999214e+00 9.347881342456201281e-01
4.516864074000000784e+00 9.396787887650006610e-01
4.530997531000000578e+00 9.340769939844211223e-01
4.545130988000000372e+00 9.126913064650281626e-01
4.559264444000000083e+00 8.834473128682578391e-01
4.573397900999999877e+00 8.602539995021913910e-01
4.587531357999999670e+00 8.519116817732736990e-01
4.601664814999999464e+00 8.550744177556133252e-01
4.615798271999999258e+00 8.577154180320114563e-01
4.629931728000000746e+00 8.519862618147229227e-01
4.644065185000000540e+00 8.394329309044827880e-01
4.658198642000000333e+00 8.269796038478745004e-01
4.672332099000000127e+00 8.195512306828778293e-01
4.686465555999999921e+00 8.196415401337286966e-01
4.700599011999999632e+00 8.276402813185761431e-01
4.714732468999999426e+00 8.437814412388124907e-01
4.728865925999999220e+00 8.642665274656184948e-01
4.742999383000000790e+00 8.774764864147073240e-01
4.757132840000000584e+00 8.721710584832358393e-01
4.771266296000000295e+00 8.472652297561484858e-01
4.785399753000000089e+00 8.173937168493115024e-01
4.799533209999999883e+00 8.030990190076181534e-01
4.813666666999999677e+00 8.127254939875729889e-01
4.827800122999999388e+00 8.382301977627619749e-01
4.841933579999999182e+00 8.606582718773729823e-01
4.856067037000000752e+00 8.674375225637511733e-01
4.870200494000000546e+00 8.637378975461729169e-01
4.884333951000000340e+00 8.602442026498646754e-01
4.898467407000000051e+00 8.595296535050458431e-01
4.912600863999999845e+00 8.525080215680649331e-01
4.926734320999999639e+00 8.269795182779340337e-01
4.940867777999999433e+00 7.835051839187006095e-01
4.955001234999999227e+00 7.382195521705074981e-01
4.969134691000000714e+00 7.104102791652895377e-01
4.983268148000000508e+00 7.053058430381664579e-01
4.997401605000000302e+00 7.136208204367093799e-01
5.011535062000000096e+00 7.201441547948643773e-01
5.025668518999999890e+00 7.159627461789686009e-01
5.039801974999999601e+00 7.084164856363024398e-01
5.053935431999999395e+00 7.077883573943815065e-01
5.068068888999999189e+00 7.180677827229455801e-01
5.082202346000000759e+00 7.358843802283168145e-01
5.096335802000000470e+00 7.521231264412104878e-01
5.110469259000000264e+00 7.627104519937688565e-01
5.124602716000000058e+00 7.669021242665294835e-01
5.138736172999999852e+00 7.673766230149112744e-01
5.152869629999999646e+00 7.674469355108364255e-01
5.167003085999999357e+00 7.662031188302229623e-01
5.181136542999999151e+00 7.637665667596458263e-01
5.195270000000000721e+00 7.595303486579449981e-01
5.209403457000000515e+00 7.502363859648699673e-01
5.223536914000000309e+00 7.316604852846921858e-01
5.237670370000000020e+00 7.052643215548179967e-01
5.251803826999999814e+00 6.768525361297363929e-01
5.265937283999999607e+00 6.543279103483055081e-01
5.280070740999999401e+00 6.421392146892497266e-01
5.294204197999999195e+00 6.358379342085243024e-01
5.308337654000000683e+00 6.258396302361166619e-01
5.322471111000000477e+00 6.082497405196356510e-01
5.336604568000000270e+00 5.890305213207991386e-01
5.350738025000000064e+00 5.782104709450788249e-01
5.364871480999999775e+00 5.832531303295169778e-01
5.379004937999999569e+00 6.002950939256255225e-01
5.393138394999999363e+00 6.193636529345827313e-01
5.407271851999999157e+00 6.315928203447036537e-01
5.421405309000000727e+00 6.343341640173214557e-01
5.435538765000000438e+00 6.291866707343576337e-01
5.449672222000000232e+00 6.164123328139332614e-01
5.463805679000000026e+00 5.957407322653267556e-01
5.477939135999999820e+00 5.687808631791853031e-01
5.492072592999999614e+00 5.428886959906620291e-01
5.506206048999999325e+00 5.272144732905204023e-01
5.520339505999999119e+00 5.291944861473911743e-01
5.534472963000000689e+00 5.472937144390233044e-01
5.548606420000000483e+00 5.737396342422904638e-01
5.562739877000000277e+00 6.037031950382747425e-01
5.576873332999999988e+00 6.368702316986922796e-01
5.591006789999999782e+00 6.782282011030318358e-01
5.605140246999999576e+00 7.305868018813690412e-01
5.619273703999999370e+00 7.881099564733915486e-01
5.633407160000000857e+00 8.340973817162495862e-01
5.647540617000000651e+00 8.550085579627051402e-01
5.661674074000000445e+00 8.513034658457527826e-01
5.675807531000000239e+00 8.371062195506429049e-01
5.689940988000000033e+00 8.319342560801530340e-01
5.704074443999999744e+00 8.452575157683597240e-01
5.718207900999999538e+00 8.725398059579791976e-01
5.732341357999999332e+00 9.045217045663580535e-01
5.746474814999999126e+00 9.370200865926054945e-01
5.760608272000000696e+00 9.717672407365576248e-01
5.774741728000000407e+00 1.008656992558476517e+00
5.788875185000000201e+00 1.040829298451264151e+00
5.803008641999999995e+00 1.060746234500369312e+00
5.817142098999999789e+00 1.068350419755454084e+00
5.831275555999999582e+00 1.074365197555971818e+00
5.845409011999999294e+00 1.089360612219163471e+00
5.859542469000000864e+00 1.112088563601245639e+00
5.873675926000000658e+00 1.130260165957141183e+00
5.887809383000000452e+00 1.132253828564886433e+00
5.901942840000000245e+00 1.118822391757843704e+00
5.916076295999999957e+00 1.102865701846873492e+00
5.930209752999999751e+00 1.101265892446967598e+00
5.944343209999999544e+00 1.121393948925028639e+00
5.958476666999999338e+00 1.161978814870654020e+00
5.972610123000000826e+00 1.220161752389879339e+00
5.986743580000000620e+00 1.292347194458590920e+00
6.000877037000000414e+00 1.371773395510681226e+00
6.015010494000000207e+00 1.446065105591525679e+00
6.029143951000000001e+00 1.501802735215033380e+00
6.043277406999999712e+00 1.535431837930929078e+00
6.057410863999999506e+00 1.559039253123252422e+00
6.071544320999999300e+00 1.588451661634305623e+00
6.085677778000000870e+00 1.624814801094405681e+00
6.099811235000000664e+00 1.654122387544378014e+00
6.113944691000000375e+00 1.662440667707624442e+00
6.128078148000000169e+00 1.657792638259941498e+00
6.142211604999999963e+00 1.671529183217980830e+00
6.156345061999999757e+00 1.728338058974715707e+00
6.170478518999999551e+00 1.820150546216751763e+00
6.184611974999999262e+00 1.905395407783567308e+00
6.198745432000000832e+00 1.942473483232166842e+00
6.212878889000000626e+00 1.927818862990051230e+00
6.227012346000000420e+00 1.899202054237763448e+00
6.241145802000000131e+00 1.901750085908519239e+00
6.255279258999999925e+00 1.948201002512192304e+00
6.269412715999999719e+00 2.007264926488172563e+00
6.283546172999999513e+00 2.034884841475813388e+00
6.297679629999999307e+00 2.014796489232995924e+00
6.311813086000000794e+00 1.971842037787597590e+00
6.325946543000000588e+00 1.949848088944575508e+00
6.340080000000000382e+00 1.970380337732743570e+00
6.354213457000000176e+00 2.013029303322108277e+00
6.368346913999999970e+00 2.034824587413721630e+00
6.382480369999999681e+00 2.011897301213625866e+00
6.396613826999999475e+00 1.959002882646521115e+00
6.410747283999999269e+00 1.921216816096476876e+00
6.424880741000000839e+00 1.934493308912340837e+00
6.439014198000000633e+00 1.992110218621791162e+00
6.453147654000000344e+00 2.055658654904272353e+00
6.467281111000000138e+00 2.084445243275919069e+00
6.481414567999999932e+00 2.067563678359508827e+00
6.495548024999999726e+00 2.028913101825839504e+00
6.509681480999999437e+00 2.000791885922753366e+00
6.523814937999999231e+00 1.995721933181481944e+00
6.537948395000000801e+00 2.004880089651850383e+00
6.552081852000000595e+00 2.010480781995585886e+00
6.566215309000000389e+00 2.005875281760440387e+00
6.580348765000000100e+00 2.001238725586574674e+00
6.594482221999999894e+00 2.006727481833868509e+00
6.608615678999999687e+00 2.024110686792768732e+00
6.622749135999999481e+00 2.040360342071554811e+00
6.636882592999999275e+00 2.041748550635814397e+00
6.651016049000000763e+00 2.028487014072668515e+00
6.665149506000000557e+00 2.010855102159922581e+00
6.679282963000000350e+00 2.000363382606137108e+00
6.693416420000000144e+00 1.997452668437755818e+00
6.707549876999999938e+00 1.990149752568632024e+00
6.721683332999999649e+00 1.968492253298562034e+00
6.735816789999999443e+00 1.937567304471338403e+00
6.749950246999999237e+00 1.916052048744058212e+00
6.764083704000000807e+00 1.918889981999077676e+00
6.778217160000000518e+00 1.943141163637760016e+00
6.792350617000000312e+00 1.969428330698564267e+00
6.806484074000000106e+00 1.978987118739306439e+00
6.820617530999999900e+00 1.973213209812199054e+00
6.834750987999999694e+00 1.966901619681635793e+00
6.848884443999999405e+00 1.973885220968011112e+00
6.863017900999999199e+00 1.990526237130460174e+00
6.877151358000000769e+00 1.998970613677078845e+00
6.891284815000000563e+00 1.989403983198629433e+00
6.905418272000000357e+00 1.965552073763419116e+00
6.919551728000000068e+00 1.944869653824888189e+00
6.933685184999999862e+00 1.941080938852026705e+00
6.947818641999999656e+00 1.952071661068854880e+00
6.961952098999999450e+00 1.972475223017378099e+00
6.976085555999999244e+00 1.998162748306043568e+00
6.990219012000000731e+00 2.030690499457552534e+00
7.004352469000000525e+00 2.070752242775199647e+00
7.018485926000000319e+00 2.106753256905728122e+00
7.032619383000000113e+00 2.121071291402122583e+00
7.046752839999999907e+00 2.101015993060936893e+00
7.060886295999999618e+00 2.053294285827968579e+00
7.075019752999999412e+00 2.000974643900548244e+00
7.089153209999999206e+00 1.969905742349030930e+00
7.103286667000000776e+00 1.971181623881664180e+00
7.117420123000000487e+00 1.992220072961909949e+00
7.131553580000000281e+00 2.009245331397066181e+00
7.145687037000000075e+00 1.999226426573480708e+00
7.159820493999999869e+00 1.960123716195552035e+00
7.173953950999999662e+00 1.908506444330040352e+00
7.188087406999999374e+00 1.864929458074776392e+00
7.202220863999999168e+00 1.844720514485597818e+00
7.216354321000000738e+00 1.844276528256381553e+00
7.230487778000000532e+00 1.849543195281414754e+00
7.244621235000000325e+00 1.847195713994457478e+00
7.258754691000000037e+00 1.827626728212985441e+00
7.272888147999999831e+00 1.790460708477498386e+00
7.287021604999999624e+00 1.741773154731417250e+00
7.301155061999999418e+00 1.691270425765642571e+00
7.315288518999999212e+00 1.654865263499402772e+00
7.329421975000000700e+00 1.648000646411821535e+00
7.343555432000000494e+00 1.675623459999478371e+00
7.357688889000000287e+00 1.726027606220858601e+00
7.371822346000000081e+00 1.772146112908263405e+00
7.385955801999999792e+00 1.789503448767481686e+00
7.400089258999999586e+00 1.772660713378190422e+00
7.414222715999999380e+00 1.739897332193848456e+00
7.428356172999999174e+00 1.720319409221303886e+00
7.442489630000000744e+00 1.734771770126238621e+00
7.456623086000000455e+00 1.782402179780763873e+00
7.470756543000000249e+00 1.843334376545595177e+00
7.484890000000000043e+00 1.896481121420098503e+00
7.499023456999999837e+00 1.931754989251148302e+00
7.513156913999999631e+00 1.953098258897989936e+00
7.527290369999999342e+00 1.968095646073074079e+00
7.541423826999999136e+00 1.980825427036574382e+00
7.555557284000000706e+00 1.987918191275701574e+00
7.569690741000000500e+00 1.984384451831061824e+00
7.583824198000000294e+00 1.974830508991519906e+00
7.597957654000000005e+00 1.970288679310620239e+00
7.612091110999999799e+00 1.982150676654628185e+00
7.626224567999999593e+00 2.012687640764060149e+00
7.640358024999999387e+00 2.051991783430297644e+00
7.654491481000000874e+00 2.082314543495265013e+00
7.668624938000000668e+00 2.091790362734167630e+00
7.682758395000000462e+00 2.083306436149513274e+00
7.696891852000000256e+00 2.074381679650150190e+00
7.711025309000000050e+00 2.086872844041279151e+00
7.725158764999999761e+00 2.129143239921686970e+00
7.739292221999999555e+00 2.186110036085745278e+00
7.753425678999999349e+00 2.225820893672924683e+00
7.767559135999999143e+00 2.220883922376096109e+00
7.781692593000000713e+00 2.169167114432111632e+00
7.795826049000000424e+00 2.099022219812292533e+00
7.809959506000000218e+00 2.049172720507360879e+00
7.824092963000000012e+00 2.042010540559163090e+00
7.838226419999999806e+00 2.064366741680581541e+00
7.852359876999999599e+00 2.083083332540816457e+00
7.866493332999999311e+00 2.075114111013835583e+00
7.880626790000000881e+00 2.046081981405048822e+00
7.894760247000000675e+00 2.031033302424066989e+00
7.908893704000000469e+00 2.060944578655426795e+00
7.923027160000000180e+00 2.136653977028862172e+00
7.937160616999999974e+00 2.225982581525558501e+00
7.951294073999999767e+00 2.283633533766295187e+00
7.965427530999999561e+00 2.287004907454640801e+00
7.979560987999999355e+00 2.250798453251485753e+00
7.993694444000000843e+00 2.217844098080790971e+00
8.007827900999998860e+00 2.229666375298455350e+00
8.021961357999998654e+00 2.307265758253052468e+00
8.036094814999998448e+00 2.448903500317111792e+00
8.050228271999998242e+00 2.645680524762202168e+00
8.064361728000001506e+00 2.900871872299152443e+00
8.078495185000001300e+00 3.227835792718051877e+00
8.092628642000001093e+00 3.634609841390028961e+00
8.106762099000000887e+00 4.115019061357212848e+00
8.120895556000000681e+00 4.650936412620147564e+00
8.135029012000000392e+00 5.233633689677162693e+00
8.149162469000000186e+00 5.879355557870821869e+00
8.163295925999999980e+00 6.616441009301329501e+00
8.177429382999999774e+00 7.462982552563394378e+00
8.191562839999999568e+00 8.401721729681272066e+00
8.205696295999999279e+00 9.389155107176719639e+00
8.219829752999999073e+00 1.038917809418068749e+01
8.233963209999998867e+00 1.140027958658189178e+01
8.248096666999998661e+00 1.246031735555633091e+01
8.262230122999998372e+00 1.361570357021406252e+01
8.276363580000001718e+00 1.489037921995249647e+01
8.290497037000001512e+00 1.627143171416216560e+01
8.304630494000001306e+00 1.772790410166929576e+01
8.318763951000001100e+00 1.923497020414233560e+01
8.332897407000000811e+00 2.078514507715851067e+01
8.347030864000000605e+00 2.238271578831646025e+01
8.361164321000000399e+00 2.402599165520808455e+01
8.375297778000000193e+00 2.570278116721388884e+01
8.389431234999999987e+00 2.740400442626300759e+01
8.403564690999999698e+00 2.914203327642835362e+01
8.417698147999999492e+00 3.095548998351040026e+01
8.431831604999999286e+00 3.289719987447944760e+01
8.445965061999999079e+00 3.500292071456498633e+01
8.460098518999998873e+00 3.726562072360446365e+01
8.474231974999998585e+00 3.962302988799059733e+01
8.488365431999998378e+00 4.196367985849094850e+01
8.502498889000001725e+00 4.415283084233717403e+01
8.516632346000001519e+00 4.606437128381334389e+01
8.530765802000001230e+00 4.760991083160864434e+01
8.544899259000001024e+00 4.875975105764118211e+01
8.559032716000000818e+00 4.954183303529326565e+01
8.573166173000000612e+00 5.002492263002984885e+01
8.587299630000000406e+00 5.029450096604240628e+01
8.601433086000000117e+00 5.042981777701833579e+01
8.615566542999999911e+00 5.049047403954976687e+01
8.629699999999999704e+00 3.788309454778242014e+01
