# r_minus_2Rs_A, PMF_over_kBT
-1.175000000000000044e+00 nan
-1.125000000000000000e+00 nan
-1.074999999999999956e+00 nan
-1.024999999999999911e+00 nan
-9.749999999999999778e-01 nan
-9.249999999999999334e-01 nan
-8.749999999999998890e-01 nan
-8.249999999999999556e-01 nan
-7.749999999999999112e-01 nan
-7.249999999999999778e-01 nan
-6.749999999999999334e-01 nan
-6.249999999999998890e-01 nan
-5.749999999999999556e-01 nan
-5.249999999999999112e-01 nan
-4.749999999999998668e-01 nan
-4.249999999999999334e-01 nan
-3.749999999999998890e-01 nan
-3.249999999999999556e-01 nan
-2.749999999999999112e-01 nan
-2.249999999999998668e-01 4.104671199501876089e+00
-1.750000000000000444e-01 2.203636169903821163e+00
-1.249999999999997780e-01 5.617352709171563596e-01
-7.499999999999995559e-02 -2.873466590640672003e-01
-2.499999999999968914e-02 -5.012814818981317089e-01
2.500000000000013323e-02 -4.091823455849761260e-01
7.499999999999995559e-02 -1.852746491261476613e-01
1.250000000000002220e-01 1.465997449316613910e-02
1.750000000000000444e-01 1.715119874507586850e-01
2.250000000000003109e-01 2.514576760873170613e-01
2.750000000000001332e-01 3.050173236045221614e-01
3.249999999999999556e-01 3.656390448340300914e-01
3.750000000000002220e-01 3.944362626636119806e-01
4.250000000000000444e-01 3.697686308371861408e-01
4.750000000000003109e-01 3.547291785561843547e-01
5.250000000000001332e-01 2.834922019460939246e-01
5.749999999999999556e-01 1.037635459534866911e-01
6.250000000000002220e-01 4.624212123050597256e-02
6.750000000000000444e-01 6.457242552412534309e-02
7.250000000000003109e-01 -2.546686865696390356e-02
7.750000000000001332e-01 -8.424360656257912083e-02
8.250000000000003997e-01 -1.171296237165195819e-01
8.750000000000002220e-01 -1.555331425292676428e-01
9.250000000000000444e-01 -7.545246414450401673e-02
9.749999999999998668e-01 -1.197085193117786162e-03
1.025000000000000133e+00 4.812427956486953207e-03
1.075000000000000400e+00 6.240558250809913332e-02
1.125000000000000222e+00 1.426276198335405532e-01
1.175000000000000044e+00 1.543277380175425151e-01
1.225000000000000311e+00 1.800626437280943293e-01
1.275000000000000133e+00 1.795675187756660129e-01
1.325000000000000400e+00 1.787624323767746937e-01
1.375000000000000222e+00 1.847527289455181965e-01
1.425000000000000044e+00 1.175444836268648707e-01
1.475000000000000311e+00 9.757335231801267383e-02
1.525000000000000133e+00 3.827409877301368724e-02
1.575000000000000400e+00 -1.178102817510362499e-02
1.625000000000000222e+00 3.100240602915693700e-03
1.675000000000000044e+00 -2.996693502460345826e-02
1.725000000000000311e+00 -5.125630510499412651e-02
1.775000000000000133e+00 -5.154077237395338074e-02
1.825000000000000400e+00 -3.822294336477360943e-02
1.875000000000000222e+00 -1.555821896458420284e-02
1.925000000000000044e+00 2.117559403286950470e-03
1.975000000000000311e+00 2.566705993973483757e-02
2.025000000000000355e+00 6.393984804655117316e-02
2.075000000000000178e+00 7.456158805309121007e-02
2.125000000000000000e+00 6.740865046451105513e-02
2.174999999999999822e+00 6.447113443934560095e-02
2.225000000000000533e+00 7.468247323674015448e-02
2.275000000000000355e+00 8.727677368504549449e-02
2.325000000000000178e+00 6.864070976377645295e-02
2.375000000000000000e+00 6.892051686723421611e-02
2.424999999999999822e+00 6.677979547579226960e-02
2.475000000000000533e+00 5.203084631095400425e-02
2.525000000000000355e+00 3.276323101256473080e-02
2.575000000000000178e+00 1.019229573180213677e-02
2.625000000000000000e+00 2.379803402170921345e-03
2.674999999999999822e+00 -7.327470269140157200e-03
2.725000000000000533e+00 -2.204516628425512437e-02
2.775000000000000355e+00 -3.692436984165770042e-03
2.825000000000000178e+00 1.880668158662857081e-02
2.875000000000000000e+00 2.164739008760507843e-02
2.924999999999999822e+00 3.155299988874737949e-02
2.975000000000000533e+00 3.107065399025232821e-02
3.024999999999999467e+00 3.863977499840753893e-02
3.075000000000000178e+00 6.829335675698500197e-02
3.125000000000000000e+00 6.389206204680952794e-02
3.174999999999999822e+00 4.440119151908517026e-02
3.225000000000000533e+00 4.587449566690882108e-02
3.274999999999999467e+00 5.156426295864147136e-02
3.325000000000000178e+00 4.494739742470610366e-02
3.375000000000000000e+00 2.506582580921179471e-02
3.424999999999999822e+00 2.346416554036201418e-02
3.475000000000000533e+00 2.804465127439259575e-02
3.524999999999999467e+00 -4.869317315514987143e-03
3.575000000000000178e+00 -1.328700806999094652e-02
3.625000000000000888e+00 -2.221484874747492455e-03
3.674999999999999822e+00 -1.071679479685672121e-02
3.725000000000000533e+00 -6.282745539286427316e-03
3.774999999999999467e+00 7.265486606220061816e-03
3.825000000000000178e+00 2.071196984056333790e-02
3.875000000000000888e+00 1.909695919700560296e-02
3.924999999999999822e+00 2.519788386378296607e-02
3.975000000000000533e+00 2.164202333812692558e-02
4.024999999999999467e+00 2.513685747135419035e-02
4.075000000000000178e+00 3.297377045829374964e-02
4.125000000000000888e+00 1.907832236401407755e-02
4.174999999999999822e+00 9.692950796073684927e-03
4.225000000000000533e+00 -6.332620381153120093e-04
4.274999999999999467e+00 -2.516782584024213065e-03
4.325000000000000178e+00 -1.446889669608264484e-02
4.375000000000000888e+00 -7.146058766355878333e-03
4.424999999999999822e+00 5.190965291224980405e-03
4.475000000000000533e+00 -1.310572992338610021e-02
4.524999999999999467e+00 -1.498918602083376683e-02
4.575000000000000178e+00 -9.686420978736620668e-03
4.625000000000000888e+00 -3.717964736674517212e-03
4.674999999999999822e+00 -4.098804313966031287e-03
4.725000000000000533e+00 -4.232962183696287184e-03
4.774999999999999467e+00 -9.477859855460124550e-04
4.825000000000000178e+00 -8.965519857877080057e-03
4.875000000000000888e+00 -6.440092183648715718e-03
4.924999999999999822e+00 1.347229054495757694e-02
4.975000000000000533e+00 1.274953481294804902e-03
5.024999999999999467e+00 -1.131483682885781050e-02
5.075000000000000178e+00 -2.661265931216405534e-04
5.125000000000000888e+00 -1.783699194262489129e-02
5.174999999999999822e+00 -2.515358829500069504e-02
5.225000000000000533e+00 -2.901528888075599610e-03
5.274999999999999467e+00 9.541292006696622252e-03
5.325000000000000178e+00 -1.035923026056462248e-02
5.375000000000000888e+00 -2.515857877895300021e-02
5.424999999999999822e+00 -1.784044977734788873e-02
5.475000000000000533e+00 -1.333363642319529419e-02
5.524999999999999467e+00 -2.580762176046080825e-02
5.575000000000000178e+00 -2.683331262836663456e-02
5.625000000000000888e+00 -1.398181866645709093e-02
5.674999999999999822e+00 -2.344558252262229914e-02
5.725000000000000533e+00 -2.072610322232204538e-02
5.774999999999999467e+00 -1.856720004780143540e-02
5.825000000000000178e+00 4.006382919826600997e-02
5.875000000000000888e+00 5.530580509589722027e-01
5.924999999999999822e+00 1.882419521902715109e+00
5.975000000000000533e+00 4.087925207814739004e+00
6.024999999999999467e+00 6.578895130555387993e+00
6.075000000000000178e+00 nan
6.125000000000000888e+00 nan
6.174999999999999822e+00 nan
6.225000000000000533e+00 nan
6.274999999999999467e+00 nan
6.325000000000000178e+00 nan
6.375000000000000888e+00 nan
6.424999999999999822e+00 nan
6.475000000000000533e+00 nan
6.524999999999999467e+00 nan
6.575000000000000178e+00 nan
6.625000000000000888e+00 nan
6.674999999999999822e+00 nan
6.725000000000000533e+00 nan
6.774999999999999467e+00 nan
6.825000000000000178e+00 nan
6.874999999999999112e+00 nan
6.924999999999999822e+00 nan
6.975000000000000533e+00 nan
7.025000000000001243e+00 nan
7.075000000000000178e+00 nan
7.124999999999999112e+00 nan
7.174999999999999822e+00 nan
7.225000000000000533e+00 nan
7.275000000000001243e+00 nan
7.325000000000000178e+00 nan
7.374999999999999112e+00 nan
7.424999999999999822e+00 nan
7.475000000000000533e+00 nan
7.525000000000001243e+00 nan
7.575000000000000178e+00 nan
7.624999999999999112e+00 nan
7.674999999999999822e+00 nan
7.725000000000000533e+00 nan
7.775000000000001243e+00 nan
7.825000000000000178e+00 nan
7.874999999999999112e+00 nan
7.924999999999999822e+00 nan
7.975000000000000533e+00 nan
8.025000000000002132e+00 nan
8.075000000000001066e+00 nan
8.125000000000000000e+00 nan
8.175000000000000711e+00 nan
8.225000000000001421e+00 nan
8.275000000000002132e+00 nan
8.325000000000001066e+00 nan
8.375000000000001776e+00 nan
8.425000000000000711e+00 nan
8.475000000000001421e+00 nan
8.525000000000002132e+00 nan
8.575000000000001066e+00 nan
8.625000000000001776e+00 nan
8.675000000000000711e+00 nan
8.725000000000001421e+00 nan
8.775000000000002132e+00 nan
8.825000000000001066e+00 nan
8.875000000000001776e+00 nan
8.925000000000000711e+00 nan
8.975000000000001421e+00 nan
9.025000000000002132e+00 nan
9.075000000000001066e+00 nan
9.125000000000001776e+00 nan
9.175000000000000711e+00 nan
9.225000000000001421e+00 nan
9.275000000000002132e+00 nan
9.325000000000001066e+00 nan
9.375000000000001776e+00 nan
9.425000000000000711e+00 nan
9.475000000000001421e+00 nan
9.525000000000002132e+00 nan
9.575000000000001066e+00 nan
9.625000000000001776e+00 nan
9.675000000000000711e+00 nan
9.725000000000001421e+00 nan
9.775000000000002132e+00 nan
9.825000000000001066e+00 nan
9.875000000000001776e+00 nan
9.925000000000000711e+00 nan
9.975000000000001421e+00 nan
1.002500000000000213e+01 nan
1.007500000000000107e+01 nan
1.012500000000000178e+01 nan
1.017500000000000071e+01 nan
1.022500000000000142e+01 nan
1.027500000000000213e+01 nan
1.032500000000000107e+01 nan
1.037500000000000178e+01 nan
1.042500000000000071e+01 nan
1.047500000000000142e+01 nan
1.052500000000000213e+01 nan
1.057500000000000107e+01 nan
1.062500000000000178e+01 nan
1.067500000000000071e+01 nan
1.072500000000000142e+01 nan
1.077500000000000213e+01 nan
1.082500000000000107e+01 nan
1.087500000000000178e+01 nan
1.092500000000000071e+01 nan
1.097500000000000142e+01 nan
1.102500000000000213e+01 nan
1.107500000000000107e+01 nan
1.112500000000000178e+01 nan
1.117500000000000071e+01 nan
1.122500000000000142e+01 nan
1.127500000000000213e+01 nan
1.132500000000000107e+01 nan
1.137500000000000178e+01 nan
1.142500000000000071e+01 nan
1.147500000000000142e+01 nan
1.152500000000000213e+01 nan
1.157500000000000107e+01 nan
1.162500000000000178e+01 nan
1.167500000000000071e+01 nan
1.172500000000000142e+01 nan
1.177500000000000213e+01 nan
1.182500000000000107e+01 nan
1.187500000000000178e+01 nan
1.192500000000000071e+01 nan
1.197500000000000142e+01 nan
1.202500000000000213e+01 nan
1.207500000000000107e+01 nan
1.212500000000000178e+01 nan
1.217500000000000071e+01 nan
1.222500000000000142e+01 nan
1.227500000000000213e+01 nan
1.232500000000000107e+01 nan
1.237500000000000178e+01 nan
1.242500000000000071e+01 nan
1.247500000000000142e+01 nan
1.252500000000000213e+01 nan
1.257500000000000107e+01 nan
1.262500000000000178e+01 nan
1.267500000000000071e+01 nan
1.272500000000000142e+01 nan
1.277500000000000213e+01 nan
1.282500000000000107e+01 nan
1.287500000000000178e+01 nan
1.292500000000000071e+01 nan
1.297500000000000142e+01 nan
1.302500000000000213e+01 nan
1.307500000000000107e+01 nan
1.312500000000000178e+01 nan
1.317500000000000071e+01 nan
1.322500000000000142e+01 nan
1.327500000000000213e+01 nan
1.332500000000000107e+01 nan
1.337500000000000178e+01 nan
1.342500000000000071e+01 nan
1.347500000000000142e+01 nan
1.352500000000000213e+01 nan
1.357500000000000107e+01 nan
1.362500000000000178e+01 nan
1.367500000000000071e+01 nan
1.372500000000000142e+01 nan
1.377500000000000213e+01 nan
1.382500000000000107e+01 nan
1.387500000000000178e+01 nan
1.392500000000000071e+01 nan
1.397500000000000142e+01 nan
1.402500000000000213e+01 nan
1.407500000000000107e+01 nan
1.412500000000000178e+01 nan
1.417500000000000071e+01 nan
1.422500000000000142e+01 nan
1.427500000000000213e+01 nan
1.432500000000000107e+01 nan
1.437500000000000178e+01 nan
1.442500000000000071e+01 nan
1.447500000000000142e+01 nan
1.452500000000000213e+01 nan
1.457500000000000107e+01 nan
1.462500000000000178e+01 nan
1.467500000000000071e+01 nan
1.472500000000000142e+01 nan
1.477500000000000213e+01 nan
1.482499999999999929e+01 nan
1.487500000000000355e+01 nan
1.492500000000000071e+01 nan
1.497500000000000142e+01 nan
1.502500000000000213e+01 nan
1.507499999999999929e+01 nan
1.512500000000000355e+01 nan
1.517500000000000071e+01 nan
1.522500000000000142e+01 nan
1.527500000000000213e+01 nan
1.532499999999999929e+01 nan
1.537500000000000355e+01 nan
1.542500000000000071e+01 nan
1.547500000000000142e+01 nan
1.552500000000000213e+01 nan
1.557499999999999929e+01 nan
1.562500000000000355e+01 nan
1.567500000000000071e+01 nan
1.572500000000000142e+01 nan
1.577500000000000213e+01 nan
1.582499999999999929e+01 nan
1.587500000000000355e+01 nan
1.592500000000000071e+01 nan
1.597500000000000142e+01 nan
1.602500000000000213e+01 nan
1.607499999999999929e+01 nan
1.612500000000000355e+01 nan
1.617500000000000071e+01 nan
1.622500000000000142e+01 nan
1.627500000000000213e+01 nan
1.632499999999999929e+01 nan
1.637500000000000355e+01 nan
1.642500000000000071e+01 nan
1.647500000000000142e+01 nan
1.652500000000000213e+01 nan
1.657499999999999929e+01 nan
1.662500000000000355e+01 nan
1.667500000000000071e+01 nan
1.672500000000000142e+01 nan
1.677500000000000213e+01 nan
1.682499999999999929e+01 nan
1.687500000000000355e+01 nan
1.692500000000000071e+01 nan
1.697500000000000142e+01 nan
1.702500000000000213e+01 nan
1.707499999999999929e+01 nan
1.712500000000000355e+01 nan
1.717500000000000071e+01 nan
1.722500000000000142e+01 nan
1.727500000000000213e+01 nan
1.732499999999999929e+01 nan
1.737500000000000355e+01 nan
1.742500000000000071e+01 nan
1.747500000000000142e+01 nan
1.752500000000000213e+01 nan
1.757499999999999929e+01 nan
1.762500000000000355e+01 nan
1.767500000000000071e+01 nan
1.772500000000000142e+01 nan
1.777500000000000213e+01 nan
1.782499999999999929e+01 nan
1.787500000000000355e+01 nan
1.792500000000000071e+01 nan
1.797500000000000497e+01 nan
1.802500000000000213e+01 nan
1.807499999999999929e+01 nan
1.812500000000000355e+01 nan
1.817500000000000071e+01 nan
1.822500000000000497e+01 nan
1.827500000000000213e+01 nan
1.832499999999999929e+01 nan
1.837500000000000355e+01 nan
1.842500000000000071e+01 nan
1.847500000000000497e+01 nan
1.852500000000000213e+01 nan
1.857499999999999929e+01 nan
1.862500000000000355e+01 nan
1.867500000000000071e+01 nan
1.872500000000000497e+01 nan
1.877500000000000213e+01 nan
