# r_minus_2Rs_A, PMF_over_kBT
-1.975000000000000089e+00 nan
-1.925000000000000044e+00 nan
-1.875000000000000000e+00 nan
-1.824999999999999956e+00 nan
-1.774999999999999911e+00 nan
-1.725000000000000089e+00 nan
-1.674999999999999822e+00 nan
-1.625000000000000000e+00 nan
-1.574999999999999956e+00 nan
-1.524999999999999911e+00 nan
-1.475000000000000089e+00 nan
-1.424999999999999822e+00 nan
-1.375000000000000000e+00 nan
-1.324999999999999956e+00 nan
-1.274999999999999911e+00 nan
-1.225000000000000089e+00 nan
-1.174999999999999822e+00 nan
-1.125000000000000000e+00 nan
-1.074999999999999956e+00 nan
-1.024999999999999911e+00 nan
-9.750000000000000888e-01 nan
-9.249999999999998224e-01 nan
-8.750000000000000000e-01 nan
-8.249999999999997335e-01 nan
-7.749999999999999112e-01 nan
-7.250000000000000888e-01 nan
-6.749999999999998224e-01 nan
-6.250000000000000000e-01 nan
-5.749999999999997335e-01 nan
-5.249999999999999112e-01 nan
-4.750000000000000888e-01 nan
-4.249999999999998224e-01 nan
-3.750000000000000000e-01 nan
-3.249999999999997335e-01 nan
-2.749999999999999112e-01 2.537071058726651174e+00
-2.250000000000000888e-01 -1.231317059051562968e+00
-1.749999999999998224e-01 -3.773709377749000726e+00
-1.250000000000000000e-01 -4.964871087195968258e+00
-7.499999999999973355e-02 -5.373225158437534787e+00
-2.499999999999991118e-02 -5.381943543734223567e+00
2.500000000000035527e-02 -5.159052111114473149e+00
7.500000000000017764e-02 -4.908522147339023256e+00
1.250000000000000000e-01 -4.658680084524410958e+00
1.749999999999998224e-01 -4.423309644877327251e+00
2.250000000000000888e-01 -4.190258274755975343e+00
2.750000000000003553e-01 -3.966992845845790594e+00
3.250000000000001776e-01 -3.751484306650852307e+00
3.750000000000000000e-01 -3.541772591065736275e+00
4.250000000000002665e-01 -3.343603296805197189e+00
4.750000000000000888e-01 -3.143200559759927515e+00
5.250000000000003553e-01 -2.947599019412929788e+00
5.750000000000001776e-01 -2.759753675085242275e+00
6.250000000000000000e-01 -2.564540609469640131e+00
6.750000000000002665e-01 -2.396338686380476535e+00
7.250000000000000888e-01 -2.219678767640406392e+00
7.750000000000003553e-01 -2.058449753739532984e+00
8.250000000000001776e-01 -1.908976324527962065e+00
8.750000000000000000e-01 -1.781584313367471806e+00
9.250000000000002665e-01 -1.663692894648442833e+00
9.750000000000000888e-01 -1.542288595142930818e+00
1.025000000000000355e+00 -1.416572909858673457e+00
1.075000000000000178e+00 -1.317474361755634815e+00
1.125000000000000000e+00 -1.200940223118758698e+00
1.175000000000000266e+00 -1.105538042411861932e+00
1.225000000000000089e+00 -9.888168471755430788e-01
1.275000000000000355e+00 -8.878486517094423824e-01
1.325000000000000178e+00 -8.204889472417815632e-01
1.375000000000000000e+00 -7.315159078799472470e-01
1.425000000000000266e+00 -6.781432350658559427e-01
1.475000000000000089e+00 -6.138866858237922441e-01
1.525000000000000355e+00 -5.784600081237090130e-01
1.575000000000000178e+00 -5.217798768577645019e-01
1.625000000000000000e+00 -4.551044194752968397e-01
1.675000000000000266e+00 -4.298268805656782487e-01
1.725000000000000089e+00 -3.889862472207146205e-01
1.775000000000000355e+00 -3.573287952914481203e-01
1.825000000000000178e+00 -3.191616554644087778e-01
1.875000000000000000e+00 -3.171210356134799291e-01
1.925000000000000266e+00 -2.964648240840512261e-01
1.975000000000000089e+00 -2.650597407949247253e-01
2.025000000000000355e+00 -2.442303780165153704e-01
2.075000000000000178e+00 -2.255328566655957767e-01
2.125000000000000000e+00 -2.300043704598245531e-01
2.175000000000000711e+00 -2.120691565189631866e-01
2.224999999999999645e+00 -1.844540272447968976e-01
2.275000000000000355e+00 -1.359439626543307578e-01
2.325000000000000178e+00 -9.168172956577318178e-02
2.375000000000000000e+00 -8.312809823367632578e-02
2.425000000000000711e+00 -6.803695522082071900e-02
2.474999999999999645e+00 -7.161807782461766803e-02
2.525000000000000355e+00 -7.116840726060950917e-02
2.575000000000000178e+00 -7.859669352767732764e-02
2.625000000000000000e+00 -6.281726136760612533e-02
2.675000000000000711e+00 -7.084464271535943769e-02
2.724999999999999645e+00 -7.704411183688586462e-02
2.775000000000000355e+00 -5.893112050982018957e-02
2.825000000000001066e+00 -4.475872695237784887e-02
2.875000000000000000e+00 -4.098626641656869657e-02
2.925000000000000711e+00 -3.862477893675789892e-02
2.974999999999999645e+00 -4.584565613055469058e-02
3.025000000000000355e+00 -3.141787159734891338e-02
3.075000000000001066e+00 -4.751978937709348122e-02
3.125000000000000000e+00 -3.113522108611288530e-02
3.175000000000000711e+00 -4.178155143707495967e-02
3.224999999999999645e+00 -3.954356790868226307e-02
3.275000000000000355e+00 -5.003299155855171071e-02
3.325000000000001066e+00 -4.894089551220881518e-02
3.375000000000000000e+00 -5.967908728665616280e-02
3.425000000000000711e+00 -4.698207458422206523e-02
3.474999999999999645e+00 -3.663862835790077099e-02
3.525000000000000355e+00 -2.595478555719843428e-02
3.575000000000001066e+00 -1.893554882052672639e-02
3.625000000000000000e+00 -5.009584663376494447e-03
3.675000000000000711e+00 -1.016589644060876020e-02
3.724999999999999645e+00 -1.814551794125633319e-02
3.775000000000000355e+00 -2.606463712143236577e-02
3.825000000000001066e+00 -1.308126573248147295e-02
3.875000000000000000e+00 7.960557150576974550e-04
3.925000000000000711e+00 8.648639058933168741e-03
3.974999999999999645e+00 -4.712052801122190715e-03
4.025000000000000355e+00 -1.361526842393908331e-02
4.075000000000001066e+00 -8.428839651272687292e-03
4.125000000000000000e+00 1.778681580614597689e-03
4.175000000000000711e+00 1.597007885242026151e-02
4.224999999999999645e+00 2.760581851961448670e-03
4.275000000000000355e+00 4.477445424419339119e-03
4.325000000000001066e+00 1.712482317943386789e-02
4.375000000000000000e+00 1.519468728414707925e-02
4.425000000000000711e+00 1.909757829757700474e-03
4.474999999999999645e+00 -1.002916784798690841e-02
4.525000000000000355e+00 -9.636610634833934000e-03
4.575000000000001066e+00 1.551999151638483454e-02
4.625000000000000000e+00 -6.088562851889930396e-04
4.675000000000000711e+00 -5.536742723013225558e-03
4.724999999999999645e+00 -5.588806239086085981e-03
4.775000000000000355e+00 -1.371644693101507382e-03
4.825000000000001066e+00 4.962123290683499548e-03
4.875000000000000000e+00 -6.419685301678986107e-03
4.925000000000000711e+00 -5.849197777192394199e-04
4.974999999999999645e+00 3.110447813143550014e-03
5.025000000000000355e+00 5.917093013291611740e-03
5.075000000000001066e+00 -6.547418979104453762e-05
5.125000000000000000e+00 5.883501425234823230e-03
5.175000000000000711e+00 1.118254350656474293e-02
5.224999999999999645e+00 5.849998330308340926e-03
5.275000000000000355e+00 -9.825062539611314691e-03
5.325000000000001066e+00 -4.592756756575481873e-03
5.375000000000000000e+00 7.375100251084454328e-03
5.425000000000000711e+00 1.804000488508335567e-02
5.474999999999999645e+00 3.712232329486327750e-03
5.525000000000000355e+00 -1.319803247026888650e-02
5.575000000000001066e+00 -1.809231309046073835e-02
5.625000000000000000e+00 -5.525230071600883974e-03
5.675000000000000711e+00 1.758282358374592749e-02
5.724999999999999645e+00 2.523980061390821913e-02
5.775000000000000355e+00 2.218953734507911335e-02
5.825000000000001066e+00 2.516120002265968478e-02
5.875000000000000000e+00 1.668277810157592356e-02
5.925000000000000711e+00 7.195658796367816919e-03
5.974999999999999645e+00 -5.726964381977950325e-03
6.025000000000000355e+00 -1.626033383757293340e-03
6.074999999999999289e+00 4.223650625728344048e-04
6.125000000000000000e+00 6.432007988251164932e-03
6.175000000000000711e+00 1.253875072661229419e-02
6.225000000000001421e+00 2.371428635916587521e-02
6.275000000000000355e+00 2.465970050829395174e-02
6.324999999999999289e+00 2.161815068288097663e-02
6.375000000000000000e+00 5.142744819887597359e-03
6.425000000000000711e+00 -1.457761045380608468e-03
6.475000000000001421e+00 -6.996432269747850270e-03
6.525000000000000355e+00 -6.869446121774054788e-03
6.574999999999999289e+00 7.944928697622533065e-03
6.625000000000000000e+00 2.329166139881877484e-03
6.675000000000000711e+00 -1.404434288529543551e-03
6.725000000000001421e+00 -1.202920292387095989e-02
6.775000000000000355e+00 6.488940779177276852e-03
6.824999999999999289e+00 2.925744287061293747e-02
6.875000000000000000e+00 2.846598275743235720e-02
6.925000000000000711e+00 2.610081382502560388e-02
6.975000000000001421e+00 1.359308975516437812e-02
7.025000000000000355e+00 1.194635534961685508e-02
7.074999999999999289e+00 2.587484805161081522e-02
7.125000000000000000e+00 3.908816408592397096e-02
7.175000000000000711e+00 4.488695996395645343e-02
7.225000000000001421e+00 2.511872107677589130e-02
7.275000000000000355e+00 1.920177827063144702e-02
7.324999999999999289e+00 7.547067947110353003e-03
7.375000000000000000e+00 1.223158138719412057e-02
7.425000000000000711e+00 1.957037635013373841e-02
7.475000000000001421e+00 3.015258443122714738e-02
7.525000000000000355e+00 1.730182002634217397e-02
7.575000000000001066e+00 5.472052362833027548e-04
7.625000000000000000e+00 1.008834826872684332e-02
7.675000000000000711e+00 2.740481963021442272e-02
7.725000000000001421e+00 3.362424973527641109e-02
7.775000000000000355e+00 3.830553794050365474e-02
7.825000000000001066e+00 3.652375865738063249e-02
7.875000000000000000e+00 4.251766519874733419e-02
7.925000000000000711e+00 3.948857382106382014e-02
7.975000000000001421e+00 4.481580744462595328e-02
8.025000000000000355e+00 4.048678928725039233e-02
8.075000000000001066e+00 3.723644979831256668e-02
8.125000000000000000e+00 3.640817563837576293e-02
8.175000000000000711e+00 4.299641403860846728e-02
8.225000000000001421e+00 4.572356299308314581e-02
8.275000000000000355e+00 4.541531378622357812e-02
8.325000000000001066e+00 4.693704629455760363e-02
8.375000000000000000e+00 4.695875045281017179e-02
8.425000000000000711e+00 4.552354746525259094e-02
8.475000000000001421e+00 4.614326439145344239e-02
8.525000000000000355e+00 4.766555346892949879e-02
8.575000000000001066e+00 4.613880970666217607e-02
8.625000000000000000e+00 3.745532351323710429e-02
8.675000000000000711e+00 3.442904822564344519e-02
8.725000000000001421e+00 3.957431860214644104e-02
8.775000000000000355e+00 4.239051870708809844e-02
8.825000000000001066e+00 3.365957759703430696e-02
8.875000000000000000e+00 2.339954530257607954e-02
8.925000000000000711e+00 9.846590523766204570e-03
8.975000000000001421e+00 1.591398186226807357e-02
9.025000000000000355e+00 1.872629172691568297e-02
9.075000000000001066e+00 2.786851232886474253e-02
9.125000000000000000e+00 3.045629260040098527e-02
9.175000000000000711e+00 2.440705289238254139e-02
9.225000000000001421e+00 2.181061690043876664e-02
9.275000000000000355e+00 7.664589968619850424e-03
9.325000000000001066e+00 6.049627783496565499e-03
9.375000000000000000e+00 8.586658986137862826e-03
9.425000000000000711e+00 1.674828038313691536e-02
9.475000000000001421e+00 3.358594829779478538e-03
9.525000000000000355e+00 -7.396585663198192986e-04
9.575000000000001066e+00 -6.823028019563655462e-03
9.625000000000000000e+00 2.697674879313716190e-03
9.675000000000000711e+00 4.361961419077668538e-03
9.725000000000001421e+00 -3.279593490111605840e-04
9.775000000000000355e+00 -8.279496100108621817e-03
9.825000000000001066e+00 -1.669624870977222744e-02
9.875000000000000000e+00 -9.935386984669966268e-03
9.925000000000000711e+00 -4.017761296903306530e-03
9.975000000000001421e+00 -2.557770752012503927e-03
1.002500000000000036e+01 -1.387883046033685196e-02
1.007500000000000107e+01 -8.891393026607316216e-03
1.012500000000000000e+01 -1.128654933970925887e-02
1.017500000000000071e+01 -7.830779503726828863e-03
1.022500000000000142e+01 -1.248642081022503271e-02
1.027500000000000036e+01 1.455908380286826233e-03
1.032500000000000107e+01 -1.558846115562229073e-03
1.037500000000000000e+01 -3.698702408730566212e-03
1.042500000000000071e+01 -1.260692541742229091e-02
1.047500000000000142e+01 -2.057889893027020634e-03
1.052500000000000036e+01 -1.691725987265672469e-03
1.057500000000000107e+01 1.003891633150792197e-02
1.062500000000000000e+01 9.705907533794041683e-03
1.067500000000000071e+01 1.712231837269747106e-02
1.072500000000000142e+01 1.936857617693480901e-02
1.077500000000000036e+01 2.770504693809646216e-02
1.082500000000000107e+01 4.100529784118375071e-02
1.087500000000000000e+01 4.778733393053213874e-02
1.092500000000000071e+01 6.158783087471183387e-02
1.097500000000000142e+01 8.049059490822670082e-02
1.102500000000000036e+01 9.068898675763126249e-02
1.107500000000000107e+01 9.986328898816454469e-02
1.112500000000000000e+01 1.087463552341259715e-01
1.117500000000000071e+01 1.276812491539728034e-01
1.122500000000000142e+01 1.461076816746634532e-01
1.127500000000000036e+01 1.534340994541093794e-01
1.132500000000000107e+01 1.540358684573166492e-01
1.137500000000000000e+01 1.524842300332737433e-01
1.142500000000000071e+01 1.658113690233680160e-01
1.147500000000000142e+01 1.906624414408021051e-01
1.152500000000000036e+01 2.132038018492196374e-01
1.157500000000000107e+01 2.301561591940205209e-01
1.162500000000000000e+01 2.331637648959568876e-01
1.167500000000000071e+01 2.464628898344961849e-01
1.172500000000000142e+01 2.630622457594998242e-01
1.177500000000000036e+01 2.769131915764315721e-01
1.182500000000000107e+01 2.878111463937069736e-01
1.187500000000000000e+01 2.980566833442976349e-01
1.192500000000000071e+01 3.143346309527603744e-01
1.197500000000000142e+01 3.774222851307579840e-01
1.202500000000000036e+01 7.369828731754548556e-01
1.207500000000000107e+01 1.688504819009781999e+00
1.212500000000000000e+01 3.501703796695053494e+00
1.217500000000000071e+01 4.550895733694346745e+00
1.222500000000000142e+01 5.922829109793042335e+00
1.227500000000000036e+01 nan
1.232500000000000107e+01 nan
1.237500000000000000e+01 nan
1.242500000000000071e+01 nan
1.247500000000000142e+01 nan
1.252500000000000036e+01 nan
1.257500000000000107e+01 nan
1.262500000000000000e+01 nan
1.267500000000000071e+01 nan
1.272500000000000142e+01 nan
1.277500000000000036e+01 nan
1.282500000000000107e+01 nan
1.287500000000000000e+01 nan
1.292500000000000071e+01 nan
1.297500000000000142e+01 nan
1.302500000000000036e+01 nan
1.307500000000000107e+01 nan
1.312500000000000000e+01 nan
1.317500000000000071e+01 nan
1.322500000000000142e+01 nan
1.327500000000000036e+01 nan
1.332500000000000107e+01 nan
1.337500000000000000e+01 nan
1.342500000000000071e+01 nan
1.347500000000000142e+01 nan
1.352500000000000036e+01 nan
1.357500000000000107e+01 nan
1.362500000000000000e+01 nan
1.367500000000000071e+01 nan
1.372500000000000142e+01 nan
1.377500000000000036e+01 nan
1.382500000000000107e+01 nan
1.387500000000000000e+01 nan
1.392500000000000071e+01 nan
1.397500000000000142e+01 nan
1.402499999999999858e+01 nan
1.407500000000000284e+01 nan
1.412500000000000000e+01 nan
1.417500000000000071e+01 nan
1.422500000000000142e+01 nan
1.427499999999999858e+01 nan
1.432500000000000284e+01 nan
1.437500000000000000e+01 nan
1.442500000000000071e+01 nan
1.447500000000000142e+01 nan
1.452499999999999858e+01 nan
1.457500000000000284e+01 nan
1.462500000000000000e+01 nan
1.467500000000000071e+01 nan
1.472500000000000142e+01 nan
1.477499999999999858e+01 nan
1.482500000000000284e+01 nan
1.487500000000000000e+01 nan
1.492500000000000071e+01 nan
1.497500000000000142e+01 nan
1.502499999999999858e+01 nan
1.507500000000000284e+01 nan
1.512500000000000000e+01 nan
1.517500000000000071e+01 nan
1.522500000000000142e+01 nan
1.527499999999999858e+01 nan
1.532500000000000284e+01 nan
1.537500000000000000e+01 nan
1.542500000000000071e+01 nan
1.547500000000000142e+01 nan
1.552499999999999858e+01 nan
1.557500000000000284e+01 nan
1.562500000000000000e+01 nan
1.567500000000000071e+01 nan
1.572500000000000142e+01 nan
1.577499999999999858e+01 nan
1.582500000000000284e+01 nan
1.587500000000000000e+01 nan
1.592500000000000071e+01 nan
1.597500000000000142e+01 nan
1.602499999999999858e+01 nan
1.607500000000000284e+01 nan
1.612500000000000000e+01 nan
1.617500000000000071e+01 nan
1.622500000000000142e+01 nan
1.627499999999999858e+01 nan
1.632500000000000284e+01 nan
1.637500000000000000e+01 nan
1.642500000000000071e+01 nan
1.647500000000000142e+01 nan
1.652499999999999858e+01 nan
1.657500000000000284e+01 nan
1.662500000000000000e+01 nan
1.667500000000000071e+01 nan
1.672500000000000142e+01 nan
1.677499999999999858e+01 nan
1.682500000000000284e+01 nan
1.687500000000000000e+01 nan
1.692500000000000071e+01 nan
1.697500000000000142e+01 nan
1.702499999999999858e+01 nan
1.707500000000000284e+01 nan
1.712500000000000000e+01 nan
1.717500000000000426e+01 nan
1.722500000000000142e+01 nan
1.727499999999999858e+01 nan
1.732500000000000284e+01 nan
1.737500000000000000e+01 nan
1.742500000000000426e+01 nan
1.747500000000000142e+01 nan
1.752499999999999858e+01 nan
1.757500000000000284e+01 nan
1.762500000000000000e+01 nan
1.767500000000000426e+01 nan
1.772500000000000142e+01 nan
1.777499999999999858e+01 nan
1.782500000000000284e+01 nan
1.787500000000000000e+01 nan
1.792500000000000426e+01 nan
1.797500000000000142e+01 nan
