# r_minus_2Rs_A, PMF_over_kBT
-1.975000000000000089e+00 nan
-1.925000000000000044e+00 nan
-1.875000000000000000e+00 nan
-1.824999999999999956e+00 nan
-1.774999999999999911e+00 nan
-1.725000000000000089e+00 nan
-1.674999999999999822e+00 nan
-1.625000000000000000e+00 nan
-1.574999999999999956e+00 nan
-1.524999999999999911e+00 nan
-1.475000000000000089e+00 nan
-1.424999999999999822e+00 nan
-1.375000000000000000e+00 nan
-1.324999999999999956e+00 nan
-1.274999999999999911e+00 nan
-1.225000000000000089e+00 nan
-1.174999999999999822e+00 nan
-1.125000000000000000e+00 nan
-1.074999999999999956e+00 nan
-1.024999999999999911e+00 nan
-9.750000000000000888e-01 nan
-9.249999999999998224e-01 nan
-8.750000000000000000e-01 nan
-8.249999999999997335e-01 nan
-7.749999999999999112e-01 nan
-7.250000000000000888e-01 nan
-6.749999999999998224e-01 nan
-6.250000000000000000e-01 nan
-5.749999999999997335e-01 nan
-5.249999999999999112e-01 nan
-4.750000000000000888e-01 nan
-4.249999999999998224e-01 nan
-3.750000000000000000e-01 nan
-3.249999999999997335e-01 nan
-2.749999999999999112e-01 nan
-2.250000000000000888e-01 nan
-1.749999999999998224e-01 1.776650541632414093e+00
-1.250000000000000000e-01 -4.748081705132656261e-02
-7.499999999999973355e-02 -9.396889574317990323e-01
-2.499999999999991118e-02 -1.219076129381554185e+00
2.500000000000035527e-02 -1.193930823188058543e+00
7.500000000000017764e-02 -1.019251418570298995e+00
1.250000000000000000e-01 -8.613882748264800604e-01
1.749999999999998224e-01 -7.158238017797615704e-01
2.250000000000000888e-01 -5.641861685513451796e-01
2.750000000000003553e-01 -4.623572311787285116e-01
3.250000000000001776e-01 -4.256952784606471418e-01
3.750000000000000000e-01 -3.184889691618901786e-01
4.250000000000002665e-01 -1.593427293448033133e-01
4.750000000000000888e-01 -7.708002157884763506e-02
5.250000000000003553e-01 -7.542363904076232473e-02
5.750000000000001776e-01 -3.951951667796960166e-02
6.250000000000000000e-01 -1.074835863733891728e-02
6.750000000000002665e-01 -8.459030824023860973e-02
7.250000000000000888e-01 -1.154209414362092900e-01
7.750000000000003553e-01 -1.087725668632799625e-01
8.250000000000001776e-01 -1.504296783664917925e-01
8.750000000000000000e-01 -1.873192903430673795e-01
9.250000000000002665e-01 -1.635774451558162923e-01
9.750000000000000888e-01 -5.150964866343299420e-02
1.025000000000000355e+00 -1.423973286069291078e-02
1.075000000000000178e+00 -7.177271185156541833e-03
1.125000000000000000e+00 3.149534268611375865e-02
1.175000000000000266e+00 6.617119393384074399e-02
1.225000000000000089e+00 9.520006894347066151e-02
1.275000000000000355e+00 7.406590719749051033e-02
1.325000000000000178e+00 1.285662709826973504e-01
1.375000000000000000e+00 1.385221010951163123e-01
1.425000000000000266e+00 1.491396587560234188e-01
1.475000000000000089e+00 2.347706726106366659e-01
1.525000000000000355e+00 2.038291220601031739e-01
1.575000000000000178e+00 1.324546631543728203e-01
1.625000000000000000e+00 1.100710712607972930e-01
1.675000000000000266e+00 1.168222420641820136e-01
1.725000000000000089e+00 9.919979276236823296e-02
1.775000000000000355e+00 5.749841019533086239e-02
1.825000000000000178e+00 8.307806096661751738e-02
1.875000000000000000e+00 5.211398392755439701e-02
1.925000000000000266e+00 3.101213211034581363e-02
1.975000000000000089e+00 5.887751214036462954e-02
2.025000000000000355e+00 1.160163295779303994e-02
2.075000000000000178e+00 2.307121922127430835e-02
2.125000000000000000e+00 2.930011447335312269e-02
2.175000000000000711e+00 2.708222845684149505e-02
2.224999999999999645e+00 6.791442308420814200e-02
2.275000000000000355e+00 6.926196962266839563e-02
2.325000000000000178e+00 8.909077550992616779e-02
2.375000000000000000e+00 6.583989743335783018e-02
2.425000000000000711e+00 4.911368689757500405e-02
2.474999999999999645e+00 7.947540056094659633e-02
2.525000000000000355e+00 6.881556156254875489e-02
2.575000000000000178e+00 4.665003409794010736e-02
2.625000000000000000e+00 1.386660399803441024e-02
2.675000000000000711e+00 2.027701134470039079e-03
2.724999999999999645e+00 3.286866273787225623e-02
2.775000000000000355e+00 3.433707553846687688e-02
2.825000000000001066e+00 6.147711650830611774e-03
2.875000000000000000e+00 -6.835320975434377999e-03
2.925000000000000711e+00 2.240068197001132688e-02
2.974999999999999645e+00 3.326684461058526665e-02
3.025000000000000355e+00 1.935474427911687556e-02
3.075000000000001066e+00 3.047502090881692993e-02
3.125000000000000000e+00 4.536757588521611595e-02
3.175000000000000711e+00 2.226185849835760067e-02
3.224999999999999645e+00 -1.080881679900169701e-03
3.275000000000000355e+00 1.761445978566822390e-02
3.325000000000001066e+00 1.885979633972656444e-02
3.375000000000000000e+00 2.105862701313387930e-02
3.425000000000000711e+00 2.833293980521078836e-02
3.474999999999999645e+00 3.952309500499584516e-02
3.525000000000000355e+00 2.525978658328886794e-02
3.575000000000001066e+00 1.379444306709753931e-02
3.625000000000000000e+00 1.228618734989916916e-02
3.675000000000000711e+00 -2.249630999534035780e-02
3.724999999999999645e+00 -2.395270547721439769e-02
3.775000000000000355e+00 -1.041792888396564365e-02
3.825000000000001066e+00 -1.768518994126466737e-02
3.875000000000000000e+00 -1.594648592111758134e-02
3.925000000000000711e+00 -4.717129423725374693e-03
3.974999999999999645e+00 -1.636084477297972128e-02
4.025000000000000355e+00 -2.214451280907425712e-02
4.075000000000001066e+00 -6.302562094546715343e-04
4.125000000000000000e+00 6.526841673474059746e-03
4.175000000000000711e+00 7.927162709310486832e-03
4.224999999999999645e+00 -8.485116872026132739e-03
4.275000000000000355e+00 -3.469929475850275225e-02
4.325000000000001066e+00 -2.084302756554912150e-02
4.375000000000000000e+00 2.711926167939138210e-02
4.425000000000000711e+00 4.102957662391704119e-02
4.474999999999999645e+00 -1.453852168949509860e-02
4.525000000000000355e+00 -3.966088617515328707e-02
4.575000000000001066e+00 -4.659412476134772163e-03
4.625000000000000000e+00 1.218748893364107744e-02
4.675000000000000711e+00 -1.106236993965259430e-02
4.724999999999999645e+00 -1.089478975377389247e-02
4.775000000000000355e+00 -1.492076474127301822e-03
4.825000000000001066e+00 -8.033650676622539066e-03
4.875000000000000000e+00 1.979352032374759318e-03
4.925000000000000711e+00 1.045819041034112828e-02
4.974999999999999645e+00 3.005615512629367103e-02
5.025000000000000355e+00 7.590590228059301836e-03
5.075000000000001066e+00 -1.657806822595908613e-02
5.125000000000000000e+00 3.898963639593411301e-03
5.175000000000000711e+00 -4.135085833813167966e-03
5.224999999999999645e+00 -1.187087756481908229e-03
5.275000000000000355e+00 5.357837318616720523e-03
5.325000000000001066e+00 2.118945452796205942e-02
5.375000000000000000e+00 2.254487273274508041e-02
5.425000000000000711e+00 -9.159352208583548816e-03
5.474999999999999645e+00 -6.613420271742498358e-03
5.525000000000000355e+00 -4.768671665161150486e-03
5.575000000000001066e+00 3.763109247740814567e-04
5.625000000000000000e+00 1.047795090915837335e-02
5.675000000000000711e+00 -1.662470168934415682e-02
5.724999999999999645e+00 -1.500103737472269216e-02
5.775000000000000355e+00 5.454104630781220209e-03
5.825000000000001066e+00 5.984402205545968911e-03
5.875000000000000000e+00 1.677680135174242082e-02
5.925000000000000711e+00 1.457197435741486302e-02
5.974999999999999645e+00 6.216447686144377371e-03
6.025000000000000355e+00 8.002653251339975071e-03
6.074999999999999289e+00 3.082154134371961618e-03
6.125000000000000000e+00 1.304576315435923561e-02
6.175000000000000711e+00 1.087030014253898003e-02
6.225000000000001421e+00 -3.006796757811791565e-04
6.275000000000000355e+00 1.940887145294478699e-02
6.324999999999999289e+00 1.015468947534925448e-02
6.375000000000000000e+00 -2.515879078600358199e-02
6.425000000000000711e+00 -9.810056392297816785e-03
6.475000000000001421e+00 1.542033273162912721e-02
6.525000000000000355e+00 1.807014924865679717e-02
6.574999999999999289e+00 2.074284441669815848e-02
6.625000000000000000e+00 1.556591975931187477e-02
6.675000000000000711e+00 1.290397004373833312e-02
6.725000000000001421e+00 1.018820143937793077e-02
6.775000000000000355e+00 1.554806067342262565e-02
6.824999999999999289e+00 1.018802006531149829e-02
6.875000000000000000e+00 -3.384360135028074978e-04
6.925000000000000711e+00 -9.841694076343721065e-03
6.975000000000001421e+00 -1.472148135768502897e-02
7.025000000000000355e+00 -6.061452898210806239e-03
7.074999999999999289e+00 -4.359973999716437731e-03
7.125000000000000000e+00 -7.838536337959389755e-03
7.175000000000000711e+00 6.584609867981150444e-04
7.225000000000001421e+00 6.490113522558793591e-03
7.275000000000000355e+00 9.162760705376804538e-03
7.324999999999999289e+00 3.278596068442940492e-03
7.375000000000000000e+00 1.649294504272091899e-03
7.425000000000000711e+00 -6.428681007220937715e-03
7.475000000000001421e+00 -1.472977287427479354e-02
7.525000000000000355e+00 7.440541057921468138e-03
7.575000000000001066e+00 3.614153024154020954e-04
7.625000000000000000e+00 -1.369147110499202569e-02
7.675000000000000711e+00 -9.196272009837080930e-03
7.725000000000001421e+00 -7.640828823785028590e-04
7.775000000000000355e+00 -2.190196158261770165e-03
7.825000000000001066e+00 4.128357910596847091e-03
7.875000000000000000e+00 1.443099636653144557e-02
7.925000000000000711e+00 1.324859925498556024e-02
7.975000000000001421e+00 1.005889772873613808e-02
8.025000000000000355e+00 1.107257631887748062e-02
8.075000000000001066e+00 5.063515119652528540e-03
8.125000000000000000e+00 -8.813663263925075597e-03
8.175000000000000711e+00 -1.985965252461374675e-02
8.225000000000001421e+00 -8.186988237290471204e-03
8.275000000000000355e+00 8.851030377996504939e-03
8.325000000000001066e+00 -8.582723672212466681e-06
8.375000000000000000e+00 -3.624350774793061447e-03
8.425000000000000711e+00 -3.247306384555059822e-03
8.475000000000001421e+00 3.793199857127671493e-03
8.525000000000000355e+00 4.783319235318383988e-03
8.575000000000001066e+00 2.472987608308496732e-03
8.625000000000000000e+00 1.199051722647670459e-03
8.675000000000000711e+00 -1.550032716151461543e-02
8.725000000000001421e+00 -1.486309530327023509e-03
8.775000000000000355e+00 1.946135402570803308e-02
8.825000000000001066e+00 1.441511794205796448e-02
8.875000000000000000e+00 3.082473899987725474e-03
8.925000000000000711e+00 -7.468247039339459548e-04
8.975000000000001421e+00 1.501598185153607545e-03
9.025000000000000355e+00 5.715672393670434559e-03
9.075000000000001066e+00 1.928714357770644483e-04
9.125000000000000000e+00 2.013685308084767200e-03
9.175000000000000711e+00 1.439233823793273359e-02
9.225000000000001421e+00 2.318540869926444259e-03
9.275000000000000355e+00 -8.868758242879692943e-03
9.325000000000001066e+00 3.774779921919435566e-03
9.375000000000000000e+00 9.812061746263367468e-03
9.425000000000000711e+00 9.499354312397567668e-03
9.475000000000001421e+00 2.432300083926941525e-02
9.525000000000000355e+00 1.146727278361980851e-02
9.575000000000001066e+00 -2.094034539927847050e-03
9.625000000000000000e+00 -1.320512648629090791e-03
9.675000000000000711e+00 -2.949085806360773887e-03
9.725000000000001421e+00 -4.195633779432661470e-03
9.775000000000000355e+00 9.644854327309548836e-03
9.825000000000001066e+00 7.334966076902649235e-03
9.875000000000000000e+00 -5.209942445186133142e-03
9.925000000000000711e+00 1.866608884387943590e-03
9.975000000000001421e+00 -7.203663848240893230e-04
1.002500000000000036e+01 -1.599095581118259446e-03
1.007500000000000107e+01 -8.737183036847451234e-03
1.012500000000000000e+01 -2.593032078358259440e-03
1.017500000000000071e+01 1.302367239834012480e-03
1.022500000000000142e+01 1.091248845228687259e-02
1.027500000000000036e+01 1.589298276163830792e-02
1.032500000000000107e+01 1.579928027295052217e-02
1.037500000000000000e+01 1.545353540575034046e-02
1.042500000000000071e+01 1.995020730536811726e-03
1.047500000000000142e+01 -4.634058729096501850e-03
1.052500000000000036e+01 -1.128225003861249576e-02
1.057500000000000107e+01 -6.863399002015935224e-03
1.062500000000000000e+01 -1.164013907982930363e-03
1.067500000000000071e+01 -5.035317141022233045e-08
1.072500000000000142e+01 9.766264874917496286e-03
1.077500000000000036e+01 3.322744028705759689e-02
1.082500000000000107e+01 4.128094160845297012e-02
1.087500000000000000e+01 3.894919273166452811e-02
1.092500000000000071e+01 3.872917974330736257e-02
1.097500000000000142e+01 5.736514369349920983e-02
1.102500000000000036e+01 8.632635200988625357e-02
1.107500000000000107e+01 9.997252392640509910e-02
1.112500000000000000e+01 1.102547669463245228e-01
1.117500000000000071e+01 1.145319474325936504e-01
1.122500000000000142e+01 1.301874300662748674e-01
1.127500000000000036e+01 1.542057764786282092e-01
1.132500000000000107e+01 1.646680691854460754e-01
1.137500000000000000e+01 1.756268924686503752e-01
1.142500000000000071e+01 1.810433293193143278e-01
1.147500000000000142e+01 1.888146733574265212e-01
1.152500000000000036e+01 2.048498762369594939e-01
1.157500000000000107e+01 2.028945630042096049e-01
1.162500000000000000e+01 2.149491100095717311e-01
1.167500000000000071e+01 2.330915971189115865e-01
1.172500000000000142e+01 2.514893437531464659e-01
1.177500000000000036e+01 2.819544637270339216e-01
1.182500000000000107e+01 2.980934583746781552e-01
1.187500000000000000e+01 2.981759644059338576e-01
1.192500000000000071e+01 3.094565372952269300e-01
1.197500000000000142e+01 3.322482508536885870e-01
1.202500000000000036e+01 4.286257114181803995e-01
1.207500000000000107e+01 9.518080613506030296e-01
1.212500000000000000e+01 2.266664452287433296e+00
1.217500000000000071e+01 4.522923792359090811e+00
1.222500000000000142e+01 nan
1.227500000000000036e+01 nan
1.232500000000000107e+01 nan
1.237500000000000000e+01 nan
1.242500000000000071e+01 nan
1.247500000000000142e+01 nan
1.252500000000000036e+01 nan
1.257500000000000107e+01 nan
1.262500000000000000e+01 nan
1.267500000000000071e+01 nan
1.272500000000000142e+01 nan
1.277500000000000036e+01 nan
1.282500000000000107e+01 nan
1.287500000000000000e+01 nan
1.292500000000000071e+01 nan
1.297500000000000142e+01 nan
1.302500000000000036e+01 nan
1.307500000000000107e+01 nan
1.312500000000000000e+01 nan
1.317500000000000071e+01 nan
1.322500000000000142e+01 nan
1.327500000000000036e+01 nan
1.332500000000000107e+01 nan
1.337500000000000000e+01 nan
1.342500000000000071e+01 nan
1.347500000000000142e+01 nan
1.352500000000000036e+01 nan
1.357500000000000107e+01 nan
1.362500000000000000e+01 nan
1.367500000000000071e+01 nan
1.372500000000000142e+01 nan
1.377500000000000036e+01 nan
1.382500000000000107e+01 nan
1.387500000000000000e+01 nan
1.392500000000000071e+01 nan
1.397500000000000142e+01 nan
1.402499999999999858e+01 nan
1.407500000000000284e+01 nan
1.412500000000000000e+01 nan
1.417500000000000071e+01 nan
1.422500000000000142e+01 nan
1.427499999999999858e+01 nan
1.432500000000000284e+01 nan
1.437500000000000000e+01 nan
1.442500000000000071e+01 nan
1.447500000000000142e+01 nan
1.452499999999999858e+01 nan
1.457500000000000284e+01 nan
1.462500000000000000e+01 nan
1.467500000000000071e+01 nan
1.472500000000000142e+01 nan
1.477499999999999858e+01 nan
1.482500000000000284e+01 nan
1.487500000000000000e+01 nan
1.492500000000000071e+01 nan
1.497500000000000142e+01 nan
1.502499999999999858e+01 nan
1.507500000000000284e+01 nan
1.512500000000000000e+01 nan
1.517500000000000071e+01 nan
1.522500000000000142e+01 nan
1.527499999999999858e+01 nan
1.532500000000000284e+01 nan
1.537500000000000000e+01 nan
1.542500000000000071e+01 nan
1.547500000000000142e+01 nan
1.552499999999999858e+01 nan
1.557500000000000284e+01 nan
1.562500000000000000e+01 nan
1.567500000000000071e+01 nan
1.572500000000000142e+01 nan
1.577499999999999858e+01 nan
1.582500000000000284e+01 nan
1.587500000000000000e+01 nan
1.592500000000000071e+01 nan
1.597500000000000142e+01 nan
1.602499999999999858e+01 nan
1.607500000000000284e+01 nan
1.612500000000000000e+01 nan
1.617500000000000071e+01 nan
1.622500000000000142e+01 nan
1.627499999999999858e+01 nan
1.632500000000000284e+01 nan
1.637500000000000000e+01 nan
1.642500000000000071e+01 nan
1.647500000000000142e+01 nan
1.652499999999999858e+01 nan
1.657500000000000284e+01 nan
1.662500000000000000e+01 nan
1.667500000000000071e+01 nan
1.672500000000000142e+01 nan
1.677499999999999858e+01 nan
1.682500000000000284e+01 nan
1.687500000000000000e+01 nan
1.692500000000000071e+01 nan
1.697500000000000142e+01 nan
1.702499999999999858e+01 nan
1.707500000000000284e+01 nan
1.712500000000000000e+01 nan
1.717500000000000426e+01 nan
1.722500000000000142e+01 nan
1.727499999999999858e+01 nan
1.732500000000000284e+01 nan
1.737500000000000000e+01 nan
1.742500000000000426e+01 nan
1.747500000000000142e+01 nan
1.752499999999999858e+01 nan
1.757500000000000284e+01 nan
1.762500000000000000e+01 nan
1.767500000000000426e+01 nan
1.772500000000000142e+01 nan
1.777499999999999858e+01 nan
1.782500000000000284e+01 nan
1.787500000000000000e+01 nan
1.792500000000000426e+01 nan
1.797500000000000142e+01 nan
