# r_minus_2Rs_A, PMF_over_kBT
-5.457000000000000739e-01 2.428248634909913761e+01
-5.315658540000001153e-01 3.032928040186618546e+01
-5.174317070000000740e-01 3.632691353565660108e+01
-5.032975610000001154e-01 4.221874126509659675e+01
-4.891634150000001569e-01 4.791082333273155314e+01
-4.750292680000001155e-01 4.719557928102907596e+01
-4.608951220000001570e-01 4.597675577243271050e+01
-4.467609760000001984e-01 4.408585848923321748e+01
-4.326268290000001571e-01 4.139629434440285394e+01
-4.184926830000001985e-01 3.786721014944609465e+01
-4.043585369999997958e-01 3.356505896207627160e+01
-3.902243900000001986e-01 2.865737381066806577e+01
-3.760902439999997959e-01 2.338154551194907071e+01
-3.619560979999998374e-01 1.800538111367125182e+01
-3.478219509999997960e-01 1.279111131115499234e+01
-3.336878049999998375e-01 7.964378787724845310e+00
-3.195536589999998789e-01 3.688312722537343546e+00
-3.054195119999998376e-01 4.199322695878748846e-02
-2.912853659999998790e-01 -2.982684151609562129e+00
-2.771512199999999204e-01 -5.461741622164590027e+00
-2.630170729999998791e-01 -7.501168013671303925e+00
-2.488829269999999205e-01 -9.199261624062653908e+00
-2.347487799999998792e-01 -1.062524638020155976e+01
-2.206146339999999206e-01 -1.181847172799895951e+01
-2.064804879999999621e-01 -1.280079188367369269e+01
-1.923463409999999207e-01 -1.358915420516822969e+01
-1.782121949999999622e-01 -1.420294714130115210e+01
-1.640780490000000036e-01 -1.466546011341788258e+01
-1.499439019999999623e-01 -1.500355812089761010e+01
-1.358097560000000037e-01 -1.524264929344812103e+01
-1.216756100000000451e-01 -1.540528429216937667e+01
-1.075414630000000038e-01 -1.550615220980901299e+01
-9.340731700000004523e-02 -1.555267739224822421e+01
-7.927317100000008665e-02 -1.554884717989174447e+01
-6.513902400000004533e-02 -1.549911906212079238e+01
-5.100487800000008676e-02 -1.541201778167960690e+01
-3.687073200000012818e-02 -1.529724955171429812e+01
-2.273658500000008686e-02 -1.516381395119725006e+01
-8.602439000000128289e-03 -1.501489302044011609e+01
5.531707000000274377e-03 -1.485031498071688105e+01
1.966585400000031569e-02 -1.467076946259503956e+01
3.380000000000027427e-02 -1.448046538660731741e+01
4.793414600000023285e-02 -1.428626912384588366e+01
6.206829300000027416e-02 -1.409301352590986411e+01
7.620243900000023274e-02 -1.390055340557449526e+01
9.033658500000019131e-02 -1.370584874303376210e+01
1.044707320000002326e-01 -1.350825469214154317e+01
1.186048780000001912e-01 -1.331094426849754520e+01
1.327390240000001498e-01 -1.311787311891889907e+01
1.468731710000001911e-01 -1.292871442768448986e+01
1.610073170000001497e-01 -1.273995124042475169e+01
1.751414630000001083e-01 -1.254752859795117459e+01
1.892756100000001496e-01 -1.235219476621334778e+01
2.034097560000001081e-01 -1.215767017196039568e+01
2.175439020000000667e-01 -1.196619659512179723e+01
2.316780490000001080e-01 -1.177749738957384018e+01
2.458121950000000666e-01 -1.159010325218558712e+01
2.599463410000000252e-01 -1.140420347729930484e+01
2.740804880000000665e-01 -1.122145213040299971e+01
2.882146340000000251e-01 -1.104385969072220597e+01
3.023487799999999837e-01 -1.087124514532304609e+01
3.164829270000000250e-01 -1.070221939592089910e+01
3.306170729999999836e-01 -1.053589175386633592e+01
3.447512200000000249e-01 -1.037125428754607626e+01
3.588853659999999834e-01 -1.020541849994098449e+01
3.730195119999999420e-01 -1.003647844958058322e+01
3.871536589999999833e-01 -9.864944126331941732e+00
4.012878049999999419e-01 -9.694418262507063844e+00
4.154219509999999005e-01 -9.528076881456311042e+00
4.295560979999999418e-01 -9.365634768127971910e+00
4.436902439999999004e-01 -9.202994871650819420e+00
4.578243899999998590e-01 -9.036925112729786491e+00
4.719585369999999003e-01 -8.870199177330615470e+00
4.860926829999998589e-01 -8.709353388614740510e+00
5.002268289999998174e-01 -8.558892053047019388e+00
5.143609759999998587e-01 -8.416258558598858741e+00
5.284951219999998173e-01 -8.274340165874193076e+00
5.426292679999997759e-01 -8.127900682767865703e+00
5.567634149999998172e-01 -7.977650726058150177e+00
5.708975609999997758e-01 -7.828898238498035234e+00
5.850317069999997344e-01 -7.685351467991931251e+00
5.991658539999997757e-01 -7.544424859996881061e+00
6.132999999999997343e-01 -7.399386229933986314e+00
6.274341459999996928e-01 -7.245190207367266488e+00
6.415682929999997341e-01 -7.084159491310258794e+00
6.557024389999996927e-01 -6.924828103118905176e+00
6.698365849999996513e-01 -6.776292380027339135e+00
6.839707319999996926e-01 -6.642220748843675082e+00
6.981048779999996512e-01 -6.518592024808258500e+00
7.122390239999996098e-01 -6.399211338034700880e+00
7.263731709999996511e-01 -6.280254021885133042e+00
7.405073169999996097e-01 -6.163476232471253091e+00
7.546414629999995682e-01 -6.052552108645715911e+00
7.687756099999996096e-01 -5.947592495218080089e+00
7.829097559999995681e-01 -5.843236838098682107e+00
7.970439020000004149e-01 -5.732014492356455548e+00
8.111780489999995680e-01 -5.611313948178743516e+00
8.253121950000004148e-01 -5.484857026980599848e+00
8.394463410000003734e-01 -5.359973754625764641e+00
8.535804880000004147e-01 -5.242184214001256670e+00
8.677146340000003732e-01 -5.130646791124385153e+00
8.818487800000003318e-01 -5.020034908637349247e+00
8.959829270000003731e-01 -4.906841408425449913e+00
9.101170730000003317e-01 -4.792161861772056497e+00
9.242512200000003730e-01 -4.679430145639132732e+00
9.383853660000003316e-01 -4.570360687654078546e+00
9.525195120000002902e-01 -4.463627556587635326e+00
9.666536590000003315e-01 -4.355249110086444553e+00
9.807878050000002901e-01 -4.243615417563576742e+00
9.949219510000002487e-01 -4.132406369921103995e+00
1.009056098000000290e+00 -4.025519155144473338e+00
1.023190244000000249e+00 -3.924692060046500508e+00
1.037324390000000207e+00 -3.828550058173835424e+00
1.051458537000000248e+00 -3.735839789002616484e+00
1.065592683000000207e+00 -3.645377645325430294e+00
1.079726829000000166e+00 -3.557366624062626492e+00
1.093860976000000207e+00 -3.471463351749915383e+00
1.107995122000000165e+00 -3.384647837568340201e+00
1.122129268000000124e+00 -3.295409469802325297e+00
1.136263415000000165e+00 -3.204141816812730248e+00
1.150397561000000124e+00 -3.114825800871148687e+00
1.164531707000000083e+00 -3.030291990909807609e+00
1.178665854000000124e+00 -2.951759796721989737e+00
1.192800000000000082e+00 -2.876731915536154816e+00
1.206934146000000041e+00 -2.802535333960896935e+00
1.221068293000000082e+00 -2.729148380412674157e+00
1.235202439000000041e+00 -2.658008031526573056e+00
1.249336584999999999e+00 -2.589671581522081212e+00
1.263470732000000041e+00 -2.521830507374233754e+00
1.277604877999999999e+00 -2.450602722641678888e+00
1.291739023999999958e+00 -2.373759560059684581e+00
1.305873170999999999e+00 -2.294706561874031436e+00
1.320007316999999958e+00 -2.219416332376715317e+00
1.334141462999999916e+00 -2.152188285500362674e+00
1.348275609999999958e+00 -2.092086213218050439e+00
1.362409755999999916e+00 -2.036227361464100660e+00
1.376543901999999875e+00 -1.981955001439543729e+00
1.390678048999999916e+00 -1.929233003981063455e+00
1.404812194999999875e+00 -1.879584136770133362e+00
1.418946340999999833e+00 -1.832850860962401462e+00
1.433080487999999875e+00 -1.786934620396694484e+00
1.447214633999999833e+00 -1.738826054447367042e+00
1.461348779999999792e+00 -1.688122239448272666e+00
1.475482926999999833e+00 -1.635675416310606423e+00
1.489617072999999792e+00 -1.583284471810443073e+00
1.503751219999999833e+00 -1.532531950841208968e+00
1.517885365999999792e+00 -1.484452999631161951e+00
1.532019511999999750e+00 -1.439970207998842788e+00
1.546153658999999791e+00 -1.399197069347701827e+00
1.560287804999999750e+00 -1.361962167754788844e+00
1.574421950999999709e+00 -1.327849204626643242e+00
1.588556097999999750e+00 -1.296782880447889141e+00
1.602690243999999709e+00 -1.269401169400796725e+00
1.616824389999999667e+00 -1.245815094065069850e+00
1.630958536999999708e+00 -1.224062670923146356e+00
1.645092682999999667e+00 -1.201833119977887776e+00
1.659226828999999626e+00 -1.177244685905185939e+00
1.673360975999999667e+00 -1.150083144205619412e+00
1.687495121999999625e+00 -1.121102990820317835e+00
1.701629267999999584e+00 -1.091647366026680110e+00
1.715763414999999625e+00 -1.062524843817008957e+00
1.729897560999999584e+00 -1.035179855060963661e+00
1.744031707000000431e+00 -1.011850710757250305e+00
1.758165853999999584e+00 -9.939325368973044306e-01
1.772300000000000431e+00 -9.810922795614258618e-01
1.786434146000000389e+00 -9.712766247845072698e-01
1.800568293000000430e+00 -9.619961884208505509e-01
1.814702439000000389e+00 -9.516016586578901482e-01
1.828836585000000348e+00 -9.388431399152858958e-01
1.842970732000000389e+00 -9.221314030334317735e-01
1.857104878000000348e+00 -8.993001768177038002e-01
1.871239024000000306e+00 -8.688678770999178624e-01
1.885373171000000347e+00 -8.339686425730965524e-01
1.899507317000000306e+00 -8.013854377856093336e-01
1.913641463000000265e+00 -7.775271578488540669e-01
1.927775610000000306e+00 -7.632395620150358440e-01
1.941909756000000264e+00 -7.536825977986385539e-01
1.956043902000000223e+00 -7.420822837496618973e-01
1.970178049000000264e+00 -7.273598328711710082e-01
1.984312195000000223e+00 -7.138303098035967409e-01
1.998446341000000182e+00 -7.054333239215893059e-01
2.012580488000000223e+00 -7.007440567848552959e-01
2.026714634000000181e+00 -6.944734941595047673e-01
2.040848780000000140e+00 -6.823727632683711519e-01
2.054982927000000181e+00 -6.658394508911174015e-01
2.069117073000000140e+00 -6.504255391696291966e-01
2.083251220000000181e+00 -6.393666543143083913e-01
2.097385366000000140e+00 -6.305021375661770122e-01
2.111519512000000098e+00 -6.178516953571948633e-01
2.125653659000000140e+00 -5.978471943069854078e-01
2.139787805000000098e+00 -5.721346508947755538e-01
2.153921951000000057e+00 -5.459851663382941922e-01
2.168056098000000098e+00 -5.233481402972008922e-01
2.182190244000000057e+00 -5.050639675659374106e-01
2.196324390000000015e+00 -4.901126261751294066e-01
2.210458537000000057e+00 -4.778595095244542179e-01
2.224592683000000015e+00 -4.704988009771389201e-01
2.238726828999999974e+00 -4.703885242203664774e-01
2.252860976000000015e+00 -4.766470286248853938e-01
2.266995121999999974e+00 -4.856805001282813450e-01
2.281129267999999932e+00 -4.940573356285549167e-01
2.295263414999999974e+00 -5.008181759252972043e-01
2.309397560999999932e+00 -5.068531046659456862e-01
2.323531706999999891e+00 -5.135144488692944265e-01
2.337665853999999932e+00 -5.197675346095183002e-01
2.351799999999999891e+00 -5.224487977351062185e-01
2.365934145999999849e+00 -5.188506611674412738e-01
2.380068292999999890e+00 -5.098621268760501479e-01
2.394202438999999849e+00 -4.984994574024845804e-01
2.408336584999999808e+00 -4.889105049339761422e-01
2.422470731999999849e+00 -4.832580619892326013e-01
2.436604877999999808e+00 -4.801104235860087499e-01
2.450739023999999766e+00 -4.760547440575448874e-01
2.464873170999999807e+00 -4.698113282231091148e-01
2.479007316999999766e+00 -4.628606951670022340e-01
2.493141462999999725e+00 -4.564597460235866322e-01
2.507275609999999766e+00 -4.517077698261022789e-01
2.521409755999999724e+00 -4.466030722842129208e-01
2.535543901999999683e+00 -4.386394930860140207e-01
2.549678048999999724e+00 -4.279186349734773742e-01
2.563812194999999683e+00 -4.165467257443893345e-01
2.577946340999999641e+00 -4.065791760390329301e-01
2.592080487999999683e+00 -4.006770243842154855e-01
2.606214633999999641e+00 -4.021905975808834910e-01
2.620348779999999600e+00 -4.115160745831163425e-01
2.634482926999999641e+00 -4.261102978221007476e-01
2.648617072999999600e+00 -4.409149306252686529e-01
2.662751219999999641e+00 -4.522349781819059444e-01
2.676885365999999600e+00 -4.615596894746074597e-01
2.691019511999999558e+00 -4.733369108274976256e-01
2.705153658999999600e+00 -4.886196781622276220e-01
2.719287804999999558e+00 -5.011560892521007560e-01
2.733421951000000405e+00 -5.038543732755993432e-01
2.747556097999999558e+00 -4.952926782449349474e-01
2.761690244000000405e+00 -4.818751625176540543e-01
2.775824390000000363e+00 -4.721430345224639780e-01
2.789958537000000405e+00 -4.687949724843702981e-01
2.804092683000000363e+00 -4.665360636768909330e-01
2.818226829000000322e+00 -4.596058188260379040e-01
2.832360976000000363e+00 -4.473424697394587923e-01
2.846495122000000322e+00 -4.337273214605401606e-01
2.860629268000000280e+00 -4.229273013505574497e-01
2.874763415000000322e+00 -4.144936313959766139e-01
2.888897561000000280e+00 -4.052570506838293340e-01
2.903031707000000239e+00 -3.930976236781527078e-01
2.917165854000000280e+00 -3.801309749473729127e-01
2.931300000000000239e+00 -3.690461385738785793e-01
2.945434146000000197e+00 -3.631618964311709163e-01
2.959568293000000239e+00 -3.634487400087591524e-01
2.973702439000000197e+00 -3.680561924010907759e-01
2.987836585000000156e+00 -3.734835012628385797e-01
3.001970732000000197e+00 -3.761086877312864729e-01
3.016104878000000156e+00 -3.760476282526985514e-01
3.030239024000000114e+00 -3.752848706028304449e-01
3.044373171000000156e+00 -3.766372671648552384e-01
3.058507317000000114e+00 -3.788414744964212488e-01
3.072641463000000073e+00 -3.772724798347182329e-01
3.086775610000000114e+00 -3.686499387299484454e-01
3.100909756000000073e+00 -3.565399292885649274e-01
3.115043902000000031e+00 -3.483016864209478314e-01
3.129178049000000073e+00 -3.477924556046048110e-01
3.143312195000000031e+00 -3.510009914810154896e-01
3.157446340999999990e+00 -3.483327312975372791e-01
3.171580488000000031e+00 -3.359474162519227036e-01
3.185714633999999990e+00 -3.197535742815080795e-01
3.199848779999999948e+00 -3.101283058906139090e-01
3.213982926999999989e+00 -3.109928745047776388e-01
3.228117072999999948e+00 -3.171017630838903756e-01
3.242251219999999989e+00 -3.179721702498170544e-01
3.256385365999999948e+00 -3.105494328640325818e-01
3.270519511999999906e+00 -3.018498094149757449e-01
3.284653658999999948e+00 -3.012563666295768883e-01
3.298787804999999906e+00 -3.112270594703145932e-01
3.312921950999999865e+00 -3.244882371377464381e-01
3.327056097999999906e+00 -3.323778127698115981e-01
3.341190243999999865e+00 -3.320498242912170994e-01
3.355324389999999823e+00 -3.285288736648128705e-01
3.369458536999999865e+00 -3.275226529165733425e-01
3.383592682999999823e+00 -3.301964762741542714e-01
3.397726828999999782e+00 -3.328063649027672710e-01
3.411860975999999823e+00 -3.320049956727242346e-01
3.425995121999999782e+00 -3.282283426517009772e-01
3.440129267999999740e+00 -3.234588742605719602e-01
3.454263414999999782e+00 -3.195929639770689334e-01
3.468397560999999740e+00 -3.174782766656205624e-01
3.482531706999999699e+00 -3.180952934757428352e-01
3.496665853999999740e+00 -3.229389002882410153e-01
3.510799999999999699e+00 -3.311007145278059838e-01
3.524934145999999657e+00 -3.392719389329688084e-01
3.539068292999999699e+00 -3.444035935513012348e-01
3.553202438999999657e+00 -3.463710233573635833e-01
3.567336584999999616e+00 -3.472486586361522853e-01
3.581470731999999657e+00 -3.485392039143899723e-01
3.595604877999999616e+00 -3.491126718676902385e-01
3.609739023999999574e+00 -3.458384370917055861e-01
3.623873170999999616e+00 -3.384576026146355332e-01
3.638007316999999574e+00 -3.309043673517235717e-01
3.652141463000000421e+00 -3.280445203608310933e-01
3.666275609999999574e+00 -3.320998796136098719e-01
3.680409756000000421e+00 -3.404633888037640332e-01
3.694543902000000379e+00 -3.489010443451272536e-01
3.708678049000000421e+00 -3.535540434982618052e-01
3.722812195000000379e+00 -3.533760355324879754e-01
3.736946341000000338e+00 -3.490336404987397501e-01
3.751080488000000379e+00 -3.420143376792914580e-01
3.765214634000000338e+00 -3.340072206197310933e-01
3.779348780000000296e+00 -3.252527134510403428e-01
3.793482927000000338e+00 -3.159496414032254563e-01
3.807617073000000296e+00 -3.064537412896424229e-01
3.821751220000000338e+00 -2.990291792479720101e-01
3.835885366000000296e+00 -2.973930317056261430e-01
3.850019512000000255e+00 -3.049438179608570110e-01
3.864153659000000296e+00 -3.205435927624709080e-01
3.878287805000000255e+00 -3.386949675978483398e-01
3.892421951000000213e+00 -3.522699649189364735e-01
3.906556098000000254e+00 -3.570630570457469233e-01
3.920690244000000213e+00 -3.534742553881260463e-01
3.934824390000000172e+00 -3.439594848663141136e-01
3.948958537000000213e+00 -3.303267447826048198e-01
3.963092683000000171e+00 -3.108918473969568552e-01
3.977226829000000130e+00 -2.841870370254993006e-01
3.991360976000000171e+00 -2.512815747836949498e-01
4.005495121999999242e+00 -2.178546703867718648e-01
4.019629267999999200e+00 -1.906668410874559072e-01
4.033763414999999242e+00 -1.743900478712765434e-01
4.047897560999999200e+00 -1.688615320947324250e-01
4.062031706999999159e+00 -1.704760721654796640e-01
4.076165853999999200e+00 -1.766148498994386529e-01
4.090299999999999159e+00 -1.859986568354212721e-01
4.104434145999999117e+00 -1.981435020448554241e-01
4.118568292999999159e+00 -2.121006597797325810e-01
4.132702438999999117e+00 -2.256824980443443707e-01
4.146836585000000852e+00 -2.353727739861541934e-01
4.160970731999999117e+00 -2.399492488023202696e-01
4.175104878000000852e+00 -2.392680958266062419e-01
4.189239024000000811e+00 -2.332553846304437073e-01
4.203373171000000852e+00 -2.224024449622001853e-01
4.217507317000000810e+00 -2.083092914460697997e-01
4.231641463000000769e+00 -1.937872612320026278e-01
4.245775610000000810e+00 -1.806565890645153161e-01
4.259909756000000769e+00 -1.688386073032255297e-01
4.274043902000000728e+00 -1.574237550248831496e-01
4.288178049000000769e+00 -1.464613445442894957e-01
4.302312195000000727e+00 -1.386166312726153649e-01
4.316446341000000686e+00 -1.369229394328295157e-01
4.330580488000000727e+00 -1.413356579359286158e-01
4.344714634000000686e+00 -1.485342508835199027e-01
4.358848780000000644e+00 -1.559814277700839469e-01
4.372982927000000686e+00 -1.648804375432471048e-01
4.387117073000000644e+00 -1.769378287656175885e-01
4.401251220000000686e+00 -1.921722578399300829e-01
4.415385366000000644e+00 -2.058447759426593748e-01
4.429519512000000603e+00 -2.123553370890913783e-01
4.443653659000000644e+00 -2.118792715197743703e-01
4.457787805000000603e+00 -2.097042432793205791e-01
4.471921951000000561e+00 -2.115783373435018433e-01
4.486056098000000603e+00 -2.172808119189344467e-01
4.500190244000000561e+00 -2.219781384585290951e-01
4.514324390000000520e+00 -2.217886146371457201e-01
4.528458537000000561e+00 -2.181368978106874579e-01
4.542592683000000520e+00 -2.168432321274513797e-01
4.556726829000000478e+00 -2.216772726332667531e-01
4.570860976000000520e+00 -2.297583727633112360e-01
4.584995122000000478e+00 -2.345335924203340028e-01
4.599129268000000437e+00 -2.325756015963857948e-01
4.613263415000000478e+00 -2.261926044779718481e-01
4.627397561000000437e+00 -2.216546157492436109e-01
4.641531707000000395e+00 -2.239172092141643589e-01
4.655665854000000436e+00 -2.313622101279220189e-01
4.669800000000000395e+00 -2.362055797250830480e-01
4.683934146000000354e+00 -2.337561464228343766e-01
4.698068293000000395e+00 -2.255063018625262927e-01
4.712202439000000354e+00 -2.168937778563329033e-01
4.726336585000000312e+00 -2.126525196877189217e-01
4.740470732000000353e+00 -2.120268153792155275e-01
4.754604878000000312e+00 -2.101465948963223696e-01
4.768739024000000271e+00 -2.040347939322684212e-01
4.782873171000000312e+00 -1.966882720471980761e-01
4.797007317000000270e+00 -1.931739123551183823e-01
4.811141463000000229e+00 -1.952776848252169017e-01
4.825275610000000270e+00 -1.992700195827650234e-01
4.839409756000000229e+00 -1.988356457888045270e-01
4.853543902000000188e+00 -1.907790710709127424e-01
4.867678049000000229e+00 -1.779859014374407522e-01
4.881812195000000187e+00 -1.653596530596184166e-01
4.895946341000000146e+00 -1.555293007349920487e-01
4.910080488000000187e+00 -1.471057831246653791e-01
4.924214634000000146e+00 -1.373927834055734820e-01
4.938348780000000104e+00 -1.261630839968237439e-01
4.952482927000000146e+00 -1.154582501345018386e-01
4.966617073000000104e+00 -1.075443464851684183e-01
4.980751220000000146e+00 -1.014843116615065099e-01
4.994885366000000104e+00 -9.547644144659717114e-02
5.009019512000000063e+00 -8.921651831064369986e-02
5.023153659000000104e+00 -8.500729963631137309e-02
5.037287805000000063e+00 -8.394904336237640763e-02
5.051421951000000021e+00 -8.467715994764279941e-02
5.065556098000000063e+00 -8.431308822687633153e-02
5.079690244000000021e+00 -8.247201880215015990e-02
5.093824389999999980e+00 -8.227277815333877697e-02
5.107958537000000021e+00 -8.611481823210631603e-02
5.122092682999999980e+00 -9.300106017506681866e-02
5.136226828999999938e+00 -9.845405422112563087e-02
5.150360975999999980e+00 -1.007865688219897748e-01
5.164495121999999938e+00 -1.027486893545708213e-01
5.178629267999999897e+00 -1.097995778774318865e-01
5.192763414999999938e+00 -1.227410314352361809e-01
5.206897560999999897e+00 -1.369865267381431551e-01
5.221031706999999855e+00 -1.469410360476697264e-01
5.235165853999999896e+00 -1.494304835460491532e-01
5.249299999999999855e+00 -1.454290724342346408e-01
5.263434145999999814e+00 -1.371110921084728318e-01
5.277568292999999855e+00 -1.252575551752030947e-01
5.291702438999999814e+00 -1.107801648709081377e-01
5.305836584999999772e+00 -9.619639965841297879e-02
5.319970731999999813e+00 -8.376232750024659168e-02
5.334104877999999772e+00 -7.400869440678370381e-02
5.348239023999999731e+00 -6.698340387163348453e-02
5.362373170999999772e+00 -6.278502453246836978e-02
5.376507316999999730e+00 -6.155674242812469998e-02
5.390641462999999689e+00 -6.321937059565829742e-02
5.404775609999999730e+00 -6.430435495734787565e-02
5.418909755999999689e+00 -6.089330206095500131e-02
5.433043901999999648e+00 -5.298515641907197704e-02
5.447178048999999689e+00 -4.499965559005936200e-02
5.461312194999999647e+00 -4.113426743371473293e-02
5.475446340999999606e+00 -4.198641083808674068e-02
5.489580487999999647e+00 -4.383809434916674519e-02
5.503714633999999606e+00 -4.296069132907209820e-02
5.517848779999999564e+00 -3.917490630224307324e-02
5.531982926999999606e+00 -3.381672094815524332e-02
5.546117072999999564e+00 -2.821569377933208500e-02
5.560251219999999606e+00 -2.179884691518463313e-02
5.574385365999999564e+00 -1.528048753235200508e-02
5.588519511999999523e+00 -1.078880915561608589e-02
5.602653658999999564e+00 -1.100507504464953712e-02
5.616787804999999523e+00 -1.635124383792341263e-02
5.630921950999999481e+00 -2.611775570847729711e-02
5.645056097999999523e+00 -3.942843112995131349e-02
5.659190243999999481e+00 -5.651616361288613888e-02
5.673324389999999440e+00 -7.664693736868244400e-02
5.687458536999999481e+00 -9.528196045709513839e-02
5.701592682999999440e+00 -1.058919428444333732e-01
5.715726828999999398e+00 -1.049247208420576172e-01
5.729860975999999440e+00 -9.448280670583830698e-02
5.743995121999999398e+00 -7.996989879045734995e-02
5.758129267999999357e+00 -6.613721582696285850e-02
5.772263414999999398e+00 -5.298579523224145049e-02
5.786397560999999357e+00 -3.910265874653884310e-02
5.800531706999999315e+00 -2.429584961456487946e-02
5.814665853999999356e+00 -1.132931492757904834e-02
5.828799999999999315e+00 -3.255917711856959329e-03
5.842934145999999274e+00 2.553572857166841459e-05
5.857068292999999315e+00 2.071170566273039526e-03
5.871202438999999274e+00 6.111019427124553260e-03
5.885336584999999232e+00 1.225691053109567719e-02
5.899470731999999273e+00 1.870936615595297781e-02
5.913604877999999232e+00 2.442062780816200984e-02
5.927739023999999191e+00 3.031121855689455913e-02
5.941873170999999232e+00 3.791275972320207188e-02
5.956007316999999190e+00 4.668827605155900784e-02
5.970141462999999149e+00 5.291619562419569434e-02
5.984275609999999190e+00 5.256917284025064419e-02
5.998409755999999149e+00 4.556210987828368530e-02
6.012543902000000884e+00 3.634396370705594848e-02
6.026678048999999149e+00 2.956454019338305983e-02
6.040812195000000884e+00 2.670052266206646152e-02
6.054946341000000842e+00 2.440152971278575222e-02
6.069080488000000884e+00 1.826418448893196711e-02
6.083214634000000842e+00 7.996286463962221092e-03
6.097348780000000801e+00 -2.182400072205936681e-03
6.111482927000000842e+00 -7.069421682011522989e-03
6.125617073000000801e+00 -6.176491264703543038e-03
6.139751220000000842e+00 -3.597176281878056159e-03
6.153885366000000801e+00 -5.618998595115165529e-03
6.168019512000000759e+00 -1.441645946654546151e-02
6.182153659000000800e+00 -2.560395052633523960e-02
6.196287805000000759e+00 -3.216879990065191208e-02
6.210421951000000718e+00 -2.983292159172634683e-02
6.224556098000000759e+00 -2.040305876607995117e-02
6.238690244000000718e+00 -9.143955353010824183e-03
6.252824390000000676e+00 -5.544296807729054422e-04
6.266958537000000717e+00 6.033399306906161996e-03
6.281092683000000676e+00 1.446390803358443833e-02
6.295226829000000635e+00 2.582259723426716391e-02
6.309360976000000676e+00 3.646937428695906647e-02
6.323495122000000634e+00 4.101778822828894278e-02
6.337629268000000593e+00 3.684607401994366427e-02
6.351763415000000634e+00 2.684539810572328378e-02
6.365897561000000593e+00 1.688435246001596113e-02
6.380031707000000551e+00 1.054620788618443328e-02
6.394165854000000593e+00 6.114086024936682406e-03
6.408300000000000551e+00 -6.298054675841768812e-04
6.422434146000000510e+00 -1.176382284751031904e-02
6.436568293000000551e+00 -2.509815717841679117e-02
6.450702439000000510e+00 -3.595131012038255136e-02
6.464836585000000468e+00 -4.141043047089976170e-02
6.478970732000000510e+00 -4.330462893131237223e-02
6.493104878000000468e+00 -4.524227195980756733e-02
6.507239024000000427e+00 -4.827781879649872820e-02
6.521373171000000468e+00 -4.962496413337902368e-02
6.535507317000000427e+00 -4.517969277319444643e-02
6.549641463000000385e+00 -3.324037455803985353e-02
6.563775610000000427e+00 -1.631695607186411934e-02
6.577909756000000385e+00 8.462716367061418055e-04
6.592043902000000344e+00 1.620188102871100710e-02
6.606178049000000385e+00 3.162608008173339869e-02
6.620312195000000344e+00 4.879463989022703174e-02
6.634446341000000302e+00 6.580297892989683817e-02
6.648580488000000344e+00 7.848860345137786965e-02
6.662714634000000302e+00 8.398262250048738053e-02
6.676848780000000261e+00 8.299607252821150638e-02
6.690982927000000302e+00 7.865867833598194636e-02
6.705117073000000261e+00 7.192418097834440971e-02
6.719251220000000302e+00 6.022163276316394587e-02
6.733385366000000261e+00 4.090991467190896458e-02
6.747519512000000219e+00 1.564127910103962904e-02
6.761653659000000260e+00 -9.743663363605215011e-03
6.775787805000000219e+00 -2.833451588136615129e-02
6.789921951000000178e+00 -3.755410683224447155e-02
6.804056098000000219e+00 -4.046778052987676233e-02
6.818190244000000177e+00 -4.082455703796927793e-02
6.832324390000000136e+00 -4.028022468143355184e-02
6.846458537000000177e+00 -3.714622900885178325e-02
6.860592683000000136e+00 -2.929509035031774289e-02
6.874726829000000095e+00 -1.685310826431329900e-02
6.888860976000000136e+00 -4.614988242402695562e-03
6.902995122000000094e+00 1.201740410895268951e-03
6.917129268000000053e+00 -2.428492449696229016e-03
6.931263415000000094e+00 -1.323100467646032286e-02
6.945397561000000053e+00 -2.573943180480409154e-02
6.959531707000000011e+00 -3.454409859746210287e-02
6.973665854000000053e+00 -3.850641574972524239e-02
6.987800000000000011e+00 -4.024245341341803339e-02
7.001934145999999970e+00 -4.315254241878463404e-02
7.016068293000000011e+00 -4.699552775418336381e-02
7.030202438999999970e+00 -4.827336450889152530e-02
7.044336584999999928e+00 -4.386032554687524510e-02
7.058470731999999970e+00 -3.358740579319974273e-02
7.072604877999999928e+00 -2.207798204728117497e-02
7.086739023999999887e+00 -1.460037339885111862e-02
7.100873170999999928e+00 -1.481191664367109695e-02
7.115007316999999887e+00 -2.195392609626178881e-02
7.129141462999999845e+00 -3.287414561903823085e-02
7.143275609999999887e+00 -4.401430839312059362e-02
7.157409755999999845e+00 -5.438650705313374800e-02
7.171543901999999804e+00 -6.491733861982584841e-02
7.185678048999999845e+00 -7.439693330339913757e-02
7.199812194999999804e+00 -7.918357592812341750e-02
7.213946340999999762e+00 -7.659538699424039976e-02
7.228080487999999804e+00 -6.878278325575504226e-02
7.242214633999999762e+00 -6.063118737034223216e-02
7.256348779999999721e+00 -5.564976522970788153e-02
7.270482926999999762e+00 -5.254397291646029089e-02
7.284617072999999721e+00 -4.840738154334012222e-02
7.298751219999999762e+00 -4.423388386597171262e-02
7.312885365999999721e+00 -4.679644266914539941e-02
7.327019511999999679e+00 -6.123746383185402209e-02
7.341153658999999720e+00 -8.391358987552788307e-02
7.355287804999999679e+00 -1.049890852858075263e-01
7.369421950999999638e+00 -1.165985749222855361e-01
7.383556097999999679e+00 -1.197967802201773679e-01
7.397690243999999637e+00 -1.218470077093742887e-01
7.411824389999999596e+00 -1.272144254001119634e-01
7.425958536999999637e+00 -1.315670380393569872e-01
7.440092682999999596e+00 -1.270803757906628917e-01
7.454226828999999555e+00 -1.110489349749208543e-01
7.468360975999999596e+00 -8.879239058506271931e-02
7.482495121999999554e+00 -6.940155302994988062e-02
7.496629267999999513e+00 -5.874428419794597289e-02
7.510763414999999554e+00 -5.505319642347838993e-02
7.524897560999999513e+00 -5.325551455302690584e-02
7.539031706999999471e+00 -4.980508491216628641e-02
7.553165853999999513e+00 -4.537236427237090197e-02
7.567299999999999471e+00 -4.240230578749581980e-02
7.581434145999999430e+00 -4.226273279976577868e-02
7.595568292999999471e+00 -4.380881474231212991e-02
7.609702438999999430e+00 -4.385163662355573422e-02
7.623836584999999388e+00 -4.014260089796550801e-02
7.637970731999999430e+00 -3.357796207850149983e-02
7.652104877999999388e+00 -2.698701734956898690e-02
7.666239023999999347e+00 -2.231667279284366145e-02
7.680373170999999388e+00 -1.986346687092854779e-02
7.694507316999999347e+00 -1.899756974951483102e-02
7.708641462999999305e+00 -2.050866581376187270e-02
7.722775609999999347e+00 -2.561991602316915362e-02
7.736909755999999305e+00 -3.555450852358443825e-02
7.751043901999999264e+00 -4.778504067995381632e-02
7.765178048999999305e+00 -5.800822223787527321e-02
7.779312194999999264e+00 -6.285971899966913412e-02
7.793446340999999222e+00 -6.279286663154781678e-02
7.807580487999999264e+00 -6.176673124475851040e-02
7.821714633999999222e+00 -6.198116355506844144e-02
7.835848779999999181e+00 -6.366468766911914656e-02
7.849982926999999222e+00 -6.400970997579413790e-02
7.864117072999999181e+00 -6.183142124348428581e-02
7.878251219999999222e+00 -5.896383678125527439e-02
7.892385365999999181e+00 -5.781177950264826393e-02
7.906519511999999139e+00 -5.820194008746071290e-02
7.920653658999999180e+00 -5.667286101388313568e-02
7.934787804999999139e+00 -4.964065704165943060e-02
7.948921951000000874e+00 -3.644199200781450543e-02
7.963056097999999139e+00 -2.114016664557549774e-02
7.977190244000000874e+00 -9.256928709950429379e-03
7.991324390000000832e+00 -3.275824366606450155e-03
8.005458537000000874e+00 -1.519653774078477682e-03
8.019592683000000832e+00 -1.421827983094203773e-03
8.033726829000000791e+00 -1.788915325677820078e-03
8.047860976000000832e+00 -3.761861675005029326e-03
8.061995122000000791e+00 -7.681874924929665838e-03
8.076129268000000749e+00 -1.117274895995468142e-02
8.090263415000000791e+00 -1.079953601208405445e-02
8.104397561000000749e+00 -7.044695817330470788e-03
8.118531707000000708e+00 -5.492173456879356763e-03
8.132665854000000749e+00 -1.005390026253838442e-02
8.146800000000000708e+00 -1.854951845669816635e-02
8.160934146000000666e+00 -2.401989802595672074e-02
8.175068293000000708e+00 -2.117211020744313998e-02
8.189202439000000666e+00 -1.220165616060064906e-02
8.203336585000000625e+00 -5.131058357159545835e-03
8.217470732000000666e+00 -4.335593583812524798e-03
8.231604878000000625e+00 -6.592847258716894032e-03
8.245739024000000583e+00 -4.173774015248987723e-03
8.259873171000000625e+00 5.493493649957770231e-03
8.274007317000000583e+00 1.638452606092677399e-02
8.288141463000000542e+00 1.961484577837424581e-02
8.302275610000000583e+00 1.157988733854864449e-02
8.316409756000000542e+00 -2.173739965653176398e-03
8.330543902000000500e+00 -1.355103734628571033e-02
8.344678049000000541e+00 -1.867079420108286314e-02
8.358812195000000500e+00 -2.128741404160194861e-02
8.372946341000000459e+00 -2.697273072276828998e-02
8.387080488000000500e+00 -3.692425305930857604e-02
8.401214634000000459e+00 -4.698211365670168504e-02
8.415348780000000417e+00 -5.144706592731385086e-02
8.429482927000000458e+00 -4.862927733570288069e-02
8.443617073000000417e+00 -4.138722617326084929e-02
8.457751220000000458e+00 -3.358216300974170565e-02
8.471885366000000417e+00 -2.782696424100716825e-02
8.486019512000000375e+00 -2.435960176690432633e-02
8.500153659000000417e+00 -2.168443831375199693e-02
8.514287805000000375e+00 -1.875253388532005516e-02
8.528421951000000334e+00 -1.454701046077566673e-02
8.542556098000000375e+00 -9.083531430444935495e-03
8.556690244000000334e+00 -2.565045102693730428e-03
8.570824390000000292e+00 3.266157936539393347e-03
8.584958537000000334e+00 6.111463432149299990e-03
8.599092683000000292e+00 5.373555437265586932e-03
8.613226829000000251e+00 1.760678147058492016e-03
8.627360976000000292e+00 -2.682540331764293740e-03
8.641495122000000251e+00 -7.091329390257250509e-03
8.655629268000000209e+00 -1.124843053524138270e-02
8.669763415000000251e+00 -1.646738329742802875e-02
8.683897561000000209e+00 -2.347789212419471028e-02
8.698031707000000168e+00 -3.080450390101230340e-02
8.712165854000000209e+00 -3.527840224687217585e-02
8.726300000000000168e+00 -3.370742069698007271e-02
8.740434146000000126e+00 -2.658809054697286456e-02
8.754568293000000168e+00 -1.906023482595298191e-02
8.768702439000000126e+00 -1.723512099492996441e-02
8.782836585000000085e+00 -2.331938733961358423e-02
8.796970732000000126e+00 -3.359260920171891485e-02
8.811104878000000085e+00 -4.130970022539504072e-02
8.825239024000000043e+00 -4.281304455667189757e-02
8.839373171000000085e+00 -4.064175307496142864e-02
8.853507317000000043e+00 -4.171608480038901945e-02
8.867641463000000002e+00 -4.938030167407880811e-02
8.881775610000000043e+00 -6.032173301565979529e-02
8.895909756000000002e+00 -6.747733257537102958e-02
8.910043901999999960e+00 -6.710926895970015238e-02
8.924178049000000001e+00 -6.274463525037621281e-02
8.938312194999999960e+00 -6.203978702383317057e-02
8.952446340999999919e+00 -6.905266148672417614e-02
8.966580487999999960e+00 -7.954271161122505873e-02
8.980714633999999919e+00 -8.542105867025817645e-02
8.994848779999999877e+00 -8.162318441852356443e-02
9.008982926999999918e+00 -7.088697836923074647e-02
9.023117072999999877e+00 -6.076213182677925317e-02
9.037251219999999918e+00 -5.646879385443348554e-02
9.051385365999999877e+00 -5.761655191890735495e-02
9.065519511999999835e+00 -6.006937834240400065e-02
9.079653658999999877e+00 -6.146895901222304559e-02
9.093787804999999835e+00 -6.416178096083502425e-02
9.107921950999999794e+00 -7.196126222419696461e-02
9.122056097999999835e+00 -8.487216192625979261e-02
9.136190243999999794e+00 -9.864261829669374038e-02
9.150324389999999752e+00 -1.091713815169415014e-01
9.164458536999999794e+00 -1.148765522112604742e-01
9.178592682999999752e+00 -1.175915678511625373e-01
9.192726828999999711e+00 -1.181076723758600622e-01
9.206860975999999752e+00 -1.137307654899331055e-01
9.220995121999999711e+00 -1.021257172932177326e-01
9.235129267999999669e+00 -8.488118967562119366e-02
9.249263414999999711e+00 -6.708918996982315974e-02
9.263397560999999669e+00 -5.300717590337455931e-02
9.277531706999999628e+00 -4.333020989691949154e-02
9.291665853999999669e+00 -3.683573207192214483e-02
9.305799999999999628e+00 -3.341683407336581979e-02
9.319934145999999586e+00 -3.530488885203997285e-02
9.334068292999999628e+00 -4.393367464017394752e-02
9.348202438999999586e+00 -5.719060361250694058e-02
9.362336584999999545e+00 -7.046692957195865858e-02
9.376470731999999586e+00 -8.105718676416984181e-02
9.390604877999999545e+00 -8.934616660272443056e-02
9.404739023999999503e+00 -9.682133793564595692e-02
9.418873170999999545e+00 -1.039083742472213245e-01
9.433007316999999503e+00 -1.093631023183352369e-01
9.447141462999999462e+00 -1.126259724931646389e-01
9.461275609999999503e+00 -1.155724497521317673e-01
9.475409755999999462e+00 -1.203544888235121846e-01
9.489543901999999420e+00 -1.262115157406213939e-01
9.503678048999999461e+00 -1.309410100439780678e-01
9.517812194999999420e+00 -1.324388427957892134e-01
9.531946340999999379e+00 -1.310443863631158834e-01
9.546080487999999420e+00 -1.293282496847361074e-01
9.560214633999999378e+00 -1.292502583820516193e-01
9.574348779999999337e+00 -1.304167414595500674e-01
9.588482926999999378e+00 -1.311722887420563310e-01
9.602617072999999337e+00 -1.312027250686869095e-01
9.616751219999999378e+00 -1.324013723895625105e-01
9.630885365999999337e+00 -1.372527968620653738e-01
9.645019511999999295e+00 -1.452901733673659379e-01
9.659153658999999337e+00 -1.533684919619808795e-01
9.673287804999999295e+00 -1.582348444901597873e-01
9.687421950999999254e+00 -1.598051228284527170e-01
9.701556097999999295e+00 -1.607963402638263872e-01
9.715690243999999254e+00 -1.642192262807293801e-01
9.729824389999999212e+00 -1.696512632805475818e-01
9.743958536999999254e+00 -1.731616515266969358e-01
9.758092682999999212e+00 -1.715937018345776721e-01
9.772226828999999171e+00 -1.647617145492645818e-01
9.786360975999999212e+00 -1.564091685230222240e-01
9.800495121999999171e+00 -1.494444926758973224e-01
9.814629267999999129e+00 -1.452762002961547338e-01
9.828763414999999171e+00 -1.419751341469952521e-01
9.842897560999999129e+00 -1.368186270590703302e-01
9.857031707000000864e+00 -1.294443875214099648e-01
9.871165853999999129e+00 -1.231689881754070015e-01
9.885300000000000864e+00 -1.231843030199000211e-01
9.899434146000000823e+00 -1.317874438087196509e-01
9.913568293000000864e+00 -1.464500319319359534e-01
9.927702439000000822e+00 -1.599057301367423634e-01
9.941836585000000781e+00 -1.667998439251663356e-01
9.955970732000000822e+00 -1.681419998870961052e-01
9.970104878000000781e+00 -1.701978188724497798e-01
9.984239024000000740e+00 -1.771418480342106250e-01
9.998373171000000781e+00 -1.860534227100050231e-01
1.001250731700000074e+01 -1.886127262068528765e-01
1.002664146300000070e+01 -1.793918041024253895e-01
1.004077561000000074e+01 -1.618439774171145373e-01
1.005490975600000070e+01 -1.453681969145863562e-01
1.006904390200000066e+01 -1.364203096612621735e-01
1.008317804900000070e+01 -1.332613820372703373e-01
1.009731219500000066e+01 -1.301893948431143144e-01
1.011144634100000061e+01 -1.252663719561049049e-01
1.012558048800000066e+01 -1.237414330188819633e-01
1.013971463400000061e+01 -1.334272259651250181e-01
1.015384878000000057e+01 -1.550804459811105929e-01
1.016798292700000061e+01 -1.806045577809634040e-01
1.018211707300000057e+01 -1.992661623812379545e-01
1.019625122000000061e+01 -2.063363927460164504e-01
1.021038536600000057e+01 -2.041279892703196097e-01
1.022451951200000053e+01 -1.971910649417720762e-01
1.023865365900000057e+01 -1.875952484050635860e-01
1.025278780500000053e+01 -1.737280210582641260e-01
1.026692195100000049e+01 -1.553202669095146149e-01
1.028105609800000053e+01 -1.346585229904100345e-01
1.029519024400000049e+01 -1.153677242999053831e-01
1.030932439000000045e+01 -9.876207036470674439e-02
1.032345853700000049e+01 -8.431813325112624824e-02
1.033759268300000045e+01 -7.282970702479918401e-02
1.035172682900000041e+01 -6.584633544026985419e-02
1.036586097600000045e+01 -6.452851946912296910e-02
1.037999512200000041e+01 -6.564724675940070142e-02
1.039412926800000037e+01 -6.426228722856031084e-02
1.040826341500000041e+01 -5.898348897886673825e-02
1.042239756100000037e+01 -5.472801178875297268e-02
1.043653170700000032e+01 -5.880646915755072257e-02
1.045066585400000037e+01 -7.344026244683643512e-02
1.046480000000000032e+01 -9.265999453278439546e-02
1.047893414600000028e+01 -1.068993833026556928e-01
1.049306829300000032e+01 -1.126681306350150180e-01
1.050720243900000028e+01 -1.149153239550013694e-01
1.052133658500000024e+01 -1.213533847309680169e-01
1.053547073200000028e+01 -1.345442422935674287e-01
1.054960487800000024e+01 -1.484884729713549234e-01
1.056373902400000020e+01 -1.530194866521092933e-01
1.057787317100000024e+01 -1.441514352794772691e-01
1.059200731700000020e+01 -1.273291115044132837e-01
1.060614146300000016e+01 -1.126807886337450881e-01
1.062027561000000020e+01 -1.073292746108336360e-01
1.063440975600000016e+01 -1.105616248602769858e-01
1.064854390200000012e+01 -1.156996906237051093e-01
1.066267804900000016e+01 -1.170073468115742088e-01
1.067681219500000012e+01 -1.159401045249772721e-01
1.069094634100000007e+01 -1.177715640690193410e-01
1.070508048800000012e+01 -1.254350692563699354e-01
1.071921463400000007e+01 -1.367368565416766657e-01
1.073334878000000003e+01 -1.456084317278545370e-01
1.074748292700000007e+01 -1.482934132084219314e-01
1.076161707300000003e+01 -1.465150756775388530e-01
1.077575122000000007e+01 -1.450790551299601105e-01
1.078988536600000003e+01 -1.446497449896426701e-01
1.080401951199999999e+01 -1.423948677229951443e-01
1.081815365900000003e+01 -1.362350725807814911e-01
1.083228780499999999e+01 -1.279213778557553027e-01
1.084642195099999995e+01 -1.224802844483159348e-01
1.086055609799999999e+01 -1.230995974116959601e-01
1.087469024399999995e+01 -1.286239705691833990e-01
1.088882438999999991e+01 -1.356425724314043180e-01
1.090295853699999995e+01 -1.445699501779804663e-01
1.091709268299999991e+01 -1.588155871776892880e-01
1.093122682899999987e+01 -1.790797764865317276e-01
1.094536097599999991e+01 -2.006122904746989732e-01
1.095949512199999987e+01 -2.136839401206396261e-01
1.097362926799999983e+01 -2.091907865737869798e-01
1.098776341499999987e+01 -1.816762591687623996e-01
1.100189756099999983e+01 -1.280866008481957863e-01
1.101603170699999978e+01 -4.233162101591769755e-02
1.103016585399999983e+01 8.713129515837625405e-02
1.104429999999999978e+01 2.731609659940055224e-01
1.105843414599999974e+01 5.264573783491970360e-01
1.107256829299999978e+01 8.524236921872416772e-01
1.108670243899999974e+01 1.253307906928438520e+00
1.110083658499999970e+01 1.730297802144995956e+00
1.111497073199999974e+01 2.284223479546417579e+00
1.112910487799999970e+01 2.916076910299453928e+00
1.114323902399999966e+01 3.624850033626099588e+00
1.115737317099999970e+01 4.407158018788826404e+00
1.117150731699999966e+01 5.259771331443084286e+00
1.118564146299999962e+01 6.180549290299669707e+00
1.119977560999999966e+01 7.169989147819496367e+00
1.121390975599999962e+01 8.230674016566375428e+00
1.122804390199999958e+01 9.365576617643430524e+00
1.124217804899999962e+01 1.057567741687161522e+01
1.125631219499999958e+01 1.186140735952984926e+01
1.127044634099999953e+01 1.322556967056550903e+01
1.128458048799999958e+01 1.467285137254697247e+01
1.129871463399999953e+01 1.620963039040405818e+01
1.131284877999999949e+01 1.783891330229979388e+01
1.132698292699999953e+01 1.955811766396934814e+01
1.134111707299999949e+01 2.136192905339709824e+01
1.135525121999999953e+01 2.324879688049408344e+01
1.136938536599999949e+01 2.522475584371132129e+01
1.138351951199999945e+01 2.730080604632978947e+01
1.139765365899999949e+01 2.948590653646043336e+01
1.141178780499999945e+01 3.177768842865750543e+01
1.142592195099999941e+01 3.415634769374064206e+01
1.144005609799999945e+01 3.658360337886002611e+01
1.145419024399999941e+01 3.900517606788292824e+01
1.146832438999999937e+01 4.135314960773264659e+01
1.148245853699999941e+01 4.355244334182426513e+01
1.149659268299999937e+01 4.553024493770953995e+01
1.151072682899999933e+01 4.722710159438344846e+01
1.152486097599999937e+01 4.860717486088108785e+01
1.153899512199999933e+01 4.966527173585834731e+01
1.155312926799999929e+01 5.042541191957570135e+01
1.156726341499999933e+01 5.093373665668852368e+01
1.158139756099999929e+01 5.124861045792484759e+01
1.159553170699999924e+01 4.497861963485924264e+01
1.160966585399999929e+01 3.862251382514427434e+01
1.162379999999999924e+01 3.221715255771621145e+01
