# r_minus_2Rs_A, PMF_over_kBT
-5.575999999999998735e-01 2.464846019687472634e+01
-5.434602079999999447e-01 3.077228500848519133e+01
-5.293204149999999331e-01 3.682377155256765633e+01
-5.151806230000000042e-01 4.272297162233173395e+01
-5.010408299999999926e-01 4.834130649337610919e+01
-4.869010380000000637e-01 4.733512056276065749e+01
-4.727612460000001349e-01 4.566255576875147426e+01
-4.586214530000001233e-01 4.313208857849946298e+01
-4.444816610000001944e-01 3.962272038078067737e+01
-4.303418690000002655e-01 3.512734694986647099e+01
-4.162020760000002539e-01 2.976548848794590185e+01
-4.020622840000003251e-01 2.376276330012538907e+01
-3.879224910000003135e-01 1.740987651184913787e+01
-3.737826990000003846e-01 1.101969190357914030e+01
-3.596429069999995676e-01 4.889187428246644984e+00
-3.455031139999995560e-01 -7.342876177478991906e-01
-3.313633219999996271e-01 -5.684681754175796797e+00
-3.172235289999996155e-01 -9.897781674691806586e+00
-3.030837369999996866e-01 -1.340921398308896961e+01
-2.889439449999997578e-01 -1.632156855133129625e+01
-2.748041519999997462e-01 -1.875742554210108182e+01
-2.606643599999998173e-01 -2.081719509457074224e+01
-2.465245669999998057e-01 -2.256458068404883832e+01
-2.323847749999998769e-01 -2.403451959226752166e+01
-2.182449829999999480e-01 -2.525124318512491328e+01
-2.041051899999999364e-01 -2.624099699365187632e+01
-1.899653980000000075e-01 -2.703312666659029873e+01
-1.758256060000000787e-01 -2.765748417507141710e+01
-1.616858130000000671e-01 -2.814192330454849866e+01
-1.475460210000001382e-01 -2.851136151657152240e+01
-1.334062280000001266e-01 -2.878758920185072512e+01
-1.192664360000001977e-01 -2.898724145670595220e+01
-1.051266440000002689e-01 -2.911935977029365574e+01
-9.098685100000025727e-02 -2.918794067731267816e+01
-7.684705900000032841e-02 -2.919871613620005846e+01
-6.270726600000031681e-02 -2.916248135119343843e+01
-4.856747400000038795e-02 -2.909287167036144339e+01
-3.442768199999957091e-02 -2.900140399137934821e+01
-2.028788899999955930e-02 -2.889025545971762909e+01
-6.148096999999630441e-03 -2.875640040748470483e+01
7.991695999999492983e-03 -2.860073456339145892e+01
2.213148799999942185e-02 -2.843273583739485133e+01
3.627127999999935071e-02 -2.826374089021448555e+01
5.041107299999936231e-02 -2.809778485752539723e+01
6.455086499999929117e-02 -2.793082225818167785e+01
7.869065699999922003e-02 -2.775636341695938114e+01
9.283044999999923164e-02 -2.757594866923137999e+01
1.069702419999991605e-01 -2.739850009241949280e+01
1.211100349999991721e-01 -2.723099724970337121e+01
1.352498270000008773e-01 -2.707107345905067319e+01
1.493896190000008062e-01 -2.691141421512257637e+01
1.635294120000008178e-01 -2.674808834794342260e+01
1.776692040000007466e-01 -2.658263732158656723e+01
1.918089970000007582e-01 -2.641954915623286837e+01
2.059487890000006871e-01 -2.625972328571837267e+01
2.200885810000006160e-01 -2.609875668866389020e+01
2.342283740000006276e-01 -2.593392995573228887e+01
2.483681660000005564e-01 -2.576685142204588175e+01
2.625079580000004853e-01 -2.560020726670351010e+01
2.766477510000004969e-01 -2.543526853019750433e+01
2.907875430000004258e-01 -2.527112895957550975e+01
3.049273360000004374e-01 -2.510699897940754255e+01
3.190671280000003662e-01 -2.494400469404208565e+01
3.332069200000002951e-01 -2.478368077386712898e+01
3.473467130000003067e-01 -2.462410081559015396e+01
3.614865050000002356e-01 -2.446107631963778317e+01
3.756262980000002472e-01 -2.429289334834066238e+01
3.897660900000001760e-01 -2.412261220057869693e+01
4.039058820000001049e-01 -2.395528529868752443e+01
4.180456750000001165e-01 -2.379349967244721498e+01
4.321854670000000453e-01 -2.363509754164473620e+01
4.463252600000000569e-01 -2.347595515587073578e+01
4.604650519999999858e-01 -2.331416461061672862e+01
4.746048439999999147e-01 -2.315345443969502526e+01
4.887446369999999263e-01 -2.299800169265744287e+01
5.028844289999998551e-01 -2.284698891382574004e+01
5.170242209999997840e-01 -2.269581394277646069e+01
5.311640139999997956e-01 -2.253965393643552417e+01
5.453038059999997245e-01 -2.237868438262717063e+01
5.594435989999997361e-01 -2.221686104410559182e+01
5.735833909999996649e-01 -2.205796603774675191e+01
5.877231829999995938e-01 -2.190057373661673878e+01
6.018629759999996054e-01 -2.174114216234509200e+01
6.160027679999995343e-01 -2.157684545511058971e+01
6.301425609999995459e-01 -2.140870102698384869e+01
6.442823529999994747e-01 -2.124118388738011376e+01
6.584221449999994036e-01 -2.107666763483405603e+01
6.725619379999994152e-01 -2.091471465183788681e+01
6.867017299999993440e-01 -2.075251967048484403e+01
7.008415219999992729e-01 -2.058944291440558771e+01
7.149813149999992845e-01 -2.042756649441136574e+01
7.291211069999992134e-01 -2.027061499349454010e+01
7.432608999999992250e-01 -2.011976756618289031e+01
7.574006919999991538e-01 -1.997224159257023501e+01
7.715404840000008591e-01 -1.982429769264345509e+01
7.856802770000008707e-01 -1.967456921494383337e+01
7.998200690000007995e-01 -1.952584105671780179e+01
8.139598620000008111e-01 -1.938042515645070551e+01
8.280996540000007400e-01 -1.923726975302999875e+01
8.422394460000006688e-01 -1.909190520781447375e+01
8.563792390000006804e-01 -1.894089650861725360e+01
8.705190310000006093e-01 -1.878573442550311512e+01
8.846588240000006209e-01 -1.863113247396653094e+01
8.987986160000005498e-01 -1.847968243764347562e+01
9.129384080000004786e-01 -1.832877724863462987e+01
9.270782010000004902e-01 -1.817416349411777787e+01
9.412179930000004191e-01 -1.801380723779787729e+01
9.553577850000003480e-01 -1.785102891248861567e+01
9.694975780000003596e-01 -1.769202906656215291e+01
9.836373700000002884e-01 -1.753945269298196052e+01
9.977771630000003000e-01 -1.739085815656040523e+01
1.011916955000000229e+00 -1.724343075202175513e+01
1.026056747000000158e+00 -1.709553773833003021e+01
1.040196540000000169e+00 -1.694803467266978458e+01
1.054336332000000098e+00 -1.680257507366628289e+01
1.068476125000000110e+00 -1.666002814939995602e+01
1.082615917000000039e+00 -1.651801328608666353e+01
1.096755708999999968e+00 -1.637372386917995115e+01
1.110895501999999979e+00 -1.622559676218973479e+01
1.125035293999999908e+00 -1.607369620232312002e+01
1.139175086999999920e+00 -1.592121831769154383e+01
1.153314878999999848e+00 -1.577104242163646930e+01
1.167454670999999777e+00 -1.562449470934287632e+01
1.181594463999999789e+00 -1.547995374783881317e+01
1.195734255999999718e+00 -1.533558227502626536e+01
1.209874047999999647e+00 -1.519082673516590098e+01
1.224013840999999658e+00 -1.504630866177857840e+01
1.238153632999999587e+00 -1.490242920571044216e+01
1.252293425999999599e+00 -1.475923102658411246e+01
1.266433217999999528e+00 -1.461521662441020375e+01
1.280573009999999456e+00 -1.446930100069011971e+01
1.294712802999999468e+00 -1.432137832642614939e+01
1.308852594999999397e+00 -1.417039128695918038e+01
1.322992387999999409e+00 -1.401542148288334388e+01
1.337132179999999337e+00 -1.385679461985619021e+01
1.351271971999999266e+00 -1.369755345166380955e+01
1.365411764999999278e+00 -1.353966692699464502e+01
1.379551556999999207e+00 -1.338452927653488800e+01
1.393691348999999136e+00 -1.323233489587264700e+01
1.407831141999999147e+00 -1.308306270001239469e+01
1.421970934000000852e+00 -1.293812675224652509e+01
1.436110727000000864e+00 -1.279799050028401552e+01
1.450250519000000793e+00 -1.266114981786201099e+01
1.464390311000000722e+00 -1.252335940665558489e+01
1.478530104000000733e+00 -1.238258173654388727e+01
1.492669896000000662e+00 -1.223927457851552347e+01
1.506809689000000674e+00 -1.209399943929081722e+01
1.520949481000000603e+00 -1.194636982145516413e+01
1.535089273000000532e+00 -1.179495256214320520e+01
1.549229066000000543e+00 -1.164000739894934355e+01
1.563368858000000472e+00 -1.148651412186661780e+01
1.577508651000000484e+00 -1.134135980081136275e+01
1.591648443000000412e+00 -1.120697632817616629e+01
1.605788235000000341e+00 -1.107958957689499258e+01
1.619928028000000353e+00 -1.095355603963637492e+01
1.634067820000000282e+00 -1.082689957299570693e+01
1.648207612000000211e+00 -1.070344194249615555e+01
1.662347405000000222e+00 -1.058807090258709493e+01
1.676487197000000151e+00 -1.047981018680597920e+01
1.690626990000000163e+00 -1.037011655810061939e+01
1.704766782000000092e+00 -1.024994468140856974e+01
1.718906574000000020e+00 -1.011707971201922263e+01
1.733046367000000032e+00 -9.978265358417864661e+00
1.747186158999999961e+00 -9.842734222937231436e+00
1.761325951999999972e+00 -9.714113144118924126e+00
1.775465743999999901e+00 -9.587581676202407976e+00
1.789605535999999830e+00 -9.455778319448180369e+00
1.803745328999999842e+00 -9.318560752395530500e+00
1.817885120999999771e+00 -9.183466247506508751e+00
1.832024912999999700e+00 -9.059973762295836508e+00
1.846164705999999711e+00 -8.949480400297172622e+00
1.860304497999999640e+00 -8.842631440902401607e+00
1.874444290999999652e+00 -8.725809821458124560e+00
1.888584082999999580e+00 -8.593280847103180520e+00
1.902723874999999509e+00 -8.450611710098954177e+00
1.916863667999999521e+00 -8.307374643800580216e+00
1.931003459999999450e+00 -8.169513786053361315e+00
1.945143252999999461e+00 -8.034601293971615377e+00
1.959283044999999390e+00 -7.896530664073375227e+00
1.973422836999999319e+00 -7.753990421449575621e+00
1.987562629999999331e+00 -7.613146751637798637e+00
2.001702421999999260e+00 -7.481776019019765300e+00
2.015842214999999271e+00 -7.362445119825268947e+00
2.029982006999999200e+00 -7.251198733557423282e+00
2.044121798999999129e+00 -7.140953708960974922e+00
2.058261591999999141e+00 -7.028816305151068811e+00
2.072401384000000846e+00 -6.917398170966980508e+00
2.086541176000000775e+00 -6.809524762069737669e+00
2.100680969000000786e+00 -6.705054129005262098e+00
2.114820761000000715e+00 -6.600499962043650193e+00
2.128960554000000727e+00 -6.492724020049883471e+00
2.143100346000000656e+00 -6.381199140482735288e+00
2.157240138000000584e+00 -6.267725930983742977e+00
2.171379931000000596e+00 -6.154994475765307449e+00
2.185519723000000525e+00 -6.042306546591591498e+00
2.199659516000000536e+00 -5.928925344167734757e+00
2.213799308000000465e+00 -5.815013821017214646e+00
2.227939100000000394e+00 -5.701427344683892784e+00
2.242078893000000406e+00 -5.588140427345257955e+00
2.256218685000000335e+00 -5.473910783568544325e+00
2.270358478000000346e+00 -5.356618760086360176e+00
2.284498270000000275e+00 -5.234589768996833037e+00
2.298638062000000204e+00 -5.109878854538369986e+00
2.312777855000000216e+00 -4.986027580508769042e+00
2.326917647000000144e+00 -4.864662398006127653e+00
2.341057439000000073e+00 -4.744828301074830001e+00
2.355197232000000085e+00 -4.624331525736507409e+00
2.369337024000000014e+00 -4.502941613216416172e+00
2.383476817000000025e+00 -4.384664415104489343e+00
2.397616608999999954e+00 -4.272867688193032976e+00
2.411756400999999883e+00 -4.167599824614666382e+00
2.425896193999999895e+00 -4.064341102260328853e+00
2.440035985999999824e+00 -3.960714575602532150e+00
2.454175778999999835e+00 -3.858975976114420448e+00
2.468315570999999764e+00 -3.763966198534914653e+00
2.482455362999999693e+00 -3.679626471353145689e+00
2.496595155999999704e+00 -3.604522194711464955e+00
2.510734947999999633e+00 -3.532888872339929875e+00
2.524874739999999562e+00 -3.459059723815192555e+00
2.539014532999999574e+00 -3.382350399881837610e+00
2.553154324999999503e+00 -3.303942961969067227e+00
2.567294117999999514e+00 -3.225176093803391097e+00
2.581433909999999443e+00 -3.146056058020563206e+00
2.595573701999999372e+00 -3.064003453884569517e+00
2.609713494999999384e+00 -2.975622484962062053e+00
2.623853286999999312e+00 -2.880600899948149163e+00
2.637993079999999324e+00 -2.783150957277318760e+00
2.652132871999999253e+00 -2.688863279292283970e+00
2.666272663999999182e+00 -2.601020687705061007e+00
2.680412456999999193e+00 -2.517278575948217245e+00
2.694552248999999122e+00 -2.430191403872557387e+00
2.708692041999999134e+00 -2.334692736067113472e+00
2.722831834000000839e+00 -2.234482645544291657e+00
2.736971626000000768e+00 -2.139752848740414493e+00
2.751111419000000780e+00 -2.058221042934886391e+00
2.765251211000000708e+00 -1.987967636410556516e+00
2.779391003000000637e+00 -1.919768786035151997e+00
2.793530796000000649e+00 -1.846423219518173120e+00
2.807670588000000578e+00 -1.770376365895316439e+00
2.821810381000000589e+00 -1.700100765205699638e+00
2.835950173000000518e+00 -1.638778542684499406e+00
2.850089965000000447e+00 -1.581141989869577102e+00
2.864229758000000459e+00 -1.518866472757611774e+00
2.878369550000000388e+00 -1.448899879407427704e+00
2.892509343000000399e+00 -1.376274615677740343e+00
2.906649135000000328e+00 -1.309326664719199229e+00
2.920788927000000257e+00 -1.252157739716856177e+00
2.934928720000000268e+00 -1.202229476309347511e+00
2.949068512000000197e+00 -1.156676808233166653e+00
2.963208304000000126e+00 -1.112802222323431955e+00
2.977348097000000138e+00 -1.068454398028907626e+00
2.991487889000000067e+00 -1.021339206122204857e+00
3.005627682000000078e+00 -9.698017477318758850e-01
3.019767474000000007e+00 -9.144796146641134271e-01
3.033907265999999936e+00 -8.587767347033041787e-01
3.048047058999999948e+00 -8.049241965408437949e-01
3.062186850999999876e+00 -7.507743225420737687e-01
3.076326643999999888e+00 -6.927091709341093306e-01
3.090466435999999817e+00 -6.306269432015216836e-01
3.104606227999999746e+00 -5.712872871289667032e-01
3.118746020999999757e+00 -5.242374212455613858e-01
3.132885812999999686e+00 -4.945999242056009493e-01
3.147025605999999698e+00 -4.790733639112829678e-01
3.161165397999999627e+00 -4.681960974892040994e-01
3.175305189999999556e+00 -4.529574120973425266e-01
3.189444982999999567e+00 -4.324824986345703337e-01
3.203584774999999496e+00 -4.123649333527223959e-01
3.217724566999999425e+00 -3.972056314057361703e-01
3.231864359999999436e+00 -3.861938778163294117e-01
3.246004151999999365e+00 -3.718382969926592452e-01
3.260143944999999377e+00 -3.489084098249364274e-01
3.274283736999999306e+00 -3.203152893297671611e-01
3.288423528999999235e+00 -2.960964912737660271e-01
3.302563321999999246e+00 -2.836803389390851748e-01
3.316703113999999175e+00 -2.818453710547297320e-01
3.330842906999999187e+00 -2.832342296274843463e-01
3.344982698999999116e+00 -2.814093189510815662e-01
3.359122491000000821e+00 -2.785459605847870890e-01
3.373262284000000832e+00 -2.791792252151559239e-01
3.387402076000000761e+00 -2.836871733301187248e-01
3.401541869000000773e+00 -2.863823991783949197e-01
3.415681661000000702e+00 -2.805442763917014304e-01
3.429821453000000631e+00 -2.668300233078548800e-01
3.443961246000000642e+00 -2.526156499061071870e-01
3.458101038000000571e+00 -2.448778363547470249e-01
3.472240830000000500e+00 -2.424114396247256664e-01
3.486380623000000512e+00 -2.376875686499495544e-01
3.500520415000000440e+00 -2.251754656181104153e-01
3.514660208000000452e+00 -2.076945098415112767e-01
3.528800000000000381e+00 -1.930199482401677713e-01
3.542939792000000310e+00 -1.852382403207268879e-01
3.557079585000000321e+00 -1.806625460045925280e-01
3.571219377000000250e+00 -1.704148017879951738e-01
3.585359170000000262e+00 -1.503270069580633361e-01
3.599498962000000191e+00 -1.246540169573560064e-01
3.613638754000000120e+00 -1.031115379005003163e-01
3.627778547000000131e+00 -9.146780996115566609e-02
3.641918339000000060e+00 -8.911487624222047543e-02
3.656058130999999989e+00 -8.990397567977304050e-02
3.670197924000000000e+00 -8.939492288081041238e-02
3.684337715999999929e+00 -8.988167634955868124e-02
3.698477508999999941e+00 -9.581923929379776439e-02
3.712617300999999870e+00 -1.102322855918531630e-01
3.726757092999999799e+00 -1.313033050944332203e-01
3.740896885999999810e+00 -1.526267295159255966e-01
3.755036677999999739e+00 -1.681262642416836428e-01
3.769176470999999751e+00 -1.757262947040212353e-01
3.783316262999999680e+00 -1.756156418438967748e-01
3.797456054999999608e+00 -1.690510532193290061e-01
3.811595847999999620e+00 -1.569576387348901036e-01
3.825735639999999549e+00 -1.407335427723532817e-01
3.839875432999999560e+00 -1.211131583081082042e-01
3.854015224999999489e+00 -1.002851281814338691e-01
3.868155016999999418e+00 -8.195260203047904923e-02
3.882294809999999430e+00 -7.019302306632813071e-02
3.896434601999999359e+00 -6.931725549165079769e-02
3.910574393999999288e+00 -7.877042869492534294e-02
3.924714186999999299e+00 -9.427404128178640264e-02
3.938853978999999228e+00 -1.071652088174479545e-01
3.952993771999999240e+00 -1.112294999556189268e-01
3.967133563999999168e+00 -1.058377427281183003e-01
3.981273356000000874e+00 -9.414372210521015916e-02
3.995413149000000885e+00 -7.964210782060199278e-02
4.009552941000000814e+00 -6.319322763307333446e-02
4.023692734000000826e+00 -4.479344305549659566e-02
4.037832526000000755e+00 -2.736581255894865450e-02
4.051972318000000683e+00 -1.685351026220338611e-02
4.066112111000000695e+00 -1.767636569171759930e-02
4.080251903000000624e+00 -2.869177430208225132e-02
4.094391696000000636e+00 -4.157784465614700053e-02
4.108531488000000564e+00 -4.853903179056562323e-02
4.122671280000000493e+00 -4.727518689369247795e-02
4.136811073000000505e+00 -4.201467407966674728e-02
4.150950865000000434e+00 -3.482190135547824639e-02
4.165090657000000363e+00 -2.387280513775369428e-02
4.179230450000000374e+00 -4.839124122860916088e-03
4.193370242000000303e+00 2.215615635778434012e-02
4.207510035000000315e+00 4.908200578942967240e-02
4.221649827000000244e+00 6.740432428111375884e-02
4.235789619000000172e+00 7.525109806942786861e-02
4.249929412000000184e+00 7.859093863071819897e-02
4.264069204000000113e+00 8.192419361037650560e-02
4.278208997000000124e+00 8.346077641815075054e-02
4.292348789000000053e+00 7.642827705581733966e-02
4.306488580999999982e+00 5.874154469735337614e-02
4.320628373999999994e+00 3.631734043097711861e-02
4.334768165999999923e+00 1.835492096947799467e-02
4.348907957999999851e+00 8.820494456015737228e-03
4.363047750999999863e+00 2.961871916581593212e-03
4.377187542999999792e+00 -4.906695643697389642e-03
4.391327335999999804e+00 -1.482688643400997819e-02
4.405467127999999732e+00 -2.106752981269277569e-02
4.419606919999999661e+00 -1.871474626763358629e-02
4.433746712999999673e+00 -9.878619754485562510e-03
4.447886504999999602e+00 -2.481379027270413928e-03
4.462026297999999613e+00 -1.200303203130914653e-03
4.476166089999999542e+00 -2.748038193069568536e-03
4.490305881999999471e+00 -1.151934263095455435e-03
4.504445674999999483e+00 5.458690015109901594e-03
4.518585466999999412e+00 1.304516062644012209e-02
4.532725259999999423e+00 1.393524819323577191e-02
4.546865051999999352e+00 4.722136705717971950e-03
4.561004843999999281e+00 -1.064777502685387844e-02
4.575144636999999292e+00 -2.536259708576604766e-02
4.589284428999999221e+00 -3.695756521641957448e-02
4.603424220999999150e+00 -4.763188163541531850e-02
4.617564013999999162e+00 -5.972095777168817676e-02
4.631703806000000867e+00 -7.308973346049985054e-02
4.645843599000000879e+00 -8.469443791109743103e-02
4.659983391000000807e+00 -9.198524712545452786e-02
4.674123183000000736e+00 -9.547624258873010916e-02
4.688262976000000748e+00 -9.911924812202155266e-02
4.702402768000000677e+00 -1.050300226670186632e-01
4.716542561000000688e+00 -1.115965195588097814e-01
4.730682353000000617e+00 -1.158271308602767391e-01
4.744822145000000546e+00 -1.159386975238305695e-01
4.758961938000000558e+00 -1.123288735848770870e-01
4.773101730000000487e+00 -1.073168211612127720e-01
4.787241522000000415e+00 -1.018384804536385246e-01
4.801381315000000427e+00 -9.577847151937923798e-02
4.815521107000000356e+00 -8.902323088542996032e-02
4.829660900000000368e+00 -8.220750961298861625e-02
4.843800692000000296e+00 -7.655597652266799003e-02
4.857940484000000225e+00 -7.292258269168439000e-02
4.872080277000000237e+00 -7.390582056355210483e-02
4.886220069000000166e+00 -8.105164883121585007e-02
4.900359862000000177e+00 -9.574104009582118380e-02
4.914499654000000106e+00 -1.167324842336769919e-01
4.928639446000000035e+00 -1.406216724096669424e-01
4.942779239000000047e+00 -1.642507766704008887e-01
4.956919030999999976e+00 -1.860603869247601239e-01
4.971058823999999987e+00 -2.045323300538575140e-01
4.985198615999999916e+00 -2.148223695684272627e-01
4.999338407999999845e+00 -2.106103673834542889e-01
5.013478200999999856e+00 -1.883963780116451048e-01
5.027617992999999785e+00 -1.525438063047870330e-01
5.041757784999999714e+00 -1.137966414866040665e-01
5.055897577999999726e+00 -8.293431941007955999e-02
5.070037369999999655e+00 -6.386299546111384728e-02
5.084177162999999666e+00 -5.323272165521775179e-02
5.098316954999999595e+00 -4.430960212082268868e-02
5.112456746999999524e+00 -3.541118146779442810e-02
5.126596539999999536e+00 -3.077663760531645920e-02
5.140736331999999464e+00 -3.462086743374914732e-02
5.154876124999999476e+00 -4.703269950188193604e-02
5.169015916999999405e+00 -6.106184140655734893e-02
5.183155708999999334e+00 -6.966024864515762971e-02
5.197295501999999345e+00 -7.234971485243768541e-02
5.211435293999999274e+00 -7.655958700913156889e-02
5.225575086999999286e+00 -9.038971455040289982e-02
5.239714878999999215e+00 -1.140160851526781371e-01
5.253854670999999144e+00 -1.389264502179354821e-01
5.267994463999999155e+00 -1.547831200349270020e-01
5.282134256000000860e+00 -1.588727026495995176e-01
5.296274048000000789e+00 -1.580618801559907638e-01
5.310413841000000801e+00 -1.609948536955210230e-01
5.324553633000000730e+00 -1.702886647477335202e-01
5.338693426000000741e+00 -1.815191020657129783e-01
5.352833218000000670e+00 -1.902023974819888608e-01
5.366973010000000599e+00 -1.957683086322470345e-01
5.381112803000000611e+00 -1.989988925782224527e-01
5.395252595000000539e+00 -2.000260373082030085e-01
5.409392388000000551e+00 -1.960866066508790695e-01
5.423532180000000480e+00 -1.843536625140771434e-01
5.437671972000000409e+00 -1.648095645625824446e-01
5.451811765000000420e+00 -1.387582881213047514e-01
5.465951557000000349e+00 -1.047608972392612969e-01
5.480091349000000278e+00 -6.035630630304478217e-02
5.494231142000000290e+00 -5.983391971620122263e-03
5.508370934000000219e+00 5.231561908133564032e-02
5.522510727000000230e+00 1.059773290384571354e-01
5.536650519000000159e+00 1.473693799069639709e-01
5.550790311000000088e+00 1.755633961172877733e-01
5.564930104000000100e+00 1.936914647721525995e-01
5.579069896000000028e+00 2.044145568864763618e-01
5.593209689000000040e+00 2.069045992487312802e-01
5.607349480999999969e+00 1.988314278271055002e-01
5.621489272999999898e+00 1.804613523035278888e-01
5.635629065999999909e+00 1.564976664844124343e-01
5.649768857999999838e+00 1.362945637335339910e-01
5.663908650999999850e+00 1.250738551240990759e-01
5.678048442999999779e+00 1.231810580060903604e-01
5.692188234999999707e+00 1.250717595542560900e-01
5.706328027999999719e+00 1.274930328972034843e-01
5.720467819999999648e+00 1.301554721179085661e-01
5.734607611999999577e+00 1.349683019305860654e-01
5.748747404999999588e+00 1.432283218748962028e-01
5.762887196999999517e+00 1.510446317994205145e-01
5.777026989999999529e+00 1.555266999262343575e-01
5.791166781999999458e+00 1.582972399481867853e-01
5.805306573999999387e+00 1.675356926594613327e-01
5.819446366999999398e+00 1.875309920124523799e-01
5.833586158999999327e+00 2.155300845814203115e-01
5.847725951999999339e+00 2.420511283607105213e-01
5.861865743999999268e+00 2.597077105253866591e-01
5.876005535999999196e+00 2.693221651727775168e-01
5.890145328999999208e+00 2.786671767096216001e-01
5.904285120999999137e+00 2.923849488848304645e-01
5.918424913000000842e+00 3.062184976921704660e-01
5.932564706000000854e+00 3.114526031450957078e-01
5.946704498000000783e+00 3.033100331473361777e-01
5.960844291000000794e+00 2.885138807510063685e-01
5.974984083000000723e+00 2.790316088345168311e-01
5.989123875000000652e+00 2.841381212490388108e-01
6.003263668000000663e+00 2.998920621021277100e-01
6.017403460000000592e+00 3.146822245747822322e-01
6.031543253000000604e+00 3.214881702044936063e-01
6.045683045000000533e+00 3.248376445488503350e-01
6.059822837000000462e+00 3.371117588157828138e-01
6.073962630000000473e+00 3.656069868894809005e-01
6.088102422000000402e+00 4.043831588243369524e-01
6.102242215000000414e+00 4.377569851283471536e-01
6.116382007000000343e+00 4.538206846846897236e-01
6.130521799000000271e+00 4.537859013642444594e-01
6.144661592000000283e+00 4.474918396708069679e-01
6.158801384000000212e+00 4.422640531286594623e-01
6.172941176000000141e+00 4.352536954110801659e-01
6.187080969000000152e+00 4.179389679216090059e-01
6.201220761000000081e+00 3.874821376968897724e-01
6.215360554000000093e+00 3.524205495034999913e-01
6.229500346000000022e+00 3.273788671287336527e-01
6.243640137999999951e+00 3.200144863009617424e-01
6.257779930999999962e+00 3.264795659099961611e-01
6.271919722999999891e+00 3.381253210157817435e-01
6.286059515999999903e+00 3.501536743907900373e-01
6.300199307999999832e+00 3.665349855703787796e-01
6.314339099999999760e+00 3.940598815149956025e-01
6.328478892999999772e+00 4.334980579921792199e-01
6.342618684999999701e+00 4.787506372621566086e-01
6.356758477999999712e+00 5.223262586528312212e-01
6.370898269999999641e+00 5.597112516423159434e-01
6.385038061999999570e+00 5.887898958585608966e-01
6.399177854999999582e+00 6.086580391439184723e-01
6.413317646999999511e+00 6.166886006201091064e-01
6.427457438999999439e+00 6.106474331070801398e-01
6.441597231999999451e+00 5.930613076397213135e-01
6.455737023999999380e+00 5.698562841126557643e-01
6.469876816999999392e+00 5.475947324093253243e-01
6.484016608999999320e+00 5.278145232088853334e-01
6.498156400999999249e+00 5.071771249385186309e-01
6.512296193999999261e+00 4.822944391885837234e-01
6.526435985999999190e+00 4.560413788807311519e-01
6.540575778999999201e+00 4.365820301341161169e-01
6.554715570999999130e+00 4.304857235734989018e-01
6.568855363000000835e+00 4.361526390063028558e-01
6.582995156000000847e+00 4.443126157452352842e-01
6.597134948000000776e+00 4.481424643829248211e-01
6.611274740000000705e+00 4.514926880817533572e-01
6.625414533000000716e+00 4.653552145099064674e-01
6.639554325000000645e+00 4.948591656797320937e-01
6.653694118000000657e+00 5.325950334316544854e-01
6.667833910000000586e+00 5.647411491120220006e-01
6.681973702000000515e+00 5.856679911703839281e-01
6.696113495000000526e+00 6.005014068658027782e-01
6.710253287000000455e+00 6.176317033369089771e-01
6.724393080000000467e+00 6.378717915657530213e-01
6.738532872000000395e+00 6.524556184921275204e-01
6.752672664000000324e+00 6.528275988043006350e-01
6.766812457000000336e+00 6.393516913230801180e-01
6.780952249000000265e+00 6.198184336197583022e-01
6.795092042000000276e+00 5.998391396899744876e-01
6.809231834000000205e+00 5.779777161002055408e-01
6.823371626000000134e+00 5.508208126325699894e-01
6.837511419000000146e+00 5.203777692203592764e-01
6.851651211000000075e+00 4.945789749807136815e-01
6.865791003000000003e+00 4.789290522464080269e-01
6.879930796000000015e+00 4.721319255986600183e-01
6.894070587999999944e+00 4.673922989635554970e-01
6.908210380999999956e+00 4.593039183540206238e-01
6.922350172999999884e+00 4.491876550960549608e-01
6.936489964999999813e+00 4.409934982644241330e-01
6.950629757999999825e+00 4.373028042933597703e-01
6.964769549999999754e+00 4.398138586900195435e-01
6.978909342999999765e+00 4.539413274188657255e-01
6.993049134999999694e+00 4.903651017576144966e-01
7.007188926999999623e+00 5.626975191033389834e-01
7.021328719999999635e+00 6.801000065208970824e-01
7.035468511999999563e+00 8.484917386465644640e-01
7.049608303999999492e+00 1.075620860590799310e+00
7.063748096999999504e+00 1.371637970842003007e+00
7.077887888999999433e+00 1.745705986427466883e+00
7.092027681999999444e+00 2.200252937752126492e+00
7.106167473999999373e+00 2.729641540695731727e+00
7.120307265999999302e+00 3.326022947112878825e+00
7.134447058999999314e+00 3.989280064605797094e+00
7.148586850999999243e+00 4.726134049043038132e+00
7.162726643999999254e+00 5.541698977235002488e+00
7.176866435999999183e+00 6.433261997434819079e+00
7.191006227999999112e+00 7.391769237257656222e+00
7.205146020999999124e+00 8.410953040066715403e+00
7.219285813000000829e+00 9.495305481846299855e+00
7.233425606000000840e+00 1.065751179081312827e+01
7.247565398000000769e+00 1.190819498323972425e+01
7.261705190000000698e+00 1.324889932426053107e+01
7.275844983000000710e+00 1.467405806609774999e+01
7.289984775000000639e+00 1.617574920661013138e+01
7.304124567000000567e+00 1.774936838122800609e+01
7.318264360000000579e+00 1.939670166892153347e+01
7.332404152000000508e+00 2.112127763026489546e+01
7.346543945000000519e+00 2.292546902921052521e+01
7.360683737000000448e+00 2.481299804325079350e+01
7.374823529000000377e+00 2.678982074020806081e+01
7.388963322000000389e+00 2.886214002881505536e+01
7.403103114000000318e+00 3.103252039155445630e+01
7.417242907000000329e+00 3.329194742185165978e+01
7.431382699000000258e+00 3.561137633328506524e+01
7.445522491000000187e+00 3.794059818137606044e+01
7.459662284000000199e+00 4.021393790449223360e+01
7.473802076000000127e+00 4.235794434749301018e+01
7.487941869000000139e+00 4.430390296214852697e+01
7.502081661000000068e+00 4.599833582312397340e+01
7.516221452999999997e+00 4.740846301426964260e+01
7.530361246000000008e+00 4.852493940249186011e+01
7.544501037999999937e+00 4.936118249355992305e+01
7.558640829999999866e+00 4.994966727113779825e+01
7.572780622999999878e+00 5.033508358839763730e+01
7.586920414999999807e+00 4.421707314531865052e+01
7.601060207999999818e+00 3.799499696790988423e+01
7.615199999999999747e+00 3.170848458261601621e+01
