# r_minus_2Rs_A, PMF_over_kBT
-5.553400000000001668e-01 2.931585766071329502e+01
-5.412127460000002444e-01 4.396703075632154167e+01
-5.270854910000002391e-01 5.859174069335702484e+01
-5.129582370000003166e-01 5.848358134333602720e+01
-4.988309820000003114e-01 5.820141987094924474e+01
-4.847037280000003889e-01 5.757441625945438801e+01
-4.705764739999995783e-01 5.634488495151269660e+01
-4.564492189999995730e-01 5.419448735969117337e+01
-4.423219649999996506e-01 5.081398385925410821e+01
-4.281947099999996453e-01 4.602099117318311272e+01
-4.140674559999997228e-01 3.987623911689327372e+01
-3.999402019999998004e-01 3.273113841327143803e+01
-3.858129469999997951e-01 2.517338367415048239e+01
-3.716856929999998727e-01 1.786615559890224603e+01
-3.575584379999998674e-01 1.135437092397805436e+01
-3.434311839999999449e-01 5.925413963494548852e+00
-3.293039289999999397e-01 1.577692062396433670e+00
-3.151766750000000172e-01 -1.897350694899687440e+00
-3.010494210000000948e-01 -4.772123489081272041e+00
-2.869221660000000895e-01 -7.257498471233853721e+00
-2.727949120000001670e-01 -9.446151063932392233e+00
-2.586676570000001618e-01 -1.133586743008200060e+01
-2.445404030000002393e-01 -1.289584193788377320e+01
-2.304131490000003168e-01 -1.412961790612354207e+01
-2.162858940000003116e-01 -1.508738177042948791e+01
-2.021586400000003891e-01 -1.583786934920701484e+01
-1.880313850000003839e-01 -1.643374646312054210e+01
-1.739041309999995732e-01 -1.689633897941595819e+01
-1.597768769999996508e-01 -1.723295822559831336e+01
-1.456496219999996455e-01 -1.745194806697568168e+01
-1.315223679999997231e-01 -1.757398259905034976e+01
-1.173951129999997178e-01 -1.762172016248047157e+01
-1.032678589999997953e-01 -1.760801618514623357e+01
-8.914060499999987286e-02 -1.754185360228091639e+01
-7.501334999999986763e-02 -1.743010784013981862e+01
-6.088609599999994515e-02 -1.728165574129929993e+01
-4.675884099999993992e-02 -1.710614910219511131e+01
-3.263158700000001744e-02 -1.691041569383734355e+01
-1.850433200000001221e-02 -1.669699495477446050e+01
-4.377078000000089730e-03 -1.646830757696307401e+01
9.750176000000720933e-03 -1.622895299067694808e+01
2.387743100000072616e-02 -1.598199400429951922e+01
3.800468500000064864e-02 -1.573048049414535399e+01
5.213194000000065387e-02 -1.547570867521890747e+01
6.625919400000057635e-02 -1.521845586683319240e+01
8.038644800000049884e-02 -1.495969745080947533e+01
9.451370300000050406e-02 -1.469883958029823745e+01
1.086409570000004265e-01 -1.443978737637926102e+01
1.227682120000004318e-01 -1.418483496623593965e+01
1.368954660000003543e-01 -1.393640371748530882e+01
1.510227200000002767e-01 -1.369613053347616116e+01
1.651499750000002820e-01 -1.345905363694497936e+01
1.792772290000002045e-01 -1.322181519597520349e+01
1.934044840000002097e-01 -1.298422542668393476e+01
2.075317380000001322e-01 -1.274919631497296635e+01
2.216589920000000546e-01 -1.251912490860272698e+01
2.357862470000000599e-01 -1.229332015503807440e+01
2.499135009999999824e-01 -1.206856206450858693e+01
2.640407559999999876e-01 -1.184082812269164364e+01
2.781680099999999101e-01 -1.161123970762632496e+01
2.922952639999998325e-01 -1.138404602146638567e+01
3.064225189999998378e-01 -1.116309824316113009e+01
3.205497729999997603e-01 -1.094982737184249189e+01
3.346770279999997655e-01 -1.073912300434319889e+01
3.488042819999996880e-01 -1.052488220592345414e+01
3.629315369999996932e-01 -1.030307315710333782e+01
3.770587909999996157e-01 -1.007379225114269161e+01
3.911860449999995382e-01 -9.847020393155318629e+00
4.053132999999995434e-01 -9.631759205365570509e+00
4.194405539999994659e-01 -9.430244261791466798e+00
4.335678089999994711e-01 -9.234533422532132718e+00
4.476950629999993936e-01 -9.030918783911275227e+00
4.618223169999993161e-01 -8.811291601524169792e+00
4.759495719999993213e-01 -8.581515316458528275e+00
4.900768259999992438e-01 -8.357722421594521833e+00
5.042040809999992490e-01 -8.150015440404903444e+00
5.183313349999991715e-01 -7.958481482906448079e+00
5.324585890000008703e-01 -7.774335734514908225e+00
5.465858440000008756e-01 -7.592017714843075638e+00
5.607130980000007980e-01 -7.416327494649953778e+00
5.748403530000008033e-01 -7.249991492701981954e+00
5.889676070000007257e-01 -7.087606823661431577e+00
6.030948610000006482e-01 -6.916610846297711390e+00
6.172221160000006535e-01 -6.730149547120763742e+00
6.313493700000005759e-01 -6.542560782495401739e+00
6.454766250000005812e-01 -6.376206353563713236e+00
6.596038790000005037e-01 -6.241434478270837971e+00
6.737311340000005089e-01 -6.124151508840537161e+00
6.878583880000004314e-01 -5.992242080543297433e+00
7.019856420000003538e-01 -5.827961216948310152e+00
7.161128970000003591e-01 -5.642113711294165057e+00
7.302401510000002816e-01 -5.464058306995656977e+00
7.443674060000002868e-01 -5.313953134174461468e+00
7.584946600000002093e-01 -5.183763070776832294e+00
7.726219140000001318e-01 -5.049213348207718610e+00
7.867491690000001370e-01 -4.895178053020796227e+00
8.008764230000000595e-01 -4.735895625816093357e+00
8.150036780000000647e-01 -4.598486407444895008e+00
8.291309319999999872e-01 -4.494714001419145788e+00
8.432581859999999097e-01 -4.406491117611484043e+00
8.573854409999999149e-01 -4.299144673296934727e+00
8.715126949999998374e-01 -4.154373050763883413e+00
8.856399499999998426e-01 -3.987848040935162430e+00
8.997672039999997651e-01 -3.834012653198202614e+00
9.138944579999996876e-01 -3.715015144267725944e+00
9.280217129999996928e-01 -3.620541755675922957e+00
9.421489669999996153e-01 -3.517109662032188666e+00
9.562762219999996205e-01 -3.379028981092725203e+00
9.704034759999995430e-01 -3.209236412946875561e+00
9.845307299999994655e-01 -3.037346298881169915e+00
9.986579849999994707e-01 -2.890779095640620966e+00
1.012785238999999393e+00 -2.774885759821039244e+00
1.026912493999999398e+00 -2.673001607935574953e+00
1.041039747999999321e+00 -2.561975411676201020e+00
1.055167002999999326e+00 -2.438275041516094532e+00
1.069294256999999249e+00 -2.318006356120449141e+00
1.083421510999999171e+00 -2.221027867285751967e+00
1.097548765999999176e+00 -2.151481532261360741e+00
1.111676020000000875e+00 -2.093132104598319998e+00
1.125803275000000880e+00 -2.024307318727803562e+00
1.139930529000000803e+00 -1.937018440763537797e+00
1.154057783000000725e+00 -1.841288568659321001e+00
1.168185038000000731e+00 -1.753765833882459546e+00
1.182312292000000653e+00 -1.681807732266015876e+00
1.196439547000000658e+00 -1.618772854713323994e+00
1.210566801000000581e+00 -1.556980653162987949e+00
1.224694055000000503e+00 -1.494513649779950271e+00
1.238821310000000508e+00 -1.431758461206637634e+00
1.252948564000000431e+00 -1.365714668773415852e+00
1.267075819000000436e+00 -1.287764252426004674e+00
1.281203073000000359e+00 -1.193455493788519561e+00
1.295330327000000281e+00 -1.092773010517081644e+00
1.309457582000000286e+00 -1.002846971515833019e+00
1.323584836000000209e+00 -9.315400858603908318e-01
1.337712091000000214e+00 -8.745697063997930343e-01
1.351839345000000137e+00 -8.183651234659734541e-01
1.365966599000000059e+00 -7.537079734221556748e-01
1.380093854000000064e+00 -6.850034225856838077e-01
1.394221107999999987e+00 -6.169785116386439228e-01
1.408348362999999992e+00 -5.506017740656883319e-01
1.422475616999999914e+00 -4.840689156181881003e-01
1.436602871999999920e+00 -4.160685446887146810e-01
1.450730125999999842e+00 -3.501238978486380660e-01
1.464857379999999765e+00 -2.899504735061579908e-01
1.478984634999999770e+00 -2.337900035671633958e-01
1.493111888999999692e+00 -1.797387420438774086e-01
1.507239143999999698e+00 -1.281540234888201013e-01
1.521366397999999620e+00 -8.269007638458525378e-02
1.535493651999999543e+00 -4.983025492096437858e-02
1.549620906999999548e+00 -2.644211258856010716e-02
1.563748160999999470e+00 -7.546861435733021040e-03
1.577875415999999476e+00 1.157857208080237399e-02
1.592002669999999398e+00 3.292729015663020675e-02
1.606129923999999320e+00 5.334521637745304190e-02
1.620257178999999326e+00 7.183903922496881478e-02
1.634384432999999248e+00 9.073552604260903820e-02
1.648511687999999253e+00 1.163271400908651998e-01
1.662638941999999176e+00 1.512879394132262689e-01
1.676766196000000875e+00 1.932333634437988223e-01
1.690893451000000880e+00 2.336062255481081706e-01
1.705020705000000802e+00 2.608638615019103213e-01
1.719147960000000808e+00 2.704968249362522670e-01
1.733275214000000730e+00 2.695411894793675600e-01
1.747402469000000735e+00 2.683751887063703379e-01
1.761529723000000658e+00 2.749187106033321726e-01
1.775656977000000580e+00 2.872240339024259015e-01
1.789784232000000586e+00 2.934507899812182075e-01
1.803911486000000508e+00 2.876689481114560465e-01
1.818038741000000513e+00 2.754346209077844776e-01
1.832165995000000436e+00 2.723981364167666896e-01
1.846293249000000358e+00 2.923281253669340884e-01
1.860420504000000363e+00 3.341221469416453260e-01
1.874547758000000286e+00 3.802027320894296736e-01
1.888675013000000291e+00 4.073337031688115673e-01
1.902802267000000214e+00 4.035516986168570241e-01
1.916929521000000136e+00 3.770106601981417782e-01
1.931056776000000141e+00 3.495335432962534128e-01
1.945184030000000064e+00 3.396933034470350776e-01
1.959311285000000069e+00 3.486348759859403401e-01
1.973438538999999992e+00 3.627127316832101656e-01
1.987565792999999914e+00 3.670026372175811957e-01
2.001693047999999919e+00 3.608332670831781996e-01
2.015820301999999842e+00 3.590356217327865807e-01
2.029947556999999847e+00 3.727317117438389005e-01
2.044074810999999769e+00 4.006372663557300484e-01
2.058202064999999692e+00 4.304375942650260356e-01
2.072329319999999697e+00 4.485677497283884207e-01
2.086456573999999620e+00 4.562880348965538957e-01
2.100583828999999625e+00 4.631865875311493852e-01
2.114711082999999547e+00 4.735481560419430025e-01
2.128838337999999553e+00 4.852159287932114040e-01
2.142965591999999475e+00 4.916682092149375904e-01
2.157092845999999398e+00 4.950722608398034907e-01
2.171220100999999403e+00 5.073421243772369138e-01
2.185347354999999325e+00 5.348128887531835574e-01
2.199474609999999331e+00 5.715745130238492067e-01
2.213601863999999253e+00 6.008167116846969691e-01
2.227729117999999175e+00 6.115062709470109326e-01
2.241856372999999181e+00 6.097130561369112911e-01
2.255983627000000880e+00 6.127977327324014567e-01
2.270110882000000885e+00 6.311777247310708105e-01
2.284238136000000807e+00 6.599528551193731829e-01
2.298365390000000730e+00 6.851885585997798955e-01
2.312492645000000735e+00 6.964985064114888047e-01
2.326619899000000657e+00 6.976552754293052772e-01
2.340747154000000663e+00 6.975045262110981525e-01
2.354874408000000585e+00 6.984259554015519456e-01
2.369001662000000508e+00 6.935791349099194036e-01
2.383128917000000513e+00 6.740195902814445361e-01
2.397256171000000435e+00 6.387862620516386869e-01
2.411383426000000441e+00 5.978181321831428363e-01
2.425510680000000363e+00 5.658512968389608488e-01
2.439637935000000368e+00 5.545702253676392246e-01
2.453765189000000291e+00 5.647571876740240526e-01
2.467892443000000213e+00 5.871487676373945419e-01
2.482019698000000218e+00 6.096319976151267639e-01
2.496146952000000141e+00 6.252694465674775159e-01
2.510274207000000146e+00 6.368761368202218165e-01
2.524401461000000069e+00 6.541727338853924323e-01
2.538528714999999991e+00 6.820868837011673236e-01
2.552655969999999996e+00 7.103738348797250524e-01
2.566783223999999919e+00 7.220194494100997673e-01
2.580910478999999924e+00 7.053529242617564421e-01
2.595037732999999847e+00 6.651319224946892206e-01
2.609164986999999769e+00 6.199003566273830756e-01
2.623292241999999774e+00 5.866735528223649965e-01
2.637419495999999697e+00 5.704764586832897777e-01
2.651546750999999702e+00 5.645097203446010070e-01
2.665674004999999624e+00 5.607493822903411029e-01
2.679801258999999547e+00 5.579496155598899776e-01
2.693928513999999552e+00 5.602268193550408171e-01
2.708055767999999475e+00 5.690007233507206053e-01
2.722183022999999480e+00 5.795703580126279064e-01
2.736310276999999402e+00 5.823686002215513469e-01
2.750437530999999325e+00 5.712782198652774923e-01
2.764564785999999330e+00 5.470932059639448397e-01
2.778692039999999253e+00 5.183471186557202515e-01
2.792819294999999258e+00 4.925255520972182666e-01
2.806946548999999180e+00 4.732727914234278188e-01
2.821073803999999186e+00 4.589400756054775599e-01
2.835201058000000884e+00 4.440059441779524718e-01
2.849328312000000807e+00 4.245484116179252254e-01
2.863455567000000812e+00 4.012465741184918500e-01
2.877582821000000735e+00 3.796325035064906928e-01
2.891710076000000740e+00 3.677943340168425834e-01
2.905837330000000662e+00 3.706851472695529282e-01
2.919964584000000585e+00 3.840103678916264585e-01
2.934091839000000590e+00 4.000211335184840067e-01
2.948219093000000512e+00 4.111100496770649926e-01
2.962346348000000518e+00 4.195101365622324607e-01
2.976473602000000440e+00 4.345800998193070086e-01
2.990600856000000363e+00 4.600285042296405891e-01
3.004728111000000368e+00 4.928469001656896609e-01
3.018855365000000290e+00 5.228860049233556850e-01
3.032982620000000296e+00 5.455251159520777549e-01
3.047109874000000218e+00 5.694081884106676483e-01
3.061237128000000141e+00 6.059917040132809518e-01
3.075364383000000146e+00 6.588280803897657023e-01
3.089491637000000068e+00 7.152696908027635914e-01
3.103618892000000073e+00 7.579883854443405511e-01
3.117746145999999996e+00 7.794953483907036684e-01
3.131873401000000001e+00 7.878703343321546981e-01
3.146000654999999924e+00 8.009448875597868778e-01
3.160127908999999846e+00 8.238862044038359755e-01
3.174255163999999851e+00 8.466199045323197225e-01
3.188382417999999774e+00 8.507669087294384980e-01
3.202509672999999779e+00 8.275053598724184667e-01
3.216636926999999702e+00 7.893115775820405133e-01
3.230764180999999624e+00 7.596393828730043651e-01
3.244891435999999629e+00 7.573811813900128698e-01
3.259018689999999552e+00 7.803054566677882775e-01
3.273145944999999557e+00 8.112286398195607262e-01
3.287273198999999479e+00 8.341995990254602589e-01
3.301400452999999402e+00 8.440180009562148200e-01
3.315527707999999407e+00 8.484524227208876113e-01
3.329654961999999330e+00 8.570844873827034860e-01
3.343782216999999335e+00 8.711740939720655774e-01
3.357909470999999257e+00 8.882724943934725559e-01
3.372036724999999180e+00 9.013693612999809091e-01
3.386163979999999185e+00 9.071033774622385693e-01
3.400291234000000884e+00 9.044585051530589226e-01
3.414418488999999113e+00 8.908138861623733362e-01
3.428545743000000812e+00 8.692594309613674852e-01
3.442672997000000734e+00 8.477785681890335212e-01
3.456800252000000739e+00 8.394101688618160750e-01
3.470927506000000662e+00 8.535935315624492148e-01
3.485054761000000667e+00 8.858594569729447699e-01
3.499182015000000590e+00 9.210787357910117379e-01
3.513309270000000595e+00 9.432473144936981413e-01
3.527436524000000517e+00 9.486542214223820935e-01
3.541563778000000440e+00 9.500052666344647179e-01
3.555691033000000445e+00 9.650571209543521434e-01
3.569818287000000367e+00 9.978911711592850509e-01
3.583945542000000373e+00 1.036270974514938104e+00
3.598072796000000295e+00 1.060654675356964560e+00
3.612200050000000218e+00 1.060534739736903376e+00
3.626327305000000223e+00 1.045165953184689300e+00
3.640454559000000145e+00 1.031606454602046696e+00
3.654581814000000151e+00 1.031804274025724055e+00
3.668709068000000073e+00 1.041743735014712513e+00
3.682836321999999996e+00 1.048136883811480402e+00
3.696963577000000001e+00 1.041247731945022181e+00
3.711090830999999923e+00 1.021938710767331671e+00
3.725218085999999929e+00 9.994412405087675921e-01
3.739345339999999851e+00 9.804026571806154777e-01
3.753472593999999773e+00 9.687176249613624890e-01
3.767599848999999779e+00 9.629197542854086578e-01
3.781727102999999701e+00 9.608987667000512545e-01
3.795854357999999706e+00 9.634060361807303963e-01
3.809981611999999629e+00 9.712579689360278934e-01
3.824108865999999551e+00 9.862187706318827907e-01
3.838236120999999557e+00 1.006244678998218234e+00
3.852363374999999479e+00 1.025739134812921449e+00
3.866490629999999484e+00 1.041123602896268707e+00
3.880617883999999407e+00 1.049513052279793968e+00
3.894745138999999412e+00 1.055928500035784978e+00
3.908872392999999335e+00 1.068772857363690321e+00
3.922999646999999257e+00 1.090020994274913946e+00
3.937126901999999262e+00 1.115762119943822128e+00
3.951254155999999185e+00 1.131871364334083196e+00
3.965381410999999190e+00 1.128850002743932990e+00
3.979508664999999112e+00 1.107477939802908651e+00
3.993635919000000811e+00 1.078857184436186500e+00
4.007763174000000816e+00 1.058788997314110247e+00
4.021890428000000739e+00 1.051067366670075387e+00
4.036017683000000744e+00 1.049877407686233610e+00
4.050144937000000667e+00 1.043269096489499503e+00
4.064272191000000589e+00 1.027272199953836562e+00
4.078399446000000594e+00 1.010407280248285744e+00
4.092526700000000517e+00 1.004184927427088425e+00
4.106653955000000522e+00 1.015311378817084886e+00
4.120781209000000445e+00 1.036727515271053335e+00
4.134908463000000367e+00 1.054427609033787405e+00
4.149035718000000372e+00 1.058790748291809081e+00
4.163162972000000295e+00 1.049373768148653241e+00
4.177290227000000300e+00 1.034422794207506158e+00
4.191417481000000222e+00 1.023051725638969955e+00
4.205544736000000228e+00 1.019761689979336694e+00
4.219671990000000150e+00 1.027074772766475519e+00
4.233799244000000073e+00 1.045506525768693962e+00
4.247926499000000078e+00 1.074414637020652208e+00
4.262053753000000000e+00 1.110063227279852072e+00
4.276181008000000006e+00 1.144743906192241312e+00
4.290308261999999928e+00 1.173838978866397653e+00
4.304435515999999851e+00 1.197795362770156302e+00
4.318562770999999856e+00 1.220030820026236640e+00
4.332690024999999778e+00 1.240668422253932590e+00
4.346817279999999784e+00 1.255176668349275104e+00
4.360944533999999706e+00 1.261010694929478149e+00
4.375071787999999628e+00 1.263046550648194710e+00
4.389199042999999634e+00 1.272084952041188544e+00
4.403326296999999556e+00 1.293182125462919885e+00
4.417453551999999561e+00 1.315683743255423366e+00
4.431580805999999484e+00 1.320448248063033958e+00
4.445708059999999406e+00 1.297447715856627326e+00
4.459835314999999412e+00 1.259452794038951495e+00
4.473962568999999334e+00 1.237496806282612383e+00
4.488089823999999339e+00 1.256432808377963894e+00
4.502217077999999262e+00 1.313846036095529968e+00
4.516344331999999184e+00 1.381214629499893931e+00
4.530471586999999190e+00 1.426605853314672601e+00
4.544598840999999112e+00 1.438322328210301038e+00
4.558726095999999117e+00 1.429896011814800971e+00
4.572853350000000816e+00 1.423834055647487773e+00
4.586980605000000821e+00 1.428445387015235823e+00
4.601107859000000744e+00 1.435511148972205220e+00
4.615235113000000666e+00 1.433655459188859282e+00
4.629362368000000671e+00 1.421522912577209752e+00
4.643489622000000594e+00 1.413087828059953921e+00
4.657616877000000599e+00 1.421211238293102141e+00
4.671744131000000522e+00 1.446009221720332860e+00
4.685871385000000444e+00 1.477393770111060434e+00
4.699998640000000449e+00 1.502388162800126992e+00
4.714125894000000372e+00 1.519762614745506113e+00
4.728253149000000377e+00 1.538243369478266231e+00
4.742380403000000300e+00 1.562416403414335520e+00
4.756507657000000222e+00 1.588894017585449348e+00
4.770634912000000227e+00 1.608937619622318849e+00
4.784762166000000150e+00 1.618337603746052622e+00
4.798889421000000155e+00 1.626710498558372464e+00
4.813016675000000077e+00 1.647199461997868042e+00
4.827143929000000000e+00 1.680480269844494501e+00
4.841271184000000005e+00 1.712694798349421177e+00
4.855398437999999928e+00 1.724293763902117860e+00
4.869525692999999933e+00 1.710653330499530611e+00
4.883652946999999855e+00 1.690969164095266208e+00
4.897780201999999861e+00 1.691037606754839828e+00
4.911907455999999783e+00 1.720203033068012033e+00
4.926034709999999706e+00 1.764707579336507237e+00
4.940161964999999711e+00 1.801786260722099797e+00
4.954289218999999633e+00 1.822420882201633674e+00
4.968416473999999639e+00 1.839223508296328191e+00
4.982543727999999561e+00 1.869028668671640858e+00
4.996670981999999483e+00 1.910333665027327044e+00
5.010798236999999489e+00 1.945818982117943463e+00
5.024925490999999411e+00 1.957703793222329125e+00
5.039052745999999416e+00 1.947164289229206702e+00
5.053179999999999339e+00 1.937711136817068081e+00
5.067307253999999261e+00 1.948024491150054160e+00
5.081434508999999267e+00 1.977447415932175545e+00
5.095561762999999189e+00 2.005407820165444832e+00
5.109689017999999194e+00 2.009139583688543951e+00
5.123816271999999117e+00 1.984687879872220506e+00
5.137943526000000816e+00 1.945517008637114742e+00
5.152070781000000821e+00 1.911005351348142867e+00
5.166198035000000743e+00 1.890093592409693102e+00
5.180325290000000749e+00 1.877919128354101019e+00
5.194452544000000671e+00 1.867726646988055350e+00
5.208579798000000594e+00 1.859032658151738460e+00
5.222707053000000599e+00 1.855414589904961886e+00
5.236834307000000521e+00 1.862069367862659419e+00
5.250961562000000526e+00 1.878166804929964684e+00
5.265088816000000449e+00 1.896000899840476706e+00
5.279216071000000454e+00 1.908532512602896247e+00
5.293343325000000377e+00 1.916728657043526240e+00
5.307470579000000299e+00 1.922557960634694751e+00
5.321597834000000304e+00 1.928012465521565133e+00
5.335725088000000227e+00 1.932201985274724976e+00
5.349852343000000232e+00 1.928225142046592566e+00
5.363979597000000155e+00 1.918431807006649947e+00
5.378106851000000077e+00 1.913717459808845334e+00
5.392234106000000082e+00 1.927339608652046010e+00
5.406361360000000005e+00 1.962842554772969095e+00
5.420488615000000010e+00 2.007407896700753369e+00
5.434615868999999932e+00 2.037693407465791751e+00
5.448743122999999855e+00 2.035938896324598346e+00
5.462870377999999860e+00 2.005530670757131873e+00
5.476997631999999783e+00 1.964409743538787723e+00
5.491124886999999788e+00 1.931451850544730675e+00
5.505252140999999710e+00 1.914823947635568402e+00
5.519379394999999633e+00 1.910021386897740925e+00
5.533506649999999638e+00 1.907405553803512177e+00
5.547633903999999561e+00 1.900765644926563525e+00
5.561761158999999566e+00 1.894362354779936197e+00
5.575888412999999488e+00 1.893705242092753593e+00
5.590015667999999494e+00 1.899768235580287623e+00
5.604142921999999416e+00 1.909951017455076894e+00
5.618270175999999339e+00 1.916850136477673772e+00
5.632397430999999344e+00 1.916378461892726648e+00
5.646524684999999266e+00 1.912530982432732785e+00
5.660651939999999271e+00 1.913195920899795510e+00
5.674779193999999194e+00 1.922787821049915635e+00
5.688906447999999116e+00 1.938514493509408965e+00
5.703033702999999122e+00 1.951334120034884378e+00
5.717160957000000820e+00 1.953131101547752380e+00
5.731288212000000826e+00 1.945108613039881362e+00
5.745415466000000748e+00 1.937456338199254446e+00
5.759542720000000671e+00 1.940784040809697686e+00
5.773669975000000676e+00 1.959819006754099036e+00
5.787797229000000598e+00 1.991429114305484305e+00
5.801924484000000604e+00 2.025528576775911915e+00
5.816051738000000526e+00 2.052599820689959387e+00
5.830178992000000449e+00 2.065148402022600749e+00
5.844306247000000454e+00 2.063638732074702276e+00
5.858433501000000376e+00 2.052799613246465427e+00
5.872560756000000382e+00 2.041666656848928341e+00
5.886688010000000304e+00 2.040186376760749098e+00
5.900815264000000226e+00 2.049343709859078544e+00
5.914942519000000232e+00 2.066111544799582589e+00
5.929069773000000154e+00 2.084040224240007788e+00
5.943197028000000159e+00 2.100600603943304279e+00
5.957324282000000082e+00 2.118058795824477869e+00
5.971451537000000087e+00 2.136866341786154422e+00
5.985578791000000010e+00 2.155102567553301540e+00
5.999706044999999932e+00 2.166337376365103040e+00
6.013833299999999937e+00 2.166282057434186115e+00
6.027960553999999860e+00 2.162306558168152648e+00
6.042087808999999865e+00 2.163916222951888457e+00
6.056215062999999788e+00 2.177276406157874433e+00
6.070342316999999710e+00 2.198835473543486074e+00
6.084469571999999715e+00 2.214887564259864661e+00
6.098596825999999638e+00 2.215207575330076395e+00
6.112724080999999643e+00 2.198674460755261961e+00
6.126851334999999565e+00 2.175359111943750534e+00
6.140978588999999488e+00 2.158375832333643274e+00
6.155105843999999493e+00 2.156709098112594702e+00
6.169233097999999416e+00 2.171229562694561466e+00
6.183360352999999421e+00 2.192014045182018478e+00
6.197487606999999343e+00 2.207331746923580695e+00
6.211614860999999266e+00 2.211822534845740762e+00
6.225742115999999271e+00 2.212041275722249623e+00
6.239869369999999194e+00 2.222488722262379923e+00
6.253996624999999199e+00 2.251789313832418316e+00
6.268123878999999121e+00 2.291617457241329703e+00
6.282251133999999126e+00 2.318629514448051765e+00
6.296378388000000825e+00 2.314135738655068053e+00
6.310505642000000748e+00 2.279636918642321319e+00
6.324632897000000753e+00 2.236274606586707847e+00
6.338760151000000675e+00 2.208393058987081048e+00
6.352887406000000681e+00 2.202682130290684270e+00
6.367014660000000603e+00 2.204632544610811706e+00
6.381141914000000526e+00 2.194880851960514079e+00
6.395269169000000531e+00 2.167508522202316712e+00
6.409396423000000453e+00 2.135979493713781707e+00
6.423523678000000459e+00 2.121344211208706199e+00
6.437650932000000381e+00 2.136363387454245810e+00
6.451778186000000304e+00 2.175130926923467101e+00
6.465905441000000309e+00 2.219165602004334659e+00
6.480032695000000231e+00 2.253671375534871402e+00
6.494159950000000237e+00 2.275895234431988712e+00
6.508287204000000159e+00 2.291278048827470215e+00
6.522414458000000081e+00 2.304639854429685997e+00
6.536541713000000087e+00 2.311984832282144353e+00
6.550668967000000009e+00 2.304370328716657923e+00
6.564796222000000014e+00 2.283328546725293506e+00
6.578923475999999937e+00 2.261794731870036657e+00
6.593050729999999859e+00 2.253359238514965668e+00
6.607177984999999865e+00 2.258198488295665385e+00
6.621305238999999787e+00 2.259078808458143683e+00
6.635432493999999792e+00 2.235655395812589319e+00
6.649559747999999715e+00 2.185235480741166469e+00
6.663687002999999720e+00 2.127848423938438316e+00
6.677814256999999643e+00 2.087455896376864573e+00
6.691941510999999565e+00 2.072460958475733861e+00
6.706068765999999570e+00 2.069777598572210664e+00
6.720196019999999493e+00 2.058764460613252467e+00
6.734323274999999498e+00 2.034137244885151574e+00
6.748450528999999420e+00 2.010259769728490298e+00
6.762577782999999343e+00 2.004192118414264812e+00
6.776705037999999348e+00 2.018885431809609443e+00
6.790832291999999271e+00 2.036868494778087069e+00
6.804959546999999276e+00 2.037367570458769706e+00
6.819086800999999198e+00 2.013921230367786919e+00
6.833214054999999121e+00 1.979792916112685930e+00
6.847341309999999126e+00 1.959137387865728996e+00
6.861468564000000825e+00 1.966999746569353391e+00
6.875595819000000830e+00 1.998864947893780553e+00
6.889723073000000753e+00 2.035406923951001090e+00
6.903850327000000675e+00 2.055138351782835215e+00
6.917977582000000680e+00 2.046978306996649621e+00
6.932104836000000603e+00 2.020054371775977131e+00
6.946232091000000608e+00 1.995238935613455666e+00
6.960359345000000530e+00 1.991178477992056273e+00
6.974486599000000453e+00 2.014008418808156620e+00
6.988613854000000458e+00 2.047590353621281167e+00
7.002741108000000381e+00 2.063774512953758133e+00
7.016868363000000386e+00 2.045418910766709786e+00
7.030995617000000308e+00 1.997838975561132102e+00
7.045122872000000314e+00 1.951360743893376437e+00
7.059250126000000236e+00 1.937279840664082542e+00
7.073377380000000159e+00 1.964520362154630106e+00
7.087504635000000164e+00 2.015236328052612436e+00
7.101631889000000086e+00 2.061024763330369325e+00
7.115759144000000092e+00 2.087469798012845601e+00
7.129886398000000014e+00 2.099546951793170635e+00
7.144013651999999936e+00 2.109119303164261439e+00
7.158140906999999942e+00 2.115266869509914827e+00
7.172268160999999864e+00 2.108323066401464274e+00
7.186395415999999869e+00 2.083796013173149220e+00
7.200522669999999792e+00 2.051455195924338781e+00
7.214649923999999714e+00 2.034567508586166085e+00
7.228777178999999720e+00 2.045778663658836649e+00
7.242904432999999642e+00 2.076923479894162483e+00
7.257031687999999647e+00 2.110682749807494929e+00
7.271158941999999570e+00 2.130342190743995445e+00
7.285286195999999492e+00 2.137458910460937389e+00
7.299413450999999498e+00 2.143479547543511998e+00
7.313540704999999420e+00 2.151735133279686352e+00
7.327667959999999425e+00 2.157108974979639271e+00
7.341795213999999348e+00 2.148099459977384385e+00
7.355922468999999353e+00 2.121424396243654087e+00
7.370049722999999275e+00 2.087619302352951678e+00
7.384176976999999198e+00 2.063140905356023680e+00
7.398304231999999203e+00 2.056137384422898506e+00
7.412431485999999126e+00 2.060066079490288971e+00
7.426558740999999131e+00 2.060173467808310122e+00
7.440685995000000830e+00 2.046563348876610178e+00
7.454813249000000752e+00 2.024002912928850151e+00
7.468940504000000757e+00 2.003957078447768936e+00
7.483067758000000680e+00 1.992284287908145046e+00
7.497195013000000685e+00 1.985430590776179116e+00
7.511322267000000608e+00 1.972777139735507390e+00
7.525449521000000530e+00 1.953878360784127466e+00
7.539576776000000535e+00 1.938891182685994252e+00
7.553704030000000458e+00 1.934612385938596191e+00
7.567831285000000463e+00 1.939217077386270915e+00
7.581958539000000385e+00 1.941341166123208950e+00
7.596085793000000308e+00 1.935724545525406626e+00
7.610213048000000313e+00 1.931381209154903189e+00
7.624340302000000236e+00 1.941124908113302183e+00
7.638467557000000241e+00 1.967128829204465745e+00
7.652594811000000163e+00 1.997735336643550852e+00
7.666722065000000086e+00 2.018467653765943837e+00
7.680849320000000091e+00 2.025274605061538225e+00
7.694976574000000014e+00 2.024796667720647037e+00
7.709103829000000019e+00 2.023088719475133246e+00
7.723231082999999941e+00 2.019036152919424509e+00
7.737358337999999947e+00 2.007601838704829333e+00
7.751485591999999869e+00 1.991346199378359216e+00
7.765612845999999792e+00 1.977343085316530136e+00
7.779740100999999797e+00 1.969057228696529549e+00
7.793867354999999719e+00 1.961065150846970084e+00
7.807994609999999724e+00 1.944589912993659908e+00
7.822121863999999647e+00 1.920046647967573961e+00
7.836249117999999569e+00 1.897718745138588403e+00
7.850376372999999575e+00 1.891031379548923752e+00
7.864503626999999497e+00 1.899440150553079576e+00
7.878630881999999502e+00 1.908034765145250944e+00
7.892758135999999425e+00 1.902466943215262773e+00
7.906885389999999347e+00 1.880460989901228785e+00
7.921012644999999353e+00 1.854475678594949883e+00
7.935139898999999275e+00 1.842674955387181512e+00
7.949267153999999280e+00 1.852653455299240193e+00
7.963394407999999203e+00 1.876260939796601690e+00
7.977521661999999125e+00 1.899915561399184938e+00
7.991648916999999130e+00 1.915808018300650062e+00
8.005776171000000829e+00 1.926675935909315740e+00
8.019903425999999058e+00 1.942016155016217382e+00
8.034030680000000757e+00 1.966951460952358843e+00
8.048157934999998986e+00 1.995225643880393918e+00
8.062285189000000685e+00 2.017422148763129641e+00
8.076412442999998831e+00 2.027201950972250089e+00
8.090539698000000612e+00 2.029223845425102368e+00
8.104666951999998759e+00 2.034474377801489098e+00
8.118794207000000540e+00 2.051160418196939617e+00
8.132921460999998686e+00 2.080731888957908282e+00
8.147048715000000385e+00 2.113734267678156087e+00
8.161175969999998614e+00 2.140310309884871032e+00
8.175303224000000313e+00 2.155706290576949513e+00
8.189430478999998542e+00 2.160594118201812464e+00
8.203557733000000241e+00 2.159969949586963978e+00
8.217684986999998387e+00 2.156389662613376501e+00
8.231812242000000168e+00 2.148163055031597324e+00
8.245939495999998314e+00 2.135005175676372602e+00
8.260066751000000096e+00 2.120046057799234163e+00
8.274194004999998242e+00 2.109979204322240065e+00
8.288321258999999941e+00 2.110107066317416624e+00
8.302448514000001722e+00 2.120256421823794923e+00
8.316575767999999869e+00 2.133768643189982939e+00
8.330703023000001650e+00 2.142901689762553019e+00
8.344830276999999796e+00 2.144021380236132757e+00
8.358957531000001495e+00 2.141308710164713247e+00
8.373084785999999724e+00 2.144905049166716537e+00
8.387212040000001423e+00 2.163915618911666172e+00
8.401339294999999652e+00 2.199502341293365859e+00
8.415466549000001351e+00 2.238551708229387316e+00
8.429593803999999579e+00 2.261975409372828594e+00
8.443721058000001278e+00 2.258531929500895430e+00
8.457848311999999424e+00 2.235449044120736417e+00
8.471975567000001206e+00 2.212482687966106809e+00
8.486102820999999352e+00 2.208280158789037273e+00
8.500230076000001134e+00 2.224545250050416811e+00
8.514357329999999280e+00 2.248178501656239447e+00
8.528484584000000979e+00 2.266298359080870739e+00
8.542611838999999208e+00 2.273463367025918558e+00
8.556739093000000906e+00 2.272089205468919459e+00
8.570866347999999135e+00 2.266714019774187960e+00
8.584993602000000834e+00 2.261284992396415561e+00
8.599120855999998980e+00 2.263423937487420545e+00
8.613248111000000762e+00 2.281631970684951938e+00
8.627375364999998908e+00 2.314395075160343040e+00
8.641502620000000690e+00 2.346072693988331181e+00
8.655629873999998836e+00 2.351755934430908468e+00
8.669757128000000534e+00 2.321228265124336332e+00
8.683884382999998763e+00 2.269362796836590590e+00
8.698011637000000462e+00 2.225324748191404467e+00
8.712138891999998691e+00 2.210200322877698298e+00
8.726266146000000390e+00 2.220380754285487868e+00
8.740393400999998619e+00 2.234985252895627994e+00
8.754520655000000318e+00 2.234065058507681556e+00
8.768647908999998464e+00 2.215146611004758626e+00
8.782775164000000245e+00 2.189679702079963874e+00
8.796902417999998391e+00 2.172164377410638281e+00
8.811029673000000173e+00 2.169259792901254258e+00
8.825156926999998319e+00 2.176098153805090973e+00
8.839284181000000018e+00 2.180008107716775001e+00
8.853411435999998247e+00 2.171869719525389542e+00
8.867538689999999946e+00 2.151142622619980571e+00
8.881665945000001727e+00 2.129952454488179825e+00
8.895793198999999873e+00 2.125766941966523049e+00
8.909920453000001572e+00 2.146438048748738225e+00
8.924047707999999801e+00 2.183520186791362505e+00
8.938174962000001500e+00 2.214999506873073898e+00
8.952302216999999729e+00 2.221980766452251288e+00
8.966429471000001428e+00 2.200851707820145720e+00
8.980556724999999574e+00 2.166304817866864241e+00
8.994683980000001355e+00 2.135829055939463927e+00
9.008811233999999502e+00 2.119398896013191091e+00
9.022938489000001283e+00 2.115238460678947163e+00
9.037065742999999429e+00 2.114985236070282326e+00
9.051192997000001128e+00 2.113092246790294837e+00
9.065320251999999357e+00 2.108108673448001014e+00
9.079447506000001056e+00 2.098076288054416594e+00
9.093574760999999285e+00 2.080035682526990115e+00
9.107702015000000983e+00 2.056316625580915769e+00
9.121829269999999212e+00 2.032585680764682934e+00
9.135956524000000911e+00 2.019354453849903308e+00
9.150083777999999057e+00 2.020186495528990989e+00
9.164211033000000839e+00 2.027068373791395928e+00
9.178338286999998985e+00 2.027415566415118775e+00
9.192465542000000767e+00 2.013687825601360615e+00
9.206592795999998913e+00 1.992034309674831860e+00
9.220720050000000612e+00 1.977067918332378937e+00
9.234847304999998840e+00 1.981042337923295094e+00
9.248974559000000539e+00 2.007452630068916832e+00
9.263101813999998768e+00 2.051311927588407968e+00
9.277229068000000467e+00 2.102382359424540326e+00
9.291356321999998613e+00 2.152935785569376037e+00
9.305483577000000395e+00 2.195354750409917344e+00
9.319610830999998541e+00 2.223472613927402364e+00
9.333738086000000322e+00 2.236446709236835417e+00
9.347865339999998469e+00 2.235691283318837819e+00
9.361992594000000167e+00 2.228668696138541350e+00
9.376119848999998396e+00 2.226889292379166108e+00
9.390247103000000095e+00 2.238032986188741802e+00
9.404374357999998324e+00 2.263886307107572549e+00
9.418501612000000023e+00 2.294327169831994695e+00
9.432628866000001722e+00 2.313983320107094954e+00
9.446756120999999951e+00 2.313483017428861643e+00
9.460883375000001649e+00 2.296026113338356822e+00
9.475010629999999878e+00 2.278891289285477129e+00
9.489137884000001577e+00 2.277833939646733086e+00
9.503265138999999806e+00 2.295927829761438943e+00
9.517392393000001505e+00 2.320759159451208475e+00
9.531519646999999651e+00 2.333379165069908723e+00
9.545646902000001432e+00 2.324709834142437259e+00
9.559774155999999579e+00 2.299102835915638465e+00
9.573901411000001360e+00 2.269857963416772151e+00
9.588028664999999506e+00 2.249030989668035829e+00
9.602155919000001205e+00 2.237948327126840553e+00
9.616283173999999434e+00 2.231365107486681154e+00
9.630410428000001133e+00 2.224564920291660641e+00
9.644537682999999362e+00 2.219476440479615675e+00
9.658664937000001061e+00 2.221501944596308675e+00
9.672792190999999207e+00 2.232558681848262339e+00
9.686919446000000988e+00 2.249939465517321935e+00
9.701046699999999134e+00 2.265103561251704534e+00
9.715173955000000916e+00 2.274996180738932949e+00
9.729301208999999062e+00 2.284624473080988594e+00
9.743428463000000761e+00 2.300596168427452071e+00
9.757555717999998990e+00 2.323021202294075493e+00
9.771682972000000689e+00 2.338995083207770165e+00
9.785810226999998918e+00 2.333317937025489286e+00
9.799937481000000616e+00 2.302041675433889267e+00
9.814064735999998845e+00 2.259442873985987532e+00
9.828191990000000544e+00 2.232633141750214989e+00
9.842319243999998690e+00 2.236182192068051577e+00
9.856446499000000472e+00 2.262299315583357284e+00
9.870573752999998618e+00 2.288580338853863694e+00
9.884701008000000400e+00 2.294753336413084099e+00
9.898828261999998546e+00 2.284315328918845367e+00
9.912955516000000245e+00 2.277875999688856012e+00
9.927082770999998473e+00 2.290048169988892823e+00
9.941210025000000172e+00 2.315819082804681628e+00
9.955337279999998401e+00 2.330747536840069856e+00
9.969464534000000100e+00 2.316996945955553500e+00
9.983591787999998246e+00 2.281331953445445038e+00
9.997719043000000028e+00 2.253878245391346624e+00
1.001184629700000173e+01 2.272782209594444325e+00
1.002597355199999996e+01 2.357082631832513542e+00
1.004010080600000165e+01 2.505418588523912860e+00
1.005422805999999980e+01 2.710938080681863482e+00
1.006835531500000158e+01 2.974644180494474099e+00
1.008248256899999973e+01 3.310492465417461005e+00
1.009660982400000151e+01 3.738703988302878756e+00
1.011073707799999966e+01 4.268854674256349568e+00
1.012486433200000135e+01 4.893519040720024194e+00
1.013899158699999958e+01 5.599387209214675920e+00
1.015311884100000128e+01 6.371720314270266528e+00
1.016724609599999951e+01 7.202076669039286116e+00
1.018137335000000121e+01 8.092818921213405403e+00
1.019550060499999944e+01 9.053556928157497907e+00
1.020962785900000114e+01 1.009984558365605167e+01
1.022375511299999928e+01 1.124574386770070333e+01
1.023788236800000107e+01 1.249515267403983110e+01
1.025200962199999921e+01 1.383907908072080950e+01
1.026613687700000099e+01 1.525750024247861347e+01
1.028026413099999914e+01 1.673427316759226358e+01
1.029439138500000084e+01 1.826735957699929713e+01
1.030851863999999907e+01 1.986548370152350174e+01
1.032264589400000077e+01 2.154893088048086369e+01
1.033677314899999899e+01 2.333815080019792987e+01
1.035090040300000069e+01 2.524408829538407417e+01
1.036502765699999884e+01 2.726543205147144633e+01
1.037915491200000062e+01 2.938640113281119426e+01
1.039328216599999877e+01 3.158059926676243379e+01
1.040740942100000055e+01 3.382305819769523225e+01
1.042153667499999870e+01 3.610030923126576852e+01
1.043566392900000039e+01 3.841017498094950611e+01
1.044979118399999862e+01 4.075985221107691103e+01
1.046391843800000032e+01 4.315441565930861145e+01
1.047804569299999855e+01 4.558753669386496199e+01
1.049217294700000025e+01 4.803383932686014646e+01
1.050630020199999848e+01 5.044069077685603020e+01
1.052042745600000018e+01 5.272904220980259993e+01
1.053455470999999832e+01 5.480209243140428299e+01
1.054868196500000010e+01 5.656709689725337853e+01
1.056280921899999825e+01 5.796377936433641764e+01
1.057693647400000003e+01 5.898105992923243690e+01
1.059106372800000173e+01 5.965720458883896526e+01
1.060519098199999988e+01 6.006573495625935522e+01
1.061931823700000166e+01 6.028853947835629157e+01
1.063344549099999981e+01 6.039732966241857781e+01
1.064757274600000159e+01 6.044487580339239940e+01
1.066169999999999973e+01 4.534538298063104378e+01
