# r_minus_2Rs_A, PMF_over_kBT
-5.440999999999998060e-01 2.472465589856222223e+01
-5.299586530000000018e-01 3.087557479539443150e+01
-5.158173050000001147e-01 3.696725336558204589e+01
-5.016759579999998664e-01 4.293376053627055455e+01
-4.875346110000000621e-01 4.866876085118724404e+01
-4.733932639999998138e-01 4.784130508520293290e+01
-4.592519159999999268e-01 4.646012572680957931e+01
-4.451105690000001225e-01 4.436246479711220303e+01
-4.309692219999998741e-01 4.144136812204310161e+01
-4.168278750000000699e-01 3.768408528740379637e+01
-4.026865270000001829e-01 3.318564737833876421e+01
-3.885451799999999345e-01 2.813544364604094028e+01
-3.744038330000001302e-01 2.278320173273252536e+01
-3.602624849999997991e-01 1.740053394352553795e+01
-3.461211379999999949e-01 1.224581224418525949e+01
-3.319797910000001906e-01 7.532351579771914274e+00
-3.178384439999999422e-01 3.403243370095398568e+00
-3.036970960000000552e-01 -8.445208664894021666e-02
-2.895557489999998069e-01 -2.958793099739415844e+00
-2.754144020000000026e-01 -5.306653367333236559e+00
-2.612730550000001983e-01 -7.235694162239806104e+00
-2.471317069999998672e-01 -8.840213787041282245e+00
-2.329903600000000630e-01 -1.018258293728247210e+01
-2.188490129999998146e-01 -1.129597210481468750e+01
-2.047076660000000103e-01 -1.219839303582980961e+01
-1.905663180000001233e-01 -1.290773108333816666e+01
-1.764249709999998750e-01 -1.344664941836269278e+01
-1.622836240000000707e-01 -1.384224392773491985e+01
-1.481422760000001837e-01 -1.412182657577821843e+01
-1.340009289999999353e-01 -1.430771298575660566e+01
-1.198595820000001311e-01 -1.441695316300308605e+01
-1.057182349999998827e-01 -1.446153753062714031e+01
-9.157688699999999571e-02 -1.445045821200289282e+01
-7.743554000000019144e-02 -1.439059837148065313e+01
-6.329419299999994308e-02 -1.428756281902840186e+01
-4.915284600000013882e-02 -1.414731065456244075e+01
-3.501149799999980772e-02 -1.397565951720869037e+01
-2.087015100000000345e-02 -1.377911239713821701e+01
-6.728804000000199181e-03 -1.356460613903023038e+01
7.412544000000131916e-03 -1.333678365197675220e+01
2.155389099999993618e-02 -1.309884536626513452e+01
3.569523799999974045e-02 -1.285453971392169237e+01
4.983658500000043290e-02 -1.260744212895622240e+01
6.397793300000031991e-02 -1.236140033436169361e+01
7.811928000000012418e-02 -1.211870823993052859e+01
9.226062699999992844e-02 -1.188026769109548120e+01
1.064019739999997327e-01 -1.164557198391027093e+01
1.205433219999996197e-01 -1.141469841431856835e+01
1.346846690000003122e-01 -1.118834058643671270e+01
1.488260160000001164e-01 -1.096655977022962247e+01
1.629673640000000034e-01 -1.074992552963637493e+01
1.771087109999998077e-01 -1.053819715307191629e+01
1.912500579999996120e-01 -1.033099613670808026e+01
2.053914050000003044e-01 -1.012545442280115893e+01
2.195327530000001914e-01 -9.917386344267271170e+00
2.336740999999999957e-01 -9.703332397989150593e+00
2.478154469999998000e-01 -9.483646184629415998e+00
2.619567939999996042e-01 -9.261784303776341432e+00
2.760981420000003794e-01 -9.041893551283742170e+00
2.902394890000001837e-01 -8.825565337710251868e+00
3.043808359999999880e-01 -8.611236592786703170e+00
3.185221839999998750e-01 -8.398374330149479761e+00
3.326635309999996792e-01 -8.189419282689110346e+00
3.468048780000003717e-01 -7.989121534374854505e+00
3.609462250000001760e-01 -7.799198140856968386e+00
3.750875730000000630e-01 -7.616757251617511493e+00
3.892289199999998672e-01 -7.435777775379517784e+00
4.033702669999996715e-01 -7.253273940891785010e+00
4.175116140000003639e-01 -7.070997402400248433e+00
4.316529620000002510e-01 -6.892212757694332836e+00
4.457943090000000552e-01 -6.717492773253265881e+00
4.599356559999998595e-01 -6.544696346483668492e+00
4.740770029999996638e-01 -6.373024089095095768e+00
4.882183510000004389e-01 -6.204722591866468129e+00
5.023596980000002432e-01 -6.043002605175388453e+00
5.165010450000000475e-01 -5.887618025744453476e+00
5.306423929999999345e-01 -5.735327266044837558e+00
5.447837399999997388e-01 -5.583336034654385216e+00
5.589250870000004312e-01 -5.433309665172203928e+00
5.730664340000002355e-01 -5.289832555389443414e+00
5.872077820000001225e-01 -5.153299170884504399e+00
6.013491289999999267e-01 -5.018460174954713082e+00
6.154904759999997310e-01 -4.879147813437403336e+00
6.296318230000004235e-01 -4.733530160184464819e+00
6.437731710000003105e-01 -4.586216559252529912e+00
6.579145180000001147e-01 -4.444197738330523784e+00
6.720558649999999190e-01 -4.310861737918976644e+00
6.861972129999998060e-01 -4.183815207663827529e+00
7.003385599999996103e-01 -4.059085802526974263e+00
7.144799070000003027e-01 -3.935807457179747892e+00
7.286212540000001070e-01 -3.815415427928833481e+00
7.427626019999999940e-01 -3.700399709854617747e+00
7.569039489999997983e-01 -3.591276691101624507e+00
7.710452959999996025e-01 -3.486413576089044675e+00
7.851866430000002950e-01 -3.382211896793531736e+00
7.993279910000001820e-01 -3.274845780265787099e+00
8.134693379999999863e-01 -3.163879119956379604e+00
8.276106849999997905e-01 -3.052634872326891013e+00
8.417520329999996775e-01 -2.948418701565625355e+00
8.558933800000003700e-01 -2.857533974150598510e+00
8.700347270000001743e-01 -2.780051461947760316e+00
8.841760739999999785e-01 -2.709680575761918675e+00
8.983174219999998655e-01 -2.638855351340892774e+00
9.124587689999996698e-01 -2.563871330604855281e+00
9.266001160000003622e-01 -2.485983626633013976e+00
9.407414630000001665e-01 -2.408619288173661666e+00
9.548828110000000535e-01 -2.331423927698003773e+00
9.690241579999998578e-01 -2.250665826714540962e+00
9.831655049999996621e-01 -2.163604445433794154e+00
9.973068520000003545e-01 -2.071270776633642008e+00
1.011448200000000242e+00 -1.978384397373929460e+00
1.025589547000000046e+00 -1.890277215154361201e+00
1.039730893999999850e+00 -1.809341130831402467e+00
1.053872241999999737e+00 -1.733729733972237952e+00
1.068013589000000430e+00 -1.660911477585489848e+00
1.082154936000000234e+00 -1.589890242019315281e+00
1.096296283000000038e+00 -1.522043472075697679e+00
1.110437630999999925e+00 -1.458251154943257077e+00
1.124578977999999729e+00 -1.397924234011251876e+00
1.138720325000000422e+00 -1.339775475310045039e+00
1.152861672000000226e+00 -1.282710174925919766e+00
1.167003020000000113e+00 -1.227392756686255026e+00
1.181144366999999917e+00 -1.174186030409478221e+00
1.195285713999999722e+00 -1.120572084025819315e+00
1.209427061999999609e+00 -1.063293440539281320e+00
1.223568409000000301e+00 -1.001986976956088071e+00
1.237709756000000105e+00 -9.397265151136089401e-01
1.251851102999999910e+00 -8.799110607401523509e-01
1.265992450999999797e+00 -8.233672749313258876e-01
1.280133797999999601e+00 -7.665871726440309786e-01
1.294275145000000293e+00 -7.070870930091839313e-01
1.308416492000000098e+00 -6.474866427151759751e-01
1.322557839999999985e+00 -5.950696674052426971e-01
1.336699186999999789e+00 -5.557614812131648208e-01
1.350840533999999593e+00 -5.297118150226234334e-01
1.364981882000000368e+00 -5.116173906824919015e-01
1.379123229000000173e+00 -4.950104573584681589e-01
1.393264575999999977e+00 -4.777717265510146305e-01
1.407405922999999781e+00 -4.610824155193125051e-01
1.421547270999999668e+00 -4.465078684303680490e-01
1.435688618000000361e+00 -4.309507242101480173e-01
1.449829965000000165e+00 -4.094190292767532213e-01
1.463971311999999969e+00 -3.778142151181613784e-01
1.478112659999999856e+00 -3.371323261434744367e-01
1.492254006999999660e+00 -2.935667488916102741e-01
1.506395354000000353e+00 -2.529959065898941262e-01
1.520536702000000240e+00 -2.187404344938199685e-01
1.534678049000000044e+00 -1.913890670486209089e-01
1.548819395999999848e+00 -1.712766601609096995e-01
1.562960742999999653e+00 -1.581842075345480936e-01
1.577102091000000428e+00 -1.520166802023403818e-01
1.591243438000000232e+00 -1.513695387340954213e-01
1.605384785000000036e+00 -1.541405432287907828e-01
1.619526131999999841e+00 -1.595503921832452932e-01
1.633667479999999728e+00 -1.674965071636558278e-01
1.647808827000000420e+00 -1.754448305435110100e-01
1.661950174000000224e+00 -1.782431927541354710e-01
1.676091521000000029e+00 -1.718599935729088202e-01
1.690232868999999916e+00 -1.583374852998398197e-01
1.704374215999999720e+00 -1.442934500249846153e-01
1.718515563000000412e+00 -1.347824880692307659e-01
1.732656911000000299e+00 -1.274547989632655032e-01
1.746798258000000104e+00 -1.150010203876634662e-01
1.760939604999999908e+00 -9.442944301946276653e-02
1.775080951999999712e+00 -7.075993881448194855e-02
1.789222299999999599e+00 -5.402533972669054663e-02
1.803363647000000292e+00 -4.954924782201697298e-02
1.817504994000000096e+00 -5.403680301352142834e-02
1.831646340999999900e+00 -5.864196967266277483e-02
1.845787688999999787e+00 -5.914380787218931346e-02
1.859929035999999591e+00 -5.828722290756083169e-02
1.874070383000000284e+00 -5.997905261633018625e-02
1.888211731000000171e+00 -6.495541448197439394e-02
1.902353077999999975e+00 -6.863407312526614845e-02
1.916494424999999779e+00 -6.615522917909189005e-02
1.930635771999999584e+00 -5.763455580405008050e-02
1.944777120000000359e+00 -4.814743159725054511e-02
1.958918467000000163e+00 -4.185573425617761245e-02
1.973059813999999967e+00 -3.912492831451963582e-02
1.987201160999999772e+00 -3.681455272156775038e-02
2.001342508999999659e+00 -3.204030337706864628e-02
2.015483856000000351e+00 -2.504591829390623303e-02
2.029625203000000155e+00 -1.779532476337486457e-02
2.043766551000000042e+00 -1.129851371305967689e-02
2.057907897999999847e+00 -4.312646233158190512e-03
2.072049244999999651e+00 4.098706423517839426e-03
2.086190592000000343e+00 1.421094502860587028e-02
2.100331940000000230e+00 2.499762092495050325e-02
2.114473287000000035e+00 3.709130365152635278e-02
2.128614633999999839e+00 5.185497820705275984e-02
2.142755980999999643e+00 7.097304295413664477e-02
2.156897329000000418e+00 9.455699962321784113e-02
2.171038676000000223e+00 1.196606292827029350e-01
2.185180023000000027e+00 1.435862587959322312e-01
2.199321369999999831e+00 1.639373574348956808e-01
2.213462717999999718e+00 1.788408528917289075e-01
2.227604065000000411e+00 1.877242504759752961e-01
2.241745412000000215e+00 1.912853588433849339e-01
2.255886760000000102e+00 1.901077551593823856e-01
2.270028106999999906e+00 1.846171051822684817e-01
2.284169453999999710e+00 1.744481108488820098e-01
2.298310801000000403e+00 1.599206982591585557e-01
2.312452149000000290e+00 1.434571417119006043e-01
2.326593496000000094e+00 1.285099000374883005e-01
2.340734842999999898e+00 1.176195048285526568e-01
2.354876189999999703e+00 1.105444586663653084e-01
2.369017537999999590e+00 1.052078303245078672e-01
2.383158885000000282e+00 1.000171549374320179e-01
2.397300232000000086e+00 9.697123359397785691e-02
2.411441579999999973e+00 9.702389882705109159e-02
2.425582926999999778e+00 9.978850356549706646e-02
2.439724273999999582e+00 1.026355817878021881e-01
2.453865621000000274e+00 1.009050282746901672e-01
2.468006969000000161e+00 9.258709006784116013e-02
2.482148315999999966e+00 7.910941505939383944e-02
2.496289662999999770e+00 6.387495473833570969e-02
2.510431009999999574e+00 4.898503612635352056e-02
2.524572358000000349e+00 3.587019407701763640e-02
2.538713705000000154e+00 2.359884773809373115e-02
2.552855051999999958e+00 1.096848352620849454e-02
2.566996399999999845e+00 -2.218623896093951942e-03
2.581137746999999649e+00 -1.492641218676826753e-02
2.595279094000000342e+00 -2.633209082847809412e-02
2.609420441000000146e+00 -3.657166509150044931e-02
2.623561789000000033e+00 -4.681030328124169415e-02
2.637703135999999837e+00 -5.915301589185162356e-02
2.651844482999999641e+00 -7.348799576342646134e-02
2.665985830000000334e+00 -8.759942227536576809e-02
2.680127178000000221e+00 -9.885092646772175584e-02
2.694268525000000025e+00 -1.081934274788132200e-01
2.708409871999999829e+00 -1.171961236084682056e-01
2.722551219999999716e+00 -1.277412900472745250e-01
2.736692567000000409e+00 -1.406057410579260036e-01
2.750833914000000213e+00 -1.540338833471652791e-01
2.764975261000000017e+00 -1.665135480987283145e-01
2.779116608999999904e+00 -1.779495140240054951e-01
2.793257955999999709e+00 -1.892425213554655983e-01
2.807399303000000401e+00 -1.984394316816109338e-01
2.821540650000000205e+00 -2.040018124630496033e-01
2.835681998000000092e+00 -2.048712200945246309e-01
2.849823344999999897e+00 -2.018393394197888213e-01
2.863964691999999701e+00 -1.968800566311736944e-01
2.878106039000000393e+00 -1.917449165276545742e-01
2.892247387000000280e+00 -1.865971466699383186e-01
2.906388734000000085e+00 -1.803511563944537599e-01
2.920530080999999889e+00 -1.741305928838059458e-01
2.934671428999999776e+00 -1.691448043755530151e-01
2.948812775999999580e+00 -1.667127776687049590e-01
2.962954123000000273e+00 -1.663111827817687072e-01
2.977095470000000077e+00 -1.669874638637756092e-01
2.991236817999999964e+00 -1.680635822406237878e-01
3.005378164999999768e+00 -1.700317734744283271e-01
3.019519511999999573e+00 -1.735637467149766522e-01
3.033660859000000265e+00 -1.770953748611407974e-01
3.047802207000000152e+00 -1.781366151685777055e-01
3.061943553999999956e+00 -1.744995416478181127e-01
3.076084900999999761e+00 -1.654850364623161596e-01
3.090226248999999648e+00 -1.518941170051277822e-01
3.104367596000000340e+00 -1.370284977620350730e-01
3.118508943000000144e+00 -1.237923531924369769e-01
3.132650289999999949e+00 -1.139459973549712402e-01
3.146791637999999836e+00 -1.084437556605282182e-01
3.160932984999999640e+00 -1.075461296744846251e-01
3.175074332000000332e+00 -1.103869437264739517e-01
3.189215679000000137e+00 -1.159108055557576122e-01
3.203357027000000024e+00 -1.234065577263319113e-01
3.217498373999999828e+00 -1.306104277640622868e-01
3.231639720999999632e+00 -1.356561908498372659e-01
3.245781069000000407e+00 -1.372261304416912964e-01
3.259922416000000212e+00 -1.358892073976809556e-01
3.274063763000000016e+00 -1.333121734990898588e-01
3.288205109999999820e+00 -1.324626552742964591e-01
3.302346457999999707e+00 -1.343762697811508033e-01
3.316487805000000400e+00 -1.380859274746200072e-01
3.330629152000000204e+00 -1.417841867200060335e-01
3.344770499000000008e+00 -1.440140215351650710e-01
3.358911846999999895e+00 -1.456148546194206972e-01
3.373053193999999699e+00 -1.487442320040450738e-01
3.387194541000000392e+00 -1.554370634919077787e-01
3.401335889000000279e+00 -1.638739595671028226e-01
3.415477236000000083e+00 -1.714474974549045072e-01
3.429618582999999887e+00 -1.765179846422313403e-01
3.443759929999999692e+00 -1.796243443189089461e-01
3.457901277999999579e+00 -1.834281803508091002e-01
3.472042625000000271e+00 -1.886938838580158873e-01
3.486183972000000075e+00 -1.921668433733998427e-01
3.500325318999999880e+00 -1.905442787139497440e-01
3.514466666999999767e+00 -1.851171964629543254e-01
3.528608013999999571e+00 -1.813767088403226424e-01
3.542749361000000263e+00 -1.845461228934803799e-01
3.556890708000000068e+00 -1.955395754977491407e-01
3.571032055999999955e+00 -2.100383763863922226e-01
3.585173402999999759e+00 -2.233385210232832208e-01
3.599314749999999563e+00 -2.358330299194344448e-01
3.613456098000000338e+00 -2.494205594098879430e-01
3.627597445000000143e+00 -2.636117122318744066e-01
3.641738791999999947e+00 -2.754976957191210829e-01
3.655880138999999751e+00 -2.812449946682846758e-01
3.670021486999999638e+00 -2.802554193729571708e-01
3.684162834000000331e+00 -2.758913875255073478e-01
3.698304181000000135e+00 -2.724220684081561927e-01
3.712445527999999939e+00 -2.701895932159796843e-01
3.726586875999999826e+00 -2.676190656683949953e-01
3.740728222999999630e+00 -2.641431482663767483e-01
3.754869570000000323e+00 -2.603288345163203843e-01
3.769010918000000210e+00 -2.577879592204874726e-01
3.783152265000000014e+00 -2.576358097017488191e-01
3.797293611999999818e+00 -2.595175467373254108e-01
3.811434958999999623e+00 -2.629116343647428522e-01
3.825576307000000398e+00 -2.675983321068473586e-01
3.839717654000000202e+00 -2.729623959066493910e-01
3.853859001000000006e+00 -2.771829374798446821e-01
3.868000347999999811e+00 -2.798452749604400935e-01
3.882141695999999698e+00 -2.823934336742741635e-01
3.896283043000000390e+00 -2.860639936841087305e-01
3.910424390000000194e+00 -2.905425607271112654e-01
3.924565738000000081e+00 -2.942602039221648980e-01
3.938707084999999886e+00 -2.957925215121051110e-01
3.952848431999999690e+00 -2.955728408273001762e-01
3.966989779000000382e+00 -2.956469606761364943e-01
3.981131127000000269e+00 -2.970129971159609639e-01
3.995272474000000074e+00 -2.987723419692862592e-01
4.009413821000000766e+00 -3.000666339506432578e-01
4.023555167999999682e+00 -3.002726149573993197e-01
4.037696516000000457e+00 -2.982143692620322639e-01
4.051837862999999373e+00 -2.928569186730323182e-01
4.065979210000000066e+00 -2.838088523714823452e-01
4.080120557000000758e+00 -2.727069367502741315e-01
4.094261904999999757e+00 -2.623657326402035750e-01
4.108403252000000450e+00 -2.542922707550916428e-01
4.122544598999999366e+00 -2.461491753763151991e-01
4.136685947000000141e+00 -2.346212018955800005e-01
4.150827294000000833e+00 -2.199110486879547466e-01
4.164968640999999749e+00 -2.056262661045531459e-01
4.179109988000000442e+00 -1.964316861261234948e-01
4.193251335999999441e+00 -1.928082631307868056e-01
4.207392683000000133e+00 -1.909450245079327146e-01
4.221534030000000826e+00 -1.866297730755652751e-01
4.235675376999999742e+00 -1.796309653066421319e-01
4.249816725000000517e+00 -1.728865916203536912e-01
4.263958071999999433e+00 -1.683157227927374322e-01
4.278099419000000125e+00 -1.656897667092964710e-01
4.292240766999999124e+00 -1.630424738087210557e-01
4.306382113999999817e+00 -1.591282268603793071e-01
4.320523461000000509e+00 -1.535059485031649018e-01
4.334664807999999425e+00 -1.462668860639055879e-01
4.348806156000000200e+00 -1.367706839357500925e-01
4.362947502999999116e+00 -1.265124549991512026e-01
4.377088849999999809e+00 -1.191229078780349226e-01
4.391230197000000501e+00 -1.178689995209989405e-01
4.405371544999999500e+00 -1.215840916222603596e-01
4.419512892000000193e+00 -1.257395876752553932e-01
4.433654239000000885e+00 -1.259879534383827604e-01
4.447795586999999884e+00 -1.226980220539362065e-01
4.461936934000000576e+00 -1.210190906009769307e-01
4.476078280999999492e+00 -1.241490066642843004e-01
4.490219628000000185e+00 -1.290631565432622807e-01
4.504360975999999184e+00 -1.279390850475055075e-01
4.518502322999999876e+00 -1.164611215958037960e-01
4.532643670000000569e+00 -9.801206940790940791e-02
4.546785016999999485e+00 -8.226876663412951984e-02
4.560926365000000260e+00 -7.730243568010841670e-02
4.575067711999999176e+00 -8.424674606478266270e-02
4.589209058999999868e+00 -9.654125214750486350e-02
4.603350407000000644e+00 -1.070824882448428994e-01
4.617491753999999560e+00 -1.142551101845867834e-01
4.631633101000000252e+00 -1.210727970339275927e-01
4.645774447999999168e+00 -1.317780175374210216e-01
4.659915795999999943e+00 -1.460574342653044866e-01
4.674057143000000636e+00 -1.580223584227571365e-01
4.688198489999999552e+00 -1.601564296869222304e-01
4.702339837000000244e+00 -1.513427681429622140e-01
4.716481184999999243e+00 -1.369314879928085205e-01
4.730622531999999936e+00 -1.246237978775637245e-01
4.744763879000000628e+00 -1.187624084564840032e-01
4.758905225999999544e+00 -1.166274177301414028e-01
4.773046574000000319e+00 -1.122570097208326345e-01
4.787187920999999236e+00 -1.031273018439184952e-01
4.801329267999999928e+00 -9.364253925216292629e-02
4.815470616000000703e+00 -9.008201607879051664e-02
4.829611962999999619e+00 -9.456671634779745261e-02
4.843753310000000312e+00 -1.029836519897440184e-01
4.857894656999999228e+00 -1.082841208968883251e-01
4.872036005000000003e+00 -1.066905570364911071e-01
4.886177352000000695e+00 -1.010030591317994109e-01
4.900318698999999611e+00 -9.666896662821677921e-02
4.914460046000000304e+00 -9.469489227453387059e-02
4.928601393999999303e+00 -9.193743419098154845e-02
4.942742740999999995e+00 -8.556150227089975857e-02
4.956884088000000688e+00 -7.596387139907179176e-02
4.971025435999999686e+00 -6.681766301540381647e-02
4.985166783000000379e+00 -6.109937715530300295e-02
4.999308129999999295e+00 -5.726989223774747728e-02
5.013449476999999987e+00 -5.084687263954812408e-02
5.027590825000000763e+00 -3.969871074219355478e-02
5.041732171999999679e+00 -2.569425303272243610e-02
5.055873519000000371e+00 -1.298686881190214137e-02
5.070014865999999287e+00 -5.810536485147288488e-03
5.084156214000000062e+00 -6.015270953676932209e-03
5.098297561000000755e+00 -1.256959501431076376e-02
5.112438907999999671e+00 -2.253796806460339752e-02
5.126580256000000446e+00 -3.238199411624176349e-02
5.140721602999999362e+00 -4.018198206221601509e-02
5.154862950000000055e+00 -4.627258497918518287e-02
5.169004297000000747e+00 -5.177378383364494852e-02
5.183145644999999746e+00 -5.645439049464506809e-02
5.197286992000000438e+00 -5.871663173839891670e-02
5.211428338999999355e+00 -5.809980747265797163e-02
5.225569686000000047e+00 -5.739745105989424445e-02
5.239711034000000822e+00 -6.167050318750888493e-02
5.253852380999999738e+00 -7.343357686776297300e-02
5.267993728000000431e+00 -9.022526211378867345e-02
5.282135074999999347e+00 -1.067589604563137229e-01
5.296276423000000122e+00 -1.185109828193873227e-01
5.310417770000000814e+00 -1.254035822080323825e-01
5.324559116999999731e+00 -1.297739635462482610e-01
5.338700465000000506e+00 -1.329768457201714327e-01
5.352841811999999422e+00 -1.348386315239746835e-01
5.366983159000000114e+00 -1.344903882501160552e-01
5.381124506000000807e+00 -1.323437509154263836e-01
5.395265853999999806e+00 -1.299673507552370211e-01
5.409407201000000498e+00 -1.302381766480005254e-01
5.423548547999999414e+00 -1.354916415655704753e-01
5.437689895000000107e+00 -1.452874374125006085e-01
5.451831243000000882e+00 -1.561364290312843295e-01
5.465972589999999798e+00 -1.636258378560171423e-01
5.480113937000000490e+00 -1.655408990111588707e-01
5.494255284999999489e+00 -1.626325522239069343e-01
5.508396632000000182e+00 -1.583782548355241460e-01
5.522537979000000874e+00 -1.564566465834236197e-01
5.536679325999999790e+00 -1.570638710557252793e-01
5.550820674000000565e+00 -1.581656490223570799e-01
5.564962020999999481e+00 -1.589468419569115554e-01
5.579103368000000174e+00 -1.596110142934410447e-01
5.593244715000000866e+00 -1.616189727818859723e-01
5.607386062999999865e+00 -1.654130171066734434e-01
5.621527410000000557e+00 -1.696968190225787154e-01
5.635668756999999474e+00 -1.705628931657683367e-01
5.649810105000000249e+00 -1.637234142547931981e-01
5.663951451999999165e+00 -1.479664533286086936e-01
5.678092798999999857e+00 -1.254504230108697271e-01
5.692234146000000550e+00 -1.025587215477061775e-01
5.706375493999999549e+00 -8.467633968552501500e-02
5.720516841000000241e+00 -7.227074564493829456e-02
5.734658187999999157e+00 -6.100058753889747720e-02
5.748799534999999850e+00 -4.645619740553197374e-02
5.762940883000000625e+00 -2.908328505301494005e-02
5.777082229999999541e+00 -1.341060493572499013e-02
5.791223577000000233e+00 -3.672555193616311442e-03
5.805364924999999232e+00 1.222581761339824880e-03
5.819506271999999925e+00 6.694083167564812697e-03
5.833647619000000617e+00 1.494834645764964165e-02
5.847788965999999533e+00 2.247346457292476174e-02
5.861930314000000308e+00 2.345323521630682251e-02
5.876071660999999224e+00 1.512666797473372071e-02
5.890213007999999917e+00 2.610275461245592510e-04
5.904354355000000609e+00 -1.596449593861315464e-02
5.918495702999999608e+00 -2.994676723758704640e-02
5.932637050000000301e+00 -4.258494857856476301e-02
5.946778396999999217e+00 -5.469154078685889431e-02
5.960919743999999909e+00 -6.525260699559076727e-02
5.975061092000000684e+00 -7.237109778144290573e-02
5.989202438999999600e+00 -7.379500884514644810e-02
6.003343786000000293e+00 -6.938690118318557865e-02
6.017485133999999292e+00 -6.056766731724128050e-02
6.031626480999999984e+00 -4.897162672772736869e-02
6.045767828000000677e+00 -3.476260837242151069e-02
6.059909174999999593e+00 -1.802739327839120165e-02
6.074050523000000368e+00 9.603893904275295768e-04
6.088191869999999284e+00 2.132310639056367307e-02
6.102333216999999976e+00 4.036744507753819988e-02
6.116474564000000669e+00 5.450320953431653237e-02
6.130615911999999668e+00 6.214048543513417400e-02
6.144757259000000360e+00 6.404707236653361946e-02
6.158898605999999276e+00 6.211795445977053021e-02
6.173039954000000051e+00 5.760772480806597429e-02
6.187181301000000744e+00 5.052061906453797491e-02
6.201322647999999660e+00 4.037402163474812511e-02
6.215463995000000352e+00 2.856440437278529032e-02
6.229605342999999351e+00 1.908181438617084780e-02
6.243746690000000044e+00 1.418455615731595287e-02
6.257888037000000736e+00 1.395014718973985879e-02
6.272029383999999652e+00 1.721989381394806173e-02
6.286170732000000427e+00 2.240190814764009275e-02
6.300312078999999343e+00 2.839097509562904520e-02
6.314453426000000036e+00 3.458957894772662911e-02
6.328594774000000811e+00 3.929784005554992632e-02
6.342736120999999727e+00 4.010583149420465787e-02
6.356877468000000420e+00 3.736861428854165723e-02
6.371018814999999336e+00 3.309091336507030690e-02
6.385160163000000111e+00 2.738399568090876812e-02
6.399301510000000803e+00 1.780124766744251019e-02
6.413442856999999719e+00 1.459327166823065625e-03
6.427584204000000412e+00 -2.131770463311255526e-02
6.441725551999999411e+00 -4.584062271448807735e-02
6.455866899000000103e+00 -6.491340355199959333e-02
6.470008246000000796e+00 -7.417636124095583483e-02
6.484149592999999712e+00 -7.544402701396180078e-02
6.498290941000000487e+00 -7.353519857156420869e-02
6.512432287999999403e+00 -7.118464630619758537e-02
6.526573635000000095e+00 -6.721711154598963844e-02
6.540714983000000871e+00 -5.895157406954520951e-02
6.554856329999999787e+00 -4.605482576783970217e-02
6.568997677000000479e+00 -3.317530799670365127e-02
6.583139023999999395e+00 -2.635406659558370279e-02
6.597280372000000170e+00 -2.789354359537465911e-02
6.611421719000000863e+00 -3.432513525913183372e-02
6.625563065999999779e+00 -4.027594885530483282e-02
6.639704413000000471e+00 -4.132025169054998059e-02
6.653845760999999470e+00 -3.819149221493134405e-02
6.667987108000000163e+00 -3.489694688966071823e-02
6.682128455000000855e+00 -3.418935359429742249e-02
6.696269802999999854e+00 -3.583781365627380922e-02
6.710411150000000546e+00 -3.673219873931099499e-02
6.724552496999999462e+00 -3.447052932356609034e-02
6.738693844000000155e+00 -2.876858504906820713e-02
6.752835191999999154e+00 -2.272458174475389114e-02
6.766976538999999846e+00 -1.862235172760318136e-02
6.781117886000000539e+00 -1.609237815655095716e-02
6.795259232999999455e+00 -1.256166164593608414e-02
6.809400581000000230e+00 -5.912403306549407489e-03
6.823541927999999146e+00 3.152350162157091518e-03
6.837683274999999838e+00 1.165262322411830809e-02
6.851824623000000614e+00 1.651740947847191165e-02
6.865965969999999530e+00 1.834210380272072172e-02
6.880107317000000222e+00 2.052388790615555791e-02
6.894248663999999138e+00 2.656761240375349331e-02
6.908390011999999913e+00 3.625326801428307988e-02
6.922531359000000606e+00 4.579986284146997377e-02
6.936672705999999522e+00 5.044743850392130469e-02
6.950814053000000214e+00 4.870783287651914151e-02
6.964955400999999213e+00 4.347399253290262777e-02
6.979096747999999906e+00 3.777114475132847815e-02
6.993238095000000598e+00 3.195358684537819016e-02
7.007379442999999597e+00 2.368340623385645216e-02
7.021520790000000289e+00 1.132489242199419266e-02
7.035662136999999205e+00 -2.444374701906504299e-03
7.049803483999999898e+00 -1.095199134292634824e-02
7.063944832000000673e+00 -9.990975858195305648e-03
7.078086178999999589e+00 -2.777002444709353313e-05
7.092227526000000282e+00 1.334403193058442127e-02
7.106368872999999198e+00 2.300620284375920477e-02
7.120510220999999973e+00 2.438760600402378742e-02
7.134651568000000665e+00 1.671951273298688534e-02
7.148792914999999581e+00 1.711058030934964336e-03
7.162934262000000274e+00 -1.902755361725283478e-02
7.177075609999999273e+00 -4.334811418716988385e-02
7.191216956999999965e+00 -6.894284688149987517e-02
7.205358304000000658e+00 -9.277810631807170694e-02
7.219499651999999656e+00 -1.114060324904775356e-01
7.233640999000000349e+00 -1.212761466909810792e-01
7.247782345999999265e+00 -1.193739256315264896e-01
7.261923692999999957e+00 -1.061749234066668990e-01
7.276065041000000733e+00 -8.570892803438034946e-02
7.290206387999999649e+00 -6.431966207890482679e-02
7.304347735000000341e+00 -4.777676877895764562e-02
7.318489081999999257e+00 -3.791832011276419223e-02
7.332630430000000032e+00 -3.235195467894325105e-02
7.346771777000000725e+00 -2.839154649416109066e-02
7.360913123999999641e+00 -2.608665227981710188e-02
7.375054472000000416e+00 -2.839551026014852653e-02
7.389195818999999332e+00 -3.778433963414418173e-02
7.403337166000000025e+00 -5.273962937277509866e-02
7.417478513000000717e+00 -6.954956389343625034e-02
7.431619860999999716e+00 -8.388063363180364718e-02
7.445761208000000408e+00 -9.407620969724295179e-02
7.459902554999999325e+00 -1.007320562913776030e-01
7.474043902000000017e+00 -1.049903394182738481e-01
7.488185250000000792e+00 -1.082067171849852016e-01
7.502326596999999708e+00 -1.122522492431938801e-01
7.516467944000000401e+00 -1.187916842389897809e-01
7.530609291999999400e+00 -1.276721536097795706e-01
7.544750639000000092e+00 -1.376743817019709937e-01
7.558891986000000784e+00 -1.481057131154184248e-01
7.573033332999999701e+00 -1.597611377344874128e-01
7.587174681000000476e+00 -1.747043483955090792e-01
7.601316027999999392e+00 -1.917426944134597022e-01
7.615457375000000084e+00 -2.060022760973225786e-01
7.629598722000000777e+00 -2.114955008796277625e-01
7.643740069999999776e+00 -2.071020294451368926e-01
7.657881417000000468e+00 -1.979246431502872383e-01
7.672022763999999384e+00 -1.903950424095288696e-01
7.686164111000000077e+00 -1.873743378248580171e-01
7.700305459000000852e+00 -1.874001538738694350e-01
7.714446805999999768e+00 -1.868561068982215190e-01
7.728588153000000460e+00 -1.836869786848351893e-01
7.742729500999999459e+00 -1.795234605837991992e-01
7.756870848000000152e+00 -1.754204424978311749e-01
7.771012195000000844e+00 -1.710203902251663521e-01
7.785153541999999760e+00 -1.657884038800858661e-01
7.799294890000000535e+00 -1.594617055588090082e-01
7.813436236999999451e+00 -1.524740638343082821e-01
7.827577584000000144e+00 -1.466142177878415609e-01
7.841718931000000836e+00 -1.460289289449248074e-01
7.855860278999999835e+00 -1.536544154475496526e-01
7.870001626000000527e+00 -1.704914305254074947e-01
7.884142972999999444e+00 -1.923616455949099802e-01
7.898284321000000219e+00 -2.118317322792062640e-01
7.912425667999999135e+00 -2.237705310756146204e-01
7.926567014999999827e+00 -2.292570551490422659e-01
7.940708362000000520e+00 -2.344990503670834059e-01
7.954849709999999519e+00 -2.425852224809297297e-01
7.968991057000000211e+00 -2.524581309753157754e-01
7.983132403999999127e+00 -2.609041519710331158e-01
7.997273750999999820e+00 -2.686110699996087092e-01
8.011415099000000595e+00 -2.808426537887065422e-01
8.025556445999999511e+00 -3.014764069903410615e-01
8.039697793000000203e+00 -3.267434461202487483e-01
8.053839140999999202e+00 -3.471441708026219430e-01
8.067980487999999895e+00 -3.563901437284222595e-01
8.082121835000000587e+00 -3.553668949315849090e-01
8.096263181999999503e+00 -3.498954706967287720e-01
8.110404530000000278e+00 -3.435301212228560885e-01
8.124545876999999194e+00 -3.348944025380813372e-01
8.138687223999999887e+00 -3.210969710150788359e-01
8.152828571000000579e+00 -3.044263061134904191e-01
8.166969918999999578e+00 -2.913425805204479246e-01
8.181111266000000271e+00 -2.867094781357852895e-01
8.195252612999999187e+00 -2.888644336259300616e-01
8.209393960999999962e+00 -2.898586423449884819e-01
8.223535308000000654e+00 -2.839134352935941408e-01
8.237676654999999570e+00 -2.725992143618114483e-01
8.251818002000000263e+00 -2.640851375287631697e-01
8.265959349999999262e+00 -2.635033029768827362e-01
8.280100696999999954e+00 -2.685137860069115590e-01
8.294242044000000647e+00 -2.707032611340141059e-01
8.308383390999999563e+00 -2.640473322495378028e-01
8.322524739000000338e+00 -2.520281971368509844e-01
8.336666085999999254e+00 -2.436910363424011905e-01
8.350807432999999946e+00 -2.444974725299058349e-01
8.364948780000000639e+00 -2.502646014485483406e-01
8.379090127999999638e+00 -2.516176894932176111e-01
8.393231475000000330e+00 -2.425557670109164121e-01
8.407372821999999246e+00 -2.266659557599934871e-01
8.421514170000000021e+00 -2.138717170556274638e-01
8.435655517000000714e+00 -2.106544130197134379e-01
8.449796863999999630e+00 -2.149461077901220207e-01
8.463938211000000322e+00 -2.194725051417858452e-01
8.478079558999999321e+00 -2.180401766318134094e-01
8.492220906000000014e+00 -2.119748972245254492e-01
8.506362253000000706e+00 -2.083148017424267806e-01
8.520503599999999622e+00 -2.142520282537629939e-01
8.534644948000000397e+00 -2.305080535362415972e-01
8.548786294999999313e+00 -2.517233689630877791e-01
8.562927642000000006e+00 -2.709103126412113483e-01
8.577068990000000781e+00 -2.841291435234269969e-01
8.591210336999999697e+00 -2.942049579814298710e-01
8.605351684000000390e+00 -3.050435716592279078e-01
8.619493030999999306e+00 -3.178647819344355696e-01
8.633634379000000081e+00 -3.283170757398226058e-01
8.647775726000000773e+00 -3.318297022853604616e-01
8.661917072999999689e+00 -3.274646851543856485e-01
8.676058420000000382e+00 -3.198229405298569361e-01
8.690199767999999381e+00 -3.147685370131680926e-01
8.704341115000000073e+00 -3.150173903801913866e-01
8.718482462000000766e+00 -3.189065815273828264e-01
8.732623809999999764e+00 -3.237074336475416203e-01
8.746765157000000457e+00 -3.281705879968095374e-01
8.760906503999999373e+00 -3.313104801020028134e-01
8.775047851000000065e+00 -3.334106901265814216e-01
8.789189199000000841e+00 -3.340330216589633139e-01
8.803330545999999757e+00 -3.335363526606354156e-01
8.817471893000000449e+00 -3.335015319171708015e-01
8.831613239999999365e+00 -3.367201029096360543e-01
8.845754588000000140e+00 -3.435857325046125510e-01
8.859895935000000833e+00 -3.515025628060861607e-01
8.874037281999999749e+00 -3.579422857158727211e-01
8.888178630000000524e+00 -3.611390584955271876e-01
8.902319976999999440e+00 -3.622443792112539640e-01
8.916461324000000133e+00 -3.628770314886695658e-01
8.930602671000000825e+00 -3.639524142350465397e-01
8.944744018999999824e+00 -3.659470072008739194e-01
8.958885366000000516e+00 -3.711025407991765945e-01
8.973026712999999432e+00 -3.830510620726714777e-01
8.987168060000000125e+00 -4.029593351780764721e-01
9.001309407999999124e+00 -4.274468346116693240e-01
9.015450754999999816e+00 -4.514267744029316631e-01
9.029592102000000509e+00 -4.717150260171960596e-01
9.043733448999999425e+00 -4.888824954528576683e-01
9.057874797000000200e+00 -5.041116106413925380e-01
9.072016143999999116e+00 -5.151500057173450386e-01
9.086157490999999808e+00 -5.182169178387345809e-01
9.100298839000000584e+00 -5.136477962960777077e-01
9.114440185999999500e+00 -5.096705929579332661e-01
9.128581533000000192e+00 -5.148283962179762696e-01
9.142722880000000885e+00 -5.310246134610618896e-01
9.156864227999999883e+00 -5.503833587203024180e-01
9.171005575000000576e+00 -5.623988405612294628e-01
9.185146921999999492e+00 -5.626918257908988252e-01
9.199288269000000184e+00 -5.557339380067070067e-01
9.213429616999999183e+00 -5.491697067708471991e-01
9.227570963999999876e+00 -5.456679007503577594e-01
9.241712311000000568e+00 -5.423918877646958236e-01
9.255853658999999567e+00 -5.354926847003138590e-01
9.269995006000000259e+00 -5.254751271502016152e-01
9.284136352999999175e+00 -5.174251925536186292e-01
9.298277699999999868e+00 -5.160731402441589566e-01
9.312419048000000643e+00 -5.198381355575447671e-01
9.326560394999999559e+00 -5.221606885224536754e-01
9.340701742000000252e+00 -5.159869414406212940e-01
9.354843088999999168e+00 -5.001990151775794757e-01
9.368984436999999943e+00 -4.812310368857231069e-01
9.383125784000000635e+00 -4.672533029822005801e-01
9.397267130999999551e+00 -4.623706117784562863e-01
9.411408479000000327e+00 -4.639332967810183561e-01
9.425549825999999243e+00 -4.686987898798760099e-01
9.439691172999999935e+00 -4.762968840034726981e-01
9.453832520000000628e+00 -4.896815963938907501e-01
9.467973867999999626e+00 -5.086484443266741096e-01
9.482115215000000319e+00 -5.274324452534928653e-01
9.496256561999999235e+00 -5.387344547048371624e-01
9.510397908999999927e+00 -5.393831222581670914e-01
9.524539257000000703e+00 -5.336391400860867051e-01
9.538680603999999619e+00 -5.269655595693336636e-01
9.552821951000000311e+00 -5.209459541994849729e-01
9.566963297999999227e+00 -5.125332671600100198e-01
9.581104646000000002e+00 -5.013215369528598586e-01
9.595245993000000695e+00 -4.922093756977741208e-01
9.609387339999999611e+00 -4.923398496668189850e-01
9.623528688000000386e+00 -5.037411048420601389e-01
9.637670034999999302e+00 -5.209127236529207394e-01
9.651811381999999995e+00 -5.362198863396985260e-01
9.665952729000000687e+00 -5.457120374563020349e-01
9.680094076999999686e+00 -5.513456912663325937e-01
9.694235424000000378e+00 -5.558896675312032798e-01
9.708376770999999295e+00 -5.579897581225274905e-01
9.722518117999999987e+00 -5.528872971838110217e-01
9.736659466000000762e+00 -5.380596280475824500e-01
9.750800812999999678e+00 -5.169022865338677164e-01
9.764942160000000371e+00 -4.964730097117895369e-01
9.779083507999999370e+00 -4.818652369402842695e-01
9.793224855000000062e+00 -4.735480096703863495e-01
9.807366202000000754e+00 -4.686151705498575737e-01
9.821507548999999671e+00 -4.651299184755650629e-01
9.835648897000000446e+00 -4.640461844725978224e-01
9.849790243999999362e+00 -4.683789297406661944e-01
9.863931591000000054e+00 -4.803980893632697757e-01
9.878072938000000747e+00 -4.992520268242293113e-01
9.892214285999999746e+00 -5.219932517314678222e-01
9.906355633000000438e+00 -5.443806644050059873e-01
9.920496979999999354e+00 -5.638359456075292542e-01
9.934638328000000129e+00 -5.802945687133194141e-01
9.948779675000000822e+00 -5.946590716077198024e-01
9.962921021999999738e+00 -6.068115615974187804e-01
9.977062369000000430e+00 -6.148192236898495366e-01
9.991203716999999429e+00 -6.154804011489138915e-01
1.000534506400000012e+01 -6.080884122512619783e-01
1.001948641100000081e+01 -5.958699151245117065e-01
1.003362775799999973e+01 -5.830483700056987573e-01
1.004776910600000051e+01 -5.717562485781781945e-01
1.006191045299999942e+01 -5.615974408168824539e-01
1.007605180000000011e+01 -5.511867035910587020e-01
1.009019314799999911e+01 -5.394439718646575344e-01
1.010433449499999981e+01 -5.269245433381417598e-01
1.011847584200000050e+01 -5.130347046482999218e-01
1.013261718899999941e+01 -4.969865504552881674e-01
1.014675853700000019e+01 -4.798175686749877045e-01
1.016089988400000088e+01 -4.640004654612788215e-01
1.017504123099999980e+01 -4.514157529475095743e-01
1.018918257800000049e+01 -4.413814368275144062e-01
1.020332392599999949e+01 -4.310801344199415297e-01
1.021746527300000018e+01 -4.197951037006051322e-01
1.023160662000000087e+01 -4.112095613665314175e-01
1.024574796699999979e+01 -4.095615126750411505e-01
1.025988931500000056e+01 -4.144679751357651654e-01
1.027403066199999948e+01 -4.211941034193618094e-01
1.028817200900000017e+01 -4.246512987683050966e-01
1.030231335699999917e+01 -4.243204926155614842e-01
1.031645470399999986e+01 -4.249348865495141681e-01
1.033059605100000056e+01 -4.306787522224100329e-01
1.034473739799999947e+01 -4.395019562454320905e-01
1.035887874600000025e+01 -4.451923454200086283e-01
1.037302009299999916e+01 -4.423749770429283856e-01
1.038716143999999986e+01 -4.313617268091158863e-01
1.040130278700000055e+01 -4.162537115539333143e-01
1.041544413499999955e+01 -3.998384908486096734e-01
1.042958548200000024e+01 -3.828119949727248894e-01
1.044372682899999916e+01 -3.645541941648478002e-01
1.045786817699999993e+01 -3.478730819178741385e-01
1.047200952400000062e+01 -3.371124802669083209e-01
1.048615087099999954e+01 -3.353810258260017108e-01
1.050029221800000023e+01 -3.409710227488638168e-01
1.051443356599999923e+01 -3.494093724755522601e-01
1.052857491299999992e+01 -3.567663053281018293e-01
1.054271626000000062e+01 -3.615111621229871730e-01
1.055685760699999953e+01 -3.645528565908300322e-01
1.057099895500000031e+01 -3.650290313268671483e-01
1.058514030199999922e+01 -3.612576296336609261e-01
1.059928164899999992e+01 -3.529995926760740588e-01
1.061342299700000069e+01 -3.421980740661982878e-01
1.062756434399999961e+01 -3.331640954741761362e-01
1.064170569100000030e+01 -3.296869410513112442e-01
1.065584703799999922e+01 -3.316649421660828878e-01
1.066998838599999999e+01 -3.355997727952546583e-01
1.068412973300000068e+01 -3.373943785390443040e-01
1.069827107999999960e+01 -3.354655253303713280e-01
1.071241242700000029e+01 -3.312962437900468515e-01
1.072655377499999929e+01 -3.270126235814432292e-01
1.074069512199999998e+01 -3.235610266363906362e-01
1.075483646900000068e+01 -3.207196192515215927e-01
1.076897781599999959e+01 -3.179595591853923153e-01
1.078311916400000037e+01 -3.141445849962973824e-01
1.079726051099999928e+01 -3.098363694969030746e-01
1.081140185799999998e+01 -3.057159572332874831e-01
1.082554320600000075e+01 -3.022518463269410205e-01
1.083968455299999967e+01 -3.006460105377017911e-01
1.085382590000000036e+01 -3.005152557826678006e-01
1.086796724699999928e+01 -3.006698377769003727e-01
1.088210859500000005e+01 -3.004476112945306809e-01
1.089624994200000074e+01 -3.016670325712640377e-01
1.091039128899999966e+01 -3.070735043039700685e-01
1.092453263600000035e+01 -3.187951241994095852e-01
1.093867398399999935e+01 -3.348855964089976212e-01
1.095281533100000004e+01 -3.495122290149987876e-01
1.096695667800000074e+01 -3.555358802203034685e-01
1.098109802599999973e+01 -3.455905808348820329e-01
1.099523937300000043e+01 -3.117480224681123957e-01
1.100938071999999934e+01 -2.442639353373081690e-01
1.102352206700000004e+01 -1.314137336514216159e-01
1.103766341500000081e+01 3.869458061243236102e-02
1.105180476199999973e+01 2.740235133708042170e-01
1.106594610900000042e+01 5.790914635956063705e-01
1.108008745599999934e+01 9.554529157331268507e-01
1.109422880400000011e+01 1.404186631656196838e+00
1.110837015100000080e+01 1.926872220436737670e+00
1.112251149799999972e+01 2.523896458283982902e+00
1.113665284600000049e+01 3.194084370413552421e+00
1.115079419299999941e+01 3.935492935274136350e+00
1.116493554000000010e+01 4.747602990449324878e+00
1.117907688700000080e+01 5.632635590337386589e+00
1.119321823499999979e+01 6.594977862698022442e+00
1.120735958200000049e+01 7.638437557701101888e+00
1.122150092899999940e+01 8.764155851636754591e+00
1.123564227600000009e+01 9.971279620463409543e+00
1.124978362400000087e+01 1.125897511111464055e+01
1.126392497099999979e+01 1.262901946691753352e+01
1.127806631800000048e+01 1.408413390140086641e+01
1.129220766599999948e+01 1.562478649468099512e+01
1.130634901300000017e+01 1.724719479768818786e+01
1.132049036000000086e+01 1.894276530629494104e+01
1.133463170699999978e+01 2.070253772173666817e+01
1.134877305500000055e+01 2.252344084490107790e+01
1.136291440199999947e+01 2.441036882586059775e+01
1.137705574900000016e+01 2.637518374113086139e+01
1.139119709600000085e+01 2.843430488641228493e+01
1.140533844399999985e+01 3.060133772836444166e+01
1.141947979100000055e+01 3.287966146686400748e+01
1.143362113799999946e+01 3.525516901355356936e+01
1.144776248500000015e+01 3.769050599829289183e+01
1.146190383299999915e+01 4.012562502288486144e+01
1.147604517999999985e+01 4.248385748794641614e+01
1.149018652700000054e+01 4.468330395413467215e+01
1.150432787499999954e+01 4.664817541321117744e+01
1.151846922200000023e+01 4.832037745420326047e+01
1.153261056899999915e+01 4.966770644511382926e+01
1.154675191599999984e+01 5.068869755414726086e+01
1.156089326400000061e+01 5.141174456367703982e+01
1.157503461099999953e+01 5.188724299203603607e+01
1.158917595800000022e+01 5.217639531964591981e+01
1.160331730499999914e+01 4.577745285235553752e+01
1.161745865299999991e+01 3.929951412704195945e+01
1.163160000000000061e+01 3.277741593682321053e+01
