# r_minus_2Rs_A, PMF_over_kBT
-9.749999999999999778e-01 nan
-9.250000000000000444e-01 nan
-8.750000000000000000e-01 nan
-8.249999999999999556e-01 nan
-7.750000000000000222e-01 nan
-7.249999999999999778e-01 nan
-6.749999999999999334e-01 nan
-6.250000000000000000e-01 nan
-5.749999999999999556e-01 nan
-5.250000000000000222e-01 nan
-4.749999999999999778e-01 nan
-4.249999999999999334e-01 nan
-3.750000000000000000e-01 nan
-3.249999999999999556e-01 nan
-2.749999999999999112e-01 nan
-2.249999999999999778e-01 nan
-1.749999999999999334e-01 3.247006892963459457e+00
-1.250000000000000000e-01 1.937229945034093292e+00
-7.499999999999995559e-02 8.759213739866327231e-01
-2.499999999999991118e-02 5.523622145862345789e-01
2.499999999999991118e-02 4.822429559341117056e-01
7.500000000000017764e-02 5.920577177225707644e-01
1.250000000000000000e-01 6.740197326456418558e-01
1.750000000000002665e-01 6.476907018955917472e-01
2.250000000000000888e-01 6.807051180234764409e-01
2.749999999999999112e-01 7.875026970121936642e-01
3.250000000000001776e-01 7.553835362712035817e-01
3.750000000000000000e-01 6.546107550226580862e-01
4.250000000000002665e-01 5.353251158697434064e-01
4.750000000000000888e-01 3.723352272318063427e-01
5.249999999999999112e-01 3.400617300903836515e-01
5.750000000000001776e-01 2.744709940149645533e-01
6.250000000000000000e-01 1.396909767468046404e-01
6.750000000000002665e-01 5.391863493551518616e-02
7.250000000000000888e-01 -3.354466088245988686e-02
7.749999999999999112e-01 -7.660653957571783579e-02
8.250000000000001776e-01 -1.093814497204386171e-01
8.750000000000000000e-01 -1.674233900774768635e-01
9.250000000000002665e-01 -1.340832414846393483e-01
9.750000000000000888e-01 -8.297460352086538649e-02
1.025000000000000355e+00 -2.785727270716575887e-02
1.075000000000000178e+00 -8.402727164193990461e-04
1.125000000000000000e+00 1.951621731381969482e-04
1.174999999999999822e+00 6.039754430000332519e-02
1.225000000000000089e+00 1.113148812651933994e-01
1.275000000000000355e+00 1.334962148768643608e-01
1.325000000000000178e+00 1.212361598648050709e-01
1.375000000000000000e+00 1.114921430727737750e-01
1.425000000000000266e+00 1.610426854649866790e-01
1.475000000000000089e+00 1.151933326040222028e-01
1.525000000000000355e+00 2.160180672285916259e-02
1.575000000000000178e+00 8.769834314344748805e-03
1.625000000000000000e+00 2.738096921334687295e-02
1.675000000000000266e+00 3.148853287030739523e-02
1.725000000000000089e+00 1.317521937828125544e-02
1.775000000000000355e+00 -8.735015607844065499e-03
1.825000000000000178e+00 -1.878128455322292112e-02
1.875000000000000000e+00 -1.474945244095682284e-02
1.925000000000000266e+00 -1.550777009731696410e-02
1.975000000000000089e+00 1.253611164347745444e-03
2.025000000000000355e+00 2.863234320113772213e-02
2.075000000000000178e+00 2.098140007604243351e-02
2.125000000000000000e+00 2.343469553722021814e-02
2.175000000000000266e+00 5.656583706344564533e-02
2.225000000000000089e+00 8.110856299560431637e-02
2.275000000000000355e+00 7.404252174618175530e-02
2.325000000000000178e+00 4.632709354720754291e-02
2.375000000000000000e+00 6.535380829851034079e-02
2.425000000000000266e+00 6.003346184348856696e-02
2.475000000000000089e+00 1.863887576984835093e-02
2.525000000000000355e+00 1.029511837320784551e-02
2.575000000000000178e+00 1.832552185900704345e-02
2.625000000000000000e+00 2.121438417871202020e-02
2.675000000000000266e+00 1.842259957626657396e-02
2.725000000000000089e+00 4.913198699783016821e-04
2.775000000000000355e+00 1.073585094823092945e-02
2.825000000000000178e+00 7.792147072523736284e-03
2.875000000000000000e+00 -1.094777640503252769e-03
2.925000000000000266e+00 2.085172510416022362e-02
2.975000000000000089e+00 3.439102549647277129e-02
3.025000000000000355e+00 2.720487821195538558e-02
3.075000000000000178e+00 2.361556908519801823e-02
3.125000000000000000e+00 3.856000316466090538e-02
3.175000000000000711e+00 2.897607696740633898e-02
3.224999999999999645e+00 2.124034672797892043e-02
3.275000000000000355e+00 8.362036969496333683e-03
3.325000000000000178e+00 3.445904584402814663e-02
3.375000000000000000e+00 5.372316185222203444e-02
3.425000000000000711e+00 2.208931022847337999e-02
3.474999999999999645e+00 1.958059180510351993e-02
3.525000000000000355e+00 4.633229469116706412e-03
3.575000000000000178e+00 1.607809157368134123e-03
3.625000000000000000e+00 1.794146726354650667e-02
3.675000000000000711e+00 1.250266989930537420e-02
3.724999999999999645e+00 2.017560666940410030e-02
3.775000000000000355e+00 1.817750697363162971e-02
3.825000000000001066e+00 7.404909845494689336e-03
3.875000000000000000e+00 7.349042604332556294e-03
3.925000000000000711e+00 -6.296917704409210614e-04
3.974999999999999645e+00 2.192137357309498213e-03
4.025000000000000355e+00 -2.694001011554814085e-03
4.075000000000001066e+00 7.369334885809486480e-04
4.125000000000000000e+00 2.925389813750722823e-02
4.175000000000000711e+00 3.282177099251715191e-02
4.224999999999999645e+00 1.578885732383250584e-02
4.275000000000000355e+00 3.717498297612920055e-03
4.325000000000001066e+00 -4.568822559865459709e-03
4.375000000000000000e+00 -7.033498103536928170e-05
4.425000000000000711e+00 -5.478295322358661679e-05
4.474999999999999645e+00 -1.289070455431584605e-03
4.525000000000000355e+00 5.812391477704181852e-04
4.575000000000001066e+00 -8.365062617580854010e-03
4.625000000000000000e+00 -1.016460901598525979e-02
4.675000000000000711e+00 -1.273392358402780644e-02
4.724999999999999645e+00 -1.420889577696593520e-02
4.775000000000000355e+00 -1.092056685646847214e-02
4.825000000000001066e+00 -2.457835756282555906e-03
4.875000000000000000e+00 5.163784169675889046e-03
4.925000000000000711e+00 -4.183145563178669590e-03
4.974999999999999645e+00 -9.061028453840602737e-03
5.025000000000000355e+00 -1.592109941451358424e-02
5.075000000000001066e+00 -3.177284371270738816e-02
5.125000000000000000e+00 -2.556793792087974637e-02
5.175000000000000711e+00 -9.147895216692347731e-03
5.224999999999999645e+00 -2.776588909093691271e-02
5.275000000000000355e+00 -3.180642061356353523e-02
5.325000000000001066e+00 -1.294099687445315894e-02
5.375000000000000000e+00 -1.989350761700459103e-02
5.425000000000000711e+00 -3.308777142650454195e-02
5.474999999999999645e+00 -2.542024549131927103e-02
5.525000000000000355e+00 -2.520140256580649663e-02
5.575000000000001066e+00 -2.661000476107533430e-02
5.625000000000000000e+00 -1.602468846247750989e-02
5.675000000000000711e+00 -1.783202352392754264e-02
5.724999999999999645e+00 -2.550456055552441370e-02
5.775000000000000355e+00 -1.650721438770474947e-02
5.825000000000001066e+00 -1.379380415278230743e-02
5.875000000000000000e+00 -1.477505031947901060e-02
5.925000000000000711e+00 -2.161278587413972829e-02
5.974999999999999645e+00 -2.079211798676849909e-02
6.025000000000000355e+00 5.295105816669387622e-02
6.075000000000001066e+00 4.603586415938338838e-01
6.125000000000000000e+00 1.218148555237543729e+00
6.175000000000000711e+00 1.782458014598413021e+00
6.224999999999999645e+00 1.940956444790016278e+00
6.275000000000000355e+00 1.978611465452526863e+00
6.325000000000001066e+00 2.023571031534552755e+00
6.375000000000000000e+00 2.006193910781671974e+00
6.425000000000000711e+00 1.969224993940422941e+00
6.474999999999999645e+00 1.988940237993619631e+00
6.525000000000000355e+00 2.009767241395991721e+00
6.575000000000001066e+00 2.011583645943439080e+00
6.625000000000000000e+00 1.998739934861259782e+00
6.675000000000000711e+00 1.964973667444750438e+00
6.724999999999999645e+00 1.961364108170430054e+00
6.775000000000000355e+00 2.000817201416166924e+00
6.825000000000001066e+00 2.004715962595084555e+00
6.875000000000000000e+00 2.000983658889286865e+00
6.925000000000000711e+00 2.024803273931331304e+00
6.974999999999999645e+00 2.009672364820249246e+00
7.025000000000000355e+00 1.982323421782065997e+00
7.074999999999999289e+00 1.979650522237942800e+00
7.125000000000000000e+00 2.016170106648998761e+00
7.175000000000000711e+00 2.029688081459982030e+00
7.225000000000001421e+00 2.015792218514184775e+00
7.275000000000000355e+00 2.043538194284256981e+00
7.324999999999999289e+00 2.066479776841938953e+00
7.375000000000000000e+00 2.042331566389413933e+00
7.425000000000000711e+00 2.016695610103898417e+00
7.475000000000001421e+00 1.996295890250463945e+00
7.525000000000000355e+00 1.989588479080893535e+00
7.574999999999999289e+00 1.984525495439856124e+00
7.625000000000000000e+00 1.983982919704840198e+00
7.675000000000000711e+00 1.988598739671739946e+00
7.725000000000001421e+00 1.992385030854841421e+00
7.775000000000000355e+00 2.010824923347643178e+00
7.824999999999999289e+00 1.985541283343716934e+00
7.875000000000000000e+00 1.964559639106535416e+00
7.925000000000000711e+00 1.984665534809878062e+00
7.975000000000001421e+00 1.994882937364619746e+00
8.025000000000000355e+00 2.001095699132875438e+00
8.074999999999999289e+00 1.999837828167406961e+00
8.125000000000000000e+00 2.020765049453371098e+00
8.175000000000000711e+00 2.033330204887082271e+00
8.225000000000001421e+00 2.013505287746083283e+00
8.275000000000000355e+00 2.001085467942533835e+00
8.324999999999999289e+00 1.987681296615425142e+00
8.375000000000000000e+00 1.990483069773558711e+00
8.425000000000000711e+00 2.005050222110559499e+00
8.475000000000001421e+00 2.005190355725452456e+00
8.525000000000000355e+00 1.993361511976160960e+00
8.575000000000001066e+00 2.006234163664570858e+00
8.625000000000000000e+00 2.009528992453994967e+00
8.675000000000000711e+00 1.988505290224328537e+00
8.725000000000001421e+00 1.997423640215832741e+00
8.775000000000000355e+00 1.995564607528330203e+00
8.825000000000001066e+00 2.004381225163260005e+00
8.875000000000000000e+00 2.001110506951446766e+00
8.925000000000000711e+00 1.991583364617577345e+00
8.975000000000001421e+00 2.013474797562715857e+00
9.025000000000000355e+00 2.084022763836312908e+00
9.075000000000001066e+00 2.666098418727313124e+00
9.125000000000000000e+00 4.057440311801989274e+00
9.175000000000000711e+00 6.281021735486595148e+00
9.225000000000001421e+00 nan
9.275000000000000355e+00 nan
9.325000000000001066e+00 nan
9.375000000000000000e+00 nan
9.425000000000000711e+00 nan
9.475000000000001421e+00 nan
9.525000000000000355e+00 nan
9.575000000000001066e+00 nan
9.625000000000000000e+00 nan
9.675000000000000711e+00 nan
9.725000000000001421e+00 nan
9.775000000000000355e+00 nan
9.825000000000001066e+00 nan
9.875000000000000000e+00 nan
9.925000000000000711e+00 nan
9.975000000000001421e+00 nan
1.002500000000000036e+01 nan
1.007500000000000107e+01 nan
1.012500000000000000e+01 nan
1.017500000000000071e+01 nan
1.022500000000000142e+01 nan
1.027500000000000036e+01 nan
1.032500000000000107e+01 nan
1.037500000000000000e+01 nan
1.042500000000000071e+01 nan
1.047500000000000142e+01 nan
1.052500000000000036e+01 nan
1.057500000000000107e+01 nan
1.062500000000000000e+01 nan
1.067500000000000071e+01 nan
1.072500000000000142e+01 nan
1.077500000000000036e+01 nan
1.082500000000000107e+01 nan
1.087500000000000000e+01 nan
1.092500000000000071e+01 nan
1.097500000000000142e+01 nan
1.102500000000000036e+01 nan
1.107500000000000107e+01 nan
1.112500000000000000e+01 nan
1.117500000000000071e+01 nan
1.122500000000000142e+01 nan
1.127500000000000036e+01 nan
1.132500000000000107e+01 nan
1.137500000000000000e+01 nan
1.142500000000000071e+01 nan
1.147500000000000142e+01 nan
1.152500000000000036e+01 nan
1.157500000000000107e+01 nan
1.162500000000000000e+01 nan
1.167500000000000071e+01 nan
1.172500000000000142e+01 nan
1.177500000000000036e+01 nan
1.182500000000000107e+01 nan
1.187500000000000000e+01 nan
1.192500000000000071e+01 nan
1.197500000000000142e+01 nan
1.202500000000000036e+01 nan
1.207500000000000107e+01 nan
1.212500000000000000e+01 nan
1.217500000000000071e+01 nan
1.222500000000000142e+01 nan
1.227500000000000036e+01 nan
1.232500000000000107e+01 nan
1.237500000000000000e+01 nan
1.242500000000000071e+01 nan
1.247500000000000142e+01 nan
1.252500000000000036e+01 nan
1.257500000000000107e+01 nan
1.262500000000000000e+01 nan
1.267500000000000071e+01 nan
1.272500000000000142e+01 nan
1.277500000000000036e+01 nan
1.282500000000000107e+01 nan
1.287500000000000000e+01 nan
1.292500000000000071e+01 nan
1.297500000000000142e+01 nan
1.302500000000000036e+01 nan
1.307500000000000107e+01 nan
1.312500000000000000e+01 nan
1.317500000000000071e+01 nan
1.322500000000000142e+01 nan
1.327500000000000036e+01 nan
1.332500000000000107e+01 nan
1.337500000000000000e+01 nan
1.342500000000000071e+01 nan
1.347500000000000142e+01 nan
1.352500000000000036e+01 nan
1.357500000000000107e+01 nan
1.362500000000000000e+01 nan
1.367500000000000071e+01 nan
1.372500000000000142e+01 nan
1.377500000000000036e+01 nan
1.382500000000000107e+01 nan
1.387500000000000000e+01 nan
1.392500000000000071e+01 nan
1.397500000000000142e+01 nan
1.402500000000000036e+01 nan
1.407500000000000107e+01 nan
1.412500000000000000e+01 nan
1.417500000000000071e+01 nan
1.422500000000000142e+01 nan
1.427500000000000036e+01 nan
1.432500000000000107e+01 nan
1.437500000000000000e+01 nan
1.442500000000000071e+01 nan
1.447500000000000142e+01 nan
1.452500000000000036e+01 nan
1.457500000000000107e+01 nan
1.462500000000000000e+01 nan
1.467500000000000071e+01 nan
1.472500000000000142e+01 nan
1.477500000000000036e+01 nan
1.482500000000000107e+01 nan
1.487500000000000000e+01 nan
1.492500000000000071e+01 nan
1.497500000000000142e+01 nan
1.502499999999999858e+01 nan
1.507500000000000284e+01 nan
1.512500000000000000e+01 nan
1.517500000000000071e+01 nan
1.522500000000000142e+01 nan
1.527499999999999858e+01 nan
1.532500000000000284e+01 nan
1.537500000000000000e+01 nan
1.542500000000000071e+01 nan
1.547500000000000142e+01 nan
1.552499999999999858e+01 nan
1.557500000000000284e+01 nan
1.562500000000000000e+01 nan
1.567500000000000071e+01 nan
1.572500000000000142e+01 nan
1.577499999999999858e+01 nan
1.582500000000000284e+01 nan
1.587500000000000000e+01 nan
1.592500000000000071e+01 nan
1.597500000000000142e+01 nan
1.602499999999999858e+01 nan
1.607500000000000284e+01 nan
1.612500000000000000e+01 nan
1.617500000000000071e+01 nan
1.622500000000000142e+01 nan
1.627499999999999858e+01 nan
1.632500000000000284e+01 nan
1.637500000000000000e+01 nan
1.642500000000000071e+01 nan
1.647500000000000142e+01 nan
1.652499999999999858e+01 nan
1.657500000000000284e+01 nan
1.662500000000000000e+01 nan
1.667500000000000071e+01 nan
1.672500000000000142e+01 nan
1.677499999999999858e+01 nan
1.682500000000000284e+01 nan
1.687500000000000000e+01 nan
1.692500000000000071e+01 nan
1.697500000000000142e+01 nan
1.702499999999999858e+01 nan
1.707500000000000284e+01 nan
1.712500000000000000e+01 nan
1.717500000000000071e+01 nan
1.722500000000000142e+01 nan
1.727499999999999858e+01 nan
1.732500000000000284e+01 nan
1.737500000000000000e+01 nan
1.742500000000000071e+01 nan
1.747500000000000142e+01 nan
1.752499999999999858e+01 nan
1.757500000000000284e+01 nan
1.762500000000000000e+01 nan
1.767500000000000071e+01 nan
1.772500000000000142e+01 nan
1.777499999999999858e+01 nan
1.782500000000000284e+01 nan
1.787500000000000000e+01 nan
1.792500000000000071e+01 nan
1.797500000000000142e+01 nan
1.802499999999999858e+01 nan
1.807500000000000284e+01 nan
1.812500000000000000e+01 nan
1.817500000000000426e+01 nan
1.822500000000000142e+01 nan
1.827499999999999858e+01 nan
1.832500000000000284e+01 nan
1.837500000000000000e+01 nan
1.842500000000000426e+01 nan
1.847500000000000142e+01 nan
1.852499999999999858e+01 nan
1.857500000000000284e+01 nan
1.862500000000000000e+01 nan
1.867500000000000426e+01 nan
1.872500000000000142e+01 nan
1.877499999999999858e+01 nan
1.882500000000000284e+01 nan
1.887500000000000000e+01 nan
1.892500000000000426e+01 nan
1.897500000000000142e+01 nan
