# r_minus_2Rs_A, PMF_over_kBT
-5.322599999999999554e-01 2.232408589321401138e+01
-5.181342330000000551e-01 2.786891987833208262e+01
-5.040084650000000721e-01 3.334665901243222663e+01
-4.898826980000001718e-01 3.868694041636068448e+01
-4.757569300000001888e-01 4.377945816873641860e+01
-4.616311629999998445e-01 4.289197413902017786e+01
-4.475053949999998615e-01 4.144135665093748599e+01
-4.333796279999999612e-01 3.928103960792116567e+01
-4.192538599999999782e-01 3.632796860752530677e+01
-4.051280930000000780e-01 3.259340697920559649e+01
-3.910023260000001777e-01 2.819012300573350416e+01
-3.768765580000001947e-01 2.331342470413508750e+01
-3.627507909999998503e-01 1.820814089951837289e+01
-3.486250229999998673e-01 1.313255749730508981e+01
-3.344992559999999671e-01 8.324682910761598720e+00
-3.203734879999999841e-01 3.972483002012263675e+00
-3.062477210000000838e-01 1.896305711559076457e-01
-2.921219530000001008e-01 -2.993914028003190175e+00
-2.779961860000002005e-01 -5.622926845488256831e+00
-2.638704189999998562e-01 -7.787044959891698426e+00
-2.497446509999998732e-01 -9.585226726134131070e+00
-2.356188839999999729e-01 -1.109755974376002285e+01
-2.214931159999999899e-01 -1.237528202437150426e+01
-2.073673490000000896e-01 -1.344548125499465563e+01
-1.932415810000001066e-01 -1.432341487615072673e+01
-1.791158140000002064e-01 -1.502403835459576342e+01
-1.649900469999998620e-01 -1.556663498137451285e+01
-1.508642789999998790e-01 -1.597598812344113739e+01
-1.367385119999999787e-01 -1.627894204342506157e+01
-1.226127439999999957e-01 -1.650043692399099626e+01
-1.084869770000000955e-01 -1.665771854680333419e+01
-9.436120900000011247e-02 -1.676041094391514008e+01
-8.023544200000021220e-02 -1.681251320190005671e+01
-6.610967399999978511e-02 -1.681895422114398642e+01
-5.198390699999988485e-02 -1.678783792110269601e+01
-3.785813999999998458e-02 -1.672833250976226793e+01
-2.373237200000000158e-02 -1.664697754298988031e+01
-9.606605000000101313e-03 -1.654645316754736228e+01
4.519163000000325781e-03 -1.643011219172964843e+01
1.864492999999978196e-02 -1.630346630418935661e+01
3.277069800000020905e-02 -1.617413567499347238e+01
4.689646499999966522e-02 -1.604565251041103835e+01
6.102223300000009232e-02 -1.591609306915105471e+01
7.514800000000043667e-02 -1.578198668567478791e+01
8.927376699999989285e-02 -1.564299078870887527e+01
1.033995350000003199e-01 -1.550260341913275752e+01
1.175253019999997761e-01 -1.536439085075411626e+01
1.316510700000002032e-01 -1.522765095383890710e+01
1.457768369999996594e-01 -1.508853487379420244e+01
1.599026050000000865e-01 -1.494432227286036508e+01
1.740283720000004308e-01 -1.479615166765020717e+01
1.881541399999999697e-01 -1.464752940813828808e+01
2.022799070000003141e-01 -1.450160870193138152e+01
2.164056739999997703e-01 -1.435974202457434146e+01
2.305314420000001974e-01 -1.422052908436160656e+01
2.446572089999996535e-01 -1.408214671264700613e+01
2.587829770000000806e-01 -1.394275222752371945e+01
2.729087440000004250e-01 -1.380198071913793711e+01
2.870345119999999639e-01 -1.366237194540381594e+01
3.011602790000003083e-01 -1.352771091987372643e+01
3.152860469999998472e-01 -1.340011687718770617e+01
3.294118140000001915e-01 -1.327720531814091487e+01
3.435375809999996477e-01 -1.315433895968405231e+01
3.576633490000000748e-01 -1.302748569440113258e+01
3.717891160000004191e-01 -1.289579386631997693e+01
3.859148839999999581e-01 -1.276202896200046055e+01
4.000406510000003024e-01 -1.262789660156614957e+01
4.141664189999998413e-01 -1.249250124853969801e+01
4.282921860000001857e-01 -1.235411146563908424e+01
4.424179529999996419e-01 -1.221273833178388912e+01
4.565437210000000690e-01 -1.207052237737105038e+01
4.706694880000004133e-01 -1.193169290235566216e+01
4.847952559999999522e-01 -1.179983873829855057e+01
4.989210230000002966e-01 -1.167564056935365358e+01
5.130467909999998355e-01 -1.155666452909566644e+01
5.271725580000001798e-01 -1.143833505388732519e+01
5.412983259999997188e-01 -1.131688253027760993e+01
5.554240930000000631e-01 -1.119240754989161601e+01
5.695498600000004075e-01 -1.106877121381320173e+01
5.836756279999999464e-01 -1.094957816301149123e+01
5.978013950000002907e-01 -1.083400222369443711e+01
6.119271629999998297e-01 -1.071738016321687326e+01
6.260529300000001740e-01 -1.059631648672755233e+01
6.401786979999997129e-01 -1.047302743447180617e+01
6.543044650000000573e-01 -1.035352099452019203e+01
6.684302329999995962e-01 -1.024141290630224788e+01
6.825559999999999405e-01 -1.013309542274567576e+01
6.966817670000002849e-01 -1.002090811660837311e+01
7.108075349999998238e-01 -9.900347078797974376e+00
7.249333020000001682e-01 -9.772164702610057319e+00
7.390590699999997071e-01 -9.641420823658370054e+00
7.531848370000000514e-01 -9.512456318954686907e+00
7.673106049999995903e-01 -9.385580028396487862e+00
7.814363719999999347e-01 -9.258848901372509488e+00
7.955621400000003618e-01 -9.130892630947680999e+00
8.096879069999998180e-01 -9.002497367284139074e+00
8.238136740000001623e-01 -8.876012864631412924e+00
8.379394419999997012e-01 -8.754182857861925626e+00
8.520652090000000456e-01 -8.637359039786543846e+00
8.661909769999995845e-01 -8.523750399623420293e+00
8.803167439999999289e-01 -8.410107934025949916e+00
8.944425120000003560e-01 -8.294029472917031853e+00
9.085682789999998121e-01 -8.177555524325907044e+00
9.226940470000002392e-01 -8.064447471965738856e+00
9.368198139999996954e-01 -7.957086158001250631e+00
9.509455810000000398e-01 -7.854103769728509654e+00
9.650713489999995787e-01 -7.752354816262245762e+00
9.791971159999999230e-01 -7.647983081992427046e+00
9.933228840000003501e-01 -7.540711393108236571e+00
1.007448650999999806e+00 -7.431502767558330724e+00
1.021574419000000233e+00 -7.320277561324251003e+00
1.035700185999999690e+00 -7.206135862752932830e+00
1.049825953000000034e+00 -7.090406862038162394e+00
1.063951720999999573e+00 -6.977002228707224418e+00
1.078077487999999917e+00 -6.869888177344372515e+00
1.092203256000000344e+00 -6.770841135075488459e+00
1.106329022999999800e+00 -6.676579549713350659e+00
1.120454791000000228e+00 -6.582649498481127459e+00
1.134580557999999684e+00 -6.486749847212836428e+00
1.148706326000000111e+00 -6.392439485197850324e+00
1.162832092999999567e+00 -6.302879015515306271e+00
1.176957859999999911e+00 -6.217038672217618966e+00
1.191083628000000338e+00 -6.129498130066342476e+00
1.205209394999999795e+00 -6.035050928169639839e+00
1.219335163000000222e+00 -5.933882071006548742e+00
1.233460929999999678e+00 -5.830518047550625305e+00
1.247586698000000105e+00 -5.729271251114987251e+00
1.261712464999999561e+00 -5.626857205492725278e+00
1.275838232999999988e+00 -5.517032424805912605e+00
1.289964000000000333e+00 -5.396662940606799630e+00
1.304089766999999789e+00 -5.270537576490973208e+00
1.318215535000000216e+00 -5.148436974276322964e+00
1.332341301999999672e+00 -5.038205147328083555e+00
1.346467070000000099e+00 -4.939952750123055125e+00
1.360592837000000443e+00 -4.848265390770377437e+00
1.374718604999999982e+00 -4.758417621655818053e+00
1.388844372000000327e+00 -4.668783321070228531e+00
1.402970139999999866e+00 -4.580066465965997757e+00
1.417095907000000210e+00 -4.492099884212398031e+00
1.431221673999999666e+00 -4.403636818412010712e+00
1.445347442000000093e+00 -4.312668698684420043e+00
1.459473209000000438e+00 -4.220261217613766824e+00
1.473598976999999977e+00 -4.130036040611311243e+00
1.487724744000000321e+00 -4.046064659413429077e+00
1.501850511999999860e+00 -3.970461300622200262e+00
1.515976279000000204e+00 -3.902057678628092496e+00
1.530102046999999743e+00 -3.838175021434882872e+00
1.544227814000000087e+00 -3.774403301456517035e+00
1.558353581000000432e+00 -3.707618844181459927e+00
1.572479348999999971e+00 -3.635935949335619810e+00
1.586605116000000315e+00 -3.559281864548668572e+00
1.600730883999999854e+00 -3.479470342644299663e+00
1.614856651000000198e+00 -3.399181199546250198e+00
1.628982418999999737e+00 -3.321252937474151068e+00
1.643108186000000082e+00 -3.246497347812454137e+00
1.657233953000000426e+00 -3.175316455310690955e+00
1.671359720999999965e+00 -3.107734426498553582e+00
1.685485488000000309e+00 -3.044373373036393104e+00
1.699611255999999848e+00 -2.986338853838330643e+00
1.713737023000000192e+00 -2.933138947134311891e+00
1.727862790999999731e+00 -2.881589058998991426e+00
1.741988558000000076e+00 -2.827483563377574782e+00
1.756114325999999615e+00 -2.768101948562362580e+00
1.770240092999999959e+00 -2.703681917655432088e+00
1.784365860000000303e+00 -2.637670160151444065e+00
1.798491627999999842e+00 -2.573496280990545060e+00
1.812617395000000187e+00 -2.511679625691362716e+00
1.826743162999999726e+00 -2.449464680853935761e+00
1.840868930000000070e+00 -2.384174071875144740e+00
1.854994697999999609e+00 -2.316474721793925440e+00
1.869120464999999953e+00 -2.251722993417204499e+00
1.883246233000000380e+00 -2.196059851122369011e+00
1.897371999999999836e+00 -2.151628634700853304e+00
1.911497767000000181e+00 -2.116130525142494889e+00
1.925623534999999720e+00 -2.084975122229750788e+00
1.939749302000000064e+00 -2.055744697743124405e+00
1.953875069999999603e+00 -2.028792440150624543e+00
1.968000836999999947e+00 -2.004365496040713346e+00
1.982126605000000374e+00 -1.980806254929236232e+00
1.996252371999999831e+00 -1.955186688001391282e+00
2.010378140000000258e+00 -1.925443644433501689e+00
2.024503906999999714e+00 -1.891551958617734286e+00
2.038629674000000058e+00 -1.853425391760525898e+00
2.052755441999999597e+00 -1.810930863824834702e+00
2.066881208999999942e+00 -1.763563573839890708e+00
2.081006977000000369e+00 -1.713187212003256299e+00
2.095132743999999825e+00 -1.663953207734135908e+00
2.109258512000000252e+00 -1.619756717539031499e+00
2.123384278999999708e+00 -1.581819114724419606e+00
2.137510047000000135e+00 -1.547794487173138833e+00
2.151635813999999591e+00 -1.514388086982724424e+00
2.165761580999999936e+00 -1.479515092716266800e+00
2.179887349000000363e+00 -1.446399624080042301e+00
2.194013115999999819e+00 -1.420059182563047528e+00
2.208138884000000246e+00 -1.402389146113204532e+00
2.222264650999999702e+00 -1.389630406269969143e+00
2.236390419000000129e+00 -1.373841076671213024e+00
2.250516185999999585e+00 -1.349357158169459225e+00
2.264641952999999930e+00 -1.318516552741815673e+00
2.278767721000000357e+00 -1.289357015904613490e+00
2.292893487999999813e+00 -1.266945110422831533e+00
2.307019256000000240e+00 -1.248845291787866962e+00
2.321145022999999696e+00 -1.227130775638140214e+00
2.335270791000000123e+00 -1.196601361098817762e+00
2.349396557999999580e+00 -1.159125144854258771e+00
2.363522326000000007e+00 -1.123431962639045878e+00
2.377648093000000351e+00 -1.096879958382742437e+00
2.391773859999999807e+00 -1.080254847440645705e+00
2.405899628000000234e+00 -1.069160482066807027e+00
2.420025394999999691e+00 -1.057781111420427855e+00
2.434151163000000118e+00 -1.042496560424650554e+00
2.448276929999999574e+00 -1.022838291064711136e+00
2.462402698000000001e+00 -1.001953973786938512e+00
2.476528465000000345e+00 -9.826217236705643288e-01
2.490654232999999884e+00 -9.669989332116912806e-01
2.504780000000000229e+00 -9.548368387209169583e-01
2.518905766999999685e+00 -9.433346585605244528e-01
2.533031535000000112e+00 -9.293912900631990937e-01
2.547157301999999568e+00 -9.125469355125401805e-01
2.561283069999999995e+00 -8.947850253508189411e-01
2.575408837000000339e+00 -8.780070623866746971e-01
2.589534604999999878e+00 -8.624604778664730631e-01
2.603660372000000223e+00 -8.462931016808417084e-01
2.617786139999999762e+00 -8.287759785382302624e-01
2.631911907000000106e+00 -8.118414061317231756e-01
2.646037673999999562e+00 -7.995838195114188807e-01
2.660163441999999989e+00 -7.940386155780947419e-01
2.674289209000000334e+00 -7.945737701988546675e-01
2.688414976999999872e+00 -7.974632033447193180e-01
2.702540744000000217e+00 -7.972841889495327905e-01
2.716666511999999756e+00 -7.902736866216004685e-01
2.730792279000000100e+00 -7.746042449171026689e-01
2.744918046999999639e+00 -7.504816076773224154e-01
2.759043813999999983e+00 -7.206894823519167659e-01
2.773169581000000328e+00 -6.919508109901189030e-01
2.787295348999999867e+00 -6.702123974708280585e-01
2.801421116000000211e+00 -6.584813826886435351e-01
2.815546883999999750e+00 -6.543539333956642778e-01
2.829672651000000094e+00 -6.519989053283996583e-01
2.843798418999999633e+00 -6.470919278336886293e-01
2.857924185999999978e+00 -6.401989946207100601e-01
2.872049953000000322e+00 -6.346058730194972242e-01
2.886175720999999861e+00 -6.308555516907459193e-01
2.900301488000000205e+00 -6.254854511388376892e-01
2.914427255999999744e+00 -6.130387714204807992e-01
2.928553023000000088e+00 -5.932033408847710021e-01
2.942678790999999627e+00 -5.713476081991402111e-01
2.956804557999999972e+00 -5.554349069170356756e-01
2.970930326000000399e+00 -5.490188026255884424e-01
2.985056092999999855e+00 -5.491838757768210399e-01
2.999181860000000199e+00 -5.508615151081519556e-01
3.013307627999999738e+00 -5.497556150244626849e-01
3.027433395000000083e+00 -5.453135793423795619e-01
3.041559162999999621e+00 -5.390202428647592470e-01
3.055684929999999966e+00 -5.317895627068107700e-01
3.069810698000000393e+00 -5.222645177369633629e-01
3.083936464999999849e+00 -5.095744521788976300e-01
3.098062233000000276e+00 -4.942033685677751365e-01
3.112187999999999732e+00 -4.769475960609286247e-01
3.126313767000000077e+00 -4.581873277346382167e-01
3.140439534999999616e+00 -4.379964177999067232e-01
3.154565301999999960e+00 -4.167180758358748349e-01
3.168691070000000387e+00 -3.960240451335366174e-01
3.182816836999999843e+00 -3.784561816077225416e-01
3.196942605000000270e+00 -3.653451559756195621e-01
3.211068371999999727e+00 -3.558202675220956124e-01
3.225194140000000154e+00 -3.468513089934530669e-01
3.239319906999999610e+00 -3.382180058715951176e-01
3.253445673999999954e+00 -3.316186956114082207e-01
3.267571442000000381e+00 -3.291606795291182053e-01
3.281697208999999837e+00 -3.309178501052869592e-01
3.295822977000000265e+00 -3.336994773882526744e-01
3.309948743999999721e+00 -3.342774480724219899e-01
3.324074512000000148e+00 -3.322463346081310220e-01
3.338200278999999604e+00 -3.301830573559962900e-01
3.352326047000000031e+00 -3.299685273858408152e-01
3.366451814000000375e+00 -3.311137341338534767e-01
3.380577580999999832e+00 -3.306343757739176326e-01
3.394703349000000259e+00 -3.252346346496883811e-01
3.408829115999999715e+00 -3.148070397437576773e-01
3.422954884000000142e+00 -3.020639195280718781e-01
3.437080650999999598e+00 -2.891295284998447457e-01
3.451206419000000025e+00 -2.776048732504801109e-01
3.465332186000000370e+00 -2.680926977255584376e-01
3.479457952999999826e+00 -2.625933757306428973e-01
3.493583721000000253e+00 -2.622610197469237292e-01
3.507709487999999709e+00 -2.671535398556779128e-01
3.521835256000000136e+00 -2.753832373916305087e-01
3.535961022999999592e+00 -2.835496590297355013e-01
3.550086791000000019e+00 -2.901657329847759925e-01
3.564212558000000364e+00 -2.941081685883126795e-01
3.578338325999999903e+00 -2.943737308650904438e-01
3.592464093000000247e+00 -2.891479281832207704e-01
3.606589859999999703e+00 -2.786676073112470675e-01
3.620715628000000130e+00 -2.652310165842228784e-01
3.634841394999999586e+00 -2.514820449940406988e-01
3.648967163000000014e+00 -2.385375143868024850e-01
3.663092930000000358e+00 -2.251735929089866417e-01
3.677218697999999897e+00 -2.095967179774520517e-01
3.691344465000000241e+00 -1.940094815032882281e-01
3.705470232999999780e+00 -1.831462985022298540e-01
3.719596000000000124e+00 -1.800180502249535408e-01
3.733721766999999581e+00 -1.830240192186067816e-01
3.747847535000000008e+00 -1.875687223273194704e-01
3.761973302000000352e+00 -1.903800413998686381e-01
3.776099069999999891e+00 -1.919181114505450481e-01
3.790224837000000235e+00 -1.956569720129408552e-01
3.804350604999999774e+00 -2.016205468804770362e-01
3.818476372000000119e+00 -2.058121159448296211e-01
3.832602139999999658e+00 -2.039318023564238302e-01
3.846727907000000002e+00 -1.945967096833474130e-01
3.860853674000000346e+00 -1.802218595578368721e-01
3.874979441999999885e+00 -1.626460424145816930e-01
3.889105209000000229e+00 -1.433111882026727457e-01
3.903230976999999768e+00 -1.233110306713918192e-01
3.917356744000000113e+00 -1.053940367927594934e-01
3.931482511999999652e+00 -9.388785069204974576e-02
3.945608278999999996e+00 -9.071017161687233710e-02
3.959734047000000423e+00 -9.406598158316104019e-02
3.973859813999999879e+00 -1.014807952724998685e-01
3.987985581000000224e+00 -1.133082921989014835e-01
4.002111348999999763e+00 -1.303329877656906888e-01
4.016237115999999219e+00 -1.514833996267377358e-01
4.030362884000000534e+00 -1.717483298714999052e-01
4.044488650999999990e+00 -1.840575869019414057e-01
4.058614418999999529e+00 -1.862556114940110419e-01
4.072740186000000762e+00 -1.823409947924696795e-01
4.086865953000000218e+00 -1.767822087380350737e-01
4.100991720999999757e+00 -1.701725285728388215e-01
4.115117487999999213e+00 -1.589163067854295619e-01
4.129243256000000528e+00 -1.388594422282896090e-01
4.143369022999999984e+00 -1.106986406766123920e-01
4.157494790999999523e+00 -7.891844536567305113e-02
4.171620558000000756e+00 -4.873679625295235240e-02
4.185746326000000295e+00 -2.168932218303698534e-02
4.199872092999999751e+00 2.769675350111633350e-03
4.213997859999999207e+00 2.433625454542287514e-02
4.228123628000000522e+00 4.071531272853867733e-02
4.242249394999999978e+00 4.818516691903607096e-02
4.256375162999999517e+00 4.532144374894553351e-02
4.270500930000000750e+00 3.347252664202837735e-02
4.284626698000000289e+00 1.829033140870972574e-02
4.298752464999999745e+00 4.357910853446611554e-03
4.312878232999999284e+00 -5.840598843253275163e-03
4.327004000000000516e+00 -1.269706623871336149e-02
4.341129766999999973e+00 -1.796161567671550330e-02
4.355255534999999512e+00 -2.268761639838512423e-02
4.369381302000000744e+00 -2.593740923681409072e-02
4.383507070000000283e+00 -2.662202379165368171e-02
4.397632836999999739e+00 -2.512523689875667543e-02
4.411758604999999278e+00 -2.354625622561368203e-02
4.425884372000000511e+00 -2.590675243960482987e-02
4.440010140000000050e+00 -3.421419202096309675e-02
4.454135906999999506e+00 -4.804180908318667065e-02
4.468261674000000738e+00 -6.319976948986916199e-02
4.482387442000000277e+00 -7.474873722007480126e-02
4.496513208999999733e+00 -7.934918138920554753e-02
4.510638976999999272e+00 -7.628891325874764817e-02
4.524764744000000505e+00 -6.757492664503583768e-02
4.538890512000000044e+00 -5.621497473742298467e-02
4.553016278999999500e+00 -4.415463113886808344e-02
4.567142047000000815e+00 -3.095257445448051925e-02
4.581267814000000271e+00 -1.651603414114077850e-02
4.595393580999999728e+00 -3.302120111772666178e-03
4.609519348999999266e+00 5.242357354362958688e-03
4.623645116000000499e+00 4.963401071128359376e-03
4.637770884000000038e+00 -4.111619254347331776e-03
4.651896650999999494e+00 -1.716436246270269805e-02
4.666022419000000809e+00 -2.878495006186643224e-02
4.680148186000000265e+00 -3.620005147376126331e-02
4.694273952999999722e+00 -4.116692383175379888e-02
4.708399720999999261e+00 -4.654541801735412321e-02
4.722525488000000493e+00 -5.346636117117586906e-02
4.736651256000000032e+00 -5.980714659986929860e-02
4.750777022999999488e+00 -6.233828644912264849e-02
4.764902791000000803e+00 -5.962083383916727541e-02
4.779028558000000260e+00 -5.335612971415226724e-02
4.793154325999999799e+00 -4.589579952982791866e-02
4.807280092999999255e+00 -3.890091458181643702e-02
4.821405860000000487e+00 -3.262665677726506175e-02
4.835531628000000026e+00 -2.610053241018661652e-02
4.849657394999999482e+00 -1.891698919191320272e-02
4.863783163000000798e+00 -1.065562744506376447e-02
4.877908930000000254e+00 -4.309508444206855415e-04
4.892034697999999793e+00 1.328324241816059015e-02
4.906160464999999249e+00 2.834191423472631755e-02
4.920286233000000564e+00 4.146867295678635656e-02
4.934412000000000020e+00 4.885190594082899906e-02
4.948537766999999477e+00 4.896614557983358651e-02
4.962663535000000792e+00 4.375249843436712638e-02
4.976789302000000248e+00 3.516475642465799467e-02
4.990915069999999787e+00 2.360947096240550991e-02
5.005040836999999243e+00 8.458451884076012561e-03
5.019166605000000558e+00 -8.281572743503495815e-03
5.033292372000000015e+00 -2.229069412016926321e-02
5.047418139999999553e+00 -3.020079601550840209e-02
5.061543907000000786e+00 -3.486871431737270655e-02
5.075669674000000242e+00 -4.291533019711657460e-02
5.089795441999999781e+00 -5.918106968505387755e-02
5.103921208999999237e+00 -8.128885538477881312e-02
5.118046977000000552e+00 -1.008469392737509907e-01
5.132172744000000009e+00 -1.103404315150839921e-01
5.146298511999999548e+00 -1.083896406492588227e-01
5.160424279000000780e+00 -9.877706189879020826e-02
5.174550047000000319e+00 -8.384104660154712008e-02
5.188675813999999775e+00 -6.229267836949681225e-02
5.202801580999999231e+00 -3.278254512801126452e-02
5.216927349000000547e+00 1.237400343963912519e-03
5.231053116000000003e+00 3.139679676101714279e-02
5.245178883999999542e+00 5.093764734016037465e-02
5.259304651000000774e+00 5.917096612038541537e-02
5.273430419000000313e+00 6.174251417139409170e-02
5.287556185999999769e+00 6.418108532007327227e-02
5.301681952999999226e+00 6.742037343641804625e-02
5.315807721000000541e+00 6.903097834728377791e-02
5.329933487999999997e+00 6.655921234244299711e-02
5.344059255999999536e+00 5.967248495995924884e-02
5.358185023000000768e+00 5.018261787868016910e-02
5.372310791000000307e+00 3.957030634403402303e-02
5.386436557999999764e+00 2.726262957101344142e-02
5.400562325999999302e+00 1.314927792170728083e-02
5.414688093000000535e+00 -2.244968571441852134e-03
5.428813859999999991e+00 -1.715853789542531871e-02
5.442939627999999530e+00 -2.965270352711701918e-02
5.457065395000000763e+00 -3.739651970434376693e-02
5.471191163000000302e+00 -4.020733599247883205e-02
5.485316929999999758e+00 -4.021091771744522703e-02
5.499442697999999297e+00 -4.026834421484437598e-02
5.513568465000000529e+00 -4.265381375064514202e-02
5.527694233000000068e+00 -4.566191215121051528e-02
5.541819999999999524e+00 -4.488395379369691796e-02
5.555945767000000757e+00 -3.578238558902935296e-02
5.570071535000000296e+00 -1.863027057856747604e-02
5.584197301999999752e+00 8.876288887362804303e-04
5.598323069999999291e+00 1.576872514093707878e-02
5.612448837000000523e+00 2.291518539241632624e-02
5.626574605000000062e+00 2.505084623911635333e-02
5.640700371999999518e+00 2.702849502710780172e-02
5.654826140000000834e+00 3.033973622149499505e-02
5.668951907000000290e+00 2.976464138616119470e-02
5.683077673999999746e+00 1.872380584316957197e-02
5.697203441999999285e+00 -3.955850727622056695e-03
5.711329209000000517e+00 -3.062758617816285778e-02
5.725454977000000056e+00 -5.030058271134763004e-02
5.739580743999999513e+00 -5.727596667444778689e-02
5.753706512000000828e+00 -5.508632648086653205e-02
5.767832279000000284e+00 -5.196340882326389021e-02
5.781958046999999823e+00 -5.298263827342086785e-02
5.796083813999999279e+00 -5.613701762273937135e-02
5.810209581000000512e+00 -5.515629622555540124e-02
5.824335349000000051e+00 -4.771818439685482360e-02
5.838461115999999507e+00 -3.783196627231522058e-02
5.852586884000000822e+00 -3.289593485060038347e-02
5.866712651000000278e+00 -3.663187584696991905e-02
5.880838418999999817e+00 -4.601116760857681953e-02
5.894964185999999273e+00 -5.325537570578831037e-02
5.909089953000000506e+00 -5.250598985150745079e-02
5.923215721000000045e+00 -4.377848620008695235e-02
5.937341487999999501e+00 -3.190422133845949304e-02
5.951467256000000816e+00 -2.139234539092438325e-02
5.965593023000000272e+00 -1.219841520440922977e-02
5.979718790999999811e+00 -1.529100814550155008e-03
5.993844557999999267e+00 1.268142172651032240e-02
6.007970326000000583e+00 2.861946397426429201e-02
6.022096093000000039e+00 4.229897056183506976e-02
6.036221859999999495e+00 5.086976343264115741e-02
6.050347628000000810e+00 5.564410712468603748e-02
6.064473395000000266e+00 5.966524251877469709e-02
6.078599162999999805e+00 6.455668309111661785e-02
6.092724929999999262e+00 6.912190543516150143e-02
6.106850698000000577e+00 7.071390376547359580e-02
6.120976465000000033e+00 6.871000208897459771e-02
6.135102232999999572e+00 6.446542831197721313e-02
6.149228000000000804e+00 6.043016826076996750e-02
6.163353767000000261e+00 5.645581362141438575e-02
6.177479534999999800e+00 5.121266012976466442e-02
6.191605301999999256e+00 4.404143099457780153e-02
6.205731070000000571e+00 3.570730008808276068e-02
6.219856837000000027e+00 2.854878440079833268e-02
6.233982604999999566e+00 2.481789967658531992e-02
6.248108372000000799e+00 2.595021887328030630e-02
6.262234140000000338e+00 3.069651659135885780e-02
6.276359906999999794e+00 3.613446890311511339e-02
6.290485673999999250e+00 3.887194532225191068e-02
6.304611442000000565e+00 3.571308748018964252e-02
6.318737209000000021e+00 2.602383174028410906e-02
6.332862976999999560e+00 1.203846368112504450e-02
6.346988744000000793e+00 -2.964567193013856183e-03
6.361114512000000332e+00 -1.705079681502663647e-02
6.375240278999999788e+00 -2.945544535332089708e-02
6.389366046999999327e+00 -3.913782600987492089e-02
6.403491814000000559e+00 -4.463831776963544939e-02
6.417617581000000015e+00 -4.277482746557037530e-02
6.431743348999999554e+00 -3.283916948709819650e-02
6.445869116000000787e+00 -1.892676429728901155e-02
6.459994884000000326e+00 -8.607569592375519107e-03
6.474120650999999782e+00 -8.024477875515856340e-03
6.488246418999999321e+00 -1.791191217411647330e-02
6.502372186000000553e+00 -3.297576353009912253e-02
6.516497953000000010e+00 -4.662005115536871358e-02
6.530623720999999549e+00 -5.779807359005051381e-02
6.544749488000000781e+00 -6.922381254408360718e-02
6.558875256000000320e+00 -8.349957857107881409e-02
6.573001022999999776e+00 -9.667523007172196259e-02
6.587126790999999315e+00 -1.010154787820498612e-01
6.601252558000000548e+00 -9.197042792821097379e-02
6.615378326000000087e+00 -7.190522086480743980e-02
6.629504092999999543e+00 -4.791419640135075042e-02
6.643629860000000775e+00 -2.574173135532742407e-02
6.657755628000000314e+00 -5.974668159770324394e-03
6.671881394999999770e+00 1.373240935736763646e-02
6.686007162999999309e+00 3.263252643064795677e-02
6.700132930000000542e+00 4.704105528695379235e-02
6.714258698000000081e+00 5.389438740110641390e-02
6.728384464999999537e+00 5.385259566283639998e-02
6.742510233000000852e+00 4.952369170532566756e-02
6.756636000000000308e+00 4.328828977425214219e-02
6.770761766999999764e+00 3.453362465633968981e-02
6.784887534999999303e+00 2.194642294498194701e-02
6.799013302000000536e+00 7.085740645723426212e-03
6.813139070000000075e+00 -7.423548299577475973e-03
6.827264836999999531e+00 -1.903358069807037367e-02
6.841390605000000846e+00 -2.836621620321988502e-02
6.855516372000000302e+00 -3.632981192285456018e-02
6.869642139999999841e+00 -4.228718831727817928e-02
6.883767906999999298e+00 -4.443115323153623564e-02
6.897893674000000530e+00 -4.051988493680536152e-02
6.912019442000000069e+00 -3.304900731421600568e-02
6.926145208999999525e+00 -2.673277934832718472e-02
6.940270977000000840e+00 -2.458795643951905419e-02
6.954396744000000297e+00 -2.553677715600244369e-02
6.968522511999999836e+00 -2.618429065183214277e-02
6.982648278999999292e+00 -2.476244385640757883e-02
6.996774047000000607e+00 -2.318934866373556503e-02
7.010899814000000063e+00 -2.677694580153922033e-02
7.025025580999999519e+00 -3.729360706833162453e-02
7.039151349000000835e+00 -5.153485132158586168e-02
7.053277116000000291e+00 -6.494147090882051998e-02
7.067402883999999830e+00 -7.483331749400701227e-02
7.081528650999999286e+00 -8.204526576966841844e-02
7.095654419000000601e+00 -8.807114352509604061e-02
7.109780186000000057e+00 -9.159996671342440777e-02
7.123905952999999514e+00 -8.781060026146736419e-02
7.138031721000000829e+00 -7.398711921756095933e-02
7.152157488000000285e+00 -5.329934308749084693e-02
7.166283255999999824e+00 -3.361304198188896919e-02
7.180409022999999280e+00 -2.232872466230428898e-02
7.194534791000000595e+00 -2.208723466565576388e-02
7.208660558000000051e+00 -2.948977797901797260e-02
7.222786325999999590e+00 -3.935101329479273602e-02
7.236912093000000823e+00 -4.932754039274822588e-02
7.251037860000000279e+00 -5.948758544529653136e-02
7.265163627999999818e+00 -6.985357958265936418e-02
7.279289394999999274e+00 -7.873722613407529991e-02
7.293415163000000589e+00 -8.390812999896724023e-02
7.307540930000000046e+00 -8.382141214667360174e-02
7.321666697999999585e+00 -8.030466831978166908e-02
7.335792465000000817e+00 -7.497486977418965637e-02
7.349918233000000356e+00 -6.786076901891568980e-02
7.364043999999999812e+00 -5.814660497058365962e-02
7.378169766999999268e+00 -4.628205390587503132e-02
7.392295535000000584e+00 -3.670083399244017386e-02
7.406421302000000040e+00 -3.474887317727315406e-02
7.420547069999999579e+00 -4.260781742686869933e-02
7.434672837000000811e+00 -5.647845458377620531e-02
7.448798605000000350e+00 -7.075548742305759475e-02
7.462924371999999806e+00 -8.223088358663943609e-02
7.477050139999999345e+00 -9.227360229160908034e-02
7.491175907000000578e+00 -1.040142399668706474e-01
7.505301674000000034e+00 -1.162077641107766013e-01
7.519427441999999573e+00 -1.230826778201024041e-01
7.533553209000000805e+00 -1.206529438094063877e-01
7.547678977000000344e+00 -1.112877458750576309e-01
7.561804743999999801e+00 -1.029937054956695519e-01
7.575930511999999339e+00 -1.032640000481697129e-01
7.590056279000000572e+00 -1.133677267751327378e-01
7.604182047000000111e+00 -1.279972511067164476e-01
7.618307813999999567e+00 -1.413572584246667319e-01
7.632433581000000800e+00 -1.528484772767289002e-01
7.646559349000000338e+00 -1.645249769682148866e-01
7.660685115999999795e+00 -1.779429990026422104e-01
7.674810883999999334e+00 -1.915773464470937881e-01
7.688936651000000566e+00 -2.018623703945712222e-01
7.703062419000000105e+00 -2.062837661576928383e-01
7.717188185999999561e+00 -2.060430163968600681e-01
7.731313953000000794e+00 -2.054798169383138529e-01
7.745439721000000333e+00 -2.069106017836164213e-01
7.759565487999999789e+00 -2.107762913259429993e-01
7.773691255999999328e+00 -2.148003718752757862e-01
7.787817023000000560e+00 -2.157119890363912162e-01
7.801942791000000099e+00 -2.119962767284766514e-01
7.816068557999999555e+00 -2.058814853472688000e-01
7.830194326000000871e+00 -1.999989929914711695e-01
7.844320093000000327e+00 -1.936310085142078918e-01
7.858445859999999783e+00 -1.854793858697609821e-01
7.872571627999999322e+00 -1.738962518631632648e-01
7.886697395000000554e+00 -1.607581972715506069e-01
7.900823163000000093e+00 -1.506921960449592035e-01
7.914948929999999550e+00 -1.478631323958170540e-01
7.929074698000000865e+00 -1.520602225589087197e-01
7.943200465000000321e+00 -1.599425674703329747e-01
7.957326232999999860e+00 -1.687441815752483976e-01
7.971451999999999316e+00 -1.766965812003311598e-01
7.985577767000000549e+00 -1.839551469668450068e-01
7.999703535000000088e+00 -1.910456297642415535e-01
8.013829301999999544e+00 -1.994575252604073867e-01
8.027955070000000859e+00 -2.103475803587508963e-01
8.042080837000000315e+00 -2.235816719023802079e-01
8.056206604999999854e+00 -2.363302597228429391e-01
8.070332371999999310e+00 -2.446428591584579593e-01
8.084458140000000625e+00 -2.457274221208090026e-01
8.098583907000000082e+00 -2.416687390140355163e-01
8.112709673999999538e+00 -2.368504653432275120e-01
8.126835442000000853e+00 -2.333388641378846273e-01
8.140961209000000309e+00 -2.306767207865032532e-01
8.155086976999999848e+00 -2.261782980403026500e-01
8.169212743999999304e+00 -2.194259839127097322e-01
8.183338512000000620e+00 -2.115925406943173215e-01
8.197464279000000076e+00 -2.046578976331634436e-01
8.211590046999999615e+00 -1.979881726470411607e-01
8.225715814000000847e+00 -1.894121435961269029e-01
8.239841581000000303e+00 -1.786928447318061330e-01
8.253967348999999842e+00 -1.666566854087445648e-01
8.268093115999999299e+00 -1.558720792760359686e-01
8.282218884000000614e+00 -1.486277283114745273e-01
8.296344651000000070e+00 -1.465330997752820608e-01
8.310470418999999609e+00 -1.497112941747857917e-01
8.324596186000000841e+00 -1.561857435507789660e-01
8.338721953000000298e+00 -1.618797137545904263e-01
8.352847720999999837e+00 -1.623613515459503276e-01
8.366973487999999293e+00 -1.568385916886683162e-01
8.381099256000000608e+00 -1.482341056610296803e-01
8.395225023000000064e+00 -1.398241571389480242e-01
8.409350790999999603e+00 -1.328920329437872638e-01
8.423476558000000836e+00 -1.259280358850576320e-01
8.437602326000000375e+00 -1.181825751835452465e-01
8.451728092999999831e+00 -1.126032575800355318e-01
8.465853859999999287e+00 -1.136953924968127083e-01
8.479979628000000602e+00 -1.231821452628922842e-01
8.494105395000000058e+00 -1.371770782436287917e-01
8.508231162999999597e+00 -1.497470624526808791e-01
8.522356930000000830e+00 -1.569501662626313632e-01
8.536482698000000369e+00 -1.605580282868546149e-01
8.550608464999999825e+00 -1.647630655454124238e-01
8.564734232999999364e+00 -1.717223248565460381e-01
8.578860000000000596e+00 -1.788891081375219017e-01
8.592985767000000052e+00 -1.821704748258330397e-01
8.607111534999999591e+00 -1.803966028447412384e-01
8.621237302000000824e+00 -1.762579671538686554e-01
8.635363070000000363e+00 -1.749649873272893785e-01
8.649488836999999819e+00 -1.797054640077071497e-01
8.663614604999999358e+00 -1.898210632385284313e-01
8.677740372000000590e+00 -2.034478714045553360e-01
8.691866140000000129e+00 -2.197466263015117605e-01
8.705991906999999586e+00 -2.373408048548366622e-01
8.720117674000000818e+00 -2.548506663489478186e-01
8.734243442000000357e+00 -2.703044519395758627e-01
8.748369208999999813e+00 -2.822607023995038489e-01
8.762494976999999352e+00 -2.911648395660382249e-01
8.776620744000000585e+00 -2.976739176354863403e-01
8.790746512000000124e+00 -3.011066558809520899e-01
8.804872278999999580e+00 -2.993760408516781268e-01
8.818998046999999119e+00 -2.922715451851116697e-01
8.833123814000000351e+00 -2.818602290340033178e-01
8.847249580999999807e+00 -2.726345110391719118e-01
8.861375348999999346e+00 -2.665031063886722507e-01
8.875501116000000579e+00 -2.599684103715471650e-01
8.889626884000000118e+00 -2.481579557914903589e-01
8.903752650999999574e+00 -2.291478244434790312e-01
8.917878418999999113e+00 -2.077500187852310276e-01
8.932004186000000345e+00 -1.924944458659059165e-01
8.946129952999999801e+00 -1.884461807389197219e-01
8.960255720999999340e+00 -1.927726816166979162e-01
8.974381488000000573e+00 -1.979664064901349718e-01
8.988507256000000112e+00 -1.999606219926874928e-01
9.002633022999999568e+00 -2.023545622782387809e-01
9.016758791000000883e+00 -2.121293685107037419e-01
9.030884558000000339e+00 -2.311356760644045494e-01
9.045010325999999878e+00 -2.520486055952195770e-01
9.059136092999999335e+00 -2.640218549491910593e-01
9.073261860000000567e+00 -2.629795220734916228e-01
9.087387628000000106e+00 -2.550234009761132015e-01
9.101513394999999562e+00 -2.501021110887782228e-01
9.115639163000000877e+00 -2.514361158069524649e-01
9.129764930000000334e+00 -2.535220571756582331e-01
9.143890697999999873e+00 -2.475299677971394274e-01
9.158016464999999329e+00 -2.314686167414654605e-01
9.172142233000000644e+00 -2.128892264247026489e-01
9.186268000000000100e+00 -2.011369372581581771e-01
9.200393766999999556e+00 -1.995669137866373788e-01
9.214519535000000872e+00 -2.037435404853669141e-01
9.228645302000000328e+00 -2.072765448340643246e-01
9.242771069999999867e+00 -2.065666573070954470e-01
9.256896836999999323e+00 -2.035596234801122506e-01
9.271022605000000638e+00 -2.024129023880512079e-01
9.285148372000000094e+00 -2.061067313072575402e-01
9.299274139999999633e+00 -2.147414223116284049e-01
9.313399907000000866e+00 -2.267397327270339602e-01
9.327525674000000322e+00 -2.403266691742613759e-01
9.341651441999999861e+00 -2.535427669128731409e-01
9.355777208999999317e+00 -2.665611103360880918e-01
9.369902977000000632e+00 -2.828500466691643567e-01
9.384028744000000088e+00 -3.056405085613658201e-01
9.398154511999999627e+00 -3.327703003459241415e-01
9.412280279000000860e+00 -3.563214055646364287e-01
9.426406047000000399e+00 -3.664032062664910327e-01
9.440531813999999855e+00 -3.590349073318046536e-01
9.454657580999999311e+00 -3.404594850327260502e-01
9.468783349000000626e+00 -3.217714478272855061e-01
9.482909116000000083e+00 -3.082407265331195134e-01
9.497034883999999622e+00 -2.965767531857324002e-01
9.511160651000000854e+00 -2.806556567148383863e-01
9.525286419000000393e+00 -2.586758420325345753e-01
9.539412185999999849e+00 -2.379140746045891319e-01
9.553537952999999305e+00 -2.278258087080722305e-01
9.567663721000000621e+00 -2.311890566114254142e-01
9.581789488000000077e+00 -2.416696152008768195e-01
9.595915255999999616e+00 -2.503111053214972515e-01
9.610041023000000848e+00 -2.525326563071486063e-01
9.624166791000000387e+00 -2.508220183673008918e-01
9.638292557999999843e+00 -2.524594944674118935e-01
9.652418325999999382e+00 -2.608028564026776408e-01
9.666544093000000615e+00 -2.722161352490424235e-01
9.680669860000000071e+00 -2.806294183132669318e-01
9.694795627999999610e+00 -2.836479762148593764e-01
9.708921395000000842e+00 -2.833147066106338485e-01
9.723047163000000381e+00 -2.833457104698808848e-01
9.737172929999999837e+00 -2.845003988637540004e-01
9.751298697999999376e+00 -2.825657629315436736e-01
9.765424465000000609e+00 -2.733202272131727284e-01
9.779550233000000148e+00 -2.581356683041153843e-01
9.793675999999999604e+00 -2.433584662729604275e-01
9.807801767000000837e+00 -2.341356129031595401e-01
9.821927535000000375e+00 -2.311019378058620788e-01
9.836053301999999832e+00 -2.301595684361519289e-01
9.850179069999999371e+00 -2.280602973346219642e-01
9.864304837000000603e+00 -2.269017877890640023e-01
9.878430605000000142e+00 -2.314859849286117210e-01
9.892556371999999598e+00 -2.433107395406066686e-01
9.906682139999999137e+00 -2.570463423711846218e-01
9.920807907000000370e+00 -2.657447982836078637e-01
9.934933673999999826e+00 -2.654210446626423803e-01
9.949059441999999365e+00 -2.591216162357401487e-01
9.963185209000000597e+00 -2.534068667035054290e-01
9.977310977000000136e+00 -2.512676269476941115e-01
9.991436743999999592e+00 -2.501744284361597792e-01
1.000556251199999913e+01 -2.449970131868139944e-01
1.001968827900000036e+01 -2.339060417785416846e-01
1.003381404699999990e+01 -2.193843992651736130e-01
1.004793981399999936e+01 -2.079075256230087376e-01
1.006206558100000059e+01 -2.040045230274598609e-01
1.007619134900000013e+01 -2.078961718019733951e-01
1.009031711599999959e+01 -2.162187743078609614e-01
1.010444288399999913e+01 -2.261124163768091222e-01
1.011856865100000036e+01 -2.366285470251012768e-01
1.013269441899999990e+01 -2.480611199587317017e-01
1.014682018599999935e+01 -2.608098118520238984e-01
1.016094595300000059e+01 -2.727963151269579001e-01
1.017507172100000012e+01 -2.802846290623852710e-01
1.018919748799999958e+01 -2.797576173945373057e-01
1.020332325599999912e+01 -2.705286058775726588e-01
1.021744902300000035e+01 -2.538083384327523007e-01
1.023157479099999989e+01 -2.339471422716963289e-01
1.024570055799999935e+01 -2.158990046178308475e-01
1.025982632600000066e+01 -2.010881228147729516e-01
1.027395209300000012e+01 -1.877386091267050361e-01
1.028807785999999957e+01 -1.728440875334209537e-01
1.030220362799999911e+01 -1.553541237092419536e-01
1.031632939500000035e+01 -1.376359660118877670e-01
1.033045516299999989e+01 -1.237523940095073272e-01
1.034458092999999934e+01 -1.157124670504749986e-01
1.035870669800000066e+01 -1.121958450307012356e-01
1.037283246500000011e+01 -1.105340397929754914e-01
1.038695823299999965e+01 -1.083386500745326941e-01
1.040108400000000088e+01 -1.045305972740804279e-01
1.041520976700000034e+01 -9.902194757067039887e-02
1.042933553499999988e+01 -9.156112883685985082e-02
1.044346130199999934e+01 -8.293975614495519011e-02
1.045758707000000065e+01 -7.405715093796416681e-02
1.047171283700000011e+01 -6.416632379417386289e-02
1.048583860499999965e+01 -5.022126164501106160e-02
1.049996437200000088e+01 -3.044804804580802937e-02
1.051409014000000042e+01 -8.359328285115985580e-03
1.052821590699999987e+01 9.210070655777613524e-03
1.054234167399999933e+01 1.705152991824565589e-02
1.055646744200000064e+01 1.800565169308576685e-02
1.057059320900000010e+01 2.066431258402534610e-02
1.058471897699999964e+01 3.058292959926856014e-02
1.059884474400000087e+01 4.323342996635304303e-02
1.061297051200000041e+01 4.817394601212132699e-02
1.062709627899999987e+01 3.916115440762890643e-02
1.064122204699999941e+01 2.072966928418118471e-02
1.065534781400000064e+01 4.516286790997803280e-03
1.066947358100000010e+01 -1.907468477689633346e-03
1.068359934899999963e+01 -8.362229740326299066e-04
1.069772511600000087e+01 6.405628754180270334e-04
1.071185088400000041e+01 -5.513193375454861211e-04
1.072597665099999986e+01 -1.133249109279255151e-03
1.074010241899999940e+01 5.864711956685475513e-03
1.075422818600000063e+01 2.247388348609735687e-02
1.076835395300000009e+01 4.304045596888972369e-02
1.078247972099999963e+01 5.821126062353521036e-02
1.079660548800000086e+01 6.363149130683165566e-02
1.081073125600000040e+01 6.207990179787437057e-02
1.082485702299999986e+01 5.872924254628664187e-02
1.083898279099999939e+01 5.774293619918768883e-02
1.085310855800000063e+01 5.768574894209255177e-02
1.086723432600000017e+01 5.555564135608470622e-02
1.088136009299999962e+01 5.141398184828460671e-02
1.089548586000000086e+01 5.018067372201340248e-02
1.090961162800000039e+01 5.604247988102439848e-02
1.092373739499999985e+01 6.804765473812413035e-02
1.093786316299999939e+01 8.189101795190900646e-02
1.095198893000000062e+01 9.335182923836526925e-02
1.096611469800000016e+01 1.046464006730243312e-01
1.098024046499999962e+01 1.257149327088598056e-01
1.099436623299999916e+01 1.684586942265760001e-01
1.100849200000000039e+01 2.418718477402634903e-01
1.102261776699999984e+01 3.538193880793309987e-01
1.103674353499999938e+01 5.130168385454751956e-01
1.105086930200000062e+01 7.300122165298548182e-01
1.106499507000000015e+01 1.016950138702562789e+00
1.107912083699999961e+01 1.383553939210196759e+00
1.109324660499999915e+01 1.832564164882223956e+00
1.110737237200000038e+01 2.360971192700065835e+00
1.112149813999999992e+01 2.964925200169544972e+00
1.113562390699999938e+01 3.641327597785581460e+00
1.114974967400000061e+01 4.391055086100108973e+00
1.116387544200000015e+01 5.217946342041448027e+00
1.117800120899999960e+01 6.126326390175517389e+00
1.119212697699999914e+01 7.118228953541589910e+00
1.120625274400000038e+01 8.194878897332610990e+00
1.122037851199999992e+01 9.358101388941252097e+00
1.123450427899999937e+01 1.060868915252534350e+01
1.124863004700000069e+01 1.194405565196056074e+01
1.126275581400000014e+01 1.335451888346736560e+01
1.127688158099999960e+01 1.482534640025847139e+01
1.129100734899999914e+01 1.634251832402060245e+01
1.130513311600000037e+01 1.790077521262621474e+01
1.131925888399999991e+01 1.950652574532519168e+01
1.133338465099999937e+01 2.117644543237555865e+01
1.134751041900000068e+01 2.293350666289742179e+01
1.136163618600000014e+01 2.480109274224372129e+01
1.137576195299999959e+01 2.679639846050137564e+01
1.138988772099999913e+01 2.892358077090937130e+01
1.140401348800000036e+01 3.116505327450514784e+01
1.141813925599999990e+01 3.347754202757518271e+01
1.143226502299999936e+01 3.579417051081721723e+01
1.144639079100000068e+01 3.803409170374290227e+01
1.146051655800000013e+01 4.011556225585533042e+01
1.147464232599999967e+01 4.196828042750427556e+01
1.148876809299999913e+01 4.354374916961158704e+01
1.150289386000000036e+01 4.481866461347799913e+01
1.151701962799999990e+01 4.579715476065390334e+01
1.153114539499999935e+01 4.650631229661689758e+01
1.154527116300000067e+01 4.698979357902994280e+01
1.155939693000000013e+01 4.729886786561216638e+01
1.157352269799999966e+01 4.748340041983273352e+01
1.158764846499999912e+01 4.162578472485107994e+01
1.160177423300000044e+01 3.571825921769735857e+01
1.161589999999999989e+01 2.978312492386837107e+01
