# r_minus_2Rs_A, PMF_over_kBT
-5.595600000000002794e-01 3.308092527793811399e+01
-5.454218349999999660e-01 4.961594971787219777e+01
-5.312836699999996526e-01 6.612737406832908960e+01
-5.171455050000002274e-01 6.602981044450976356e+01
-5.030073389999998312e-01 6.576935142411225854e+01
-4.888691740000004060e-01 6.518141936588183682e+01
-4.747310090000000926e-01 6.401347852017616447e+01
-4.605928439999997792e-01 6.194489784389961784e+01
-4.464546790000003540e-01 5.865889212570479572e+01
-4.323165140000000406e-01 5.395662158608729442e+01
-4.181783489999997272e-01 4.788418035016659502e+01
-4.040401830000002192e-01 4.079400318572483997e+01
-3.899020179999999058e-01 3.328558305664093808e+01
-3.757638529999995924e-01 2.603848887635511389e+01
-3.616256880000001672e-01 1.960145109103945060e+01
-3.474875229999998538e-01 1.424111913950244634e+01
-3.333493580000004286e-01 9.923470950345253172e+00
-3.192111930000001152e-01 6.417186198205168779e+00
-3.050730279999998018e-01 3.453626903233288914e+00
-2.909348620000002938e-01 8.468964217831675967e-01
-2.767966969999999804e-01 -1.469242197805090910e+00
-2.626585319999996671e-01 -3.480189754974698957e+00
-2.485203670000002418e-01 -5.160698954663121896e+00
-2.343822019999999284e-01 -6.520543196518129747e+00
-2.202440369999996150e-01 -7.610323124503420189e+00
-2.061058720000001898e-01 -8.494068666180403682e+00
-1.919677059999997937e-01 -9.225238918193564785e+00
-1.778295410000003685e-01 -9.832705113430137089e+00
-1.636913760000000551e-01 -1.032824127873034570e+01
-1.495532109999997417e-01 -1.072323618612699647e+01
-1.354150460000003164e-01 -1.102954854559350295e+01
-1.212768810000000030e-01 -1.126066595670587134e+01
-1.071387159999996896e-01 -1.143033331645562356e+01
-9.300055000000018168e-02 -1.154586148355632957e+01
-7.886238499999986828e-02 -1.161380413678219981e+01
-6.472422000000044306e-02 -1.164467028385409364e+01
-5.058605500000012967e-02 -1.164722648885479117e+01
-3.644788999999981627e-02 -1.162897427409714624e+01
-2.230972500000039105e-02 -1.159120326237198029e+01
-8.171560000000077650e-03 -1.153131321035082735e+01
5.966605999999430310e-03 -1.144906150406669809e+01
2.010477099999974371e-02 -1.134900239490210438e+01
3.424293600000005711e-02 -1.124280212553314939e+01
4.838110100000037050e-02 -1.114186029616765339e+01
6.251926600000068390e-02 -1.105093149906270611e+01
7.665743099999922094e-02 -1.096777812282911668e+01
9.079559599999953434e-02 -1.088656552795627164e+01
1.049337609999998477e-01 -1.080120857645562538e+01
1.190719270000002439e-01 -1.070899463057421386e+01
1.332100920000005573e-01 -1.061310484849122204e+01
1.473482570000008707e-01 -1.051984657584951677e+01
1.614864219999994077e-01 -1.043390226228703099e+01
1.756245869999997211e-01 -1.035572837007468294e+01
1.897627520000000345e-01 -1.027935467459470686e+01
2.039009170000003479e-01 -1.019600651568794802e+01
2.180390830000007441e-01 -1.010184355724752336e+01
2.321772479999992811e-01 -9.999002788211814874e+00
2.463154129999995945e-01 -9.895478139977644361e+00
2.604535779999999079e-01 -9.798726477048596450e+00
2.745917430000002213e-01 -9.709363836851707674e+00
2.887299080000005347e-01 -9.622245438154752861e+00
3.028680730000008481e-01 -9.530433075650371677e+00
3.170062389999994679e-01 -9.431649475724078968e+00
3.311444039999997813e-01 -9.331788701861203350e+00
3.452825690000000947e-01 -9.237998994118228779e+00
3.594207340000004081e-01 -9.154052050064564128e+00
3.735588990000007215e-01 -9.077137859013177490e+00
3.876970639999992585e-01 -8.999761155141662528e+00
4.018352289999995719e-01 -8.919175515372533170e+00
4.159733939999998853e-01 -8.839366143430897438e+00
4.301115600000002814e-01 -8.763895767963006733e+00
4.442497250000005948e-01 -8.690536232945731854e+00
4.583878899999991319e-01 -8.612998610098248520e+00
4.725260549999994453e-01 -8.524134625705428903e+00
4.866642199999997587e-01 -8.424091233968596271e+00
5.008023850000000721e-01 -8.322747037183020780e+00
5.149405500000003855e-01 -8.229452802678089540e+00
5.290787160000007816e-01 -8.146684121522067556e+00
5.432168809999993186e-01 -8.070050540110131010e+00
5.573550459999996320e-01 -7.990564962575426478e+00
5.714932109999999454e-01 -7.903841917023555652e+00
5.856313760000002588e-01 -7.811564957708966972e+00
5.997695410000005722e-01 -7.719138774033947215e+00
6.139077060000008856e-01 -7.633679360431361971e+00
6.280458719999995054e-01 -7.555466153008627117e+00
6.421840369999998188e-01 -7.480058572020123364e+00
6.563222020000001322e-01 -7.400235553689391566e+00
6.704603670000004456e-01 -7.310307518501819146e+00
6.845985320000007590e-01 -7.213372443088928776e+00
6.987366969999992961e-01 -7.117420172754833629e+00
7.128748619999996095e-01 -7.029741037242676072e+00
7.270130280000000056e-01 -6.950798980611935463e+00
7.411511930000003190e-01 -6.875025873124656073e+00
7.552893580000006324e-01 -6.794374187772856288e+00
7.694275229999991694e-01 -6.707590610923549690e+00
7.835656879999994828e-01 -6.620418551263874463e+00
7.977038529999997962e-01 -6.536089915266753536e+00
8.118420180000001096e-01 -6.453961687427092642e+00
8.259801830000004230e-01 -6.367529400204716694e+00
8.401183490000008192e-01 -6.272537767428904232e+00
8.542565139999993562e-01 -6.173659267951556728e+00
8.683946789999996696e-01 -6.079803769526876067e+00
8.825328439999999830e-01 -5.998932455043874512e+00
8.966710090000002964e-01 -5.930348040591422176e+00
9.108091740000006098e-01 -5.865093377098180127e+00
9.249473389999991468e-01 -5.792600579043075015e+00
9.390855049999995430e-01 -5.706479687857989092e+00
9.532236699999998564e-01 -5.609108227641648625e+00
9.673618350000001698e-01 -5.508045371391638412e+00
9.815000000000004832e-01 -5.410954222530449442e+00
9.956381650000007966e-01 -5.323457067678294408e+00
1.009776329999999334e+00 -5.241817794173556422e+00
1.023914494999999647e+00 -5.160127562019820147e+00
1.038052661000000043e+00 -5.074926821404385890e+00
1.052190826000000357e+00 -4.985354378708155565e+00
1.066328991000000670e+00 -4.896453123913520500e+00
1.080467155999999207e+00 -4.811667740365123791e+00
1.094605320999999520e+00 -4.733070712544535041e+00
1.108743485999999834e+00 -4.658803476824179057e+00
1.122881651000000147e+00 -4.583471264592070327e+00
1.137019817000000543e+00 -4.503545820945028311e+00
1.151157982000000857e+00 -4.415519858347447979e+00
1.165296146999999394e+00 -4.323237646097428666e+00
1.179434311999999707e+00 -4.235645411851677977e+00
1.193572477000000021e+00 -4.156487996166696064e+00
1.207710642000000334e+00 -4.082949453839187726e+00
1.221848807000000647e+00 -4.002523870321425647e+00
1.235986971999999184e+00 -3.903987451960869492e+00
1.250125137999999581e+00 -3.790915606456167097e+00
1.264263302999999894e+00 -3.679245491812022095e+00
1.278401468000000207e+00 -3.586394945804716627e+00
1.292539633000000521e+00 -3.512580711624000429e+00
1.306677798000000834e+00 -3.441359602122201267e+00
1.320815962999999371e+00 -3.353781993799703542e+00
1.334954127999999685e+00 -3.244773393167502462e+00
1.349092294000000081e+00 -3.129899518083846033e+00
1.363230459000000394e+00 -3.033087733769679772e+00
1.377368624000000707e+00 -2.967954629920672716e+00
1.391506788999999245e+00 -2.926894751348548596e+00
1.405644953999999558e+00 -2.888228747820182463e+00
1.419783118999999871e+00 -2.832457718923713230e+00
1.433921284000000185e+00 -2.752848814844035985e+00
1.448059450000000581e+00 -2.658387284462474298e+00
1.462197614999999118e+00 -2.566823954020993170e+00
1.476335779999999431e+00 -2.488068530704275361e+00
1.490473944999999745e+00 -2.421969349751091016e+00
1.504612110000000058e+00 -2.359243904000983605e+00
1.518750275000000372e+00 -2.291693169052834378e+00
1.532888440000000685e+00 -2.218295532865020903e+00
1.547026605999999305e+00 -2.142624238265206316e+00
1.561164770999999618e+00 -2.069483136616245389e+00
1.575302935999999931e+00 -1.997118500515352224e+00
1.589441101000000245e+00 -1.920542816199075631e+00
1.603579266000000558e+00 -1.839686215738693065e+00
1.617717431000000872e+00 -1.756219666020681913e+00
1.631855595999999409e+00 -1.674874791341002478e+00
1.645993760999999722e+00 -1.600507353941228672e+00
1.660131927000000118e+00 -1.530482567104757052e+00
1.674270092000000432e+00 -1.459105689706934328e+00
1.688408257000000745e+00 -1.381182669795970597e+00
1.702546421999999282e+00 -1.294776464350265499e+00
1.716684586999999595e+00 -1.202059732652147162e+00
1.730822751999999909e+00 -1.111849222619451183e+00
1.744960917000000222e+00 -1.036014695408013608e+00
1.759099083000000618e+00 -9.780650108592681136e-01
1.773237247999999155e+00 -9.319277199931228495e-01
1.787375412999999469e+00 -8.826257888825015385e-01
1.801513577999999782e+00 -8.171749813513375926e-01
1.815651743000000096e+00 -7.358624470557586505e-01
1.829789908000000409e+00 -6.505169642847352662e-01
1.843928073000000722e+00 -5.761006436812508014e-01
1.858066238999999342e+00 -5.145860619236568567e-01
1.872204403999999656e+00 -4.562820527495485834e-01
1.886342568999999969e+00 -3.907944855356628722e-01
1.900480734000000282e+00 -3.157133953483270972e-01
1.914618899000000596e+00 -2.392140695556239649e-01
1.928757063999999133e+00 -1.711753785676553008e-01
1.942895228999999446e+00 -1.109159343148782284e-01
1.957033393999999760e+00 -4.950069196237194546e-02
1.971171560000000156e+00 2.119532141051649887e-02
1.985309725000000469e+00 1.021566081375002710e-01
1.999447890000000783e+00 1.869188866801234639e-01
2.013586054999999320e+00 2.678346889308311773e-01
2.027724219999999633e+00 3.423571397755047485e-01
2.041862384999999946e+00 4.153665919431723808e-01
2.056000550000000260e+00 4.902424478708287126e-01
2.070138716000000656e+00 5.666915163194126137e-01
2.084276880999999193e+00 6.401621654643232517e-01
2.098415045999999506e+00 7.071152057871383789e-01
2.112553210999999820e+00 7.696119259085953956e-01
2.126691376000000133e+00 8.319584939143211955e-01
2.140829541000000447e+00 8.996428339707183142e-01
2.154967706000000760e+00 9.715205902476480304e-01
2.169105871999999380e+00 1.043411930888735739e+00
2.183244036999999693e+00 1.113542839041635091e+00
2.197382202000000007e+00 1.181487485750217559e+00
2.211520367000000320e+00 1.249062191376228981e+00
2.225658532000000633e+00 1.317663837511835467e+00
2.239796696999999170e+00 1.385584595949863385e+00
2.253934861999999484e+00 1.452324132311387572e+00
2.268073027999999880e+00 1.516773857958643390e+00
2.282211193000000193e+00 1.580504653670905313e+00
2.296349358000000507e+00 1.646692825478313082e+00
2.310487523000000820e+00 1.718283172260470337e+00
2.324625687999999357e+00 1.798520499716373067e+00
2.338763852999999671e+00 1.881128411688999691e+00
2.352902017999999984e+00 1.954850159331954274e+00
2.367040183000000297e+00 2.011564508804932316e+00
2.381178349000000694e+00 2.051799157011725327e+00
2.395316513999999231e+00 2.089484344686274753e+00
2.409454678999999544e+00 2.139896515168182134e+00
2.423592843999999857e+00 2.206011790531238859e+00
2.437731009000000171e+00 2.275741930551744119e+00
2.451869174000000484e+00 2.333622971093506138e+00
2.466007339000000798e+00 2.373028103321654925e+00
2.480145504999999417e+00 2.400231807677316809e+00
2.494283669999999731e+00 2.429940263432856185e+00
2.508421835000000044e+00 2.467244993350190541e+00
2.522560000000000358e+00 2.508347316574480956e+00
2.536698165000000671e+00 2.549744632012821199e+00
2.550836329999999208e+00 2.593131334367676288e+00
2.564974494999999521e+00 2.648578083349763190e+00
2.579112660999999918e+00 2.721166083830535598e+00
2.593250826000000231e+00 2.802618333925485317e+00
2.607388991000000544e+00 2.877487895829357711e+00
2.621527156000000858e+00 2.935313258710287698e+00
2.635665320999999395e+00 2.979635537969494763e+00
2.649803485999999708e+00 3.024300653923097215e+00
2.663941651000000022e+00 3.075189382190588461e+00
2.678079817000000418e+00 3.127350879142730022e+00
2.692217982000000731e+00 3.171781084983518184e+00
2.706356146999999268e+00 3.204378435174097817e+00
2.720494311999999582e+00 3.234361533621413543e+00
2.734632476999999895e+00 3.271984647818943159e+00
2.748770642000000208e+00 3.320459748412183387e+00
2.762908807000000522e+00 3.376966183657476250e+00
2.777046972000000835e+00 3.438377231527368849e+00
2.791185137999999455e+00 3.502691646336447917e+00
2.805323302999999768e+00 3.566607618880638597e+00
2.819461468000000082e+00 3.622762135802773287e+00
2.833599633000000395e+00 3.664312805428787456e+00
2.847737798000000708e+00 3.696109230554029068e+00
2.861875962999999246e+00 3.732395839480787458e+00
2.876014127999999559e+00 3.783252809640195835e+00
2.890152293999999955e+00 3.842600126572264685e+00
2.904290459000000268e+00 3.892999418181553040e+00
2.918428624000000582e+00 3.924188798809035816e+00
2.932566788999999119e+00 3.943502462421649923e+00
2.946704953999999432e+00 3.969096597162039330e+00
2.960843118999999746e+00 4.011642578740289622e+00
2.974981284000000059e+00 4.063018722878501521e+00
2.989119450000000455e+00 4.106824880468535000e+00
3.003257615000000769e+00 4.136868045355848622e+00
3.017395779999999306e+00 4.158966644588231176e+00
3.031533944999999619e+00 4.185718003370475060e+00
3.045672109999999932e+00 4.222403920495215957e+00
3.059810275000000246e+00 4.264071319382948033e+00
3.073948440000000559e+00 4.301656397584618929e+00
3.088086605999999179e+00 4.331017773705276852e+00
3.102224770999999492e+00 4.355006946363149112e+00
3.116362935999999806e+00 4.380909126791728170e+00
3.130501101000000119e+00 4.417362319971299911e+00
3.144639266000000433e+00 4.467045608882088459e+00
3.158777431000000746e+00 4.524402093192557928e+00
3.172915595999999283e+00 4.574674691363544099e+00
3.187053760999999596e+00 4.606437722457743078e+00
3.201191926999999993e+00 4.620119565711801712e+00
3.215330092000000306e+00 4.629908423905774839e+00
3.229468257000000619e+00 4.653224117730362153e+00
3.243606421999999156e+00 4.695879384860070616e+00
3.257744586999999470e+00 4.748493368616738763e+00
3.271882751999999783e+00 4.795611748423912246e+00
3.286020917000000097e+00 4.830006826366508577e+00
3.300159083000000493e+00 4.854643970293475164e+00
3.314297248000000806e+00 4.880232476597846869e+00
3.328435412999999343e+00 4.912851935760828681e+00
3.342573577999999657e+00 4.949866520248868085e+00
3.356711742999999970e+00 4.980804197293659641e+00
3.370849908000000283e+00 4.994739809347672477e+00
3.384988073000000597e+00 4.990652436231282962e+00
3.399126238999999217e+00 4.978352191471866917e+00
3.413264403999999530e+00 4.976072577729752311e+00
3.427402568999999843e+00 4.995920557930915606e+00
3.441540734000000157e+00 5.035443285517384737e+00
3.455678899000000470e+00 5.080710447814302810e+00
3.469817064000000784e+00 5.117793197663090154e+00
3.483955228999999321e+00 5.142315773465488959e+00
3.498093393999999634e+00 5.162140581580077381e+00
3.512231560000000030e+00 5.183744642074410436e+00
3.526369725000000344e+00 5.205465461208499178e+00
3.540507890000000657e+00 5.220122907273815116e+00
3.554646054999999194e+00 5.220724293197045895e+00
3.568784219999999507e+00 5.213010005494119525e+00
3.582922384999999821e+00 5.209004383845796227e+00
3.597060550000000134e+00 5.217450136184366372e+00
3.611198716000000530e+00 5.236458725623355903e+00
3.625336881000000844e+00 5.252361788234004791e+00
3.639475045999999381e+00 5.250984440649359541e+00
3.653613210999999694e+00 5.229727941197783281e+00
3.667751376000000008e+00 5.199524820620570864e+00
3.681889541000000321e+00 5.178436433707499731e+00
3.696027706000000634e+00 5.180740587912154638e+00
3.710165871999999254e+00 5.204706152635697691e+00
3.724304036999999568e+00 5.236832064061067271e+00
3.738442201999999881e+00 5.262185625404450562e+00
3.752580367000000194e+00 5.275871735990381950e+00
3.766718532000000508e+00 5.284082677850587828e+00
3.780856697000000821e+00 5.297496869713549827e+00
3.794994861999999358e+00 5.318534879148556271e+00
3.809133027999999754e+00 5.338296209203443610e+00
3.823271193000000068e+00 5.345841336767135132e+00
3.837409358000000381e+00 5.336340954292078109e+00
3.851547523000000695e+00 5.318683218281435643e+00
3.865685687999999232e+00 5.306107652063323243e+00
3.879823852999999545e+00 5.307220018899107217e+00
3.893962017999999858e+00 5.320166542320025727e+00
3.908100183000000172e+00 5.335953569992769374e+00
3.922238349000000568e+00 5.348844303299621572e+00
3.936376514000000881e+00 5.358993264523304489e+00
3.950514678999999418e+00 5.369719504452159953e+00
3.964652843999999732e+00 5.383075841455978505e+00
3.978791009000000045e+00 5.394884420141382364e+00
3.992929174000000359e+00 5.400599254167202545e+00
4.007067339000000672e+00 5.399452261622283089e+00
4.021205504999999292e+00 5.395088827547821708e+00
4.035343669999999605e+00 5.394882101415305442e+00
4.049481834999999919e+00 5.403771945908497187e+00
4.063620000000000232e+00 5.423274048352549670e+00
4.077758165000000545e+00 5.448848194662460287e+00
4.091896330000000859e+00 5.471965760688888736e+00
4.106034494999999396e+00 5.484404752007048245e+00
4.120172660999999792e+00 5.483189689969467651e+00
4.134310826000000105e+00 5.475774725947607280e+00
4.148448991000000419e+00 5.474294513349477143e+00
4.162587156000000732e+00 5.488525278754956105e+00
4.176725320999999269e+00 5.517106749980891678e+00
4.190863485999999583e+00 5.545678239192625369e+00
4.205001650999999896e+00 5.558980541515738949e+00
4.219139817000000292e+00 5.551046725207465116e+00
4.233277982000000605e+00 5.530576888544342040e+00
4.247416146999999143e+00 5.513129534781349150e+00
4.261554311999999456e+00 5.510045231816974365e+00
4.275692476999999769e+00 5.522806995257289131e+00
4.289830642000000083e+00 5.542464550646135635e+00
4.303968807000000396e+00 5.559743974388547727e+00
4.318106972000000709e+00 5.571252749085509492e+00
4.332245137999999329e+00 5.580296566059425700e+00
4.346383302999999643e+00 5.592441346652426759e+00
4.360521467999999956e+00 5.608790549244684343e+00
4.374659633000000269e+00 5.625828405390436160e+00
4.388797798000000583e+00 5.635614930527998112e+00
4.402935962999999120e+00 5.631889623564012126e+00
4.417074127999999433e+00 5.617688215777887351e+00
4.431212293999999829e+00 5.601159505112937254e+00
4.445350459000000143e+00 5.592724111003120058e+00
4.459488624000000456e+00 5.597792564921089564e+00
4.473626789000000770e+00 5.611380458279249694e+00
4.487764953999999307e+00 5.624837540491729015e+00
4.501903118999999620e+00 5.629651716500768899e+00
4.516041283999999933e+00 5.625381723327585348e+00
4.530179450000000330e+00 5.617312175540918773e+00
4.544317615000000643e+00 5.610297707141645773e+00
4.558455779999999180e+00 5.607052841817033340e+00
4.572593944999999493e+00 5.605636568195032865e+00
4.586732109999999807e+00 5.601178029964131611e+00
4.600870275000000120e+00 5.592372700459518953e+00
4.615008440000000434e+00 5.581510200389766752e+00
4.629146606000000830e+00 5.574790857423980839e+00
4.643284770999999367e+00 5.580749801310760816e+00
4.657422935999999680e+00 5.603508023250395098e+00
4.671561100999999994e+00 5.637140791443602694e+00
4.685699266000000307e+00 5.668832727092782520e+00
4.699837431000000620e+00 5.687928823989118143e+00
4.713975595999999157e+00 5.691275852375824229e+00
4.728113760999999471e+00 5.687512476046299170e+00
4.742251926999999867e+00 5.689462256049969469e+00
4.756390092000000180e+00 5.701855910810165184e+00
4.770528257000000494e+00 5.719540020790825352e+00
4.784666422000000807e+00 5.733064719633787831e+00
4.798804586999999344e+00 5.735499928982523699e+00
4.812942751999999658e+00 5.724055961011471183e+00
4.827080916999999971e+00 5.702824721151392495e+00
4.841219083000000367e+00 5.678737603560829683e+00
4.855357248000000681e+00 5.659943363301909613e+00
4.869495412999999218e+00 5.655868016595560377e+00
4.883633577999999531e+00 5.670310471664995688e+00
4.897771742999999844e+00 5.693271934440891968e+00
4.911909908000000158e+00 5.706179841973975542e+00
4.926048073000000471e+00 5.698227984277421498e+00
4.940186239000000867e+00 5.674009328034502531e+00
4.954324403999999404e+00 5.653978935832315145e+00
4.968462568999999718e+00 5.657042067593758716e+00
4.982600734000000031e+00 5.682111762009558475e+00
4.996738899000000345e+00 5.708251577242537067e+00
5.010877064000000658e+00 5.713881100223451526e+00
5.025015228999999195e+00 5.693640644630923120e+00
5.039153393999999508e+00 5.660670421518053885e+00
5.053291559999999905e+00 5.636602809197537312e+00
5.067429725000000218e+00 5.633091175415556151e+00
5.081567890000000531e+00 5.643878519372327318e+00
5.095706055000000845e+00 5.654273243742697019e+00
5.109844219999999382e+00 5.653561415967642390e+00
5.123982384999999695e+00 5.637742702845214282e+00
5.138120550000000009e+00 5.613800371489334751e+00
5.152258716000000405e+00 5.591913336568715920e+00
5.166396881000000718e+00 5.579972787185754513e+00
5.180535045999999255e+00 5.581315686838564716e+00
5.194673210999999569e+00 5.594396304853601620e+00
5.208811375999999882e+00 5.613040176793946401e+00
5.222949541000000195e+00 5.628403333757008298e+00
5.237087706000000509e+00 5.637563616273904898e+00
5.251225871999999129e+00 5.641321017137473248e+00
5.265364036999999442e+00 5.645177860339142484e+00
5.279502201999999755e+00 5.654476996325350058e+00
5.293640367000000069e+00 5.668748620783400582e+00
5.307778532000000382e+00 5.680401121519473406e+00
5.321916697000000696e+00 5.681185965698356100e+00
5.336054861999999233e+00 5.667368042859910915e+00
5.350193027999999629e+00 5.645311241865561769e+00
5.364331192999999942e+00 5.627715691010806154e+00
5.378469358000000256e+00 5.624081054752480213e+00
5.392607523000000569e+00 5.631692674259609177e+00
5.406745688000000882e+00 5.635870440761166833e+00
5.420883852999999419e+00 5.625073007786642876e+00
5.435022017999999733e+00 5.600461722674179299e+00
5.449160183000000046e+00 5.578254104548957315e+00
5.463298349000000442e+00 5.577376197447092565e+00
5.477436514000000756e+00 5.602290681897779123e+00
5.491574678999999293e+00 5.639221777533236946e+00
5.505712843999999606e+00 5.668512590404569451e+00
5.519851008999999920e+00 5.678534425152111709e+00
5.533989174000000233e+00 5.672686738129277373e+00
5.548127339000000546e+00 5.662610168359032414e+00
5.562265504999999166e+00 5.653974735658602313e+00
5.576403669999999480e+00 5.646453903397263829e+00
5.590541834999999793e+00 5.636606710224214112e+00
5.604680000000000106e+00 5.622957149737640492e+00
5.618818165000000420e+00 5.609560545595417835e+00
5.632956330000000733e+00 5.600060933463312907e+00
5.647094494999999270e+00 5.593497732559139735e+00
5.661232660999999666e+00 5.586974371719444221e+00
5.675370825999999980e+00 5.581272938332970668e+00
5.689508991000000293e+00 5.581538185951144371e+00
5.703647156000000606e+00 5.592959980133874964e+00
5.717785320999999144e+00 5.615550787382977305e+00
5.731923485999999457e+00 5.639159387679422153e+00
5.746061650999999770e+00 5.649529816909295121e+00
5.760199817000000166e+00 5.640697741460700243e+00
5.774337982000000480e+00 5.618436817744660416e+00
5.788476147000000793e+00 5.597517235099966015e+00
5.802614311999999330e+00 5.592614401933374779e+00
5.816752476999999644e+00 5.606732184652239326e+00
5.830890641999999957e+00 5.631478293143713287e+00
5.845028807000000270e+00 5.654050132575886067e+00
5.859166972000000584e+00 5.666600277551522069e+00
5.873305137999999204e+00 5.668832170529366721e+00
5.887443302999999517e+00 5.666002904579453769e+00
5.901581467999999830e+00 5.666483334523560345e+00
5.915719633000000144e+00 5.671614651605086266e+00
5.929857798000000457e+00 5.678469423891392864e+00
5.943995963000000771e+00 5.682955511753897682e+00
5.958134127999999308e+00 5.681734184704682278e+00
5.972272293999999704e+00 5.676587954230345900e+00
5.986410459000000017e+00 5.672984611252413600e+00
6.000548624000000331e+00 5.675328276091569535e+00
6.014686789000000644e+00 5.682290631078977583e+00
6.028824953999999181e+00 5.689094186251963947e+00
6.042963118999999494e+00 5.693230024246641818e+00
6.057101283999999808e+00 5.695502830369310487e+00
6.071239450000000204e+00 5.698202673960459208e+00
6.085377615000000517e+00 5.701330659383847532e+00
6.099515780000000831e+00 5.698621972755681497e+00
6.113653944999999368e+00 5.685059429850305435e+00
6.127792109999999681e+00 5.661862959148081131e+00
6.141930274999999995e+00 5.637314984375800364e+00
6.156068440000000308e+00 5.620646875754069072e+00
6.170206606000000704e+00 5.613430040479707728e+00
6.184344770999999241e+00 5.610111966067004019e+00
6.198482935999999555e+00 5.603136571488921192e+00
6.212621100999999868e+00 5.591698814494799663e+00
6.226759266000000181e+00 5.582187291128054341e+00
6.240897431000000495e+00 5.581486317090888605e+00
6.255035596000000808e+00 5.590452889250254742e+00
6.269173760999999345e+00 5.605426292143482314e+00
6.283311926999999741e+00 5.620835490520338595e+00
6.297450092000000055e+00 5.633872730624638336e+00
6.311588257000000368e+00 5.646413376629817904e+00
6.325726422000000682e+00 5.658258168545172495e+00
6.339864586999999219e+00 5.666044189673888454e+00
6.354002751999999532e+00 5.664303031213872686e+00
6.368140916999999845e+00 5.652557004386443040e+00
6.382279083000000242e+00 5.637594598861442208e+00
6.396417248000000555e+00 5.631246549626361286e+00
6.410555413000000868e+00 5.641103085775107218e+00
6.424693577999999405e+00 5.662873793414464174e+00
6.438831742999999719e+00 5.683024869886112995e+00
6.452969908000000032e+00 5.690005238368188500e+00
6.467108073000000346e+00 5.685791850297595929e+00
6.481246239000000742e+00 5.682316450854671075e+00
6.495384403999999279e+00 5.691340080243342925e+00
6.509522568999999592e+00 5.714157667774262706e+00
6.523660733999999906e+00 5.735886335653852086e+00
6.537798899000000219e+00 5.742456243205603883e+00
6.551937064000000532e+00 5.732129125590002872e+00
6.566075229000000846e+00 5.713655518250901011e+00
6.580213393999999383e+00 5.701627863420400288e+00
6.594351559999999779e+00 5.701970927663145616e+00
6.608489725000000092e+00 5.710108522273324994e+00
6.622627890000000406e+00 5.718395529711010283e+00
6.636766055000000719e+00 5.725185961803225254e+00
6.650904219999999256e+00 5.734392379552685881e+00
6.665042384999999570e+00 5.750804804211472998e+00
6.679180549999999883e+00 5.772238124996439623e+00
6.693318716000000279e+00 5.791223298398906039e+00
6.707456881000000593e+00 5.799949954463320623e+00
6.721595045999999130e+00 5.793709769400292586e+00
6.735733210999999443e+00 5.776910174670250697e+00
6.749871375999999756e+00 5.757538416203258791e+00
6.764009541000000070e+00 5.743700609002770463e+00
6.778147706000000383e+00 5.741926697801778445e+00
6.792285872000000779e+00 5.752077900196704618e+00
6.806424036999999316e+00 5.768168794690085477e+00
6.820562201999999630e+00 5.784525693892074827e+00
6.834700366999999943e+00 5.797488334486669004e+00
6.848838532000000257e+00 5.808671260274373083e+00
6.862976697000000570e+00 5.822218240306055392e+00
6.877114862000000883e+00 5.838189462185685130e+00
6.891253027999999503e+00 5.850122601969625080e+00
6.905391192999999816e+00 5.848820882208620731e+00
6.919529358000000130e+00 5.835635410149528468e+00
6.933667523000000443e+00 5.822459371231202496e+00
6.947805688000000757e+00 5.825487825361738814e+00
6.961943852999999294e+00 5.850327314758912323e+00
6.976082017999999607e+00 5.886011473395582172e+00
6.990220182999999921e+00 5.912618954385989056e+00
7.004358349000000317e+00 5.917895942238738272e+00
7.018496514000000630e+00 5.910348695309803446e+00
7.032634678999999167e+00 5.908440345180975939e+00
7.046772843999999481e+00 5.924484187214808628e+00
7.060911008999999794e+00 5.954681178889947191e+00
7.075049174000000107e+00 5.982765339701140661e+00
7.089187339000000421e+00 5.997972016813966079e+00
7.103325505000000817e+00 6.006725882612569123e+00
7.117463669999999354e+00 6.021752087446149204e+00
7.131601834999999667e+00 6.049534321948785376e+00
7.145739999999999981e+00 6.082549795241666502e+00
7.159878165000000294e+00 6.104908410326594037e+00
7.174016330000000607e+00 6.109764363986631253e+00
7.188154494999999145e+00 6.104780668322757009e+00
7.202292660999999541e+00 6.101459605066953173e+00
7.216430825999999854e+00 6.103944173622162239e+00
7.230568991000000167e+00 6.106378360441151898e+00
7.244707156000000481e+00 6.102812575758374436e+00
7.258845321000000794e+00 6.098855367218103396e+00
7.272983485999999331e+00 6.105958370069853203e+00
7.287121650999999645e+00 6.130298105763433369e+00
7.301259817000000041e+00 6.165708200968548880e+00
7.315397982000000354e+00 6.195738859143531840e+00
7.329536147000000668e+00 6.207510313149711578e+00
7.343674311999999205e+00 6.203643560512887234e+00
7.357812476999999518e+00 6.194313645874373719e+00
7.371950641999999831e+00 6.188842134422348096e+00
7.386088807000000145e+00 6.188946812806939590e+00
7.400226972000000458e+00 6.188692762702112660e+00
7.414365138000000854e+00 6.188981316884824224e+00
7.428503302999999391e+00 6.194598388450074822e+00
7.442641467999999705e+00 6.210470896660829965e+00
7.456779633000000018e+00 6.236770592209728292e+00
7.470917798000000332e+00 6.263095027610571464e+00
7.485055963000000645e+00 6.280375185336282584e+00
7.499194127999999182e+00 6.287786044648330019e+00
7.513332293999999578e+00 6.292103865029462284e+00
7.527470458999999892e+00 6.299805501868711133e+00
7.541608624000000205e+00 6.309924777899755810e+00
7.555746789000000518e+00 6.315857745227551945e+00
7.569884954000000832e+00 6.311783180719189090e+00
7.584023118999999369e+00 6.300682901201300368e+00
7.598161283999999682e+00 6.288910830583191114e+00
7.612299450000000078e+00 6.281046909466645900e+00
7.626437615000000392e+00 6.281399291712686406e+00
7.640575780000000705e+00 6.292330822056600326e+00
7.654713944999999242e+00 6.313477786958298310e+00
7.668852109999999556e+00 6.340702704992576599e+00
7.682990274999999869e+00 6.361970679400053896e+00
7.697128440000000182e+00 6.364507526680499794e+00
7.711266606000000579e+00 6.348110200320894236e+00
7.725404770999999116e+00 6.326417048538035104e+00
7.739542935999999429e+00 6.316681267482016082e+00
7.753681100999999742e+00 6.326279293263253223e+00
7.767819266000000056e+00 6.347790149989187114e+00
7.781957431000000369e+00 6.366586474080550673e+00
7.796095596000000683e+00 6.374383614303244627e+00
7.810233760999999220e+00 6.373268042976437897e+00
7.824371926999999616e+00 6.371258229113067273e+00
7.838510091999999929e+00 6.375290950573534232e+00
7.852648257000000243e+00 6.386309995504705128e+00
7.866786422000000556e+00 6.399693966131854594e+00
7.880924587000000869e+00 6.407611995324115739e+00
7.895062751999999406e+00 6.404032318264359702e+00
7.909200916999999720e+00 6.392179330747534749e+00
7.923339083000000116e+00 6.383044297027657521e+00
7.937477248000000429e+00 6.386703490206196321e+00
7.951615413000000743e+00 6.405723261906560495e+00
7.965753577999999280e+00 6.429572902830965830e+00
7.979891742999999593e+00 6.444882931972330198e+00
7.994029907999999907e+00 6.453404335637694444e+00
8.008168073000000220e+00 6.472492655157935815e+00
8.022306238999998840e+00 6.528242342088272920e+00
8.036444404000000929e+00 6.641099402419603948e+00
8.050582568999999467e+00 6.818639949194365002e+00
8.064720734000001556e+00 7.060117957181232029e+00
8.078858899000000093e+00 7.365792568557022690e+00
8.092997063999998630e+00 7.741375190754224533e+00
8.107135229000000720e+00 8.196177977080497001e+00
8.121273393999999257e+00 8.740078317043792566e+00
8.135411560000001430e+00 9.374908138612335406e+00
8.149549724999999967e+00 1.008630142919002637e+01
8.163687889999998504e+00 1.085548176940896603e+01
8.177826055000000594e+00 1.167001716633379793e+01
8.191964219999999131e+00 1.253536154767236788e+01
8.206102385000001220e+00 1.347707252903566832e+01
8.220240549999999757e+00 1.451470012458791814e+01
8.234378715999998377e+00 1.564659205930709795e+01
8.248516881000000467e+00 1.684865105731272905e+01
8.262655045999999004e+00 1.809347278212917587e+01
8.276793211000001094e+00 1.937520396694899460e+01
8.290931375999999631e+00 2.071037197619597947e+01
8.305069541000001720e+00 2.212406788837389371e+01
8.319207706000000258e+00 2.363783398759852972e+01
8.333345871999998877e+00 2.525846186144705285e+01
8.347484037000000967e+00 2.697686956369695821e+01
8.361622201999999504e+00 2.877226928223664260e+01
8.375760367000001594e+00 3.061351947550539876e+01
8.389898532000000131e+00 3.247336398435000859e+01
8.404036696999998668e+00 3.434632239105052776e+01
8.418174862000000758e+00 3.625149692320491113e+01
8.432313027999999377e+00 3.822069519922592207e+01
8.446451193000001467e+00 4.028015601019726688e+01
8.460589358000000004e+00 4.243993257954896592e+01
8.474727522999998541e+00 4.470572640273289977e+01
8.488865688000000631e+00 4.709563604849056873e+01
8.503003852999999168e+00 4.963347076317356965e+01
8.517142018000001258e+00 5.232295049842110046e+01
8.531280182999999795e+00 5.511386613560199521e+01
8.545418348999998415e+00 5.788732133042994832e+01
8.559556514000000504e+00 6.048054448658362503e+01
8.573694678999999041e+00 6.273215688979412619e+01
8.587832844000001131e+00 6.453202899693238237e+01
8.601971008999999668e+00 6.584946334580581606e+01
8.616109174000001758e+00 6.672711037330287809e+01
8.630247339000000295e+00 6.725666301074751630e+01
8.644385504999998915e+00 6.754475612792668926e+01
8.658523670000001005e+00 6.768508510553348856e+01
8.672661834999999542e+00 6.774559404072532232e+01
8.686800000000001631e+00 5.082412304320251906e+01
