# r_minus_2Rs_A, PMF_over_kBT
-5.827099999999996172e-01 2.386257813190558252e+01
-5.685851120000000591e-01 2.979706479225050586e+01
-5.544602249999996957e-01 3.566650788489148738e+01
-5.403353370000001377e-01 4.139339699585206489e+01
-5.262104489999996915e-01 4.684513667440790385e+01
-5.120855610000001334e-01 4.585895348122586768e+01
-4.979606739999997700e-01 4.416012114604190231e+01
-4.838357860000002120e-01 4.150483140425730255e+01
-4.697108979999997658e-01 3.771469862644356397e+01
-4.555860100000002078e-01 3.273952306044174065e+01
-4.414611229999998443e-01 2.668626356507283504e+01
-4.273362350000002863e-01 1.980103963497800379e+01
-4.132113469999998401e-01 1.242143489545698642e+01
-3.990864590000002821e-01 4.922044281664173404e+00
-3.849615719999999186e-01 -2.331096480906908575e+00
-3.708366840000003606e-01 -9.019597025615594177e+00
-3.567117959999999144e-01 -1.491149894919059982e+01
-3.425869080000003564e-01 -1.989337047834040817e+01
-3.284620209999999929e-01 -2.398038100784965110e+01
-3.143371330000004349e-01 -2.728481739173825105e+01
-3.002122449999999887e-01 -2.995834451248859409e+01
-2.860873579999996252e-01 -3.213770244381662877e+01
-2.719624700000000672e-01 -3.391475210331655887e+01
-2.578375819999996210e-01 -3.534060999426620242e+01
-2.437126940000000630e-01 -3.644673401598171125e+01
-2.295878069999996995e-01 -3.726333691175104690e+01
-2.154629190000001415e-01 -3.782584819676834087e+01
-2.013380309999996953e-01 -3.817409136071504605e+01
-1.872131430000001373e-01 -3.834741695033820719e+01
-1.730882559999997738e-01 -3.837812200719189804e+01
-1.589633680000002158e-01 -3.829068877441005014e+01
-1.448384799999997696e-01 -3.810153084477139629e+01
-1.307135920000002116e-01 -3.782201580360042215e+01
-1.165887049999998482e-01 -3.746368562215398867e+01
-1.024638170000002901e-01 -3.703912106487804579e+01
-8.833892899999984394e-02 -3.656126339424682214e+01
-7.421404100000028592e-02 -3.604171135188961728e+01
-6.008915399999992246e-02 -3.548948344200873350e+01
-4.596426600000036444e-02 -3.491178911657553385e+01
-3.183937799999991825e-02 -3.431400595697042633e+01
-1.771449100000044297e-02 -3.369981235321019142e+01
-3.589602999999996769e-03 -3.307376191868747384e+01
1.053528499999956125e-02 -3.244082468810959341e+01
2.466017299999911927e-02 -3.180572081849206967e+01
3.878506000000037091e-02 -3.117140072725791100e+01
5.290994799999992892e-02 -3.053969730178400610e+01
6.703483599999948694e-02 -2.991185231278874568e+01
8.115972400000082132e-02 -2.929017243529760606e+01
9.528461100000029660e-02 -2.867769992654606526e+01
1.094094989999998546e-01 -2.807459472420416091e+01
1.235343869999994126e-01 -2.747889471863505406e+01
1.376592750000007470e-01 -2.688887916015104196e+01
1.517841620000002223e-01 -2.630594397304550114e+01
1.659090499999997803e-01 -2.573320117817227271e+01
1.800339379999993383e-01 -2.517148904407530097e+01
1.941588260000006727e-01 -2.461927107488976674e+01
2.082837130000001480e-01 -2.407420024985791684e+01
2.224086009999997060e-01 -2.353530199268276490e+01
2.365334889999992640e-01 -2.300559386201248202e+01
2.506583770000005984e-01 -2.248682247724484640e+01
2.647832640000000737e-01 -2.197641212613770278e+01
2.789081519999996317e-01 -2.147091995678423615e+01
2.930330399999991897e-01 -2.096941068763275240e+01
3.071579270000004414e-01 -2.047293462236441641e+01
3.212828149999999994e-01 -1.998307230124322231e+01
3.354077029999995574e-01 -1.950017097244696984e+01
3.495325909999991154e-01 -1.902291364886006164e+01
3.636574780000003670e-01 -1.855275629908107149e+01
3.777823659999999251e-01 -1.809349963793581040e+01
3.919072539999994831e-01 -1.764577045567146030e+01
4.060321420000008175e-01 -1.720626471214823994e+01
4.201570290000002927e-01 -1.677116437796816228e+01
4.342819169999998508e-01 -1.633956074318369289e+01
4.484068049999994088e-01 -1.591339590245958746e+01
4.625316930000007432e-01 -1.549403203958717867e+01
4.766565800000002184e-01 -1.507853441183898369e+01
4.907814679999997765e-01 -1.466305579803220205e+01
5.049063559999993345e-01 -1.424841572030348047e+01
5.190312440000006688e-01 -1.384246167313933995e+01
5.331561310000001441e-01 -1.345286335969547054e+01
5.472810189999997021e-01 -1.308146181571135358e+01
5.614059069999992602e-01 -1.272340963339544651e+01
5.755307940000005118e-01 -1.237338421517774556e+01
5.896556820000000698e-01 -1.202991757409030882e+01
6.037805699999996278e-01 -1.169448183719880596e+01
6.179054579999991859e-01 -1.136730559851880429e+01
6.320303450000004375e-01 -1.104540215260785629e+01
6.461552329999999955e-01 -1.072398856056166139e+01
6.602801209999995535e-01 -1.040124725614363754e+01
6.744050090000008879e-01 -1.008095810965420114e+01
6.885298960000003632e-01 -9.769604324543502472e+00
7.026547839999999212e-01 -9.473782996281450153e+00
7.167796719999994792e-01 -9.196954349293765318e+00
7.309045600000008136e-01 -8.937693713734525147e+00
7.450294470000002889e-01 -8.690958576937592994e+00
7.591543349999998469e-01 -8.451991497770549699e+00
7.732792229999994049e-01 -8.218453661474001137e+00
7.874041110000007393e-01 -7.991742337724434542e+00
8.015289980000002146e-01 -7.773599055823630977e+00
8.156538859999997726e-01 -7.562641992004067504e+00
8.297787739999993306e-01 -7.354214274276520413e+00
8.439036610000005822e-01 -7.145706378767001432e+00
8.580285490000001403e-01 -6.937966264450390774e+00
8.721534369999996983e-01 -6.733443431263026469e+00
8.862783249999992563e-01 -6.534628830755690565e+00
9.004032120000005079e-01 -6.342344860657096461e+00
9.145281000000000660e-01 -6.155949691191811013e+00
9.286529879999996240e-01 -5.974114495080839582e+00
9.427778759999991820e-01 -5.797370729959430591e+00
9.569027630000004336e-01 -5.626375871764040859e+00
9.710276509999999917e-01 -5.461239089247643896e+00
9.851525389999995497e-01 -5.303116205270638872e+00
9.992774270000008840e-01 -5.152799497444479293e+00
1.013402314000000359e+00 -5.007526173454145635e+00
1.027527201999999917e+00 -4.864158556379918785e+00
1.041652089999999475e+00 -4.719971285826995988e+00
1.055776978000000810e+00 -4.572377801472379488e+00
1.069901865000000285e+00 -4.420303736640604164e+00
1.084026752999999843e+00 -4.262107999967389205e+00
1.098151640999999401e+00 -4.098845830887422714e+00
1.112276528000000653e+00 -3.933027635974764458e+00
1.126401416000000211e+00 -3.769610944642612260e+00
1.140526303999999769e+00 -3.610295978065727773e+00
1.154651191999999327e+00 -3.453745208215585727e+00
1.168776079000000578e+00 -3.297377593395030004e+00
1.182900967000000136e+00 -3.139880800845756603e+00
1.197025854999999694e+00 -2.985989389652139003e+00
1.211150742999999252e+00 -2.843127220255924570e+00
1.225275630000000504e+00 -2.717830014133581606e+00
1.239400518000000062e+00 -2.610647519279424067e+00
1.253525405999999620e+00 -2.515871379399752250e+00
1.267650293999999178e+00 -2.425435925040480889e+00
1.281775181000000430e+00 -2.334123214877394048e+00
1.295900068999999988e+00 -2.242595755554134485e+00
1.310024956999999546e+00 -2.155198622973110822e+00
1.324149845000000880e+00 -2.073857022616700796e+00
1.338274732000000355e+00 -1.995622189385900747e+00
1.352399619999999913e+00 -1.915169139535102261e+00
1.366524507999999472e+00 -1.830631810511389013e+00
1.380649396000000806e+00 -1.747821682404801180e+00
1.394774283000000281e+00 -1.676024979587668717e+00
1.408899170999999839e+00 -1.622339624801506730e+00
1.423024058999999397e+00 -1.584122691090742663e+00
1.437148946000000649e+00 -1.552687246695425571e+00
1.451273834000000207e+00 -1.518314364942708217e+00
1.465398721999999765e+00 -1.479340676398905430e+00
1.479523609999999323e+00 -1.442899269028075970e+00
1.493648497000000575e+00 -1.416355124698289281e+00
1.507773385000000133e+00 -1.402429289852769934e+00
1.521898272999999691e+00 -1.397247802123382954e+00
1.536023160999999249e+00 -1.396505293555154736e+00
1.550148048000000500e+00 -1.399891605606236489e+00
1.564272936000000058e+00 -1.411378641566602532e+00
1.578397823999999616e+00 -1.432260461881223357e+00
1.592522711999999174e+00 -1.457644574632665169e+00
1.606647599000000426e+00 -1.481124599895898619e+00
1.620772486999999984e+00 -1.499989913931209173e+00
1.634897374999999542e+00 -1.516530507088008406e+00
1.649022263000000876e+00 -1.534294512835839619e+00
1.663147150000000352e+00 -1.552166440370768008e+00
1.677272037999999910e+00 -1.563992005802036900e+00
1.691396925999999468e+00 -1.564051308274946095e+00
1.705521813000000719e+00 -1.550788133576267214e+00
1.719646701000000277e+00 -1.528157302895270853e+00
1.733771588999999835e+00 -1.500125884011001887e+00
1.747896476999999393e+00 -1.468210298059421604e+00
1.762021364000000645e+00 -1.431751195397504617e+00
1.776146252000000203e+00 -1.389504923209178067e+00
1.790271139999999761e+00 -1.343665143731724854e+00
1.804396027999999319e+00 -1.299407439415867671e+00
1.818520915000000571e+00 -1.264651246312868516e+00
1.832645803000000129e+00 -1.242874830686835352e+00
1.846770690999999687e+00 -1.231459783531433594e+00
1.860895578999999245e+00 -1.221698972826772867e+00
1.875020466000000496e+00 -1.204974406765213502e+00
1.889145354000000054e+00 -1.179821289879820156e+00
1.903270241999999612e+00 -1.150633491754618376e+00
1.917395129999999170e+00 -1.122781700410533823e+00
1.931520017000000422e+00 -1.096137136685298330e+00
1.945644904999999980e+00 -1.066247151068106191e+00
1.959769792999999538e+00 -1.030869015947357248e+00
1.973894680000000790e+00 -9.922318929286104705e-01
1.988019568000000348e+00 -9.544101848200670091e-01
2.002144455999999906e+00 -9.196258171452216246e-01
2.016269343999999464e+00 -8.859813037768473620e-01
2.030394231000000715e+00 -8.502549900619920109e-01
2.044519119000000273e+00 -8.114421897821131324e-01
2.058644006999999831e+00 -7.720302641859158044e-01
2.072768894999999389e+00 -7.343729234398503891e-01
2.086893782000000641e+00 -6.993831821120064518e-01
2.101018670000000199e+00 -6.680587707844765077e-01
2.115143557999999757e+00 -6.402845057313415467e-01
2.129268445999999315e+00 -6.154525910143613388e-01
2.143393333000000567e+00 -5.910107670313768935e-01
2.157518221000000125e+00 -5.645656006770733981e-01
2.171643108999999683e+00 -5.347217826016166242e-01
2.185767996999999241e+00 -5.015470025321562275e-01
2.199892884000000493e+00 -4.672979047811329778e-01
2.214017772000000051e+00 -4.328396125029589925e-01
2.228142659999999609e+00 -3.986094831636251001e-01
2.242267547000000860e+00 -3.673078242484519862e-01
2.256392435000000418e+00 -3.419785678269331441e-01
2.270517322999999976e+00 -3.246566306164222482e-01
2.284642210999999534e+00 -3.150769176767296287e-01
2.298767098000000786e+00 -3.102645460216573170e-01
2.312891986000000344e+00 -3.075386196430391905e-01
2.327016873999999902e+00 -3.074601132209870968e-01
2.341141761999999460e+00 -3.140630484131738953e-01
2.355266649000000712e+00 -3.276140383710082205e-01
2.369391537000000270e+00 -3.454212958036499970e-01
2.383516424999999828e+00 -3.630183365269576967e-01
2.397641312999999386e+00 -3.775749754302166750e-01
2.411766200000000637e+00 -3.905843448632770887e-01
2.425891088000000195e+00 -4.079465685070324810e-01
2.440015975999999753e+00 -4.327725710514007673e-01
2.454140863999999311e+00 -4.596855936781958363e-01
2.468265751000000563e+00 -4.809473718030954359e-01
2.482390639000000121e+00 -4.943960826558200239e-01
2.496515526999999679e+00 -5.065431367323016687e-01
2.510640414999999237e+00 -5.267698521485320029e-01
2.524765302000000489e+00 -5.590204515997472257e-01
2.538890190000000047e+00 -5.942841603298489872e-01
2.553015077999999605e+00 -6.201008161126146945e-01
2.567139965000000856e+00 -6.319445273818997677e-01
2.581264853000000414e+00 -6.377634024724221362e-01
2.595389740999999972e+00 -6.483423940413022279e-01
2.609514628999999530e+00 -6.661573553388446811e-01
2.623639516000000782e+00 -6.836232030166717877e-01
2.637764404000000340e+00 -6.904475418284734545e-01
2.651889291999999898e+00 -6.870792831789502841e-01
2.666014179999999456e+00 -6.836481391551183506e-01
2.680139067000000708e+00 -6.909209452682913977e-01
2.694263955000000266e+00 -7.094142962600953339e-01
2.708388842999999824e+00 -7.296241401352725475e-01
2.722513730999999382e+00 -7.400508868704198662e-01
2.736638618000000633e+00 -7.384750847043655142e-01
2.750763506000000191e+00 -7.330169243312827376e-01
2.764888393999999749e+00 -7.313286187399450355e-01
2.779013281999999307e+00 -7.328316007934425613e-01
2.793138169000000559e+00 -7.289348780910245296e-01
2.807263057000000117e+00 -7.122054833592539325e-01
2.821387944999999675e+00 -6.827933339458169826e-01
2.835512831999999150e+00 -6.472157989843871917e-01
2.849637720000000485e+00 -6.120573939568441091e-01
2.863762608000000043e+00 -5.806017796332954006e-01
2.877887495999999601e+00 -5.518658267264582307e-01
2.892012383000000852e+00 -5.247938232183084750e-01
2.906137271000000410e+00 -5.004019553505969498e-01
2.920262158999999969e+00 -4.804772455286130395e-01
2.934387046999999527e+00 -4.687420500622287989e-01
2.948511934000000778e+00 -4.691216251337051446e-01
2.962636822000000336e+00 -4.840038455069564094e-01
2.976761709999999894e+00 -5.108762013022838389e-01
2.990886597999999452e+00 -5.431328417051721758e-01
3.005011485000000704e+00 -5.744305851276410024e-01
3.019136373000000262e+00 -6.035698356594627612e-01
3.033261260999999820e+00 -6.335207316170734515e-01
3.047386148999999378e+00 -6.639368124781954705e-01
3.061511036000000630e+00 -6.893345272915132327e-01
3.075635924000000188e+00 -6.997842500700892643e-01
3.089760811999999746e+00 -6.885676189592428997e-01
3.103885698999999221e+00 -6.586268001778865511e-01
3.118010587000000555e+00 -6.175599622570668856e-01
3.132135475000000113e+00 -5.725068549822225350e-01
3.146260362999999671e+00 -5.256281332378005544e-01
3.160385249999999147e+00 -4.758354920780876185e-01
3.174510138000000481e+00 -4.247993017494682277e-01
3.188635026000000039e+00 -3.792887854328732544e-01
3.202759913999999597e+00 -3.471318524687525553e-01
3.216884801000000849e+00 -3.318348560990855844e-01
3.231009689000000407e+00 -3.303108679831270322e-01
3.245134576999999965e+00 -3.349634698108374664e-01
3.259259464999999523e+00 -3.403817158826951683e-01
3.273384352000000774e+00 -3.474337755291312391e-01
3.287509240000000332e+00 -3.583189687553103298e-01
3.301634127999999890e+00 -3.731938120481110843e-01
3.315759015999999448e+00 -3.877678575688499052e-01
3.329883903000000700e+00 -3.963005881753431936e-01
3.344008791000000258e+00 -3.988199963658658476e-01
3.358133678999999816e+00 -3.992097624760804209e-01
3.372258565999999291e+00 -4.009424913644927813e-01
3.386383454000000626e+00 -4.013911374563896572e-01
3.400508342000000184e+00 -3.935583975591994133e-01
3.414633229999999742e+00 -3.727052337361937973e-01
3.428758116999999217e+00 -3.429550733794801687e-01
3.442883005000000551e+00 -3.146966063285141502e-01
3.457007893000000109e+00 -2.968618482577038975e-01
3.471132780999999667e+00 -2.907925200304637414e-01
3.485257667999999143e+00 -2.900196451186447533e-01
3.499382556000000477e+00 -2.876624579892856914e-01
3.513507444000000035e+00 -2.829895824922132874e-01
3.527632331999999593e+00 -2.790323852463592047e-01
3.541757219000000845e+00 -2.783409191882295630e-01
3.555882107000000403e+00 -2.775318888941393780e-01
3.570006994999999961e+00 -2.691322834839446898e-01
3.584131882999999519e+00 -2.489055877493040470e-01
3.598256770000000770e+00 -2.206235755408574306e-01
3.612381658000000328e+00 -1.915176649291741029e-01
3.626506545999999886e+00 -1.673644506246105834e-01
3.640631433999999444e+00 -1.484757881700984328e-01
3.654756321000000696e+00 -1.317942702529277810e-01
3.668881209000000254e+00 -1.177387756511691919e-01
3.683006096999999812e+00 -1.107841212979021606e-01
3.697130983999999287e+00 -1.145840038078667078e-01
3.711255872000000622e+00 -1.264612912943947620e-01
3.725380760000000180e+00 -1.391895887678611388e-01
3.739505647999999738e+00 -1.456735976186456227e-01
3.753630534999999213e+00 -1.446541894022725927e-01
3.767755423000000548e+00 -1.388916303766922766e-01
3.781880311000000106e+00 -1.310504211801974961e-01
3.796005198999999664e+00 -1.195681145726172900e-01
3.810130085999999139e+00 -1.019699946289565062e-01
3.824254974000000473e+00 -7.989700109390707183e-02
3.838379862000000031e+00 -5.909581696298982223e-02
3.852504749999999589e+00 -4.430726477214630421e-02
3.866629637000000841e+00 -3.414242417847290767e-02
3.880754525000000399e+00 -2.290675647603102050e-02
3.894879412999999957e+00 -2.344546047946316492e-03
3.909004300999999515e+00 3.017196931172438923e-02
3.923129188000000767e+00 7.173548128024176407e-02
3.937254076000000325e+00 1.168561556061957774e-01
3.951378963999999883e+00 1.603675773062436249e-01
3.965503850999999358e+00 1.996070092977841881e-01
3.979628739000000692e+00 2.343549004216889386e-01
3.993753627000000250e+00 2.649914372999901957e-01
4.007878514999999808e+00 2.921267940493352810e-01
4.022003401999999284e+00 3.171884907519659791e-01
4.036128290000000618e+00 3.392555044027734112e-01
4.050253178000000176e+00 3.559166747152717747e-01
4.064378065999999734e+00 3.653479139609991933e-01
4.078502952999999209e+00 3.671711526145893245e-01
4.092627841000000544e+00 3.615513825798837289e-01
4.106752729000000102e+00 3.508176876733219984e-01
4.120877616999999660e+00 3.347848895923721813e-01
4.135002503999999135e+00 3.098751301735065411e-01
4.149127392000000469e+00 2.733246667150739384e-01
4.163252280000000027e+00 2.265663624607006099e-01
4.177377167999999585e+00 1.763217236967475898e-01
4.191502055000000837e+00 1.311584781188743776e-01
4.205626943000000395e+00 9.665457797859211553e-02
4.219751830999999953e+00 7.269810496017914403e-02
4.233876717999999428e+00 5.505387671470973743e-02
4.248001606000000763e+00 4.071841536757325741e-02
4.262126494000000321e+00 2.987115389044525671e-02
4.276251381999999879e+00 2.569778436587455417e-02
4.290376268999999354e+00 3.074043403705140065e-02
4.304501157000000688e+00 4.327908077143494125e-02
4.318626045000000246e+00 5.816064193125125570e-02
4.332750932999999804e+00 6.834888872899558265e-02
4.346875819999999280e+00 7.000940800153543364e-02
4.361000708000000614e+00 6.326697688780047457e-02
4.375125596000000172e+00 5.097806057026943449e-02
4.389250483999999730e+00 3.672804630786874469e-02
4.403375370999999205e+00 2.098149359717638163e-02
4.417500259000000540e+00 1.304143366243515345e-03
4.431625147000000098e+00 -2.469693073553980156e-02
4.445750034999999656e+00 -5.432813749808840242e-02
4.459874921999999131e+00 -8.101182575136611774e-02
4.473999810000000465e+00 -9.764772509156749436e-02
4.488124698000000024e+00 -1.016012356789763871e-01
4.502249584999999499e+00 -9.718557767347490994e-02
4.516374473000000833e+00 -9.292886546808443171e-02
4.530499361000000391e+00 -9.444470002842741962e-02
4.544624248999999949e+00 -1.019067665932622546e-01
4.558749135999999424e+00 -1.120068120135835343e-01
4.572874024000000759e+00 -1.229105204176050847e-01
4.586998912000000317e+00 -1.361157122434661915e-01
4.601123799999999875e+00 -1.543218313353875715e-01
4.615248686999999350e+00 -1.791764907502075843e-01
4.629373575000000685e+00 -2.072729901764809313e-01
4.643498463000000243e+00 -2.322720506123427953e-01
4.657623350999999801e+00 -2.496198079132794234e-01
4.671748237999999276e+00 -2.597665705341576370e-01
4.685873126000000610e+00 -2.673227927547729976e-01
4.699998014000000168e+00 -2.773541845189999577e-01
4.714122901999999726e+00 -2.904344591761196526e-01
4.728247788999999202e+00 -3.007051500938180411e-01
4.742372677000000536e+00 -3.018029537224435899e-01
4.756497565000000094e+00 -2.915822416922262406e-01
4.770622452999999652e+00 -2.734183159739602686e-01
4.784747339999999127e+00 -2.523488800276254551e-01
4.798872228000000462e+00 -2.321724579177137926e-01
4.812997116000000020e+00 -2.129788839467483541e-01
4.827122002999999495e+00 -1.925707399960758792e-01
4.841246891000000829e+00 -1.700371187906579706e-01
4.855371779000000387e+00 -1.471195730147609737e-01
4.869496666999999945e+00 -1.275834265578419391e-01
4.883621553999999421e+00 -1.144253450815071460e-01
4.897746442000000755e+00 -1.102888291033536916e-01
4.911871330000000313e+00 -1.129858841586974805e-01
4.925996217999999871e+00 -1.172091259612715319e-01
4.940121104999999346e+00 -1.183279747581638119e-01
4.954245993000000681e+00 -1.156280427489253526e-01
4.968370881000000239e+00 -1.124050673118102139e-01
4.982495768999999797e+00 -1.122416766483569361e-01
4.996620655999999272e+00 -1.150117317189645050e-01
5.010745544000000606e+00 -1.148392951136179008e-01
5.024870432000000164e+00 -1.068361354071596381e-01
5.038995319999999722e+00 -9.106296006194192216e-02
5.053120206999999198e+00 -7.173456012442436247e-02
5.067245095000000532e+00 -5.162480369696886839e-02
5.081369983000000090e+00 -3.020199637538301118e-02
5.095494869999999565e+00 -5.415567784896602177e-03
5.109619757999999123e+00 2.232827370422718616e-02
5.123744646000000458e+00 4.908127976263543246e-02
5.137869534000000016e+00 7.114467456805861900e-02
5.151994420999999491e+00 8.959315133352241389e-02
5.166119309000000825e+00 1.069659989013054258e-01
5.180244197000000383e+00 1.216747310973609331e-01
5.194369084999999941e+00 1.294887109254219126e-01
5.208493971999999417e+00 1.261826955669080874e-01
5.222618860000000751e+00 1.139775671876055441e-01
5.236743748000000309e+00 9.952900196950675848e-02
5.250868635999999867e+00 8.678061817587678917e-02
5.264993522999999342e+00 7.348240598987665351e-02
5.279118411000000677e+00 5.404366574058716566e-02
5.293243299000000235e+00 2.665265758001567065e-02
5.307368186999999793e+00 -4.014460774418360245e-03
5.321493073999999268e+00 -2.891017647804261514e-02
5.335617962000000603e+00 -4.401197487097707750e-02
5.349742850000000161e+00 -5.161570797788339604e-02
5.363867736999999636e+00 -5.338483040033903393e-02
5.377992624999999194e+00 -4.804092903168921680e-02
5.392117513000000528e+00 -3.180659298230548160e-02
5.406242401000000086e+00 -5.824875788543515398e-03
5.420367287999999562e+00 2.256390563004284644e-02
5.434492175999999120e+00 4.530611385537142155e-02
5.448617064000000454e+00 6.023596855106205794e-02
5.462741952000000012e+00 7.187167114038661708e-02
5.476866838999999487e+00 8.279217722553511294e-02
5.490991727000000822e+00 8.883013723299093556e-02
5.505116615000000380e+00 8.192544012280045251e-02
5.519241502999999938e+00 5.929641322781087354e-02
5.533366389999999413e+00 2.646762967293625479e-02
5.547491278000000747e+00 -6.300923076253184263e-03
5.561616166000000305e+00 -3.258921176231055483e-02
5.575741053999999863e+00 -5.090156330313622135e-02
5.589865940999999339e+00 -6.109331884266833157e-02
5.603990829000000673e+00 -6.219598529022274391e-02
5.618115717000000231e+00 -5.391585139866439391e-02
5.632240603999999706e+00 -3.809922091634199148e-02
5.646365491999999264e+00 -1.798186907539900403e-02
5.660490380000000599e+00 3.413989900845848524e-03
5.674615268000000157e+00 2.620437930081909172e-02
5.688740154999999632e+00 4.856021193374715494e-02
5.702865042999999190e+00 6.628276285338330354e-02
5.716989931000000524e+00 7.442734451889965186e-02
5.731114819000000082e+00 7.396100082765588724e-02
5.745239705999999558e+00 7.260074679252337404e-02
5.759364593999999116e+00 7.810466241305746848e-02
5.773489482000000450e+00 9.161028977187690714e-02
5.787614370000000008e+00 1.060917828738805468e-01
5.801739256999999483e+00 1.135274532913133072e-01
5.815864145000000818e+00 1.119260456478343713e-01
5.829989033000000376e+00 1.065575443923290067e-01
5.844113920999999934e+00 1.022995110574651534e-01
5.858238807999999409e+00 9.799918635637361319e-02
5.872363696000000743e+00 8.839245808607731902e-02
5.886488584000000301e+00 6.959714209484424430e-02
5.900613471999999859e+00 4.451859792783974257e-02
5.914738358999999335e+00 2.067028606718768202e-02
5.928863247000000669e+00 2.516260745752951777e-03
5.942988135000000227e+00 -1.047525032201246376e-02
5.957113021999999702e+00 -2.035089683566759788e-02
5.971237909999999260e+00 -2.647076981559770559e-02
5.985362798000000595e+00 -2.493543669275233299e-02
5.999487686000000153e+00 -1.293576899671133873e-02
6.013612572999999628e+00 6.409325135518173511e-03
6.027737460999999186e+00 2.538727255460759835e-02
6.041862349000000521e+00 3.808026122756213994e-02
6.055987237000000079e+00 4.494348168981687763e-02
6.070112123999999554e+00 5.135154285158982645e-02
6.084237011999999112e+00 6.071298103033395677e-02
6.098361900000000446e+00 7.142016511165039105e-02
6.112486788000000004e+00 7.889417058202141675e-02
6.126611674999999479e+00 7.977235630290913093e-02
6.140736563000000814e+00 7.650154418836851988e-02
6.154861451000000372e+00 7.505190726918353761e-02
6.168986338999999930e+00 7.998500759656845815e-02
6.183111225999999405e+00 9.081127848256009827e-02
6.197236114000000740e+00 1.035769950543787843e-01
6.211361002000000298e+00 1.132104312453785511e-01
6.225485888999999773e+00 1.176786198658161808e-01
6.239610776999999331e+00 1.181230836967088749e-01
6.253735665000000665e+00 1.157516394310071917e-01
6.267860553000000223e+00 1.096021453101290177e-01
6.281985439999999699e+00 9.623289603315310359e-02
6.296110327999999257e+00 7.293378338452605192e-02
6.310235216000000591e+00 4.188586800787508224e-02
6.324360104000000149e+00 1.079541956777152478e-02
6.338484990999999624e+00 -1.270301083101976758e-02
6.352609878999999182e+00 -2.452847419173487253e-02
6.366734767000000517e+00 -2.665242620663033080e-02
6.380859655000000075e+00 -2.190190193394148110e-02
6.394984541999999550e+00 -1.105157434636350189e-02
6.409109430000000884e+00 6.515733733640338698e-03
6.423234318000000442e+00 2.932802414961166448e-02
6.437359206000000000e+00 5.232422857282870154e-02
6.451484092999999476e+00 6.979473671078384456e-02
6.465608981000000810e+00 7.818327702150895675e-02
6.479733869000000368e+00 7.840950338391561303e-02
6.493858755999999843e+00 7.270316823175893006e-02
6.507983643999999401e+00 6.379060880942954981e-02
6.522108532000000736e+00 5.462690353118926367e-02
6.536233420000000294e+00 4.869096623254876022e-02
6.550358306999999769e+00 4.823565527170714518e-02
6.564483194999999327e+00 5.345825625433864303e-02
6.578608083000000661e+00 6.465252171065483111e-02
6.592732971000000219e+00 8.284924754746647579e-02
6.606857857999999695e+00 1.101049151448547647e-01
6.620982745999999253e+00 1.446392613563514118e-01
6.635107634000000587e+00 1.789041875408381443e-01
6.649232522000000145e+00 2.039463877887941479e-01
6.663357408999999620e+00 2.177757777931637051e-01
6.677482296999999178e+00 2.259725746882468300e-01
6.691607185000000513e+00 2.346130538235353669e-01
6.705732073000000071e+00 2.439197739254330699e-01
6.719856959999999546e+00 2.469759880479767133e-01
6.733981848000000880e+00 2.398765326730014635e-01
6.748106736000000438e+00 2.291716413178557232e-01
6.762231622999999914e+00 2.283529973455076245e-01
6.776356510999999472e+00 2.455332629629092267e-01
6.790481399000000806e+00 2.777920394499293621e-01
6.804606287000000364e+00 3.146074141545591729e-01
6.818731173999999839e+00 3.485932823350177401e-01
6.832856061999999397e+00 3.812279408525922619e-01
6.846980950000000732e+00 4.178222502680641881e-01
6.861105838000000290e+00 4.575530362937465512e-01
6.875230724999999765e+00 4.907728230192009988e-01
6.889355612999999323e+00 5.071795582339806430e-01
6.903480501000000658e+00 5.042347290724480402e-01
6.917605389000000216e+00 4.910521628206474531e-01
6.931730275999999691e+00 4.792118333678212494e-01
6.945855163999999249e+00 4.746349991098055554e-01
6.959980052000000583e+00 4.746598081099753230e-01
6.974104940000000141e+00 4.773977395512734034e-01
6.988229826999999617e+00 4.898655698651497303e-01
7.002354714999999175e+00 5.270904512801140029e-01
7.016479603000000509e+00 6.061972156923607358e-01
7.030604491000000067e+00 7.380682112790841742e-01
7.044729377999999542e+00 9.274902945785932218e-01
7.058854266000000877e+00 1.178419226201914860e+00
7.072979154000000435e+00 1.498102672184643325e+00
7.087104040999999910e+00 1.893920270827826435e+00
7.101228928999999468e+00 2.369320347503506952e+00
7.115353817000000802e+00 2.923391522785427910e+00
7.129478705000000360e+00 3.553667927027068352e+00
7.143603591999999836e+00 4.260590717524855187e+00
7.157728479999999394e+00 5.047821468985559612e+00
7.171853368000000728e+00 5.918507378687250409e+00
7.185978256000000286e+00 6.873565283092602840e+00
7.200103142999999761e+00 7.911917201719775861e+00
7.214228030999999319e+00 9.031749110368377131e+00
7.228352919000000654e+00 1.023108777611911968e+01
7.242477807000000212e+00 1.150611615152778811e+01
7.256602693999999687e+00 1.285289498768964478e+01
7.270727581999999245e+00 1.427037734569121596e+01
7.284852470000000579e+00 1.576255958177123873e+01
7.298977358000000137e+00 1.733547381957912847e+01
7.313102244999999613e+00 1.899293469838440274e+01
7.327227132999999171e+00 2.073445810475488571e+01
7.341352021000000505e+00 2.255753533036189395e+01
7.355476907999999980e+00 2.446156296349738923e+01
7.369601795999999538e+00 2.644827348242845488e+01
7.383726684000000873e+00 2.851928489401075595e+01
7.397851572000000431e+00 3.067035226826827099e+01
7.411976458999999906e+00 3.288581209910374525e+01
7.426101346999999464e+00 3.513645132041153119e+01
7.440226235000000798e+00 3.737695945849662138e+01
7.454351123000000356e+00 3.954902203981696118e+01
7.468476009999999832e+00 4.158765730001562133e+01
7.482600897999999390e+00 4.343009733117901305e+01
7.496725786000000724e+00 4.502497221990110177e+01
7.510850674000000282e+00 4.633888050163858452e+01
7.524975560999999757e+00 4.736059991135599745e+01
7.539100448999999315e+00 4.810331073675166635e+01
7.553225337000000650e+00 4.860301977890254932e+01
7.567350225000000208e+00 4.275705827216145849e+01
7.581475111999999683e+00 3.677516940803858603e+01
7.595599999999999241e+00 3.070790744548187945e+01
