# r_minus_2Rs_A, PMF_over_kBT
-1.175000000000000044e+00 nan
-1.125000000000000000e+00 nan
-1.074999999999999956e+00 nan
-1.024999999999999911e+00 nan
-9.749999999999999778e-01 nan
-9.249999999999999334e-01 nan
-8.749999999999998890e-01 nan
-8.249999999999999556e-01 nan
-7.749999999999999112e-01 nan
-7.249999999999999778e-01 nan
-6.749999999999999334e-01 nan
-6.249999999999998890e-01 nan
-5.749999999999999556e-01 nan
-5.249999999999999112e-01 nan
-4.749999999999998668e-01 nan
-4.249999999999999334e-01 nan
-3.749999999999998890e-01 nan
-3.249999999999999556e-01 nan
-2.749999999999999112e-01 nan
-2.249999999999998668e-01 nan
-1.750000000000000444e-01 1.529410219044412322e+00
-1.249999999999997780e-01 -3.362623241089459647e-01
-7.499999999999995559e-02 -1.187257590383361094e+00
-2.499999999999968914e-02 -1.486181661807163934e+00
2.500000000000013323e-02 -1.488594531668888443e+00
7.499999999999995559e-02 -1.333419129898521849e+00
1.250000000000002220e-01 -1.181681121008154367e+00
1.750000000000000444e-01 -1.044546124231926942e+00
2.250000000000003109e-01 -9.084840364377790856e-01
2.750000000000001332e-01 -8.036206640677199253e-01
3.249999999999999556e-01 -7.305202298504798186e-01
3.750000000000002220e-01 -6.436674960910173660e-01
4.250000000000000444e-01 -5.208959111294655386e-01
4.750000000000003109e-01 -4.472292343891552946e-01
5.250000000000001332e-01 -4.212766850954596798e-01
5.749999999999999556e-01 -3.776185548831922922e-01
6.250000000000002220e-01 -3.603954477746276197e-01
6.750000000000000444e-01 -3.429912501992737894e-01
7.250000000000003109e-01 -3.341353760143626062e-01
7.750000000000001332e-01 -3.399312822425675229e-01
8.250000000000003997e-01 -3.278688608078357269e-01
8.750000000000002220e-01 -3.241231031545499519e-01
9.250000000000000444e-01 -3.074806185981127093e-01
9.749999999999998668e-01 -2.763104424012916560e-01
1.025000000000000133e+00 -2.365365861300463557e-01
1.075000000000000400e+00 -2.096441693478690027e-01
1.125000000000000222e+00 -1.690814381935799027e-01
1.175000000000000044e+00 -1.336310873668575816e-01
1.225000000000000311e+00 -1.244452320099749265e-01
1.275000000000000133e+00 -1.109223937490004808e-01
1.325000000000000400e+00 -8.583141353705503462e-02
1.375000000000000222e+00 -5.184565658134632216e-02
1.425000000000000044e+00 -4.642831594726315458e-02
1.475000000000000311e+00 -3.620752212359557021e-02
1.525000000000000133e+00 -2.730895355626028476e-02
1.575000000000000400e+00 -4.099239426901490901e-02
1.625000000000000222e+00 -3.787735052465190932e-02
1.675000000000000044e+00 -4.023903911125437105e-02
1.725000000000000311e+00 -5.610669193879003203e-02
1.775000000000000133e+00 -5.977325499867713887e-02
1.825000000000000400e+00 -6.307846296276942155e-02
1.875000000000000222e+00 -6.106773963548706163e-02
1.925000000000000044e+00 -6.169081622181549207e-02
1.975000000000000311e+00 -6.013504220071297368e-02
2.025000000000000355e+00 -4.169308891666290151e-02
2.075000000000000178e+00 -1.707185785676346157e-02
2.125000000000000000e+00 -1.448099526718760188e-02
2.174999999999999822e+00 -1.802274108857293555e-02
2.225000000000000533e+00 -1.916258074385224219e-02
2.275000000000000355e+00 3.201846634498295430e-03
2.325000000000000178e+00 1.130887396889734831e-02
2.375000000000000000e+00 4.860347009268739527e-03
2.424999999999999822e+00 1.055627641753131840e-02
2.475000000000000533e+00 1.236803318644508209e-03
2.525000000000000355e+00 5.023902202449193055e-03
2.575000000000000178e+00 6.363786150506367534e-03
2.625000000000000000e+00 -1.600619076045761702e-02
2.674999999999999822e+00 -2.668071126770010792e-02
2.725000000000000533e+00 -6.407456443980219518e-03
2.775000000000000355e+00 -7.712938786467837815e-03
2.825000000000000178e+00 -1.313356871441273555e-02
2.875000000000000000e+00 -1.189445987185777653e-02
2.924999999999999822e+00 -2.256830194778336462e-02
2.975000000000000533e+00 -1.266786289030941148e-02
3.024999999999999467e+00 2.283948599840268656e-03
3.075000000000000178e+00 -6.358992173822741734e-04
3.125000000000000000e+00 -9.362686166781930552e-03
3.174999999999999822e+00 -1.004575029426391097e-02
3.225000000000000533e+00 -7.626045707588069433e-03
3.274999999999999467e+00 -3.743864906529559278e-03
3.325000000000000178e+00 -3.006919096874671737e-03
3.375000000000000000e+00 -7.872457587617898156e-03
3.424999999999999822e+00 -1.955821150746661630e-03
3.475000000000000533e+00 6.160250664931421483e-03
3.524999999999999467e+00 1.030040516305064102e-03
3.575000000000000178e+00 -1.373312305260387944e-03
3.625000000000000888e+00 5.523477809559196317e-04
3.674999999999999822e+00 -4.475367236357552514e-03
3.725000000000000533e+00 -3.387591372700171632e-03
3.774999999999999467e+00 -1.932686409290340634e-03
3.825000000000000178e+00 -1.239132193206593513e-03
3.875000000000000888e+00 3.937543752216221549e-03
3.924999999999999822e+00 2.051384037846215591e-03
3.975000000000000533e+00 -7.449597910813565704e-05
4.024999999999999467e+00 -7.482552328343494707e-03
4.075000000000000178e+00 -7.441889854538530358e-03
4.125000000000000888e+00 1.336693867008964531e-03
4.174999999999999822e+00 -3.150059120779591382e-03
4.225000000000000533e+00 -4.066540867068813014e-03
4.274999999999999467e+00 6.174010653984041141e-03
4.325000000000000178e+00 1.158437011860335986e-02
4.375000000000000888e+00 3.007809087440360685e-03
4.424999999999999822e+00 -3.220086496649621211e-03
4.475000000000000533e+00 -6.123096134036387639e-05
4.524999999999999467e+00 6.466886596482090965e-03
4.575000000000000178e+00 6.734352676627697321e-03
4.625000000000000888e+00 1.231229429874858283e-03
4.674999999999999822e+00 -1.196492649970348765e-03
4.725000000000000533e+00 8.685556767660251865e-04
4.774999999999999467e+00 2.196529616731446310e-04
4.825000000000000178e+00 2.076540353057598765e-03
4.875000000000000888e+00 -3.433357161418459924e-03
4.924999999999999822e+00 -5.016482085704598859e-03
4.975000000000000533e+00 -8.527956316903839706e-04
5.024999999999999467e+00 -1.920172235016170958e-03
5.075000000000000178e+00 3.029360477612819125e-03
5.125000000000000888e+00 5.987325991818170934e-03
5.174999999999999822e+00 3.397881764615195976e-03
5.225000000000000533e+00 -5.285710172147517483e-03
5.274999999999999467e+00 -9.490287248409501331e-03
5.325000000000000178e+00 -2.349294141399838054e-03
5.375000000000000888e+00 4.645402351673766361e-03
5.424999999999999822e+00 4.897992463683831232e-03
5.475000000000000533e+00 1.143476902449469534e-02
5.524999999999999467e+00 9.495750419276749454e-03
5.575000000000000178e+00 2.656113324341458082e-03
5.625000000000000888e+00 6.367367870939499852e-03
5.674999999999999822e+00 2.678289544327583371e-03
5.725000000000000533e+00 4.254359940663920980e-03
5.774999999999999467e+00 5.653010169907268789e-03
5.825000000000000178e+00 8.697999734026451435e-02
5.875000000000000888e+00 6.074083921247592777e-01
5.924999999999999822e+00 1.948202098182467479e+00
5.975000000000000533e+00 4.192056962442912038e+00
6.024999999999999467e+00 7.506609473244068909e+00
6.075000000000000178e+00 nan
6.125000000000000888e+00 nan
6.174999999999999822e+00 nan
6.225000000000000533e+00 nan
6.274999999999999467e+00 nan
6.325000000000000178e+00 nan
6.375000000000000888e+00 nan
6.424999999999999822e+00 nan
6.475000000000000533e+00 nan
6.524999999999999467e+00 nan
6.575000000000000178e+00 nan
6.625000000000000888e+00 nan
6.674999999999999822e+00 nan
6.725000000000000533e+00 nan
6.774999999999999467e+00 nan
6.825000000000000178e+00 nan
6.874999999999999112e+00 nan
6.924999999999999822e+00 nan
6.975000000000000533e+00 nan
7.025000000000001243e+00 nan
7.075000000000000178e+00 nan
7.124999999999999112e+00 nan
7.174999999999999822e+00 nan
7.225000000000000533e+00 nan
7.275000000000001243e+00 nan
7.325000000000000178e+00 nan
7.374999999999999112e+00 nan
7.424999999999999822e+00 nan
7.475000000000000533e+00 nan
7.525000000000001243e+00 nan
7.575000000000000178e+00 nan
7.624999999999999112e+00 nan
7.674999999999999822e+00 nan
7.725000000000000533e+00 nan
7.775000000000001243e+00 nan
7.825000000000000178e+00 nan
7.874999999999999112e+00 nan
7.924999999999999822e+00 nan
7.975000000000000533e+00 nan
8.025000000000002132e+00 nan
8.075000000000001066e+00 nan
8.125000000000000000e+00 nan
8.175000000000000711e+00 nan
8.225000000000001421e+00 nan
8.275000000000002132e+00 nan
8.325000000000001066e+00 nan
8.375000000000001776e+00 nan
8.425000000000000711e+00 nan
8.475000000000001421e+00 nan
8.525000000000002132e+00 nan
8.575000000000001066e+00 nan
8.625000000000001776e+00 nan
8.675000000000000711e+00 nan
8.725000000000001421e+00 nan
8.775000000000002132e+00 nan
8.825000000000001066e+00 nan
8.875000000000001776e+00 nan
8.925000000000000711e+00 nan
8.975000000000001421e+00 nan
9.025000000000002132e+00 nan
9.075000000000001066e+00 nan
9.125000000000001776e+00 nan
9.175000000000000711e+00 nan
9.225000000000001421e+00 nan
9.275000000000002132e+00 nan
9.325000000000001066e+00 nan
9.375000000000001776e+00 nan
9.425000000000000711e+00 nan
9.475000000000001421e+00 nan
9.525000000000002132e+00 nan
9.575000000000001066e+00 nan
9.625000000000001776e+00 nan
9.675000000000000711e+00 nan
9.725000000000001421e+00 nan
9.775000000000002132e+00 nan
9.825000000000001066e+00 nan
9.875000000000001776e+00 nan
9.925000000000000711e+00 nan
9.975000000000001421e+00 nan
1.002500000000000213e+01 nan
1.007500000000000107e+01 nan
1.012500000000000178e+01 nan
1.017500000000000071e+01 nan
1.022500000000000142e+01 nan
1.027500000000000213e+01 nan
1.032500000000000107e+01 nan
1.037500000000000178e+01 nan
1.042500000000000071e+01 nan
1.047500000000000142e+01 nan
1.052500000000000213e+01 nan
1.057500000000000107e+01 nan
1.062500000000000178e+01 nan
1.067500000000000071e+01 nan
1.072500000000000142e+01 nan
1.077500000000000213e+01 nan
1.082500000000000107e+01 nan
1.087500000000000178e+01 nan
1.092500000000000071e+01 nan
1.097500000000000142e+01 nan
1.102500000000000213e+01 nan
1.107500000000000107e+01 nan
1.112500000000000178e+01 nan
1.117500000000000071e+01 nan
1.122500000000000142e+01 nan
1.127500000000000213e+01 nan
1.132500000000000107e+01 nan
1.137500000000000178e+01 nan
1.142500000000000071e+01 nan
1.147500000000000142e+01 nan
1.152500000000000213e+01 nan
1.157500000000000107e+01 nan
1.162500000000000178e+01 nan
1.167500000000000071e+01 nan
1.172500000000000142e+01 nan
1.177500000000000213e+01 nan
1.182500000000000107e+01 nan
1.187500000000000178e+01 nan
1.192500000000000071e+01 nan
1.197500000000000142e+01 nan
1.202500000000000213e+01 nan
1.207500000000000107e+01 nan
1.212500000000000178e+01 nan
1.217500000000000071e+01 nan
1.222500000000000142e+01 nan
1.227500000000000213e+01 nan
1.232500000000000107e+01 nan
1.237500000000000178e+01 nan
1.242500000000000071e+01 nan
1.247500000000000142e+01 nan
1.252500000000000213e+01 nan
1.257500000000000107e+01 nan
1.262500000000000178e+01 nan
1.267500000000000071e+01 nan
1.272500000000000142e+01 nan
1.277500000000000213e+01 nan
1.282500000000000107e+01 nan
1.287500000000000178e+01 nan
1.292500000000000071e+01 nan
1.297500000000000142e+01 nan
1.302500000000000213e+01 nan
1.307500000000000107e+01 nan
1.312500000000000178e+01 nan
1.317500000000000071e+01 nan
1.322500000000000142e+01 nan
1.327500000000000213e+01 nan
1.332500000000000107e+01 nan
1.337500000000000178e+01 nan
1.342500000000000071e+01 nan
1.347500000000000142e+01 nan
1.352500000000000213e+01 nan
1.357500000000000107e+01 nan
1.362500000000000178e+01 nan
1.367500000000000071e+01 nan
1.372500000000000142e+01 nan
1.377500000000000213e+01 nan
1.382500000000000107e+01 nan
1.387500000000000178e+01 nan
1.392500000000000071e+01 nan
1.397500000000000142e+01 nan
1.402500000000000213e+01 nan
1.407500000000000107e+01 nan
1.412500000000000178e+01 nan
1.417500000000000071e+01 nan
1.422500000000000142e+01 nan
1.427500000000000213e+01 nan
1.432500000000000107e+01 nan
1.437500000000000178e+01 nan
1.442500000000000071e+01 nan
1.447500000000000142e+01 nan
1.452500000000000213e+01 nan
1.457500000000000107e+01 nan
1.462500000000000178e+01 nan
1.467500000000000071e+01 nan
1.472500000000000142e+01 nan
1.477500000000000213e+01 nan
1.482499999999999929e+01 nan
1.487500000000000355e+01 nan
1.492500000000000071e+01 nan
1.497500000000000142e+01 nan
1.502500000000000213e+01 nan
1.507499999999999929e+01 nan
1.512500000000000355e+01 nan
1.517500000000000071e+01 nan
1.522500000000000142e+01 nan
1.527500000000000213e+01 nan
1.532499999999999929e+01 nan
1.537500000000000355e+01 nan
1.542500000000000071e+01 nan
1.547500000000000142e+01 nan
1.552500000000000213e+01 nan
1.557499999999999929e+01 nan
1.562500000000000355e+01 nan
1.567500000000000071e+01 nan
1.572500000000000142e+01 nan
1.577500000000000213e+01 nan
1.582499999999999929e+01 nan
1.587500000000000355e+01 nan
1.592500000000000071e+01 nan
1.597500000000000142e+01 nan
1.602500000000000213e+01 nan
1.607499999999999929e+01 nan
1.612500000000000355e+01 nan
1.617500000000000071e+01 nan
1.622500000000000142e+01 nan
1.627500000000000213e+01 nan
1.632499999999999929e+01 nan
1.637500000000000355e+01 nan
1.642500000000000071e+01 nan
1.647500000000000142e+01 nan
1.652500000000000213e+01 nan
1.657499999999999929e+01 nan
1.662500000000000355e+01 nan
1.667500000000000071e+01 nan
1.672500000000000142e+01 nan
1.677500000000000213e+01 nan
1.682499999999999929e+01 nan
1.687500000000000355e+01 nan
1.692500000000000071e+01 nan
1.697500000000000142e+01 nan
1.702500000000000213e+01 nan
1.707499999999999929e+01 nan
1.712500000000000355e+01 nan
1.717500000000000071e+01 nan
1.722500000000000142e+01 nan
1.727500000000000213e+01 nan
1.732499999999999929e+01 nan
1.737500000000000355e+01 nan
1.742500000000000071e+01 nan
1.747500000000000142e+01 nan
1.752500000000000213e+01 nan
1.757499999999999929e+01 nan
1.762500000000000355e+01 nan
1.767500000000000071e+01 nan
1.772500000000000142e+01 nan
1.777500000000000213e+01 nan
1.782499999999999929e+01 nan
1.787500000000000355e+01 nan
1.792500000000000071e+01 nan
1.797500000000000497e+01 nan
1.802500000000000213e+01 nan
1.807499999999999929e+01 nan
1.812500000000000355e+01 nan
1.817500000000000071e+01 nan
1.822500000000000497e+01 nan
1.827500000000000213e+01 nan
1.832499999999999929e+01 nan
1.837500000000000355e+01 nan
1.842500000000000071e+01 nan
1.847500000000000497e+01 nan
1.852500000000000213e+01 nan
1.857499999999999929e+01 nan
1.862500000000000355e+01 nan
1.867500000000000071e+01 nan
1.872500000000000497e+01 nan
1.877500000000000213e+01 nan
