# r_minus_2Rs_A, PMF_over_kBT
-5.864399999999996282e-01 2.834611728434749978e+01
-5.723044249999995614e-01 3.539210235557112583e+01
-5.581688509999995773e-01 4.235671813369049232e+01
-5.440332760000003987e-01 4.914489479963704355e+01
-5.298977020000004146e-01 5.559789259234560177e+01
-5.157621270000003477e-01 5.439797134608792106e+01
-5.016265520000002809e-01 5.235726771612741715e+01
-4.874909780000002968e-01 4.920496461457897652e+01
-4.733554030000002300e-01 4.475220685179142777e+01
-4.592198280000001631e-01 3.895709330393133030e+01
-4.450842540000001790e-01 3.195310843814341695e+01
-4.309486790000001122e-01 2.402708286335960608e+01
-4.168131050000001281e-01 1.556410645239695256e+01
-4.026775300000000612e-01 6.984871387924960651e+00
-3.885419549999999944e-01 -1.306907063209648889e+00
-3.744063810000000103e-01 -8.969122351786705138e+00
-3.602708059999999435e-01 -1.576180466769925914e+01
-3.461352319999999594e-01 -2.157618660401350752e+01
-3.319996569999998925e-01 -2.643860993442166318e+01
-3.178640819999998257e-01 -3.047586063033626402e+01
-3.037285079999998416e-01 -3.385554898830847748e+01
-2.895929329999997748e-01 -3.672538902841562702e+01
-2.754573579999997079e-01 -3.918136115845182843e+01
-2.613217839999997238e-01 -4.127315014489659006e+01
-2.471862089999996570e-01 -4.302519499162212924e+01
-2.330506349999996729e-01 -4.446265121553748401e+01
-2.189150599999996061e-01 -4.562243819949224388e+01
-2.047794850000004274e-01 -4.654972986520924394e+01
-1.906439110000004433e-01 -4.728910592396249513e+01
-1.765083360000003765e-01 -4.787726664370448759e+01
-1.623727620000003924e-01 -4.833872824248420130e+01
-1.482371870000003256e-01 -4.868712049041540268e+01
-1.341016120000002587e-01 -4.893165840841562897e+01
-1.199660380000002746e-01 -4.908484786936909927e+01
-1.058304630000002078e-01 -4.916297031073629853e+01
-9.169488900000022369e-02 -4.918447729184408956e+01
-7.755931400000015685e-02 -4.916351367972472985e+01
-6.342373900000009002e-02 -4.910504654395231938e+01
-4.928816500000010592e-02 -4.900956939357740794e+01
-3.515259000000003908e-02 -4.887883562035334251e+01
-2.101701499999997225e-02 -4.872208630679804031e+01
-6.881440999999988151e-03 -4.854987463264657777e+01
7.254134000000078686e-03 -4.836916213081678251e+01
2.138970799999917460e-02 -4.818027050998897920e+01
3.552528300000012962e-02 -4.797994697347751014e+01
4.966085799999930828e-02 -4.776989056764654151e+01
6.379643200000018055e-02 -4.755647029985020424e+01
7.793200699999935921e-02 -4.734670212813455947e+01
9.206758100000023148e-02 -4.714136395320831951e+01
1.062031559999994101e-01 -4.693535828073270011e+01
1.203387310000003652e-01 -4.672318598889998498e+01
1.344743049999994611e-01 -4.650461620746499136e+01
1.486098800000004161e-01 -4.628317568919722191e+01
1.627454549999995947e-01 -4.606385241874934167e+01
1.768810290000004670e-01 -4.584813903749685693e+01
1.910166039999996457e-01 -4.563381619676182765e+01
2.051521780000005180e-01 -4.541838817619929358e+01
2.192877529999996966e-01 -4.520167859492678275e+01
2.334233280000006516e-01 -4.498745450703640358e+01
2.475589019999997475e-01 -4.477851565969909586e+01
2.616944770000007026e-01 -4.457518357931417796e+01
2.758300509999997985e-01 -4.437332736219250506e+01
2.899656260000007535e-01 -4.416969976216838489e+01
3.041012009999999322e-01 -4.396501518656526031e+01
3.182367750000008044e-01 -4.376269142538864543e+01
3.323723499999999831e-01 -4.356580139439112997e+01
3.465079249999991617e-01 -4.337309593281204201e+01
3.606434990000000340e-01 -4.318022471999125855e+01
3.747790739999992127e-01 -4.298362806681890191e+01
3.889146480000000849e-01 -4.278359793008960565e+01
4.030502229999992636e-01 -4.258354991847070181e+01
4.171857980000002186e-01 -4.238421336478803880e+01
4.313213719999993145e-01 -4.218176001848770795e+01
4.454569470000002696e-01 -4.197259882323334779e+01
4.595925209999993655e-01 -4.175639497339851403e+01
4.737280960000003205e-01 -4.153797583474240440e+01
4.878636709999994991e-01 -4.132383926408542862e+01
5.019992450000003714e-01 -4.111675945156667211e+01
5.161348199999995501e-01 -4.091294393516054839e+01
5.302703950000005051e-01 -4.070807824567467748e+01
5.444059689999996010e-01 -4.050356245304109848e+01
5.585415440000005560e-01 -4.030233579599193661e+01
5.726771179999996519e-01 -4.010770724899430917e+01
5.868126930000006070e-01 -3.991893803015407372e+01
6.009482679999997856e-01 -3.973235774430757772e+01
6.150838420000006579e-01 -3.954328770613112454e+01
6.292194169999998365e-01 -3.934984297402481701e+01
6.433549910000007088e-01 -3.915345201144632625e+01
6.574905659999998875e-01 -3.895482854355369540e+01
6.716261410000008425e-01 -3.875531270449039312e+01
6.857617149999999384e-01 -3.855451172597965126e+01
6.998972899999991171e-01 -3.835120280201333287e+01
7.140328639999999893e-01 -3.814470518679958388e+01
7.281684389999991680e-01 -3.793713160237319926e+01
7.423040140000001230e-01 -3.773147999956159993e+01
7.564395879999992189e-01 -3.753045436024245873e+01
7.705751630000001740e-01 -3.733661279040870795e+01
7.847107379999993526e-01 -3.714776253968272357e+01
7.988463120000002249e-01 -3.695882885325273293e+01
8.129818869999994035e-01 -3.676662207558086237e+01
8.271174610000002758e-01 -3.657119148862840774e+01
8.412530359999994545e-01 -3.637292308427582554e+01
8.553886110000004095e-01 -3.617367381225239598e+01
8.695241849999995054e-01 -3.597329118470079834e+01
8.836597600000004604e-01 -3.577045109553978364e+01
8.977953339999995563e-01 -3.556564910712405947e+01
9.119309090000005114e-01 -3.536168979946688751e+01
9.260664839999996900e-01 -3.515935831314170912e+01
9.402020580000005623e-01 -3.495669452202364624e+01
9.543376329999997409e-01 -3.475376943409651176e+01
9.684732080000006960e-01 -3.455126208580574598e+01
9.826087819999997919e-01 -3.435130769012388186e+01
9.967443570000007469e-01 -3.415508499864577630e+01
1.010879930999999843e+00 -3.396183542045913839e+01
1.025015506000000798e+00 -3.376948467633864936e+01
1.039151080999999976e+00 -3.358001041119132424e+01
1.053286655000000849e+00 -3.339679330217177977e+01
1.067422230000000027e+00 -3.321991786707378225e+01
1.081557803999999123e+00 -3.304470012421828073e+01
1.095693379000000078e+00 -3.286512135183676975e+01
1.109828953999999257e+00 -3.267811193500521938e+01
1.123964528000000129e+00 -3.248578641999854000e+01
1.138100102999999308e+00 -3.229371131251693328e+01
1.152235678000000263e+00 -3.210232737752286880e+01
1.166371251999999359e+00 -3.190965939859676936e+01
1.180506827000000314e+00 -3.171431283503240195e+01
1.194642400999999410e+00 -3.151927100941709625e+01
1.208777976000000365e+00 -3.132882447150327820e+01
1.222913550999999543e+00 -3.114497891952437314e+01
1.237049125000000416e+00 -3.096482840911872358e+01
1.251184699999999594e+00 -3.078207602397592879e+01
1.265320274000000467e+00 -3.059438223717880945e+01
1.279455848999999645e+00 -3.040259124655388590e+01
1.293591424000000600e+00 -3.020990206466998274e+01
1.307726997999999696e+00 -3.001907965077332463e+01
1.321862573000000651e+00 -2.983038017611070458e+01
1.335998147999999830e+00 -2.964103715618584900e+01
1.350133722000000702e+00 -2.944967791866355000e+01
1.364269296999999881e+00 -2.925726853465866029e+01
1.378404871000000753e+00 -2.906592939454211333e+01
1.392540445999999932e+00 -2.887762902858672120e+01
1.406676021000000887e+00 -2.869256820989547663e+01
1.420811594999999983e+00 -2.850877375365022459e+01
1.434947169999999161e+00 -2.832239331339999922e+01
1.449082744000000034e+00 -2.813215169982454000e+01
1.463218318999999212e+00 -2.793920116431002754e+01
1.477353894000000167e+00 -2.774555333816758562e+01
1.491489467999999263e+00 -2.755196047801174331e+01
1.505625043000000218e+00 -2.735684919785409264e+01
1.519760616999999314e+00 -2.715682537948046971e+01
1.533896192000000269e+00 -2.694982686280072670e+01
1.548031766999999448e+00 -2.673981324423454353e+01
1.562167341000000320e+00 -2.653249491187234455e+01
1.576302915999999499e+00 -2.633302621273397293e+01
1.590438491000000454e+00 -2.613991107583163043e+01
1.604574064999999550e+00 -2.594677790200946177e+01
1.618709640000000505e+00 -2.574919947765198458e+01
1.632845213999999601e+00 -2.554898796452247822e+01
1.646980789000000556e+00 -2.535273976621515502e+01
1.661116363999999734e+00 -2.516384119011518550e+01
1.675251938000000607e+00 -2.498084357181143744e+01
1.689387512999999785e+00 -2.479626814992906603e+01
1.703523087000000658e+00 -2.460771825279911695e+01
1.717658661999999836e+00 -2.442105200203357285e+01
1.731794237000000791e+00 -2.424600080607250518e+01
1.745929810999999887e+00 -2.408707105147409067e+01
1.760065386000000842e+00 -2.393750848114101615e+01
1.774200961000000021e+00 -2.378534424980282225e+01
1.788336534999999117e+00 -2.362194166046840138e+01
1.802472110000000072e+00 -2.344789453361837417e+01
1.816607683999999168e+00 -2.326938223591443489e+01
1.830743259000000123e+00 -2.309156718536123520e+01
1.844878833999999301e+00 -2.291188600068533887e+01
1.859014408000000174e+00 -2.272306646671763275e+01
1.873149982999999352e+00 -2.252083056906176495e+01
1.887285557000000225e+00 -2.231014656866895507e+01
1.901421131999999403e+00 -2.210311389960609674e+01
1.915556707000000358e+00 -2.190996837131265806e+01
1.929692280999999454e+00 -2.173232176037457819e+01
1.943827856000000409e+00 -2.156124871052487180e+01
1.957963430999999588e+00 -2.138663483264216936e+01
1.972099005000000460e+00 -2.120385979071934557e+01
1.986234579999999639e+00 -2.101947844992688985e+01
2.000370154000000511e+00 -2.084163748096746360e+01
2.014505728999999690e+00 -2.067108060185069363e+01
2.028641304000000645e+00 -2.049969084178780676e+01
2.042776877999999741e+00 -2.031784364076951732e+01
2.056912453000000696e+00 -2.012589769519939509e+01
2.071048026999999792e+00 -1.993462478940607951e+01
2.085183602000000747e+00 -1.975726421615285489e+01
2.099319176999999925e+00 -1.959593950179781174e+01
2.113454751000000797e+00 -1.944030473758392574e+01
2.127590325999999976e+00 -1.927725773657510189e+01
2.141725900999999155e+00 -1.910097710107418578e+01
2.155861475000000027e+00 -1.891895805810765552e+01
2.169997049999999206e+00 -1.874106530829552142e+01
2.184132624000000078e+00 -1.856996449714139530e+01
2.198268198999999257e+00 -1.839969072100081249e+01
2.212403774000000212e+00 -1.822290395597549661e+01
2.226539347999999308e+00 -1.803936798781560213e+01
2.240674923000000263e+00 -1.785698881932462001e+01
2.254810496999999359e+00 -1.768605800219602386e+01
2.268946072000000314e+00 -1.752705650365138013e+01
2.283081646999999492e+00 -1.737278213581835828e+01
2.297217221000000364e+00 -1.721422631289171079e+01
2.311352795999999543e+00 -1.704746086563393703e+01
2.325488370000000415e+00 -1.687447782789005757e+01
2.339623944999999594e+00 -1.669940853758036781e+01
2.353759520000000549e+00 -1.652414726605427475e+01
2.367895093999999645e+00 -1.634949685212231074e+01
2.382030669000000600e+00 -1.617776105850831669e+01
2.396166243999999779e+00 -1.601069037878363588e+01
2.410301818000000651e+00 -1.584870122656149505e+01
2.424437392999999830e+00 -1.568857517936695345e+01
2.438572967000000702e+00 -1.552988148976573157e+01
2.452708541999999881e+00 -1.537188044455828262e+01
2.466844117000000836e+00 -1.521519401931874782e+01
2.480979690999999931e+00 -1.505830144829955586e+01
2.495115266000000886e+00 -1.489650563344571665e+01
2.509250839999999982e+00 -1.472476005800805154e+01
2.523386414999999161e+00 -1.454368061656782629e+01
2.537521990000000116e+00 -1.436172805245511341e+01
2.551657563999999212e+00 -1.418561446790988612e+01
2.565793139000000167e+00 -1.402035012166318495e+01
2.579928713999999346e+00 -1.386239480361335552e+01
2.594064288000000218e+00 -1.370527408579454942e+01
2.608199862999999397e+00 -1.354425323527904013e+01
2.622335437000000269e+00 -1.337955377578986216e+01
2.636471011999999448e+00 -1.321219206447561589e+01
2.650606587000000403e+00 -1.304289093983607017e+01
2.664742160999999498e+00 -1.287055653759620810e+01
2.678877736000000453e+00 -1.269341574681480012e+01
2.693013309999999549e+00 -1.251268506946709635e+01
2.707148885000000504e+00 -1.233210088030773122e+01
2.721284459999999683e+00 -1.215778877348266107e+01
2.735420034000000555e+00 -1.199271091398061273e+01
2.749555608999999734e+00 -1.183841692827878234e+01
2.763691184000000689e+00 -1.169281206708358312e+01
2.777826757999999785e+00 -1.155314837258951499e+01
2.791962333000000740e+00 -1.141517362105888722e+01
2.806097906999999836e+00 -1.127429071137000349e+01
2.820233482000000791e+00 -1.112702809292095552e+01
2.834369056999999970e+00 -1.097165972516779675e+01
2.848504631000000842e+00 -1.081232077608082420e+01
2.862640206000000020e+00 -1.065353222292818813e+01
2.876775779999999116e+00 -1.049838476879570415e+01
2.890911355000000071e+00 -1.034616883712675772e+01
2.905046929999999250e+00 -1.019553137043106972e+01
2.919182504000000122e+00 -1.004688507625227700e+01
2.933318078999999301e+00 -9.903506331362004644e+00
2.947453654000000256e+00 -9.768672338855523662e+00
2.961589227999999352e+00 -9.640647337023484198e+00
2.975724803000000307e+00 -9.513785979351041533e+00
2.989860376999999403e+00 -9.381500705162839182e+00
3.003995952000000358e+00 -9.239666919139668977e+00
3.018131526999999537e+00 -9.086927095856335512e+00
3.032267101000000409e+00 -8.924541729368502985e+00
3.046402675999999587e+00 -8.754737643510109635e+00
3.060538250000000460e+00 -8.578607778576079923e+00
3.074673824999999638e+00 -8.397336441668254992e+00
3.088809400000000593e+00 -8.211150024781506573e+00
3.102944973999999689e+00 -8.022061757133101878e+00
3.117080549000000644e+00 -7.836487819330243632e+00
3.131216122999999740e+00 -7.664975565698496140e+00
3.145351698000000695e+00 -7.516726063014692372e+00
3.159487272999999874e+00 -7.392970920183499217e+00
3.173622847000000746e+00 -7.286740343398549591e+00
3.187758421999999925e+00 -7.187989688239746044e+00
3.201893997000000880e+00 -7.089826284188322170e+00
3.216029570999999976e+00 -6.990903487853405096e+00
3.230165145999999154e+00 -6.890052290874391971e+00
3.244300720000000027e+00 -6.782262860565979601e+00
3.258436294999999205e+00 -6.661084729434803009e+00
3.272571870000000160e+00 -6.523364955523287101e+00
3.286707443999999256e+00 -6.372711110063055351e+00
3.300843019000000211e+00 -6.218972478898337819e+00
3.314978592999999307e+00 -6.071485303848169757e+00
3.329114168000000262e+00 -5.934978528213090243e+00
3.343249742999999441e+00 -5.807876857580792418e+00
3.357385317000000313e+00 -5.687356798535646796e+00
3.371520891999999492e+00 -5.569632601239865366e+00
3.385656467000000447e+00 -5.454965010238928436e+00
3.399792040999999543e+00 -5.345638168494580178e+00
3.413927616000000498e+00 -5.240711491416282009e+00
3.428063189999999594e+00 -5.135328567667525768e+00
3.442198765000000549e+00 -5.020190273037317574e+00
3.456334339999999727e+00 -4.889542554009507214e+00
3.470469914000000600e+00 -4.745044227836977768e+00
3.484605488999999778e+00 -4.596857573156476917e+00
3.498741063000000651e+00 -4.453687831674843167e+00
3.512876637999999829e+00 -4.316891422546309975e+00
3.527012213000000784e+00 -4.182289056403985406e+00
3.541147786999999880e+00 -4.047273197456489946e+00
3.555283362000000835e+00 -3.916981413165882664e+00
3.569418937000000014e+00 -3.800389022311194687e+00
3.583554511000000886e+00 -3.701632847731080922e+00
3.597690086000000065e+00 -3.613019071806920834e+00
3.611825659999999161e+00 -3.522013983559466155e+00
3.625961235000000116e+00 -3.420701307036439154e+00
3.640096809999999294e+00 -3.310400207139619688e+00
3.654232384000000167e+00 -3.197573475668157528e+00
3.668367958999999345e+00 -3.088031331286175352e+00
3.682503533000000218e+00 -2.982262244597502665e+00
3.696639107999999396e+00 -2.876177323490355597e+00
3.710774683000000351e+00 -2.767729302652724321e+00
3.724910256999999447e+00 -2.658047437443216587e+00
3.739045832000000402e+00 -2.550516578568967851e+00
3.753181406999999581e+00 -2.447759710471794747e+00
3.767316981000000453e+00 -2.350866254393411126e+00
3.781452555999999632e+00 -2.255895419826303261e+00
3.795588130000000504e+00 -2.157503952578121442e+00
3.809723704999999683e+00 -2.053955598481860712e+00
3.823859280000000638e+00 -1.952251341480699232e+00
3.837994853999999734e+00 -1.862949854995235022e+00
3.852130429000000689e+00 -1.791107646082631177e+00
3.866266002999999785e+00 -1.731350929706267472e+00
3.880401578000000740e+00 -1.671975547951034535e+00
3.894537152999999918e+00 -1.605991225506492981e+00
3.908672727000000791e+00 -1.536187696602242525e+00
3.922808301999999969e+00 -1.470663631137437477e+00
3.936943876999999148e+00 -1.410796625647617653e+00
3.951079451000000020e+00 -1.351000586531197811e+00
3.965215025999999199e+00 -1.284920817306824503e+00
3.979350600000000071e+00 -1.214379901677776985e+00
3.993486174999999250e+00 -1.149030949661487888e+00
4.007621750000000205e+00 -1.096753732932162606e+00
4.021757323999999301e+00 -1.055593328769942829e+00
4.035892899000000256e+00 -1.015035351314899970e+00
4.050028472999999352e+00 -9.687516543863816665e-01
4.064164048000000307e+00 -9.185746497302362812e-01
4.078299622999999485e+00 -8.722803204258449128e-01
4.092435197000000358e+00 -8.352672004809313933e-01
4.106570771999999536e+00 -8.035917909235354983e-01
4.120706346000000408e+00 -7.672864798799210462e-01
4.134841920999999587e+00 -7.215547419507037930e-01
4.148977496000000542e+00 -6.700340199843672906e-01
4.163113069999999638e+00 -6.173049694319967529e-01
4.177248645000000593e+00 -5.619991954445238136e-01
4.191384219999999772e+00 -5.000120438396029598e-01
4.205519794000000644e+00 -4.310648619087285027e-01
4.219655368999999823e+00 -3.643508987391328446e-01
4.233790943000000695e+00 -3.148934955362729937e-01
4.247926517999999874e+00 -2.911007599791402001e-01
4.262062093000000829e+00 -2.884999281753879430e-01
4.276197666999999925e+00 -2.953379345799662659e-01
4.290333242000000880e+00 -3.048715935691106438e-01
4.304468815999999975e+00 -3.148707554872487435e-01
4.318604390999999154e+00 -3.238514023131315867e-01
4.332739966000000109e+00 -3.255614736269230036e-01
4.346875539999999205e+00 -3.133847249971966065e-01
4.361011115000000160e+00 -2.878687012072065343e-01
4.375146689999999339e+00 -2.608332380282432084e-01
4.389282264000000211e+00 -2.452968857686670390e-01
4.403417838999999390e+00 -2.448035941119668379e-01
4.417553413000000262e+00 -2.533678740521541073e-01
4.431688987999999441e+00 -2.614038861200285169e-01
4.445824563000000396e+00 -2.643746541122293792e-01
4.459960136999999492e+00 -2.605331654949374354e-01
4.474095712000000447e+00 -2.452353436212266757e-01
4.488231285999999542e+00 -2.116517981340315657e-01
4.502366861000000497e+00 -1.577829448255174682e-01
4.516502435999999676e+00 -9.083645257192962674e-02
4.530638010000000548e+00 -2.502856478511716887e-02
4.544773584999999727e+00 3.014530832895356838e-02
4.558909160000000682e+00 7.224212622261294570e-02
4.573044733999999778e+00 1.036305626832803028e-01
4.587180309000000733e+00 1.244275532534464546e-01
4.601315882999999829e+00 1.309501445855962842e-01
4.615451458000000784e+00 1.228064333127250052e-01
4.629587032999999963e+00 1.060330886098812542e-01
4.643722607000000835e+00 9.180751275703258329e-02
4.657858182000000014e+00 8.692649053637158119e-02
4.671993756000000886e+00 9.330868705397055152e-02
4.686129331000000064e+00 1.081094073968369429e-01
4.700264905999999243e+00 1.276665427625678362e-01
4.714400480000000115e+00 1.518921425561998717e-01
4.728536054999999294e+00 1.802858647123475322e-01
4.742671630000000249e+00 2.120564839217928821e-01
4.756807203999999345e+00 2.446225161469977039e-01
4.770942779000000300e+00 2.736506936227085518e-01
4.785078352999999396e+00 2.921944611463560548e-01
4.799213928000000351e+00 2.939677825292328350e-01
4.813349502999999530e+00 2.786720996098974723e-01
4.827485077000000402e+00 2.524842328159166982e-01
4.841620651999999581e+00 2.243114773370695758e-01
4.855756226000000453e+00 1.996867299780920035e-01
4.869891800999999631e+00 1.769666547837802639e-01
4.884027376000000586e+00 1.516755910847669142e-01
4.898162949999999682e+00 1.230957168007567049e-01
4.912298525000000637e+00 9.701775348534447119e-02
4.926434098999999733e+00 7.952313333961580355e-02
4.940569674000000688e+00 7.235972306317162150e-02
4.954705248999999867e+00 7.103142982245547188e-02
4.968840823000000739e+00 6.751867496050323325e-02
4.982976397999999918e+00 5.883719157715994186e-02
4.997111973000000873e+00 4.584116001369231697e-02
5.011247546999999969e+00 2.888784140058664462e-02
5.025383121999999148e+00 6.631023464570340309e-03
5.039518696000000020e+00 -2.023443366486077366e-02
5.053654270999999198e+00 -4.692134052038721137e-02
5.067789846000000153e+00 -6.529467008955958107e-02
5.081925419999999249e+00 -6.953039273844563439e-02
5.096060995000000204e+00 -6.079361616518230704e-02
5.110196568999999300e+00 -4.478667193586804984e-02
5.124332144000000255e+00 -2.393160985906650495e-02
5.138467718999999434e+00 2.396548788959229626e-03
5.152603293000000306e+00 3.255540836108750113e-02
5.166738867999999485e+00 5.711399012923568108e-02
5.180874443000000440e+00 6.263214905928382592e-02
5.195010016999999536e+00 4.403730622984003418e-02
5.209145592000000491e+00 9.759816252153719063e-03
5.223281165999999587e+00 -2.176020192336469705e-02
5.237416741000000542e+00 -3.734433581401486180e-02
5.251552315999999720e+00 -3.714428458434593239e-02
5.265687890000000593e+00 -2.912892768055019843e-02
5.279823464999999771e+00 -1.904411494370794600e-02
5.293959039000000644e+00 -4.552641049989425426e-03
5.308094613999999822e+00 1.799679253448349669e-02
5.322230189000000777e+00 4.603866594127570266e-02
5.336365762999999873e+00 6.979074412551788953e-02
5.350501338000000828e+00 8.283610734935820119e-02
5.364636913000000007e+00 8.737601440846809453e-02
5.378772487000000879e+00 8.966851892180116579e-02
5.392908062000000058e+00 9.456685142890020046e-02
5.407043635999999154e+00 1.034153958415773289e-01
5.421179211000000109e+00 1.182725831531747929e-01
5.435314785999999287e+00 1.420982014205653954e-01
5.449450360000000160e+00 1.753075056771047358e-01
5.463585934999999338e+00 2.105339007241617821e-01
5.477721509000000211e+00 2.356003749156823091e-01
5.491857083999999389e+00 2.408207548164940093e-01
5.505992659000000344e+00 2.285342418157352284e-01
5.520128232999999440e+00 2.092645013204705862e-01
5.534263808000000395e+00 1.914189690456051807e-01
5.548399382999999574e+00 1.766178219823038020e-01
5.562534957000000446e+00 1.644687545264673645e-01
5.576670531999999625e+00 1.590672217050679293e-01
5.590806106000000497e+00 1.697585169181321518e-01
5.604941680999999676e+00 2.048686641964083677e-01
5.619077256000000631e+00 2.618123204416544780e-01
5.633212829999999727e+00 3.269566487256971854e-01
5.647348405000000682e+00 3.841017114060427673e-01
5.661483978999999778e+00 4.230532432642553076e-01
5.675619554000000733e+00 4.424275998742066562e-01
5.689755128999999911e+00 4.465986853263181899e-01
5.703890703000000784e+00 4.402003347197940286e-01
5.718026277999999962e+00 4.268106906658957200e-01
5.732161852000000835e+00 4.094886277162617105e-01
5.746297427000000013e+00 3.930665739570562423e-01
5.760433001999999192e+00 3.815343013320608989e-01
5.774568576000000064e+00 3.755610014491814752e-01
5.788704150999999243e+00 3.720059329994063191e-01
5.802839726000000198e+00 3.662306296606843148e-01
5.816975299999999294e+00 3.564963191296470768e-01
5.831110875000000249e+00 3.452496261866162541e-01
5.845246448999999345e+00 3.363785362440525617e-01
5.859382024000000300e+00 3.282342708300340917e-01
5.873517598999999478e+00 3.158098783772373963e-01
5.887653173000000351e+00 2.968921692948534030e-01
5.901788747999999529e+00 2.759830671507321753e-01
5.915924322000000402e+00 2.618895005180714719e-01
5.930059896999999580e+00 2.612190519891797180e-01
5.944195472000000535e+00 2.725704359179079717e-01
5.958331045999999631e+00 2.864214601938854798e-01
5.972466621000000586e+00 2.959403791453638632e-01
5.986602195999999765e+00 3.007143370882401356e-01
6.000737770000000637e+00 3.071121620351995318e-01
6.014873344999999816e+00 3.202203069865294793e-01
6.029008919000000688e+00 3.398282483172607726e-01
6.043144493999999867e+00 3.590733051316314928e-01
6.057280069000000822e+00 3.705550527942138572e-01
6.071415642999999918e+00 3.737009650976732544e-01
6.085551218000000873e+00 3.736882593172872191e-01
6.099686791999999969e+00 3.774940967663642510e-01
6.113822366999999147e+00 3.867280514876618724e-01
6.127957942000000102e+00 3.973837679958061031e-01
6.142093515999999198e+00 4.004777228902423047e-01
6.156229091000000153e+00 3.896006109838827669e-01
6.170364665999999332e+00 3.643802227230867885e-01
6.184500240000000204e+00 3.301192080581030197e-01
6.198635814999999383e+00 2.947930317661251465e-01
6.212771389000000255e+00 2.653573566771392223e-01
6.226906963999999434e+00 2.448215067380781207e-01
6.241042539000000389e+00 2.303880650602891933e-01
6.255178112999999485e+00 2.181839709250850134e-01
6.269313688000000440e+00 2.041075825815736877e-01
6.283449261999999536e+00 1.885787900592132971e-01
6.297584837000000491e+00 1.743920861175398684e-01
6.311720411999999669e+00 1.630084183434030720e-01
6.325855986000000541e+00 1.530206793123021214e-01
6.339991560999999720e+00 1.404018017493093851e-01
6.354127136000000675e+00 1.229939667554678095e-01
6.368262709999999771e+00 1.020987394524519587e-01
6.382398285000000726e+00 8.383318188625032974e-02
6.396533858999999822e+00 7.350164899494870951e-02
6.410669434000000777e+00 7.173120554384926351e-02
6.424805008999999956e+00 7.233596497961247707e-02
6.438940583000000828e+00 6.723585256393693754e-02
6.453076158000000007e+00 5.022213333402891777e-02
6.467211732000000879e+00 2.265343668844277403e-02
6.481347307000000058e+00 -7.090409921027607254e-03
6.495482881999999236e+00 -3.064447939318704073e-02
6.509618456000000108e+00 -4.706407442474080938e-02
6.523754030999999287e+00 -5.982818600093509076e-02
6.537889605000000159e+00 -7.202767397134923755e-02
6.552025179999999338e+00 -8.128811626113474631e-02
6.566160755000000293e+00 -7.978578225767218868e-02
6.580296328999999389e+00 -6.437895281052430363e-02
6.594431904000000344e+00 -4.176462813502457294e-02
6.608567478999999523e+00 -2.283625684395929056e-02
6.622703053000000395e+00 -1.430382949644659618e-02
6.636838627999999574e+00 -1.369952311362432340e-02
6.650974202000000446e+00 -1.331475085603273101e-02
6.665109776999999625e+00 -9.546400088480844204e-03
6.679245352000000580e+00 -7.120273525627496269e-03
6.693380925999999675e+00 -1.257753109950066062e-02
6.707516501000000630e+00 -2.608512264238349587e-02
6.721652074999999726e+00 -4.156271217316298561e-02
6.735787650000000681e+00 -5.196559049544191566e-02
6.749923224999999860e+00 -5.677675664871806305e-02
6.764058799000000732e+00 -6.172781871479759985e-02
6.778194373999999911e+00 -7.486014430202114767e-02
6.792329949000000866e+00 -9.809743264147297026e-02
6.806465522999999962e+00 -1.241304239423062228e-01
6.820601097999999141e+00 -1.446720901977602836e-01
6.834736672000000013e+00 -1.562784111528729980e-01
6.848872246999999192e+00 -1.631077515628867047e-01
6.863007822000000147e+00 -1.712476389515380504e-01
6.877143395999999242e+00 -1.844080132213452572e-01
6.891278971000000197e+00 -2.012990461094297245e-01
6.905414544999999293e+00 -2.194158606360101516e-01
6.919550120000000248e+00 -2.399761867668024351e-01
6.933685694999999427e+00 -2.666815254448673400e-01
6.947821269000000299e+00 -2.997595079454038469e-01
6.961956843999999478e+00 -3.313947279728743922e-01
6.976092419000000433e+00 -3.452170040798083761e-01
6.990227992999999529e+00 -3.222031609576037070e-01
7.004363568000000484e+00 -2.479640841135255513e-01
7.018499141999999580e+00 -1.156388609997049954e-01
7.032634717000000535e+00 7.722986608329662772e-02
7.046770291999999714e+00 3.333695656154906928e-01
7.060905866000000586e+00 6.556364016011899665e-01
7.075041440999999764e+00 1.047368495404741751e+00
7.089177015000000637e+00 1.508463180172173068e+00
7.103312589999999815e+00 2.036223600814162538e+00
7.117448165000000770e+00 2.626668950458060259e+00
7.131583738999999866e+00 3.277759680931793262e+00
7.145719314000000821e+00 3.989689554053847509e+00
7.159854889000000000e+00 4.764260033569286179e+00
7.173990463000000872e+00 5.606940977084765798e+00
7.188126038000000051e+00 6.523987180907662164e+00
7.202261611999999147e+00 7.519215908755769284e+00
7.216397187000000102e+00 8.592459241595683750e+00
7.230532761999999281e+00 9.744139867465538174e+00
7.244668336000000153e+00 1.097933204928244955e+01
7.258803910999999331e+00 1.230895179038913767e+01
7.272939485000000204e+00 1.374256633768443336e+01
7.287075059999999382e+00 1.527825122273549141e+01
7.301210635000000337e+00 1.690185347095543023e+01
7.315346208999999433e+00 1.859600054715243544e+01
7.329481784000000388e+00 2.035278886849614821e+01
7.343617357999999484e+00 2.217402304571242411e+01
7.357752933000000439e+00 2.406156086516333659e+01
7.371888507999999618e+00 2.600469912981532872e+01
7.386024082000000490e+00 2.798339209875535971e+01
7.400159656999999669e+00 2.998490231477124368e+01
7.414295232000000624e+00 3.201843620451342076e+01
7.428430805999999720e+00 3.411225924139775145e+01
7.442566381000000675e+00 3.629541684996075190e+01
7.456701954999999771e+00 3.857872257214994249e+01
7.470837530000000726e+00 4.094660834748481903e+01
7.484973104999999904e+00 4.336190179529916122e+01
7.499108679000000777e+00 4.577344133125715331e+01
7.513244253999999955e+00 4.811897603757896746e+01
7.527379828000000828e+00 5.032505239036377986e+01
7.541515403000000006e+00 5.231342022489577914e+01
7.555650977999999185e+00 5.401559441161231234e+01
7.569786552000000057e+00 5.538916876836197645e+01
7.583922126999999236e+00 5.642733785185588857e+01
7.598057702000000191e+00 5.715858693492626230e+01
7.612193275999999287e+00 5.763626302717115379e+01
7.626328851000000242e+00 5.064650236864309107e+01
7.640464424999999338e+00 4.352719069773295502e+01
7.654600000000000293e+00 3.632865134113368555e+01
