# r_minus_2Rs_A, PMF_over_kBT
-1.175000000000000044e+00 nan
-1.125000000000000000e+00 nan
-1.074999999999999956e+00 nan
-1.024999999999999911e+00 nan
-9.749999999999999778e-01 nan
-9.249999999999999334e-01 nan
-8.749999999999998890e-01 nan
-8.249999999999999556e-01 nan
-7.749999999999999112e-01 nan
-7.249999999999999778e-01 nan
-6.749999999999999334e-01 nan
-6.249999999999998890e-01 nan
-5.749999999999999556e-01 nan
-5.249999999999999112e-01 nan
-4.749999999999998668e-01 nan
-4.249999999999999334e-01 nan
-3.749999999999998890e-01 nan
-3.249999999999999556e-01 nan
-2.749999999999999112e-01 nan
-2.249999999999998668e-01 nan
-1.750000000000000444e-01 1.769202735207002330e+00
-1.249999999999997780e-01 -6.497373699682729153e-03
-7.499999999999995559e-02 -9.319235049695469009e-01
-2.499999999999968914e-02 -1.219726525055343735e+00
2.500000000000013323e-02 -1.196031870854031176e+00
7.499999999999995559e-02 -1.063532828473940928e+00
1.250000000000002220e-01 -9.278330561916741104e-01
1.750000000000000444e-01 -8.091459251538841713e-01
2.250000000000003109e-01 -6.901008202415921389e-01
2.750000000000001332e-01 -5.746162625203128371e-01
3.249999999999999556e-01 -4.739170383768080974e-01
3.750000000000002220e-01 -3.983092816188267271e-01
4.250000000000000444e-01 -3.384732056694068625e-01
4.750000000000003109e-01 -2.865397117787589210e-01
5.250000000000001332e-01 -2.516069968350573838e-01
5.749999999999999556e-01 -2.107928732605728328e-01
6.250000000000002220e-01 -1.977720197879255792e-01
6.750000000000000444e-01 -2.064617823635246374e-01
7.250000000000003109e-01 -2.139969943889186155e-01
7.750000000000001332e-01 -2.316272926199061111e-01
8.250000000000003997e-01 -2.370782258849302160e-01
8.750000000000002220e-01 -2.253295126016467975e-01
9.250000000000000444e-01 -2.246316801596943691e-01
9.749999999999998668e-01 -2.223880005706546648e-01
1.025000000000000133e+00 -1.916166467793174455e-01
1.075000000000000400e+00 -1.640580797621455922e-01
1.125000000000000222e+00 -1.420210339592657967e-01
1.175000000000000044e+00 -9.671310949547917701e-02
1.225000000000000311e+00 -6.154691936059819568e-02
1.275000000000000133e+00 -3.083464666593949133e-02
1.325000000000000400e+00 2.148786051632267657e-03
1.375000000000000222e+00 -1.283124793736156732e-04
1.425000000000000044e+00 -2.178387680807691851e-03
1.475000000000000311e+00 3.868862870286982059e-03
1.525000000000000133e+00 1.129266273716700297e-02
1.575000000000000400e+00 1.432786430128674127e-02
1.625000000000000222e+00 1.209363070339364299e-02
1.675000000000000044e+00 -2.265139541773208975e-03
1.725000000000000311e+00 -2.164840613054019869e-02
1.775000000000000133e+00 -3.247381209799549140e-02
1.825000000000000400e+00 -3.814395379316293244e-02
1.875000000000000222e+00 -2.452708121738522706e-02
1.925000000000000044e+00 -1.460096065979943347e-02
1.975000000000000311e+00 -2.441126434258622524e-02
2.025000000000000355e+00 -3.112456371948679745e-02
2.075000000000000178e+00 -1.762446152450802828e-02
2.125000000000000000e+00 3.014355310633654028e-03
2.174999999999999822e+00 1.124102410497895832e-02
2.225000000000000533e+00 9.165835635474905985e-03
2.275000000000000355e+00 5.373119323379693668e-03
2.325000000000000178e+00 8.896157970726292774e-03
2.375000000000000000e+00 1.584298402441097764e-02
2.424999999999999822e+00 4.917412437972945582e-03
2.475000000000000533e+00 -2.018537904609374323e-03
2.525000000000000355e+00 6.982266510294987683e-03
2.575000000000000178e+00 9.609131937733383921e-03
2.625000000000000000e+00 7.232314604993739238e-03
2.674999999999999822e+00 5.528262345130041666e-03
2.725000000000000533e+00 -8.645937148252791360e-04
2.775000000000000355e+00 -1.060604936952680433e-02
2.825000000000000178e+00 -7.408172346005770237e-03
2.875000000000000000e+00 -1.422977526422997130e-02
2.924999999999999822e+00 -2.092054880158134011e-02
2.975000000000000533e+00 -9.800463843063322855e-03
3.024999999999999467e+00 -1.252762857250688810e-02
3.075000000000000178e+00 -8.637739939958866131e-03
3.125000000000000000e+00 1.598818239668453600e-03
3.174999999999999822e+00 4.888128194461494047e-03
3.225000000000000533e+00 1.799218585144757299e-03
3.274999999999999467e+00 5.987664760716882029e-03
3.325000000000000178e+00 1.277168293086372586e-02
3.375000000000000000e+00 6.280276307668586355e-03
3.424999999999999822e+00 3.048748341328622047e-03
3.475000000000000533e+00 1.944469550841709804e-03
3.524999999999999467e+00 4.053376878530023930e-03
3.575000000000000178e+00 6.844767062335943564e-03
3.625000000000000888e+00 3.339503053246595243e-03
3.674999999999999822e+00 -4.251079194706797182e-03
3.725000000000000533e+00 -3.842161828437440363e-03
3.774999999999999467e+00 -9.528478381504168482e-03
3.825000000000000178e+00 -1.862709717150679012e-02
3.875000000000000888e+00 -1.260877619272804395e-02
3.924999999999999822e+00 -7.012127935188239292e-03
3.975000000000000533e+00 -9.938779785767959396e-03
4.024999999999999467e+00 -6.208295762478055480e-03
4.075000000000000178e+00 3.708045518190594692e-03
4.125000000000000888e+00 4.444806139438650661e-03
4.174999999999999822e+00 2.461851068239706564e-03
4.225000000000000533e+00 -7.211143383165641296e-04
4.274999999999999467e+00 4.991028339912606526e-03
4.325000000000000178e+00 7.940633095620874826e-03
4.375000000000000888e+00 6.833899626446982012e-03
4.424999999999999822e+00 1.512558790696338917e-03
4.475000000000000533e+00 -2.029607339439021274e-03
4.524999999999999467e+00 1.020538067213028199e-03
4.575000000000000178e+00 -1.567538605870222312e-03
4.625000000000000888e+00 -1.438312892094284479e-03
4.674999999999999822e+00 -4.433688740382635274e-03
4.725000000000000533e+00 1.009924110158877397e-03
4.774999999999999467e+00 2.880026422960035859e-03
4.825000000000000178e+00 -6.114657585052807320e-03
4.875000000000000888e+00 -6.137394564734055535e-03
4.924999999999999822e+00 -2.604329280095907251e-03
4.975000000000000533e+00 -6.706621725315553562e-03
5.024999999999999467e+00 -7.270390871532139698e-03
5.075000000000000178e+00 -5.337472754684657872e-03
5.125000000000000888e+00 -6.231867123445589129e-03
5.174999999999999822e+00 -3.395906325778241808e-03
5.225000000000000533e+00 -3.430929555973794010e-03
5.274999999999999467e+00 -4.082166948364829295e-04
5.325000000000000178e+00 2.661476201608614645e-03
5.375000000000000888e+00 -2.375683664079808466e-04
5.424999999999999822e+00 -3.331249685131876248e-03
5.475000000000000533e+00 -2.349699431106522240e-03
5.524999999999999467e+00 -1.748334494373171566e-03
5.575000000000000178e+00 7.024720397326156274e-04
5.625000000000000888e+00 3.281197688998815920e-03
5.674999999999999822e+00 2.339776447762620393e-03
5.725000000000000533e+00 -3.146087231954197705e-03
5.774999999999999467e+00 -2.851457030816906268e-03
5.825000000000000178e+00 7.373555650928320659e-02
5.875000000000000888e+00 5.944779732991460897e-01
5.924999999999999822e+00 1.946931358875895857e+00
5.975000000000000533e+00 4.179197540003726452e+00
6.024999999999999467e+00 7.998561386638070481e+00
6.075000000000000178e+00 nan
6.125000000000000888e+00 nan
6.174999999999999822e+00 nan
6.225000000000000533e+00 nan
6.274999999999999467e+00 nan
6.325000000000000178e+00 nan
6.375000000000000888e+00 nan
6.424999999999999822e+00 nan
6.475000000000000533e+00 nan
6.524999999999999467e+00 nan
6.575000000000000178e+00 nan
6.625000000000000888e+00 nan
6.674999999999999822e+00 nan
6.725000000000000533e+00 nan
6.774999999999999467e+00 nan
6.825000000000000178e+00 nan
6.874999999999999112e+00 nan
6.924999999999999822e+00 nan
6.975000000000000533e+00 nan
7.025000000000001243e+00 nan
7.075000000000000178e+00 nan
7.124999999999999112e+00 nan
7.174999999999999822e+00 nan
7.225000000000000533e+00 nan
7.275000000000001243e+00 nan
7.325000000000000178e+00 nan
7.374999999999999112e+00 nan
7.424999999999999822e+00 nan
7.475000000000000533e+00 nan
7.525000000000001243e+00 nan
7.575000000000000178e+00 nan
7.624999999999999112e+00 nan
7.674999999999999822e+00 nan
7.725000000000000533e+00 nan
7.775000000000001243e+00 nan
7.825000000000000178e+00 nan
7.874999999999999112e+00 nan
7.924999999999999822e+00 nan
7.975000000000000533e+00 nan
8.025000000000002132e+00 nan
8.075000000000001066e+00 nan
8.125000000000000000e+00 nan
8.175000000000000711e+00 nan
8.225000000000001421e+00 nan
8.275000000000002132e+00 nan
8.325000000000001066e+00 nan
8.375000000000001776e+00 nan
8.425000000000000711e+00 nan
8.475000000000001421e+00 nan
8.525000000000002132e+00 nan
8.575000000000001066e+00 nan
8.625000000000001776e+00 nan
8.675000000000000711e+00 nan
8.725000000000001421e+00 nan
8.775000000000002132e+00 nan
8.825000000000001066e+00 nan
8.875000000000001776e+00 nan
8.925000000000000711e+00 nan
8.975000000000001421e+00 nan
9.025000000000002132e+00 nan
9.075000000000001066e+00 nan
9.125000000000001776e+00 nan
9.175000000000000711e+00 nan
9.225000000000001421e+00 nan
9.275000000000002132e+00 nan
9.325000000000001066e+00 nan
9.375000000000001776e+00 nan
9.425000000000000711e+00 nan
9.475000000000001421e+00 nan
9.525000000000002132e+00 nan
9.575000000000001066e+00 nan
9.625000000000001776e+00 nan
9.675000000000000711e+00 nan
9.725000000000001421e+00 nan
9.775000000000002132e+00 nan
9.825000000000001066e+00 nan
9.875000000000001776e+00 nan
9.925000000000000711e+00 nan
9.975000000000001421e+00 nan
1.002500000000000213e+01 nan
1.007500000000000107e+01 nan
1.012500000000000178e+01 nan
1.017500000000000071e+01 nan
1.022500000000000142e+01 nan
1.027500000000000213e+01 nan
1.032500000000000107e+01 nan
1.037500000000000178e+01 nan
1.042500000000000071e+01 nan
1.047500000000000142e+01 nan
1.052500000000000213e+01 nan
1.057500000000000107e+01 nan
1.062500000000000178e+01 nan
1.067500000000000071e+01 nan
1.072500000000000142e+01 nan
1.077500000000000213e+01 nan
1.082500000000000107e+01 nan
1.087500000000000178e+01 nan
1.092500000000000071e+01 nan
1.097500000000000142e+01 nan
1.102500000000000213e+01 nan
1.107500000000000107e+01 nan
1.112500000000000178e+01 nan
1.117500000000000071e+01 nan
1.122500000000000142e+01 nan
1.127500000000000213e+01 nan
1.132500000000000107e+01 nan
1.137500000000000178e+01 nan
1.142500000000000071e+01 nan
1.147500000000000142e+01 nan
1.152500000000000213e+01 nan
1.157500000000000107e+01 nan
1.162500000000000178e+01 nan
1.167500000000000071e+01 nan
1.172500000000000142e+01 nan
1.177500000000000213e+01 nan
1.182500000000000107e+01 nan
1.187500000000000178e+01 nan
1.192500000000000071e+01 nan
1.197500000000000142e+01 nan
1.202500000000000213e+01 nan
1.207500000000000107e+01 nan
1.212500000000000178e+01 nan
1.217500000000000071e+01 nan
1.222500000000000142e+01 nan
1.227500000000000213e+01 nan
1.232500000000000107e+01 nan
1.237500000000000178e+01 nan
1.242500000000000071e+01 nan
1.247500000000000142e+01 nan
1.252500000000000213e+01 nan
1.257500000000000107e+01 nan
1.262500000000000178e+01 nan
1.267500000000000071e+01 nan
1.272500000000000142e+01 nan
1.277500000000000213e+01 nan
1.282500000000000107e+01 nan
1.287500000000000178e+01 nan
1.292500000000000071e+01 nan
1.297500000000000142e+01 nan
1.302500000000000213e+01 nan
1.307500000000000107e+01 nan
1.312500000000000178e+01 nan
1.317500000000000071e+01 nan
1.322500000000000142e+01 nan
1.327500000000000213e+01 nan
1.332500000000000107e+01 nan
1.337500000000000178e+01 nan
1.342500000000000071e+01 nan
1.347500000000000142e+01 nan
1.352500000000000213e+01 nan
1.357500000000000107e+01 nan
1.362500000000000178e+01 nan
1.367500000000000071e+01 nan
1.372500000000000142e+01 nan
1.377500000000000213e+01 nan
1.382500000000000107e+01 nan
1.387500000000000178e+01 nan
1.392500000000000071e+01 nan
1.397500000000000142e+01 nan
1.402500000000000213e+01 nan
1.407500000000000107e+01 nan
1.412500000000000178e+01 nan
1.417500000000000071e+01 nan
1.422500000000000142e+01 nan
1.427500000000000213e+01 nan
1.432500000000000107e+01 nan
1.437500000000000178e+01 nan
1.442500000000000071e+01 nan
1.447500000000000142e+01 nan
1.452500000000000213e+01 nan
1.457500000000000107e+01 nan
1.462500000000000178e+01 nan
1.467500000000000071e+01 nan
1.472500000000000142e+01 nan
1.477500000000000213e+01 nan
1.482499999999999929e+01 nan
1.487500000000000355e+01 nan
1.492500000000000071e+01 nan
1.497500000000000142e+01 nan
1.502500000000000213e+01 nan
1.507499999999999929e+01 nan
1.512500000000000355e+01 nan
1.517500000000000071e+01 nan
1.522500000000000142e+01 nan
1.527500000000000213e+01 nan
1.532499999999999929e+01 nan
1.537500000000000355e+01 nan
1.542500000000000071e+01 nan
1.547500000000000142e+01 nan
1.552500000000000213e+01 nan
1.557499999999999929e+01 nan
1.562500000000000355e+01 nan
1.567500000000000071e+01 nan
1.572500000000000142e+01 nan
1.577500000000000213e+01 nan
1.582499999999999929e+01 nan
1.587500000000000355e+01 nan
1.592500000000000071e+01 nan
1.597500000000000142e+01 nan
1.602500000000000213e+01 nan
1.607499999999999929e+01 nan
1.612500000000000355e+01 nan
1.617500000000000071e+01 nan
1.622500000000000142e+01 nan
1.627500000000000213e+01 nan
1.632499999999999929e+01 nan
1.637500000000000355e+01 nan
1.642500000000000071e+01 nan
1.647500000000000142e+01 nan
1.652500000000000213e+01 nan
1.657499999999999929e+01 nan
1.662500000000000355e+01 nan
1.667500000000000071e+01 nan
1.672500000000000142e+01 nan
1.677500000000000213e+01 nan
1.682499999999999929e+01 nan
1.687500000000000355e+01 nan
1.692500000000000071e+01 nan
1.697500000000000142e+01 nan
1.702500000000000213e+01 nan
1.707499999999999929e+01 nan
1.712500000000000355e+01 nan
1.717500000000000071e+01 nan
1.722500000000000142e+01 nan
1.727500000000000213e+01 nan
1.732499999999999929e+01 nan
1.737500000000000355e+01 nan
1.742500000000000071e+01 nan
1.747500000000000142e+01 nan
1.752500000000000213e+01 nan
1.757499999999999929e+01 nan
1.762500000000000355e+01 nan
1.767500000000000071e+01 nan
1.772500000000000142e+01 nan
1.777500000000000213e+01 nan
1.782499999999999929e+01 nan
1.787500000000000355e+01 nan
1.792500000000000071e+01 nan
1.797500000000000497e+01 nan
1.802500000000000213e+01 nan
1.807499999999999929e+01 nan
1.812500000000000355e+01 nan
1.817500000000000071e+01 nan
1.822500000000000497e+01 nan
1.827500000000000213e+01 nan
1.832499999999999929e+01 nan
1.837500000000000355e+01 nan
1.842500000000000071e+01 nan
1.847500000000000497e+01 nan
1.852500000000000213e+01 nan
1.857499999999999929e+01 nan
1.862500000000000355e+01 nan
1.867500000000000071e+01 nan
1.872500000000000497e+01 nan
1.877500000000000213e+01 nan
