# r_minus_2Rs_A, PMF_over_kBT
-1.375000000000000000e+00 nan
-1.324999999999999956e+00 nan
-1.274999999999999911e+00 nan
-1.224999999999999867e+00 nan
-1.174999999999999822e+00 nan
-1.125000000000000000e+00 nan
-1.074999999999999734e+00 nan
-1.024999999999999911e+00 nan
-9.749999999999998668e-01 nan
-9.249999999999999334e-01 nan
-8.749999999999998890e-01 nan
-8.249999999999998446e-01 nan
-7.749999999999999112e-01 nan
-7.249999999999998668e-01 nan
-6.749999999999998224e-01 nan
-6.249999999999998890e-01 nan
-5.749999999999998446e-01 nan
-5.249999999999999112e-01 nan
-4.749999999999998668e-01 nan
-4.249999999999998224e-01 nan
-3.750000000000000000e-01 nan
-3.249999999999997335e-01 nan
-2.749999999999999112e-01 nan
-2.249999999999996447e-01 nan
-1.749999999999998224e-01 2.298251799538634899e+00
-1.250000000000000000e-01 7.320000281347438520e-01
-7.499999999999973355e-02 -9.410068515851577331e-03
-2.499999999999991118e-02 -2.519058797974842445e-01
2.500000000000035527e-02 -9.833388410876753305e-02
7.500000000000017764e-02 -2.275906959301292609e-01
1.250000000000000000e-01 -2.098163352530628689e-01
1.750000000000002665e-01 -1.698715862885116223e-01
2.250000000000000888e-01 -3.846275263168141834e-02
2.750000000000003553e-01 2.014277484103328408e-01
3.250000000000001776e-01 3.842090771315489484e-01
3.750000000000000000e-01 4.421922694964792733e-01
4.250000000000002665e-01 2.767952232062163009e-01
4.750000000000000888e-01 1.470512953542746359e-01
5.250000000000003553e-01 6.407201371034121351e-02
5.750000000000001776e-01 3.631495983415322648e-02
6.250000000000004441e-01 1.042987640057408960e-01
6.750000000000002665e-01 1.132629591847511552e-01
7.250000000000000888e-01 -4.711784740086244483e-02
7.749999999999999112e-01 -1.202866774448452247e-01
8.250000000000001776e-01 -7.041252082900473219e-02
8.750000000000004441e-01 -8.308065792350971535e-02
9.250000000000002665e-01 -1.721010797434210371e-01
9.750000000000000888e-01 -1.425089787868611957e-01
1.025000000000000355e+00 -1.294770099715110145e-01
1.075000000000000178e+00 -5.041680643596668787e-02
1.125000000000000444e+00 5.313821934169449257e-02
1.175000000000000266e+00 -7.264504603259780424e-03
1.225000000000000089e+00 1.270394365047544660e-02
1.275000000000000355e+00 1.437208867486496899e-01
1.325000000000000178e+00 1.659085911017352810e-01
1.375000000000000444e+00 1.215255503017704797e-01
1.425000000000000266e+00 6.740273419057940529e-02
1.475000000000000089e+00 1.766712748066723293e-02
1.525000000000000355e+00 7.809901356311521603e-02
1.575000000000000178e+00 7.812992336214397149e-02
1.625000000000000444e+00 5.461169573705260127e-02
1.675000000000000266e+00 4.910394053066524656e-02
1.725000000000000089e+00 4.541149643870245889e-02
1.775000000000000355e+00 4.160877833407017334e-02
1.825000000000000178e+00 -8.472869701301566359e-02
1.875000000000000444e+00 -9.840900350298431576e-02
1.925000000000000266e+00 -3.155328118376665714e-02
1.975000000000000089e+00 -4.760838130112166056e-02
2.025000000000000355e+00 -9.341332591265016916e-03
2.075000000000000178e+00 -1.704909961510736593e-03
2.125000000000000444e+00 -4.575281865847125040e-02
2.175000000000000266e+00 -2.702919882338084001e-02
2.225000000000000089e+00 8.531596093576343520e-03
2.275000000000000355e+00 2.665511015448540633e-02
2.325000000000000178e+00 5.234053504080193875e-02
2.375000000000000444e+00 5.182493202365079377e-02
2.425000000000000266e+00 4.158893580111877597e-02
2.475000000000000089e+00 9.171164889292926503e-03
2.525000000000000355e+00 -1.741820074767108650e-02
2.575000000000000178e+00 -2.748742093584599644e-02
2.625000000000000444e+00 1.190203923013211096e-02
2.675000000000000266e+00 3.797471271011287897e-02
2.725000000000000089e+00 -4.138618299847718340e-02
2.775000000000000799e+00 -4.810513956776496514e-02
2.824999999999999734e+00 4.063752464550129950e-02
2.875000000000000444e+00 1.696692930782917053e-02
2.925000000000000266e+00 -2.014748596171211936e-02
2.975000000000000089e+00 -1.355575725103097540e-02
3.025000000000000799e+00 -5.422730708196454863e-02
3.074999999999999734e+00 -2.239668425047125488e-02
3.125000000000000444e+00 1.729316090302313036e-02
3.175000000000000266e+00 2.712272853776886983e-02
3.225000000000000089e+00 7.308235564617837632e-02
3.275000000000000799e+00 6.623764815286192764e-02
3.324999999999999734e+00 -3.360647033977093301e-03
3.375000000000000444e+00 2.452837152825448896e-02
3.425000000000001155e+00 8.843157370603949019e-02
3.475000000000000089e+00 9.579794535114327658e-02
3.525000000000000799e+00 5.400468574261085841e-02
3.574999999999999734e+00 1.573223139614743360e-02
3.625000000000000444e+00 1.562030325665797470e-02
3.675000000000001155e+00 -1.690764504529873591e-02
3.725000000000000089e+00 -1.049515028732561639e-02
3.775000000000000799e+00 4.578152246761812982e-02
3.824999999999999734e+00 2.153566017118735409e-02
3.875000000000000444e+00 -4.695617823367181920e-02
3.925000000000001155e+00 -2.941083676689282278e-02
3.975000000000000089e+00 -4.612561073515530907e-02
4.025000000000000355e+00 -7.395605590959886122e-02
4.074999999999999289e+00 1.015664831841256444e-02
4.125000000000000000e+00 3.035361674563263890e-02
4.175000000000000711e+00 4.164572102175023716e-03
4.224999999999999645e+00 1.252637953291779738e-03
4.275000000000000355e+00 -1.920441509439707595e-02
4.324999999999999289e+00 -1.621811890012758717e-02
4.375000000000000000e+00 1.249463096096636860e-03
4.425000000000000711e+00 2.218463857313413001e-02
4.474999999999999645e+00 3.386112843892941093e-02
4.525000000000000355e+00 1.020989352816137341e-02
4.574999999999999289e+00 -4.080400089372382411e-03
4.625000000000000000e+00 1.545428733874532057e-02
4.675000000000000711e+00 7.575561538683439622e-03
4.724999999999999645e+00 -4.941801362695907862e-02
4.775000000000000355e+00 -4.701073948166767380e-02
4.824999999999999289e+00 3.099083593021578764e-02
4.875000000000000000e+00 5.076496101878480438e-02
4.925000000000000711e+00 4.894490970279941067e-03
4.974999999999999645e+00 -3.747677984764075099e-02
5.025000000000000355e+00 3.550479137141238084e-03
5.074999999999999289e+00 6.417259858397827976e-02
5.125000000000000000e+00 6.061455743089050330e-02
5.175000000000000711e+00 1.825938007728322710e-02
5.224999999999999645e+00 -2.873748148450383511e-02
5.275000000000000355e+00 -1.915262454215738153e-02
5.324999999999999289e+00 2.370600826874236233e-03
5.375000000000000000e+00 9.987621105925992282e-03
5.425000000000000711e+00 -1.368377277080790044e-02
5.474999999999999645e+00 -7.510122555665743604e-03
5.525000000000000355e+00 1.358226270152340653e-02
5.574999999999999289e+00 -2.363863747828087725e-02
5.625000000000000000e+00 7.024736788654895037e-03
5.675000000000000711e+00 2.463530704039484931e-03
5.724999999999999645e+00 -7.493055487108435386e-03
5.775000000000000355e+00 2.136388310727999063e-02
5.824999999999999289e+00 1.816135417380349004e-02
5.875000000000000000e+00 -1.011582487421502918e-02
5.925000000000000711e+00 -3.518416502654808653e-02
5.974999999999999645e+00 -2.371078155476480376e-02
6.025000000000000355e+00 -3.144621825724258635e-02
6.074999999999999289e+00 -2.194775899122336504e-02
6.125000000000000000e+00 2.669672887367502412e-02
6.175000000000000711e+00 3.426747950058461889e-02
6.224999999999999645e+00 3.204921923319181687e-02
6.275000000000000355e+00 1.382856083210071141e-02
6.324999999999999289e+00 -1.773109749985546379e-02
6.375000000000000000e+00 -9.106377201404169952e-03
6.425000000000000711e+00 -6.716094811032524703e-03
6.474999999999999645e+00 1.744292822101112250e-02
6.525000000000000355e+00 1.045638693520190010e-02
6.574999999999999289e+00 -1.221089285508814015e-02
6.625000000000000000e+00 1.293942429856853593e-02
6.674999999999998934e+00 8.649658206141275230e-03
6.724999999999999645e+00 1.185910850203519828e-02
6.775000000000000355e+00 4.218128810016397168e-02
6.825000000000001066e+00 3.084042918768159502e-02
6.875000000000000000e+00 9.071744745180909675e-03
6.924999999999998934e+00 4.684369331293458671e-03
6.974999999999999645e+00 4.159816439253116727e-04
7.025000000000000355e+00 1.293542540839642818e-02
7.075000000000001066e+00 1.433189712461802046e-02
7.125000000000000000e+00 2.237958847333332280e-02
7.174999999999998934e+00 3.495093772206980809e-02
7.224999999999999645e+00 1.110152983279655281e-02
7.275000000000000355e+00 8.314307748877869386e-03
7.325000000000001066e+00 7.671868056902564348e-03
7.375000000000000000e+00 9.299850632324968558e-04
7.424999999999998934e+00 1.311081315885709309e-02
7.474999999999999645e+00 2.893142046614949336e-02
7.525000000000000355e+00 2.296046444316068857e-02
7.575000000000001066e+00 1.135133107950880849e-02
7.625000000000000000e+00 2.123053295394061735e-02
7.674999999999998934e+00 3.155126424511478511e-02
7.724999999999999645e+00 2.327085817100016385e-02
7.775000000000000355e+00 8.102659106068887951e-03
7.825000000000001066e+00 3.478232504495970545e-02
7.875000000000000000e+00 3.235159185381886182e-02
7.924999999999998934e+00 3.076259652496071695e-02
7.974999999999999645e+00 7.146031712022216098e-03
8.025000000000000355e+00 -2.479605303689580431e-02
8.075000000000001066e+00 9.969066267713433405e-03
8.125000000000000000e+00 1.561028237762940307e-02
8.175000000000000711e+00 2.863604062380908921e-02
8.224999999999999645e+00 4.714466701613084787e-02
8.275000000000000355e+00 1.516229384524869772e-02
8.325000000000001066e+00 -7.490313658123248786e-03
8.375000000000000000e+00 8.110598222626164144e-03
8.425000000000000711e+00 3.620372941902649799e-02
8.474999999999999645e+00 4.595437920729539272e-02
8.525000000000000355e+00 3.695124856794307355e-02
8.575000000000001066e+00 4.489467985321438093e-02
8.625000000000000000e+00 1.080454558710466362e-01
8.675000000000000711e+00 6.318100538316659964e-01
8.724999999999999645e+00 1.996230037101371257e+00
8.775000000000000355e+00 4.400447395983944077e+00
8.825000000000001066e+00 6.888188993943142435e+00
8.875000000000000000e+00 nan
8.925000000000000711e+00 nan
8.974999999999999645e+00 nan
9.025000000000000355e+00 nan
9.075000000000001066e+00 nan
9.125000000000000000e+00 nan
9.175000000000000711e+00 nan
9.224999999999999645e+00 nan
9.275000000000000355e+00 nan
9.325000000000001066e+00 nan
9.375000000000000000e+00 nan
9.425000000000000711e+00 nan
9.474999999999999645e+00 nan
9.525000000000000355e+00 nan
9.575000000000001066e+00 nan
9.625000000000000000e+00 nan
9.675000000000000711e+00 nan
9.724999999999999645e+00 nan
9.775000000000000355e+00 nan
9.825000000000001066e+00 nan
9.875000000000000000e+00 nan
9.925000000000000711e+00 nan
9.974999999999999645e+00 nan
1.002500000000000036e+01 nan
1.007500000000000107e+01 nan
1.012500000000000000e+01 nan
1.017500000000000071e+01 nan
1.022499999999999964e+01 nan
1.027500000000000036e+01 nan
1.032500000000000107e+01 nan
1.037500000000000000e+01 nan
1.042500000000000071e+01 nan
1.047499999999999964e+01 nan
1.052500000000000036e+01 nan
1.057500000000000107e+01 nan
1.062500000000000000e+01 nan
1.067500000000000071e+01 nan
1.072499999999999964e+01 nan
1.077500000000000036e+01 nan
1.082500000000000107e+01 nan
1.087500000000000000e+01 nan
1.092500000000000071e+01 nan
1.097499999999999964e+01 nan
1.102500000000000036e+01 nan
1.107500000000000107e+01 nan
1.112500000000000000e+01 nan
1.117500000000000071e+01 nan
1.122499999999999964e+01 nan
1.127500000000000036e+01 nan
1.132500000000000107e+01 nan
1.137500000000000000e+01 nan
1.142500000000000071e+01 nan
1.147499999999999964e+01 nan
1.152500000000000036e+01 nan
1.157500000000000107e+01 nan
1.162500000000000000e+01 nan
1.167500000000000071e+01 nan
1.172499999999999964e+01 nan
1.177500000000000036e+01 nan
1.182500000000000107e+01 nan
1.187500000000000000e+01 nan
1.192500000000000071e+01 nan
1.197499999999999964e+01 nan
1.202500000000000036e+01 nan
1.207500000000000107e+01 nan
1.212500000000000000e+01 nan
1.217500000000000071e+01 nan
1.222499999999999964e+01 nan
1.227500000000000036e+01 nan
1.232500000000000107e+01 nan
1.237500000000000000e+01 nan
1.242500000000000071e+01 nan
1.247499999999999964e+01 nan
1.252500000000000036e+01 nan
1.257500000000000107e+01 nan
1.262500000000000000e+01 nan
1.267500000000000071e+01 nan
1.272499999999999964e+01 nan
1.277500000000000036e+01 nan
1.282500000000000107e+01 nan
1.287500000000000000e+01 nan
1.292500000000000071e+01 nan
1.297499999999999964e+01 nan
1.302500000000000036e+01 nan
1.307500000000000107e+01 nan
1.312500000000000000e+01 nan
1.317500000000000071e+01 nan
1.322499999999999964e+01 nan
1.327500000000000036e+01 nan
1.332500000000000107e+01 nan
1.337500000000000000e+01 nan
1.342500000000000071e+01 nan
1.347499999999999964e+01 nan
1.352500000000000036e+01 nan
1.357500000000000107e+01 nan
1.362500000000000000e+01 nan
1.367500000000000071e+01 nan
1.372499999999999964e+01 nan
1.377500000000000036e+01 nan
1.382500000000000107e+01 nan
1.387500000000000000e+01 nan
1.392500000000000071e+01 nan
1.397499999999999964e+01 nan
1.402500000000000036e+01 nan
1.407500000000000107e+01 nan
1.412500000000000000e+01 nan
1.417500000000000071e+01 nan
1.422499999999999964e+01 nan
1.427500000000000036e+01 nan
1.432500000000000107e+01 nan
1.437500000000000000e+01 nan
1.442500000000000071e+01 nan
1.447499999999999964e+01 nan
1.452500000000000036e+01 nan
1.457500000000000107e+01 nan
1.462499999999999822e+01 nan
1.467500000000000249e+01 nan
1.472499999999999964e+01 nan
1.477500000000000036e+01 nan
1.482500000000000107e+01 nan
1.487499999999999822e+01 nan
1.492500000000000249e+01 nan
1.497499999999999964e+01 nan
1.502500000000000036e+01 nan
1.507500000000000107e+01 nan
1.512499999999999822e+01 nan
1.517500000000000249e+01 nan
1.522499999999999964e+01 nan
1.527500000000000036e+01 nan
1.532500000000000107e+01 nan
1.537499999999999822e+01 nan
1.542500000000000249e+01 nan
1.547499999999999964e+01 nan
1.552500000000000036e+01 nan
1.557500000000000107e+01 nan
1.562499999999999822e+01 nan
1.567500000000000249e+01 nan
1.572499999999999964e+01 nan
1.577500000000000036e+01 nan
1.582500000000000107e+01 nan
1.587499999999999822e+01 nan
1.592500000000000249e+01 nan
1.597499999999999964e+01 nan
1.602500000000000213e+01 nan
1.607500000000000284e+01 nan
1.612500000000000000e+01 nan
1.617500000000000426e+01 nan
1.622500000000000142e+01 nan
1.627500000000000213e+01 nan
1.632500000000000284e+01 nan
1.637500000000000000e+01 nan
1.642500000000000426e+01 nan
1.647500000000000142e+01 nan
1.652500000000000213e+01 nan
1.657500000000000284e+01 nan
1.662500000000000000e+01 nan
1.667500000000000426e+01 nan
1.672500000000000142e+01 nan
1.677500000000000213e+01 nan
1.682500000000000284e+01 nan
1.687500000000000000e+01 nan
1.692500000000000426e+01 nan
1.697500000000000142e+01 nan
1.702500000000000213e+01 nan
1.707500000000000284e+01 nan
1.712500000000000000e+01 nan
1.717500000000000426e+01 nan
1.722500000000000142e+01 nan
1.727500000000000213e+01 nan
1.732500000000000284e+01 nan
1.737500000000000000e+01 nan
1.742500000000000426e+01 nan
1.747500000000000142e+01 nan
1.752500000000000213e+01 nan
1.757500000000000284e+01 nan
1.762500000000000000e+01 nan
1.767500000000000426e+01 nan
1.772500000000000142e+01 nan
1.777500000000000568e+01 nan
1.782500000000000284e+01 nan
1.787500000000000000e+01 nan
1.792500000000000426e+01 nan
1.797500000000000142e+01 nan
1.802500000000000568e+01 nan
1.807500000000000284e+01 nan
1.812500000000000000e+01 nan
1.817500000000000426e+01 nan
1.822500000000000142e+01 nan
1.827500000000000568e+01 nan
1.832500000000000284e+01 nan
1.837500000000000000e+01 nan
1.842500000000000426e+01 nan
1.847500000000000142e+01 nan
1.852500000000000568e+01 nan
1.857500000000000284e+01 nan
