# r_minus_2Rs_A, PMF_over_kBT
-1.375000000000000000e+00 nan
-1.324999999999999956e+00 nan
-1.274999999999999911e+00 nan
-1.224999999999999867e+00 nan
-1.174999999999999822e+00 nan
-1.125000000000000000e+00 nan
-1.074999999999999734e+00 nan
-1.024999999999999911e+00 nan
-9.749999999999998668e-01 nan
-9.249999999999999334e-01 nan
-8.749999999999998890e-01 nan
-8.249999999999998446e-01 nan
-7.749999999999999112e-01 nan
-7.249999999999998668e-01 nan
-6.749999999999998224e-01 nan
-6.249999999999998890e-01 nan
-5.749999999999998446e-01 nan
-5.249999999999999112e-01 nan
-4.749999999999998668e-01 nan
-4.249999999999998224e-01 nan
-3.750000000000000000e-01 nan
-3.249999999999997335e-01 nan
-2.749999999999999112e-01 nan
-2.249999999999996447e-01 nan
-1.749999999999998224e-01 3.516576038037976915e+00
-1.250000000000000000e-01 9.367377100670459811e-01
-7.499999999999973355e-02 -1.020322168570038102e-01
-2.499999999999991118e-02 -4.251773646849090760e-01
2.500000000000035527e-02 -3.766345944935878265e-01
7.500000000000017764e-02 -2.628319539578725106e-01
1.250000000000000000e-01 -1.008610646830261359e-01
1.750000000000002665e-01 1.034023355812450085e-01
2.250000000000000888e-01 1.760015582001392964e-01
2.750000000000003553e-01 2.204456086176169727e-01
3.250000000000001776e-01 3.299607608559753658e-01
3.750000000000000000e-01 3.773535421811820001e-01
4.250000000000002665e-01 2.907070202526842451e-01
4.750000000000000888e-01 2.503748818771627249e-01
5.250000000000003553e-01 2.317444429503412451e-01
5.750000000000001776e-01 1.831409379248181146e-01
6.250000000000004441e-01 1.264035468289064212e-01
6.750000000000002665e-01 7.991637032590315215e-03
7.250000000000000888e-01 -1.078478178637172213e-01
7.749999999999999112e-01 -1.346430420722870558e-01
8.250000000000001776e-01 -1.302996719687596894e-01
8.750000000000004441e-01 -1.626929683846358721e-01
9.250000000000002665e-01 -1.737565439665842426e-01
9.750000000000000888e-01 -1.360600170944583631e-01
1.025000000000000355e+00 -1.048823300489405419e-01
1.075000000000000178e+00 -3.084219237329977048e-02
1.125000000000000444e+00 4.642194485656592207e-02
1.175000000000000266e+00 6.663677534071110742e-02
1.225000000000000089e+00 1.110495813271770160e-01
1.275000000000000355e+00 1.426687026533994818e-01
1.325000000000000178e+00 1.538482742566502637e-01
1.375000000000000444e+00 1.889417535628847844e-01
1.425000000000000266e+00 1.625556130775969166e-01
1.475000000000000089e+00 1.300558449270439176e-01
1.525000000000000355e+00 1.148440692573409194e-01
1.575000000000000178e+00 8.678268179695747264e-02
1.625000000000000444e+00 6.042253741036995862e-02
1.675000000000000266e+00 3.408758105175335729e-02
1.725000000000000089e+00 1.509921274758285747e-02
1.775000000000000355e+00 -5.066527390926722774e-02
1.825000000000000178e+00 -1.060039312374070342e-01
1.875000000000000444e+00 -8.097882779029808020e-02
1.925000000000000266e+00 -2.313917254556807634e-02
1.975000000000000089e+00 -3.657148038362922904e-03
2.025000000000000355e+00 2.686668520297086360e-03
2.075000000000000178e+00 -5.295377013712077030e-04
2.125000000000000444e+00 2.509072272322132591e-02
2.175000000000000266e+00 7.294031339462669905e-02
2.225000000000000089e+00 7.038258369264216441e-02
2.275000000000000355e+00 7.414287984355816263e-02
2.325000000000000178e+00 8.052417023141122954e-02
2.375000000000000444e+00 6.040510714178193297e-02
2.425000000000000266e+00 5.658402428560904696e-02
2.475000000000000089e+00 5.587684250655877705e-02
2.525000000000000355e+00 3.817867980336275835e-02
2.575000000000000178e+00 3.470766433546934593e-03
2.625000000000000444e+00 -1.840574072283107654e-03
2.675000000000000266e+00 1.013411843667233470e-02
2.725000000000000089e+00 -1.269421111273016933e-02
2.775000000000000799e+00 -9.965958194870783160e-03
2.824999999999999734e+00 3.607306871665105774e-03
2.875000000000000444e+00 9.350929771771987475e-04
2.925000000000000266e+00 -2.755054035509019172e-03
2.975000000000000089e+00 1.836472731342464471e-03
3.025000000000000799e+00 1.888954742094206551e-02
3.074999999999999734e+00 9.672661808986848797e-03
3.125000000000000444e+00 9.284654582507823051e-03
3.175000000000000266e+00 1.797651736096916864e-02
3.225000000000000089e+00 1.157164288714529476e-02
3.275000000000000799e+00 3.254894293968879637e-02
3.324999999999999734e+00 4.781836452094267997e-02
3.375000000000000444e+00 2.519538399217147173e-02
3.425000000000001155e+00 -5.683119998571850573e-03
3.475000000000000089e+00 -3.504650700209666070e-03
3.525000000000000799e+00 2.736386587933736791e-04
3.574999999999999734e+00 -2.246443984028045904e-02
3.625000000000000444e+00 -1.657731261523309740e-02
3.675000000000001155e+00 -9.433102601888343486e-03
3.725000000000000089e+00 1.621527778018272414e-03
3.775000000000000799e+00 1.355828469648923118e-02
3.824999999999999734e+00 -8.974689807373259498e-03
3.875000000000000444e+00 -1.201778782825257963e-02
3.925000000000001155e+00 5.865613243301925905e-03
3.975000000000000089e+00 1.632373225789862659e-02
4.025000000000000355e+00 1.528632557058529073e-02
4.074999999999999289e+00 1.520354808524171375e-02
4.125000000000000000e+00 3.118095911437368528e-02
4.175000000000000711e+00 2.695127531948360300e-02
4.224999999999999645e+00 7.411140838694318944e-03
4.275000000000000355e+00 -3.324161170343842286e-04
4.324999999999999289e+00 -3.045681338047945275e-03
4.375000000000000000e+00 3.091416835138360852e-03
4.425000000000000711e+00 -5.736810510898138205e-03
4.474999999999999645e+00 -5.243940665881297036e-03
4.525000000000000355e+00 1.004387242659543489e-02
4.574999999999999289e+00 -6.584448971707956844e-03
4.625000000000000000e+00 -1.780157026479889382e-02
4.675000000000000711e+00 -1.355676019235207974e-02
4.724999999999999645e+00 -6.909522175951199330e-03
4.775000000000000355e+00 4.143893707606594035e-04
4.824999999999999289e+00 -5.454057081945684615e-03
4.875000000000000000e+00 -2.000332064930443465e-03
4.925000000000000711e+00 -2.428463450274698232e-03
4.974999999999999645e+00 -1.794273159871950796e-02
5.025000000000000355e+00 -2.509197143545094377e-02
5.074999999999999289e+00 -1.786966705677350831e-02
5.125000000000000000e+00 1.116671715608319460e-02
5.175000000000000711e+00 2.085168787014790581e-02
5.224999999999999645e+00 -6.119076237680598496e-03
5.275000000000000355e+00 -1.616842320733136162e-02
5.324999999999999289e+00 -1.158171136812180535e-02
5.375000000000000000e+00 -3.262090122475580500e-03
5.425000000000000711e+00 -6.557866012257829169e-03
5.474999999999999645e+00 -2.301735383765768361e-02
5.525000000000000355e+00 -1.953764682894254534e-02
5.574999999999999289e+00 -1.563518148719955647e-02
5.625000000000000000e+00 6.061396956480757936e-02
5.675000000000000711e+00 7.006253860843010273e-01
5.724999999999999645e+00 2.254703070851187263e+00
5.775000000000000355e+00 4.857283785921515218e+00
5.824999999999999289e+00 nan
5.875000000000000000e+00 nan
5.925000000000000711e+00 nan
5.974999999999999645e+00 nan
6.025000000000000355e+00 nan
6.074999999999999289e+00 nan
6.125000000000000000e+00 nan
6.175000000000000711e+00 nan
6.224999999999999645e+00 nan
6.275000000000000355e+00 nan
6.324999999999999289e+00 nan
6.375000000000000000e+00 nan
6.425000000000000711e+00 nan
6.474999999999999645e+00 nan
6.525000000000000355e+00 nan
6.574999999999999289e+00 nan
6.625000000000000000e+00 nan
6.674999999999998934e+00 nan
6.724999999999999645e+00 nan
6.775000000000000355e+00 nan
6.825000000000001066e+00 nan
6.875000000000000000e+00 nan
6.924999999999998934e+00 nan
6.974999999999999645e+00 nan
7.025000000000000355e+00 nan
7.075000000000001066e+00 nan
7.125000000000000000e+00 nan
7.174999999999998934e+00 nan
7.224999999999999645e+00 nan
7.275000000000000355e+00 nan
7.325000000000001066e+00 nan
7.375000000000000000e+00 nan
7.424999999999998934e+00 nan
7.474999999999999645e+00 nan
7.525000000000000355e+00 nan
7.575000000000001066e+00 nan
7.625000000000000000e+00 nan
7.674999999999998934e+00 nan
7.724999999999999645e+00 nan
7.775000000000000355e+00 nan
7.825000000000001066e+00 nan
7.875000000000000000e+00 nan
7.924999999999998934e+00 nan
7.974999999999999645e+00 nan
8.025000000000000355e+00 nan
8.075000000000001066e+00 nan
8.125000000000000000e+00 nan
8.175000000000000711e+00 nan
8.224999999999999645e+00 nan
8.275000000000000355e+00 nan
8.325000000000001066e+00 nan
8.375000000000000000e+00 nan
8.425000000000000711e+00 nan
8.474999999999999645e+00 nan
8.525000000000000355e+00 nan
8.575000000000001066e+00 nan
8.625000000000000000e+00 nan
8.675000000000000711e+00 nan
8.724999999999999645e+00 nan
8.775000000000000355e+00 nan
8.825000000000001066e+00 nan
8.875000000000000000e+00 nan
8.925000000000000711e+00 nan
8.974999999999999645e+00 nan
9.025000000000000355e+00 nan
9.075000000000001066e+00 nan
9.125000000000000000e+00 nan
9.175000000000000711e+00 nan
9.224999999999999645e+00 nan
9.275000000000000355e+00 nan
9.325000000000001066e+00 nan
9.375000000000000000e+00 nan
9.425000000000000711e+00 nan
9.474999999999999645e+00 nan
9.525000000000000355e+00 nan
9.575000000000001066e+00 nan
9.625000000000000000e+00 nan
9.675000000000000711e+00 nan
9.724999999999999645e+00 nan
9.775000000000000355e+00 nan
9.825000000000001066e+00 nan
9.875000000000000000e+00 nan
9.925000000000000711e+00 nan
9.974999999999999645e+00 nan
1.002500000000000036e+01 nan
1.007500000000000107e+01 nan
1.012500000000000000e+01 nan
1.017500000000000071e+01 nan
1.022499999999999964e+01 nan
1.027500000000000036e+01 nan
1.032500000000000107e+01 nan
1.037500000000000000e+01 nan
1.042500000000000071e+01 nan
1.047499999999999964e+01 nan
1.052500000000000036e+01 nan
1.057500000000000107e+01 nan
1.062500000000000000e+01 nan
1.067500000000000071e+01 nan
1.072499999999999964e+01 nan
1.077500000000000036e+01 nan
1.082500000000000107e+01 nan
1.087500000000000000e+01 nan
1.092500000000000071e+01 nan
1.097499999999999964e+01 nan
1.102500000000000036e+01 nan
1.107500000000000107e+01 nan
1.112500000000000000e+01 nan
1.117500000000000071e+01 nan
1.122499999999999964e+01 nan
1.127500000000000036e+01 nan
1.132500000000000107e+01 nan
1.137500000000000000e+01 nan
1.142500000000000071e+01 nan
1.147499999999999964e+01 nan
1.152500000000000036e+01 nan
1.157500000000000107e+01 nan
1.162500000000000000e+01 nan
1.167500000000000071e+01 nan
1.172499999999999964e+01 nan
1.177500000000000036e+01 nan
1.182500000000000107e+01 nan
1.187500000000000000e+01 nan
1.192500000000000071e+01 nan
1.197499999999999964e+01 nan
1.202500000000000036e+01 nan
1.207500000000000107e+01 nan
1.212500000000000000e+01 nan
1.217500000000000071e+01 nan
1.222499999999999964e+01 nan
1.227500000000000036e+01 nan
1.232500000000000107e+01 nan
1.237500000000000000e+01 nan
1.242500000000000071e+01 nan
1.247499999999999964e+01 nan
1.252500000000000036e+01 nan
1.257500000000000107e+01 nan
1.262500000000000000e+01 nan
1.267500000000000071e+01 nan
1.272499999999999964e+01 nan
1.277500000000000036e+01 nan
1.282500000000000107e+01 nan
1.287500000000000000e+01 nan
1.292500000000000071e+01 nan
1.297499999999999964e+01 nan
1.302500000000000036e+01 nan
1.307500000000000107e+01 nan
1.312500000000000000e+01 nan
1.317500000000000071e+01 nan
1.322499999999999964e+01 nan
1.327500000000000036e+01 nan
1.332500000000000107e+01 nan
1.337500000000000000e+01 nan
1.342500000000000071e+01 nan
1.347499999999999964e+01 nan
1.352500000000000036e+01 nan
1.357500000000000107e+01 nan
1.362500000000000000e+01 nan
1.367500000000000071e+01 nan
1.372499999999999964e+01 nan
1.377500000000000036e+01 nan
1.382500000000000107e+01 nan
1.387500000000000000e+01 nan
1.392500000000000071e+01 nan
1.397499999999999964e+01 nan
1.402500000000000036e+01 nan
1.407500000000000107e+01 nan
1.412500000000000000e+01 nan
1.417500000000000071e+01 nan
1.422499999999999964e+01 nan
1.427500000000000036e+01 nan
1.432500000000000107e+01 nan
1.437500000000000000e+01 nan
1.442500000000000071e+01 nan
1.447499999999999964e+01 nan
1.452500000000000036e+01 nan
1.457500000000000107e+01 nan
1.462499999999999822e+01 nan
1.467500000000000249e+01 nan
1.472499999999999964e+01 nan
1.477500000000000036e+01 nan
1.482500000000000107e+01 nan
1.487499999999999822e+01 nan
1.492500000000000249e+01 nan
1.497499999999999964e+01 nan
1.502500000000000036e+01 nan
1.507500000000000107e+01 nan
1.512499999999999822e+01 nan
1.517500000000000249e+01 nan
1.522499999999999964e+01 nan
1.527500000000000036e+01 nan
1.532500000000000107e+01 nan
1.537499999999999822e+01 nan
1.542500000000000249e+01 nan
1.547499999999999964e+01 nan
1.552500000000000036e+01 nan
1.557500000000000107e+01 nan
1.562499999999999822e+01 nan
1.567500000000000249e+01 nan
1.572499999999999964e+01 nan
1.577500000000000036e+01 nan
1.582500000000000107e+01 nan
1.587499999999999822e+01 nan
1.592500000000000249e+01 nan
1.597499999999999964e+01 nan
1.602500000000000213e+01 nan
1.607500000000000284e+01 nan
1.612500000000000000e+01 nan
1.617500000000000426e+01 nan
1.622500000000000142e+01 nan
1.627500000000000213e+01 nan
1.632500000000000284e+01 nan
1.637500000000000000e+01 nan
1.642500000000000426e+01 nan
1.647500000000000142e+01 nan
1.652500000000000213e+01 nan
1.657500000000000284e+01 nan
1.662500000000000000e+01 nan
1.667500000000000426e+01 nan
1.672500000000000142e+01 nan
1.677500000000000213e+01 nan
1.682500000000000284e+01 nan
1.687500000000000000e+01 nan
1.692500000000000426e+01 nan
1.697500000000000142e+01 nan
1.702500000000000213e+01 nan
1.707500000000000284e+01 nan
1.712500000000000000e+01 nan
1.717500000000000426e+01 nan
1.722500000000000142e+01 nan
1.727500000000000213e+01 nan
1.732500000000000284e+01 nan
1.737500000000000000e+01 nan
1.742500000000000426e+01 nan
1.747500000000000142e+01 nan
1.752500000000000213e+01 nan
1.757500000000000284e+01 nan
1.762500000000000000e+01 nan
1.767500000000000426e+01 nan
1.772500000000000142e+01 nan
1.777500000000000568e+01 nan
1.782500000000000284e+01 nan
1.787500000000000000e+01 nan
1.792500000000000426e+01 nan
1.797500000000000142e+01 nan
1.802500000000000568e+01 nan
1.807500000000000284e+01 nan
1.812500000000000000e+01 nan
1.817500000000000426e+01 nan
1.822500000000000142e+01 nan
1.827500000000000568e+01 nan
1.832500000000000284e+01 nan
1.837500000000000000e+01 nan
1.842500000000000426e+01 nan
1.847500000000000142e+01 nan
1.852500000000000568e+01 nan
1.857500000000000284e+01 nan
