# r_minus_2Rs_A, PMF_over_kBT
-1.175000000000000044e+00 nan
-1.125000000000000000e+00 nan
-1.074999999999999956e+00 nan
-1.024999999999999911e+00 nan
-9.749999999999999778e-01 nan
-9.249999999999999334e-01 nan
-8.749999999999998890e-01 nan
-8.249999999999999556e-01 nan
-7.749999999999999112e-01 nan
-7.249999999999999778e-01 nan
-6.749999999999999334e-01 nan
-6.249999999999998890e-01 nan
-5.749999999999999556e-01 nan
-5.249999999999999112e-01 nan
-4.749999999999998668e-01 nan
-4.249999999999999334e-01 nan
-3.749999999999998890e-01 nan
-3.249999999999999556e-01 nan
-2.749999999999999112e-01 nan
-2.249999999999998668e-01 nan
-1.750000000000000444e-01 2.615056570637339650e+00
-1.249999999999997780e-01 1.061680240074365678e+00
-7.499999999999995559e-02 2.208039569274622416e-01
-2.499999999999968914e-02 -1.281679999732565634e-01
2.500000000000013323e-02 -1.101552096032549777e-01
7.499999999999995559e-02 8.929858347204167046e-04
1.250000000000002220e-01 8.841039512036275028e-02
1.750000000000000444e-01 1.725652198451030905e-01
2.250000000000003109e-01 2.572061356386687869e-01
2.750000000000001332e-01 2.940723150469213287e-01
3.249999999999999556e-01 2.791160797953233796e-01
3.750000000000002220e-01 2.874906809696828880e-01
4.250000000000000444e-01 3.383209582361379475e-01
4.750000000000003109e-01 3.305267765135027069e-01
5.250000000000001332e-01 2.782281636886194676e-01
5.749999999999999556e-01 2.215782105239783029e-01
6.250000000000002220e-01 1.609115779789926926e-01
6.750000000000000444e-01 8.826362250578823065e-02
7.250000000000003109e-01 3.279026264260354040e-02
7.750000000000001332e-01 -3.456943598754591562e-03
8.250000000000003997e-01 -4.024732417425136433e-02
8.750000000000002220e-01 -7.565571424548389601e-02
9.250000000000000444e-01 -7.641049918060804913e-02
9.749999999999998668e-01 -7.373530228587732438e-02
1.025000000000000133e+00 -6.232470593745897958e-02
1.075000000000000400e+00 -2.934789221841649365e-02
1.125000000000000222e+00 6.429539384467553020e-03
1.175000000000000044e+00 4.221746784195534730e-02
1.225000000000000311e+00 6.481272478297483985e-02
1.275000000000000133e+00 8.731696020589252427e-02
1.325000000000000400e+00 1.055594648605140407e-01
1.375000000000000222e+00 1.092165586874336292e-01
1.425000000000000044e+00 9.086627302799321626e-02
1.475000000000000311e+00 7.852957533550375402e-02
1.525000000000000133e+00 5.939366275728596989e-02
1.575000000000000400e+00 3.599245501719083862e-02
1.625000000000000222e+00 2.473408910600749522e-02
1.675000000000000044e+00 8.976483794586265219e-03
1.725000000000000311e+00 -7.939924459986258398e-03
1.775000000000000133e+00 -4.144822190884411839e-03
1.825000000000000400e+00 -2.985177661518623182e-03
1.875000000000000222e+00 -2.427649778662788194e-02
1.925000000000000044e+00 -2.077154791008606338e-02
1.975000000000000311e+00 -1.713816565191716990e-02
2.025000000000000355e+00 -1.706904844552870060e-02
2.075000000000000178e+00 -3.838215619396567746e-03
2.125000000000000000e+00 9.731886736171535546e-03
2.174999999999999822e+00 2.035839281662621403e-02
2.225000000000000533e+00 2.956095892013577142e-02
2.275000000000000355e+00 3.151550222473264995e-02
2.325000000000000178e+00 3.039215799490380121e-02
2.375000000000000000e+00 3.910719776212623344e-02
2.424999999999999822e+00 3.306814633281662807e-02
2.475000000000000533e+00 1.434707535041823689e-02
2.525000000000000355e+00 7.714430072311984077e-03
2.575000000000000178e+00 9.121516220215841741e-03
2.625000000000000000e+00 1.103478300214399965e-02
2.674999999999999822e+00 1.061891993399521894e-02
2.725000000000000533e+00 2.994973111050569514e-03
2.775000000000000355e+00 1.723617847251279755e-03
2.825000000000000178e+00 -1.524584015855090513e-03
2.875000000000000000e+00 -6.076716229942658032e-03
2.924999999999999822e+00 -4.502064727460730609e-03
2.975000000000000533e+00 -5.331182473502504848e-03
3.024999999999999467e+00 1.792597371852888699e-03
3.075000000000000178e+00 1.535288621267572040e-02
3.125000000000000000e+00 2.600327513861522277e-02
3.174999999999999822e+00 2.593689071861637885e-02
3.225000000000000533e+00 1.880705054027886902e-02
3.274999999999999467e+00 1.402058294163532892e-02
3.325000000000000178e+00 1.345225966893748293e-02
3.375000000000000000e+00 1.494735506214217580e-02
3.424999999999999822e+00 1.894510111260938601e-02
3.475000000000000533e+00 1.502547384729213675e-02
3.524999999999999467e+00 2.287468582544249784e-03
3.575000000000000178e+00 4.477767548801026010e-03
3.625000000000000888e+00 7.105666755953699010e-03
3.674999999999999822e+00 -1.041596519121945619e-03
3.725000000000000533e+00 -2.651394634241022175e-03
3.774999999999999467e+00 -2.109051036725428929e-03
3.825000000000000178e+00 2.991529764965861204e-03
3.875000000000000888e+00 7.802882708422220759e-03
3.924999999999999822e+00 3.709710125598508768e-03
3.975000000000000533e+00 -3.400879643550958065e-03
4.024999999999999467e+00 6.445513305212813293e-03
4.075000000000000178e+00 1.637597333837259583e-02
4.125000000000000888e+00 1.053817070429952096e-02
4.174999999999999822e+00 3.566034913666804584e-04
4.225000000000000533e+00 -6.846073315633471879e-03
4.274999999999999467e+00 1.987053796689064455e-03
4.325000000000000178e+00 3.541881921344192108e-03
4.375000000000000888e+00 -2.507037293876024364e-03
4.424999999999999822e+00 -4.394486932509433785e-03
4.475000000000000533e+00 -5.540276221118300981e-03
4.524999999999999467e+00 -6.094914853843391711e-03
4.575000000000000178e+00 -7.330423478747682964e-03
4.625000000000000888e+00 5.582791198350811612e-04
4.674999999999999822e+00 3.033519994278144338e-03
4.725000000000000533e+00 -4.670016696801226885e-03
4.774999999999999467e+00 -5.479780564045633184e-03
4.825000000000000178e+00 -6.324213739649309218e-03
4.875000000000000888e+00 -4.921607278139283892e-03
4.924999999999999822e+00 -9.506646426533649219e-04
4.975000000000000533e+00 4.025974215213334872e-03
5.024999999999999467e+00 3.313048163709808591e-03
5.075000000000000178e+00 1.813774977915016962e-03
5.125000000000000888e+00 -1.264469639925991373e-03
5.174999999999999822e+00 -3.435806827266851826e-03
5.225000000000000533e+00 2.348728292985047261e-03
5.274999999999999467e+00 7.899625535633170159e-03
5.325000000000000178e+00 9.011156237164641425e-03
5.375000000000000888e+00 2.414934084455921948e-03
5.424999999999999822e+00 3.155510939263805881e-03
5.475000000000000533e+00 -2.599213817532142201e-03
5.524999999999999467e+00 -1.116957856808875604e-02
5.575000000000000178e+00 -5.542559793714207927e-03
5.625000000000000888e+00 -4.161778322662179619e-03
5.674999999999999822e+00 -5.826526486587990661e-03
5.725000000000000533e+00 7.275363291845415858e-04
5.774999999999999467e+00 -1.597313024006563609e-03
5.825000000000000178e+00 6.993275604516613342e-02
5.875000000000000888e+00 5.952028888646396787e-01
5.924999999999999822e+00 1.937949765299596727e+00
5.975000000000000533e+00 4.195644117031095632e+00
6.024999999999999467e+00 7.502437457974338031e+00
6.075000000000000178e+00 nan
6.125000000000000888e+00 nan
6.174999999999999822e+00 nan
6.225000000000000533e+00 nan
6.274999999999999467e+00 nan
6.325000000000000178e+00 nan
6.375000000000000888e+00 nan
6.424999999999999822e+00 nan
6.475000000000000533e+00 nan
6.524999999999999467e+00 nan
6.575000000000000178e+00 nan
6.625000000000000888e+00 nan
6.674999999999999822e+00 nan
6.725000000000000533e+00 nan
6.774999999999999467e+00 nan
6.825000000000000178e+00 nan
6.874999999999999112e+00 nan
6.924999999999999822e+00 nan
6.975000000000000533e+00 nan
7.025000000000001243e+00 nan
7.075000000000000178e+00 nan
7.124999999999999112e+00 nan
7.174999999999999822e+00 nan
7.225000000000000533e+00 nan
7.275000000000001243e+00 nan
7.325000000000000178e+00 nan
7.374999999999999112e+00 nan
7.424999999999999822e+00 nan
7.475000000000000533e+00 nan
7.525000000000001243e+00 nan
7.575000000000000178e+00 nan
7.624999999999999112e+00 nan
7.674999999999999822e+00 nan
7.725000000000000533e+00 nan
7.775000000000001243e+00 nan
7.825000000000000178e+00 nan
7.874999999999999112e+00 nan
7.924999999999999822e+00 nan
7.975000000000000533e+00 nan
8.025000000000002132e+00 nan
8.075000000000001066e+00 nan
8.125000000000000000e+00 nan
8.175000000000000711e+00 nan
8.225000000000001421e+00 nan
8.275000000000002132e+00 nan
8.325000000000001066e+00 nan
8.375000000000001776e+00 nan
8.425000000000000711e+00 nan
8.475000000000001421e+00 nan
8.525000000000002132e+00 nan
8.575000000000001066e+00 nan
8.625000000000001776e+00 nan
8.675000000000000711e+00 nan
8.725000000000001421e+00 nan
8.775000000000002132e+00 nan
8.825000000000001066e+00 nan
8.875000000000001776e+00 nan
8.925000000000000711e+00 nan
8.975000000000001421e+00 nan
9.025000000000002132e+00 nan
9.075000000000001066e+00 nan
9.125000000000001776e+00 nan
9.175000000000000711e+00 nan
9.225000000000001421e+00 nan
9.275000000000002132e+00 nan
9.325000000000001066e+00 nan
9.375000000000001776e+00 nan
9.425000000000000711e+00 nan
9.475000000000001421e+00 nan
9.525000000000002132e+00 nan
9.575000000000001066e+00 nan
9.625000000000001776e+00 nan
9.675000000000000711e+00 nan
9.725000000000001421e+00 nan
9.775000000000002132e+00 nan
9.825000000000001066e+00 nan
9.875000000000001776e+00 nan
9.925000000000000711e+00 nan
9.975000000000001421e+00 nan
1.002500000000000213e+01 nan
1.007500000000000107e+01 nan
1.012500000000000178e+01 nan
1.017500000000000071e+01 nan
1.022500000000000142e+01 nan
1.027500000000000213e+01 nan
1.032500000000000107e+01 nan
1.037500000000000178e+01 nan
1.042500000000000071e+01 nan
1.047500000000000142e+01 nan
1.052500000000000213e+01 nan
1.057500000000000107e+01 nan
1.062500000000000178e+01 nan
1.067500000000000071e+01 nan
1.072500000000000142e+01 nan
1.077500000000000213e+01 nan
1.082500000000000107e+01 nan
1.087500000000000178e+01 nan
1.092500000000000071e+01 nan
1.097500000000000142e+01 nan
1.102500000000000213e+01 nan
1.107500000000000107e+01 nan
1.112500000000000178e+01 nan
1.117500000000000071e+01 nan
1.122500000000000142e+01 nan
1.127500000000000213e+01 nan
1.132500000000000107e+01 nan
1.137500000000000178e+01 nan
1.142500000000000071e+01 nan
1.147500000000000142e+01 nan
1.152500000000000213e+01 nan
1.157500000000000107e+01 nan
1.162500000000000178e+01 nan
1.167500000000000071e+01 nan
1.172500000000000142e+01 nan
1.177500000000000213e+01 nan
1.182500000000000107e+01 nan
1.187500000000000178e+01 nan
1.192500000000000071e+01 nan
1.197500000000000142e+01 nan
1.202500000000000213e+01 nan
1.207500000000000107e+01 nan
1.212500000000000178e+01 nan
1.217500000000000071e+01 nan
1.222500000000000142e+01 nan
1.227500000000000213e+01 nan
1.232500000000000107e+01 nan
1.237500000000000178e+01 nan
1.242500000000000071e+01 nan
1.247500000000000142e+01 nan
1.252500000000000213e+01 nan
1.257500000000000107e+01 nan
1.262500000000000178e+01 nan
1.267500000000000071e+01 nan
1.272500000000000142e+01 nan
1.277500000000000213e+01 nan
1.282500000000000107e+01 nan
1.287500000000000178e+01 nan
1.292500000000000071e+01 nan
1.297500000000000142e+01 nan
1.302500000000000213e+01 nan
1.307500000000000107e+01 nan
1.312500000000000178e+01 nan
1.317500000000000071e+01 nan
1.322500000000000142e+01 nan
1.327500000000000213e+01 nan
1.332500000000000107e+01 nan
1.337500000000000178e+01 nan
1.342500000000000071e+01 nan
1.347500000000000142e+01 nan
1.352500000000000213e+01 nan
1.357500000000000107e+01 nan
1.362500000000000178e+01 nan
1.367500000000000071e+01 nan
1.372500000000000142e+01 nan
1.377500000000000213e+01 nan
1.382500000000000107e+01 nan
1.387500000000000178e+01 nan
1.392500000000000071e+01 nan
1.397500000000000142e+01 nan
1.402500000000000213e+01 nan
1.407500000000000107e+01 nan
1.412500000000000178e+01 nan
1.417500000000000071e+01 nan
1.422500000000000142e+01 nan
1.427500000000000213e+01 nan
1.432500000000000107e+01 nan
1.437500000000000178e+01 nan
1.442500000000000071e+01 nan
1.447500000000000142e+01 nan
1.452500000000000213e+01 nan
1.457500000000000107e+01 nan
1.462500000000000178e+01 nan
1.467500000000000071e+01 nan
1.472500000000000142e+01 nan
1.477500000000000213e+01 nan
1.482499999999999929e+01 nan
1.487500000000000355e+01 nan
1.492500000000000071e+01 nan
1.497500000000000142e+01 nan
1.502500000000000213e+01 nan
1.507499999999999929e+01 nan
1.512500000000000355e+01 nan
1.517500000000000071e+01 nan
1.522500000000000142e+01 nan
1.527500000000000213e+01 nan
1.532499999999999929e+01 nan
1.537500000000000355e+01 nan
1.542500000000000071e+01 nan
1.547500000000000142e+01 nan
1.552500000000000213e+01 nan
1.557499999999999929e+01 nan
1.562500000000000355e+01 nan
1.567500000000000071e+01 nan
1.572500000000000142e+01 nan
1.577500000000000213e+01 nan
1.582499999999999929e+01 nan
1.587500000000000355e+01 nan
1.592500000000000071e+01 nan
1.597500000000000142e+01 nan
1.602500000000000213e+01 nan
1.607499999999999929e+01 nan
1.612500000000000355e+01 nan
1.617500000000000071e+01 nan
1.622500000000000142e+01 nan
1.627500000000000213e+01 nan
1.632499999999999929e+01 nan
1.637500000000000355e+01 nan
1.642500000000000071e+01 nan
1.647500000000000142e+01 nan
1.652500000000000213e+01 nan
1.657499999999999929e+01 nan
1.662500000000000355e+01 nan
1.667500000000000071e+01 nan
1.672500000000000142e+01 nan
1.677500000000000213e+01 nan
1.682499999999999929e+01 nan
1.687500000000000355e+01 nan
1.692500000000000071e+01 nan
1.697500000000000142e+01 nan
1.702500000000000213e+01 nan
1.707499999999999929e+01 nan
1.712500000000000355e+01 nan
1.717500000000000071e+01 nan
1.722500000000000142e+01 nan
1.727500000000000213e+01 nan
1.732499999999999929e+01 nan
1.737500000000000355e+01 nan
1.742500000000000071e+01 nan
1.747500000000000142e+01 nan
1.752500000000000213e+01 nan
1.757499999999999929e+01 nan
1.762500000000000355e+01 nan
1.767500000000000071e+01 nan
1.772500000000000142e+01 nan
1.777500000000000213e+01 nan
1.782499999999999929e+01 nan
1.787500000000000355e+01 nan
1.792500000000000071e+01 nan
1.797500000000000497e+01 nan
1.802500000000000213e+01 nan
1.807499999999999929e+01 nan
1.812500000000000355e+01 nan
1.817500000000000071e+01 nan
1.822500000000000497e+01 nan
1.827500000000000213e+01 nan
1.832499999999999929e+01 nan
1.837500000000000355e+01 nan
1.842500000000000071e+01 nan
1.847500000000000497e+01 nan
1.852500000000000213e+01 nan
1.857499999999999929e+01 nan
1.862500000000000355e+01 nan
1.867500000000000071e+01 nan
1.872500000000000497e+01 nan
1.877500000000000213e+01 nan
