# r_minus_2Rs_A, PMF_over_kBT
-5.466899999999998983e-01 3.106159994832987081e+01
-5.325575459999996042e-01 4.658564642102788866e+01
-5.184250910000001156e-01 6.208604204209682109e+01
-5.042926369999998215e-01 6.199002362490138296e+01
-4.901601830000004156e-01 6.174651531249859460e+01
-4.760277290000001216e-01 6.121412647521096062e+01
-4.618952739999997448e-01 6.018422646915689000e+01
-4.477628200000003389e-01 5.839944497408809809e+01
-4.336303660000000448e-01 5.560957346501291454e+01
-4.194979119999997508e-01 5.166456788057524108e+01
-4.053654570000002622e-01 4.660987799008417198e+01
-3.912330029999999681e-01 4.073335914000009694e+01
-3.771005489999996740e-01 3.452110344744977510e+01
-3.629680950000002682e-01 2.852665545319990770e+01
-3.488356399999998914e-01 2.320007049084885153e+01
-3.347031859999995973e-01 1.876448798033969467e+01
-3.205707320000001914e-01 1.519934315910788492e+01
-3.064382769999998146e-01 1.232133776830830385e+01
-2.923058230000004087e-01 9.913565397261717038e+00
-2.781733690000001147e-01 7.822851587788976602e+00
-2.640409149999998206e-01 5.983951057520274119e+00
-2.499084600000003320e-01 4.388495547735400848e+00
-2.357760060000000379e-01 3.036543896336263870e+00
-2.216435519999997439e-01 1.910672692442952680e+00
-2.075110980000003380e-01 9.790352220699052310e-01
-1.933786429999999612e-01 2.084794373174556625e-01
-1.792461889999996671e-01 -4.271040606556404384e-01
-1.651137350000002613e-01 -9.492554383238456239e-01
-1.509812799999998845e-01 -1.379209140589727767e+00
-1.368488259999995904e-01 -1.736684650399430652e+00
-1.227163720000001845e-01 -2.032926546835794213e+00
-1.085839179999998905e-01 -2.272437198837515382e+00
-9.445146300000040185e-02 -2.455909594926620088e+00
-8.031900900000010779e-02 -2.584578251046769637e+00
-6.618655499999981373e-02 -2.667348065426773829e+00
-5.205410100000040785e-02 -2.715969734796406243e+00
-3.792164600000003105e-02 -2.739937627627409000e+00
-2.378919199999973699e-02 -2.747404534133986331e+00
-9.656738000000331112e-03 -2.743511274920159337e+00
4.475715999999962946e-03 -2.730709006384756776e+00
1.860817100000033975e-02 -2.712174780448975753e+00
3.274062500000063380e-02 -2.690652502394737411e+00
4.687307899999915151e-02 -2.667811544044614180e+00
6.100553399999952831e-02 -2.646245480225781321e+00
7.513798799999982236e-02 -2.628165729206553891e+00
8.927044200000011642e-02 -2.615684276728773128e+00
1.034028960000004105e-01 -2.608578708377429223e+00
1.175353510000007873e-01 -2.602283220389377760e+00
1.316678049999993050e-01 -2.591980155599795665e+00
1.458002589999995990e-01 -2.575678246954499429e+00
1.599327129999998931e-01 -2.556776379671756416e+00
1.740651680000002699e-01 -2.545249714213220216e+00
1.881976220000005640e-01 -2.544877672230406063e+00
2.023300760000008580e-01 -2.549443980347295025e+00
2.164625299999993757e-01 -2.549312206916772183e+00
2.305949849999997525e-01 -2.537345938234839338e+00
2.447274390000000466e-01 -2.517595989351974595e+00
2.588598930000003406e-01 -2.499913303470991721e+00
2.729923480000007174e-01 -2.489902535972284170e+00
2.871248019999992351e-01 -2.481656804319520404e+00
3.012572559999995292e-01 -2.466856508572185191e+00
3.153897099999998233e-01 -2.443671842135263006e+00
3.295221650000002001e-01 -2.416405738514075807e+00
3.436546190000004941e-01 -2.392240624558057860e+00
3.577870730000007882e-01 -2.373712392351567502e+00
3.719195269999993059e-01 -2.356870649483886027e+00
3.860519819999996827e-01 -2.339401766614894740e+00
4.001844359999999767e-01 -2.323165105043194956e+00
4.143168900000002708e-01 -2.311037031240328332e+00
4.284493450000006476e-01 -2.301726584925638974e+00
4.425817989999991653e-01 -2.287046487627412361e+00
4.567142529999994593e-01 -2.260369999677488195e+00
4.708467069999997534e-01 -2.222533302313452808e+00
4.849791620000001302e-01 -2.183418586055200450e+00
4.991116160000004243e-01 -2.154343949624415444e+00
5.132440700000007183e-01 -2.137464644808421355e+00
5.273765239999992360e-01 -2.125636046459952411e+00
5.415089789999996128e-01 -2.109570674927805811e+00
5.556414329999999069e-01 -2.088854927679030027e+00
5.697738870000002009e-01 -2.074216924162803011e+00
5.839063410000004950e-01 -2.077466321756160639e+00
5.980387960000008718e-01 -2.097714776302801454e+00
6.121712499999993895e-01 -2.118862288870399624e+00
6.263037039999996836e-01 -2.121412531637728804e+00
6.404361590000000604e-01 -2.096316066234038544e+00
6.545686130000003544e-01 -2.054186867984736153e+00
6.687010670000006485e-01 -2.014031325602887890e+00
6.828335209999991662e-01 -1.986504993563219301e+00
6.969659759999995430e-01 -1.967252114262590723e+00
7.110984299999998370e-01 -1.943157356398947044e+00
7.252308840000001311e-01 -1.908141623889324734e+00
7.393633380000004252e-01 -1.870023394518314674e+00
7.534957930000008020e-01 -1.844465692098570031e+00
7.676282469999993197e-01 -1.840281678363293594e+00
7.817607009999996137e-01 -1.850605889722073627e+00
7.958931549999999078e-01 -1.858657866990464314e+00
8.100256100000002846e-01 -1.851416762955933493e+00
8.241580640000005786e-01 -1.830257483459506673e+00
8.382905180000008727e-01 -1.809760279500594038e+00
8.524229729999994731e-01 -1.805175284489775933e+00
8.665554269999997672e-01 -1.817463861746164255e+00
8.806878810000000612e-01 -1.832588700399597315e+00
8.948203350000003553e-01 -1.832942042901208879e+00
9.089527900000007321e-01 -1.808607311508362514e+00
9.230852439999992498e-01 -1.766391149096028457e+00
9.372176979999995439e-01 -1.724697538074885017e+00
9.513501519999998379e-01 -1.697656034985756790e+00
9.654826070000002147e-01 -1.688462066173762821e+00
9.796150610000005088e-01 -1.686588782113236817e+00
9.937475150000008028e-01 -1.678379247891909287e+00
1.007879969999999403e+00 -1.661105752622040299e+00
1.022012423999999697e+00 -1.641838245592332157e+00
1.036144877999999991e+00 -1.632254338652707304e+00
1.050277332000000285e+00 -1.631855804536732180e+00
1.064409787000000662e+00 -1.625559854968219753e+00
1.078542240999999180e+00 -1.597408273634799869e+00
1.092674694999999474e+00 -1.544768945646588065e+00
1.106807148999999768e+00 -1.486168506455001648e+00
1.120939604000000145e+00 -1.445654793472918698e+00
1.135072058000000439e+00 -1.435063119588772196e+00
1.149204512000000733e+00 -1.442942083165794642e+00
1.163336965999999251e+00 -1.445475935879745322e+00
1.177469420999999627e+00 -1.428270514339107677e+00
1.191601874999999922e+00 -1.392846817112701530e+00
1.205734329000000216e+00 -1.353368901971991889e+00
1.219866784000000592e+00 -1.321757022324151265e+00
1.233999238000000886e+00 -1.296949566344711258e+00
1.248131691999999404e+00 -1.269433318005898315e+00
1.262264145999999698e+00 -1.231281902967937825e+00
1.276396601000000075e+00 -1.184074414523598406e+00
1.290529055000000369e+00 -1.136228815220414745e+00
1.304661509000000663e+00 -1.095575347670767030e+00
1.318793962999999181e+00 -1.066292522930183395e+00
1.332926417999999558e+00 -1.043461207523010970e+00
1.347058871999999852e+00 -1.019076423442996315e+00
1.361191326000000146e+00 -9.872245335579865610e-01
1.375323780000000440e+00 -9.486797407990561481e-01
1.389456235000000817e+00 -9.107040051861847729e-01
1.403588688999999334e+00 -8.825198508558766974e-01
1.417721142999999628e+00 -8.694940003317803701e-01
1.431853598000000005e+00 -8.655372893312733851e-01
1.445986052000000299e+00 -8.586811426622844579e-01
1.460118506000000593e+00 -8.379610265981032313e-01
1.474250960000000887e+00 -8.008833709861455930e-01
1.488383414999999488e+00 -7.561106735709888227e-01
1.502515868999999782e+00 -7.171499397246847707e-01
1.516648323000000076e+00 -6.936839013650057950e-01
1.530780777000000370e+00 -6.850019226310894993e-01
1.544913232000000747e+00 -6.809167117740351216e-01
1.559045685999999264e+00 -6.704171676439809602e-01
1.573178139999999559e+00 -6.469229250427073197e-01
1.587310594999999935e+00 -6.143924035808581152e-01
1.601443049000000229e+00 -5.851395068232161378e-01
1.615575503000000523e+00 -5.662094397952159852e-01
1.629707957000000818e+00 -5.564183483898919036e-01
1.643840411999999418e+00 -5.476574177450164171e-01
1.657972865999999712e+00 -5.290474325139715717e-01
1.672105320000000006e+00 -4.977390638921193045e-01
1.686237774000000300e+00 -4.610833161032861227e-01
1.700370229000000677e+00 -4.300441291012280232e-01
1.714502682999999195e+00 -4.094147288404847984e-01
1.728635136999999489e+00 -3.952074402487415483e-01
1.742767590999999783e+00 -3.777931393889719658e-01
1.756900046000000160e+00 -3.484852872420063363e-01
1.771032500000000454e+00 -3.087069932206407685e-01
1.785164954000000748e+00 -2.669579248477322864e-01
1.799297408999999348e+00 -2.334739139062218527e-01
1.813429862999999642e+00 -2.114977393750585577e-01
1.827562316999999936e+00 -1.954538789852193759e-01
1.841694771000000230e+00 -1.760559461954134264e-01
1.855827226000000607e+00 -1.479815396503738612e-01
1.869959679999999125e+00 -1.166822661543989170e-01
1.884092133999999419e+00 -9.275398580591165398e-02
1.898224587999999713e+00 -8.164006442989091283e-02
1.912357043000000090e+00 -7.688715519832811651e-02
1.926489497000000384e+00 -6.645749754973628853e-02
1.940621951000000678e+00 -4.012063070208782278e-02
1.954754404999999196e+00 -3.158676896058310035e-03
1.968886859999999572e+00 2.958420806557882088e-02
1.983019313999999866e+00 4.891189130384532291e-02
1.997151768000000160e+00 5.820741426542141994e-02
2.011284223000000537e+00 7.076723603638512827e-02
2.025416677000000831e+00 9.718216039973626152e-02
2.039549130999999349e+00 1.357817977972199941e-01
2.053681584999999643e+00 1.727185897038641116e-01
2.067814040000000020e+00 1.971222616020504859e-01
2.081946494000000314e+00 2.067471721701448217e-01
2.096078948000000608e+00 2.090991067965379813e-01
2.110211401999999126e+00 2.153153932553149019e-01
2.124343856999999502e+00 2.317776530587014605e-01
2.138476310999999797e+00 2.544696176726954917e-01
2.152608765000000091e+00 2.749224801884082581e-01
2.166741220000000467e+00 2.867508391793798239e-01
2.180873674000000761e+00 2.922358862950282798e-01
2.195006127999999279e+00 3.054336247120037484e-01
2.209138581999999573e+00 3.385950826971484418e-01
2.223271036999999950e+00 3.923833482031344744e-01
2.237403491000000244e+00 4.489458323814226048e-01
2.251535945000000538e+00 4.888723717449341422e-01
2.265668399000000832e+00 5.061911435734192111e-01
2.279800853999999433e+00 5.142547675361512916e-01
2.293933307999999727e+00 5.317953856913373301e-01
2.308065762000000021e+00 5.626750154596038556e-01
2.322198216000000315e+00 5.920877523266732112e-01
2.336330671000000692e+00 6.014541309254699541e-01
2.350463124999999209e+00 5.898997177382625523e-01
2.364595578999999503e+00 5.749137097939822638e-01
2.378728033999999880e+00 5.804108601511686061e-01
2.392860488000000174e+00 6.138328371069494693e-01
2.406992942000000468e+00 6.631104740037851997e-01
2.421125396000000762e+00 7.089488211697556608e-01
2.435257850999999363e+00 7.409751034871359110e-01
2.449390304999999657e+00 7.612605249864330403e-01
2.463522758999999951e+00 7.763707845225340520e-01
2.477655213000000245e+00 7.887313579368413485e-01
2.491787668000000622e+00 7.928252591393345483e-01
2.505920121999999139e+00 7.850094690269369124e-01
2.520052575999999434e+00 7.733856154839884312e-01
2.534185029999999728e+00 7.738023466254375649e-01
2.548317485000000104e+00 7.977785989059356098e-01
2.562449939000000398e+00 8.419529476598253126e-01
2.576582393000000692e+00 8.845867279596077992e-01
2.590714847999999293e+00 9.044153206432934411e-01
2.604847301999999587e+00 8.974519309769952713e-01
2.618979755999999881e+00 8.811981384655283023e-01
2.633112210000000175e+00 8.805413682511922246e-01
2.647244665000000552e+00 9.066494343579520887e-01
2.661377119000000846e+00 9.517120405017109874e-01
2.675509572999999364e+00 9.961231400907486488e-01
2.689642026999999658e+00 1.027366577577026874e+00
2.703774482000000035e+00 1.047204220619299520e+00
2.717906936000000329e+00 1.062506147920387889e+00
2.732039390000000623e+00 1.077930731706596035e+00
2.746171844999999223e+00 1.091383100244236459e+00
2.760304298999999517e+00 1.100044885687307072e+00
2.774436752999999811e+00 1.108035251728656689e+00
2.788569207000000105e+00 1.122666059862925891e+00
2.802701662000000482e+00 1.146799715333420622e+00
2.816834116000000776e+00 1.174849759293705276e+00
2.830966569999999294e+00 1.200634558537792884e+00
2.845099023999999588e+00 1.223065257121691118e+00
2.859231478999999965e+00 1.247408218526462775e+00
2.873363933000000259e+00 1.279475601873924617e+00
2.887496387000000553e+00 1.318069118413530916e+00
2.901628841000000847e+00 1.355337298008812752e+00
2.915761295999999447e+00 1.384232468868008326e+00
2.929893749999999741e+00 1.403688960246206818e+00
2.944026204000000035e+00 1.416284199248165621e+00
2.958158659000000412e+00 1.424936764699781477e+00
2.972291113000000706e+00 1.430372318503822626e+00
2.986423566999999224e+00 1.432189165456886570e+00
3.000556020999999518e+00 1.432221034916818070e+00
3.014688475999999895e+00 1.434414443506282666e+00
3.028820930000000189e+00 1.442412633760886465e+00
3.042953384000000483e+00 1.458295858724170557e+00
3.057085838000000777e+00 1.481051777623218157e+00
3.071218292999999377e+00 1.508319888842500234e+00
3.085350746999999672e+00 1.537079493166576327e+00
3.099483200999999966e+00 1.566787906483193993e+00
3.113615655000000260e+00 1.597031767891337495e+00
3.127748110000000636e+00 1.627169443756125489e+00
3.141880563999999154e+00 1.655768286086663821e+00
3.156013017999999448e+00 1.678812098527146190e+00
3.170145472999999825e+00 1.694419166988538450e+00
3.184277927000000119e+00 1.704335475053134985e+00
3.198410381000000413e+00 1.713872299200389193e+00
3.212542835000000707e+00 1.726953700743719011e+00
3.226675289999999308e+00 1.743193855290801508e+00
3.240807743999999602e+00 1.759343505445755795e+00
3.254940197999999896e+00 1.773057469187889978e+00
3.269072652000000190e+00 1.786332047979749760e+00
3.283205107000000567e+00 1.803426996767932167e+00
3.297337561000000861e+00 1.827186609658241423e+00
3.311470014999999378e+00 1.854752879149401679e+00
3.325602469999999755e+00 1.879660301361793628e+00
3.339734924000000049e+00 1.895487944411263115e+00
3.353867378000000343e+00 1.900155016610383996e+00
3.367999832000000637e+00 1.897560485972226374e+00
3.382132286999999238e+00 1.896774088319251206e+00
3.396264740999999532e+00 1.904679111336861297e+00
3.410397194999999826e+00 1.922027719979167770e+00
3.424529649000000120e+00 1.943563256739173184e+00
3.438662104000000497e+00 1.960977772730663204e+00
3.452794558000000791e+00 1.972237252552542230e+00
3.466927011999999309e+00 1.980821271586499677e+00
3.481059465999999603e+00 1.993113301402328119e+00
3.495191920999999979e+00 2.007549611920877553e+00
3.509324375000000273e+00 2.016748861954088312e+00
3.523456829000000567e+00 2.014682763572983148e+00
3.537589283999999168e+00 2.004481272204543529e+00
3.551721737999999462e+00 2.000446933378960068e+00
3.565854191999999756e+00 2.014762906069311299e+00
3.579986646000000050e+00 2.046111578951247623e+00
3.594119101000000427e+00 2.079776431214559906e+00
3.608251555000000721e+00 2.099889377968093385e+00
3.622384008999999239e+00 2.101373489699534858e+00
3.636516462999999533e+00 2.093293762815887860e+00
3.650648917999999910e+00 2.090403813427998969e+00
3.664781372000000204e+00 2.101614922485204318e+00
3.678913826000000498e+00 2.125629991181064327e+00
3.693046280000000792e+00 2.155815203926255919e+00
3.707178734999999392e+00 2.186447115916889672e+00
3.721311188999999686e+00 2.215296607458332900e+00
3.735443642999999980e+00 2.241013991035128328e+00
3.749576098000000357e+00 2.262266173032575267e+00
3.763708552000000651e+00 2.276582670209032599e+00
3.777841005999999169e+00 2.280349436011661624e+00
3.791973459999999463e+00 2.276246260619132045e+00
3.806105914999999840e+00 2.269317922293685896e+00
3.820238369000000134e+00 2.264962971164434791e+00
3.834370823000000428e+00 2.268646016254717068e+00
3.848503277000000722e+00 2.278518682238754423e+00
3.862635731999999322e+00 2.290879151334287656e+00
3.876768185999999616e+00 2.302734189518286456e+00
3.890900639999999910e+00 2.313148812244946839e+00
3.905033095000000287e+00 2.323909698061399354e+00
3.919165549000000581e+00 2.335394936157706880e+00
3.933298003000000875e+00 2.345729583225411474e+00
3.947430456999999393e+00 2.353742788905064387e+00
3.961562911999999770e+00 2.360672037949077762e+00
3.975695366000000064e+00 2.369685175896931284e+00
3.989827820000000358e+00 2.382186328264666031e+00
4.003960274000000652e+00 2.394537881896145137e+00
4.018092728999999252e+00 2.401023070909708679e+00
4.032225182999999546e+00 2.398847008049036944e+00
4.046357636999999841e+00 2.390564069818591264e+00
4.060490091000000135e+00 2.383084572699750936e+00
4.074622546000000511e+00 2.382756716935279684e+00
4.088755000000000805e+00 2.388093289231553840e+00
4.102887453999999323e+00 2.393618174151482592e+00
4.117019908999999700e+00 2.392762979354760233e+00
4.131152362999999994e+00 2.383511600711006650e+00
4.145284817000000288e+00 2.372105554026127550e+00
4.159417271000000582e+00 2.366514790489091524e+00
4.173549725999999183e+00 2.372962172618542809e+00
4.187682179999999477e+00 2.390642838316393792e+00
4.201814633999999771e+00 2.412799169787037457e+00
4.215947088000000065e+00 2.430821162996704032e+00
4.230079543000000442e+00 2.440537840647122536e+00
4.244211997000000736e+00 2.443513109202076095e+00
4.258344450999999253e+00 2.445661217266049903e+00
4.272476904999999547e+00 2.453675058286869159e+00
4.286609359999999924e+00 2.471533700826618940e+00
4.300741814000000218e+00 2.497482401804418828e+00
4.314874268000000512e+00 2.525296093834572986e+00
4.329006722999999113e+00 2.548637249118296921e+00
4.343139176999999407e+00 2.563083884552588287e+00
4.357271630999999701e+00 2.569108578324286185e+00
4.371404084999999995e+00 2.570120200761527585e+00
4.385536540000000372e+00 2.569325301901987046e+00
4.399668994000000666e+00 2.568230972303201298e+00
4.413801447999999183e+00 2.569689647096913276e+00
4.427933901999999478e+00 2.577166647610610539e+00
4.442066356999999854e+00 2.589263673800589416e+00
4.456198811000000148e+00 2.598731893170414864e+00
4.470331265000000442e+00 2.597468177297738379e+00
4.484463720000000819e+00 2.582493627619946608e+00
4.498596173999999337e+00 2.564133378918347361e+00
4.512728627999999631e+00 2.558324589968318463e+00
4.526861081999999925e+00 2.569817834930800515e+00
4.540993537000000302e+00 2.588866834434016440e+00
4.555125991000000596e+00 2.601854371248679243e+00
4.569258444999999114e+00 2.601802033531518177e+00
4.583390898999999408e+00 2.595354755635986166e+00
4.597523353999999784e+00 2.594695317842619531e+00
4.611655808000000079e+00 2.599583005547772885e+00
4.625788262000000373e+00 2.600383311155779253e+00
4.639920716000000667e+00 2.589525004889669191e+00
4.654053170999999267e+00 2.569251759926920897e+00
4.668185624999999561e+00 2.551850925642256129e+00
4.682318078999999855e+00 2.546329788728360910e+00
4.696450534000000232e+00 2.552665400876110269e+00
4.710582988000000526e+00 2.563163355227681350e+00
4.724715442000000820e+00 2.569165676759118000e+00
4.738847895999999338e+00 2.571127112049538255e+00
4.752980350999999715e+00 2.572974814146595790e+00
4.767112805000000009e+00 2.577075057430898042e+00
4.781245259000000303e+00 2.584188550048700961e+00
4.795377713000000597e+00 2.590349334722626296e+00
4.809510167999999197e+00 2.590707617671169416e+00
4.823642621999999491e+00 2.581537468608280150e+00
4.837775075999999785e+00 2.562091275338195473e+00
4.851907530000000079e+00 2.537095427268850401e+00
4.866039985000000456e+00 2.517370626223311092e+00
4.880172439000000750e+00 2.513411021844706994e+00
4.894304892999999268e+00 2.527735242175781494e+00
4.908437347999999645e+00 2.553352342152502175e+00
4.922569801999999939e+00 2.575146102755963895e+00
4.936702256000000233e+00 2.583463183289461895e+00
4.950834710000000527e+00 2.581488751957836669e+00
4.964967164999999127e+00 2.581186104786977964e+00
4.979099618999999421e+00 2.592521880758521746e+00
4.993232072999999716e+00 2.613414837215506381e+00
5.007364527000000010e+00 2.630142860673084115e+00
5.021496982000000386e+00 2.631042210873156151e+00
5.035629436000000680e+00 2.617079379432588837e+00
5.049761889999999198e+00 2.600164231773618440e+00
5.063894344999999575e+00 2.592765416159853231e+00
5.078026798999999869e+00 2.594771013656213654e+00
5.092159253000000163e+00 2.595581296624061451e+00
5.106291707000000457e+00 2.588208433894685356e+00
5.120424162000000834e+00 2.578399885904991251e+00
5.134556615999999352e+00 2.579320933075463174e+00
5.148689069999999646e+00 2.597449105269859615e+00
5.162821523999999940e+00 2.622939961795111685e+00
5.176953979000000317e+00 2.640493018428916372e+00
5.191086433000000611e+00 2.643493126067962606e+00
5.205218886999999128e+00 2.640701340998429458e+00
5.219351340999999422e+00 2.646936782463464866e+00
5.233483795999999799e+00 2.663717555096171807e+00
5.247616250000000093e+00 2.677717366486751516e+00
5.261748704000000387e+00 2.674758403436616305e+00
5.275881159000000764e+00 2.654066298834672821e+00
5.290013612999999282e+00 2.629447642964921172e+00
5.304146066999999576e+00 2.617119431193234647e+00
5.318278520999999870e+00 2.621234004545625496e+00
5.332410976000000247e+00 2.632239344573648054e+00
5.346543430000000541e+00 2.639081665245887720e+00
5.360675884000000835e+00 2.639188426191422465e+00
5.374808337999999353e+00 2.637275830807832122e+00
5.388940792999999729e+00 2.642111652207693950e+00
5.403073247000000023e+00 2.657192574299248378e+00
5.417205701000000317e+00 2.677058411516339831e+00
5.431338155000000611e+00 2.692861676656180592e+00
5.445470609999999212e+00 2.695524913852839433e+00
5.459603063999999506e+00 2.683860479387650599e+00
5.473735517999999800e+00 2.666449239564343543e+00
5.487867973000000177e+00 2.655777482182282156e+00
5.502000427000000471e+00 2.658257530272935654e+00
5.516132881000000765e+00 2.669650890059294568e+00
5.530265334999999283e+00 2.678996020452464322e+00
5.544397789999999659e+00 2.675831363863000689e+00
5.558530243999999954e+00 2.661887670795099581e+00
5.572662698000000248e+00 2.645303368225187413e+00
5.586795152000000542e+00 2.635676342034265929e+00
5.600927606999999142e+00 2.639330509170584094e+00
5.615060060999999436e+00 2.654005307649246248e+00
5.629192514999999730e+00 2.674076032264743219e+00
5.643324970000000107e+00 2.690793269309127211e+00
5.657457424000000401e+00 2.693256677332964699e+00
5.671589878000000695e+00 2.677584319160500215e+00
5.685722331999999213e+00 2.648286904899332939e+00
5.699854786999999590e+00 2.618345341130126513e+00
5.713987240999999884e+00 2.602146443338636317e+00
5.728119695000000178e+00 2.604429520240238105e+00
5.742252149000000472e+00 2.620534263239308714e+00
5.756384604000000849e+00 2.640484805348634723e+00
5.770517057999999366e+00 2.660761306053890607e+00
5.784649511999999660e+00 2.681681518340868209e+00
5.798781965999999954e+00 2.702929320587280415e+00
5.812914421000000331e+00 2.718478263590281330e+00
5.827046875000000625e+00 2.720996005160674969e+00
5.841179328999999143e+00 2.712667006915962631e+00
5.855311783999999520e+00 2.702334430892644690e+00
5.869444237999999814e+00 2.701185641114607350e+00
5.883576692000000108e+00 2.708714623178106962e+00
5.897709146000000402e+00 2.712840519963584995e+00
5.911841601000000779e+00 2.703007610014543260e+00
5.925974054999999296e+00 2.680665824834454369e+00
5.940106508999999591e+00 2.656830574292358804e+00
5.954238962999999885e+00 2.642621832028185125e+00
5.968371418000000261e+00 2.639455391669448758e+00
5.982503872000000555e+00 2.639859264668711347e+00
5.996636326000000849e+00 2.637567343006470111e+00
6.010768779999999367e+00 2.634112740542420283e+00
6.024901234999999744e+00 2.637348913556490260e+00
6.039033689000000038e+00 2.650482830207890217e+00
6.053166143000000332e+00 2.671208807057372070e+00
6.067298598000000709e+00 2.690495414330346335e+00
6.081431051999999227e+00 2.700555722617103527e+00
6.095563505999999521e+00 2.698799419757309082e+00
6.109695959999999815e+00 2.688812687362059251e+00
6.123828415000000192e+00 2.677379560544105530e+00
6.137960869000000486e+00 2.668461976566112170e+00
6.152093323000000780e+00 2.661288860516528132e+00
6.166225776999999297e+00 2.650883026120308017e+00
6.180358231999999674e+00 2.633476544658293506e+00
6.194490685999999968e+00 2.610899074426308530e+00
6.208623140000000262e+00 2.590838331311033471e+00
6.222755595000000639e+00 2.580103351622270225e+00
6.236888048999999157e+00 2.579956403385414987e+00
6.251020502999999451e+00 2.584860592416688974e+00
6.265152956999999745e+00 2.588492200736716597e+00
6.279285412000000122e+00 2.587377351165576655e+00
6.293417866000000416e+00 2.583887179484607444e+00
6.307550320000000710e+00 2.579564945517660135e+00
6.321682773999999227e+00 2.572380051239113286e+00
6.335815228999999604e+00 2.562587622666239184e+00
6.349947682999999898e+00 2.553222131480438861e+00
6.364080137000000192e+00 2.551346141243653776e+00
6.378212591000000486e+00 2.560738327668540038e+00
6.392345046000000863e+00 2.576628591321620476e+00
6.406477499999999381e+00 2.588814207352658769e+00
6.420609953999999675e+00 2.590339428232173447e+00
6.434742409000000052e+00 2.583346371720901757e+00
6.448874863000000346e+00 2.576871146753758168e+00
6.463007317000000640e+00 2.576830193300917671e+00
6.477139770999999158e+00 2.583415906726816758e+00
6.491272225999999534e+00 2.594679418601423038e+00
6.505404679999999829e+00 2.608867979672835347e+00
6.519537134000000123e+00 2.626663812840440926e+00
6.533669588000000417e+00 2.646018225316980832e+00
6.547802043000000793e+00 2.661358258088457163e+00
6.561934496999999311e+00 2.668161459967830496e+00
6.576066950999999605e+00 2.665568999487071267e+00
6.590199404999999899e+00 2.659456394897093290e+00
6.604331860000000276e+00 2.657374553087089808e+00
6.618464314000000570e+00 2.662125159854458190e+00
6.632596768000000864e+00 2.674588405614793274e+00
6.646729222999999465e+00 2.695477934184141944e+00
6.660861676999999759e+00 2.723950133524835948e+00
6.674994131000000053e+00 2.758614724797746831e+00
6.689126585000000347e+00 2.793876966720803878e+00
6.703259040000000724e+00 2.820678439623483413e+00
6.717391493999999241e+00 2.833522503554551264e+00
6.731523947999999535e+00 2.832952471525489457e+00
6.745656401999999829e+00 2.823855571672561737e+00
6.759788857000000206e+00 2.811806300500483857e+00
6.773921311000000500e+00 2.800816648287483446e+00
6.788053765000000794e+00 2.790933601011138521e+00
6.802186219999999395e+00 2.780332532915863908e+00
6.816318673999999689e+00 2.768195655634951180e+00
6.830451127999999983e+00 2.755653274001026887e+00
6.844583582000000277e+00 2.746735321755558346e+00
6.858716037000000654e+00 2.743076362089819753e+00
6.872848490999999171e+00 2.747208573320202518e+00
6.886980944999999465e+00 2.758676261050569067e+00
6.901113398999999760e+00 2.774535936820793580e+00
6.915245854000000136e+00 2.796660084323400852e+00
6.929378308000000430e+00 2.822255076430256082e+00
6.943510762000000724e+00 2.845805402490009683e+00
6.957643215999999242e+00 2.863370019679379652e+00
6.971775670999999619e+00 2.870823107327874268e+00
6.985908124999999913e+00 2.872475866376920095e+00
7.000040579000000207e+00 2.877757431845754610e+00
7.014173034000000584e+00 2.892105463508933383e+00
7.028305488000000878e+00 2.912314902583055698e+00
7.042437941999999396e+00 2.926278547268877261e+00
7.056570395999999690e+00 2.923252561163034002e+00
7.070702851000000067e+00 2.904974729204392148e+00
7.084835305000000361e+00 2.889728788214258159e+00
7.098967759000000655e+00 2.897341929328963062e+00
7.113100212999999172e+00 2.932043411783558540e+00
7.127232667999999549e+00 2.976499056696013668e+00
7.141365121999999843e+00 3.004464584634433777e+00
7.155497576000000137e+00 3.006248005887501407e+00
7.169630030000000431e+00 2.997288154518431114e+00
7.183762485000000808e+00 3.005351986473487003e+00
7.197894938999999326e+00 3.042605909851912926e+00
7.212027392999999620e+00 3.090375253047040971e+00
7.226159847999999997e+00 3.115076110020252642e+00
7.240292302000000291e+00 3.096296899147054305e+00
7.254424756000000585e+00 3.043812783896211016e+00
7.268557210000000879e+00 2.987857038808547472e+00
7.282689664999999479e+00 2.950918054091959064e+00
7.296822118999999773e+00 2.932809206972416760e+00
7.310954573000000067e+00 2.920406741694129948e+00
7.325087027000000361e+00 2.904537498168101806e+00
7.339219482000000738e+00 2.889414316837390473e+00
7.353351935999999256e+00 2.884618287865976072e+00
7.367484389999999550e+00 2.890107186036265929e+00
7.381616844999999927e+00 2.896154934673056403e+00
7.395749299000000221e+00 2.895208926920028958e+00
7.409881753000000515e+00 2.890918872366151859e+00
7.424014207000000809e+00 2.892942822483639986e+00
7.438146661999999409e+00 2.905522536574276060e+00
7.452279115999999703e+00 2.923057697444761516e+00
7.466411569999999998e+00 2.937793931677145309e+00
7.480544024000000292e+00 2.951377151520615527e+00
7.494676479000000668e+00 2.972402597054054851e+00
7.508808932999999186e+00 3.003855500510042020e+00
7.522941386999999480e+00 3.033772558977696931e+00
7.537073840999999774e+00 3.043443153591791628e+00
7.551206296000000151e+00 3.025765138452044312e+00
7.565338750000000445e+00 2.994851442514688600e+00
7.579471204000000739e+00 2.973995843949014173e+00
7.593603658999999340e+00 2.976836386765778997e+00
7.607736112999999634e+00 2.996671931820777957e+00
7.621868566999999928e+00 3.013400808848443191e+00
7.636001021000000222e+00 3.013544282169597466e+00
7.650133476000000599e+00 2.997539210151293432e+00
7.664265929999999116e+00 2.977545785476777951e+00
7.678398383999999410e+00 2.965870050551023596e+00
7.692530837999999704e+00 2.967258730203363726e+00
7.706663293000000081e+00 2.977221549795963540e+00
7.720795747000000375e+00 2.986448602791073270e+00
7.734928201000000669e+00 2.986438237237656779e+00
7.749060654999999187e+00 2.973132524149686873e+00
7.763193109999999564e+00 2.950413416425432089e+00
7.777325563999999858e+00 2.927450002360656001e+00
7.791458018000000152e+00 2.916390705680401041e+00
7.805590473000000529e+00 2.922219564601538977e+00
7.819722927000000823e+00 2.942276424995935002e+00
7.833855380999999340e+00 2.968482039723046029e+00
7.847987834999999635e+00 2.989808573526451241e+00
7.862120290000000011e+00 2.999564984385571620e+00
7.876252744000000305e+00 2.998782100812654505e+00
7.890385198000000599e+00 2.993472143204257918e+00
7.904517651999999117e+00 2.991263328706045499e+00
7.918650106999999494e+00 2.997435689050973906e+00
7.932782560999999788e+00 3.007919320558983145e+00
7.946915015000000082e+00 3.011630161736043476e+00
7.961047470000000459e+00 2.998987848013607405e+00
7.975179924000000753e+00 2.970488575720736435e+00
7.989312377999999271e+00 2.941713023580092567e+00
8.003444831999999565e+00 2.937355742469028641e+00
8.017577287000001718e+00 2.977190379473997339e+00
8.031709741000000236e+00 3.070512111674029043e+00
8.045842194999998753e+00 3.216277985330057376e+00
8.059974649000000824e+00 3.416457824263217091e+00
8.074107103999999424e+00 3.683540916341684124e+00
8.088239558000001495e+00 4.031038507804685977e+00
8.102372012000000012e+00 4.465348275154550350e+00
8.116504465999998530e+00 4.974751838670108839e+00
8.130636921000000683e+00 5.536914603758420483e+00
8.144769374999999201e+00 6.138750083657164680e+00
8.158901829000001271e+00 6.786389568654879412e+00
8.173034283999999872e+00 7.500210842994246008e+00
8.187166737999998389e+00 8.297766631544410743e+00
8.201299192000000460e+00 9.176974552650007055e+00
8.215431645999998977e+00 1.012105386329721846e+01
8.229564101000001131e+00 1.111747606397900512e+01
8.243696554999999648e+00 1.217028285572181723e+01
8.257829009000001719e+00 1.329415681332898025e+01
8.271961463000000236e+00 1.449664485835358185e+01
8.286093917999998837e+00 1.576809596450421580e+01
8.300226372000000907e+00 1.709411402413118708e+01
8.314358825999999425e+00 1.847424930146987521e+01
8.328491280000001495e+00 1.992025306101902515e+01
8.342623735000000096e+00 2.144725281564920749e+01
8.356756188999998614e+00 2.305145287119711384e+01
8.370888643000000684e+00 2.471161490244214676e+01
8.385021097999999284e+00 2.641132326541670494e+01
8.399153552000001355e+00 2.814759332677882497e+01
8.413286005999999873e+00 2.992803881801410526e+01
8.427418459999998390e+00 3.175518302681766158e+01
8.441550915000000543e+00 3.362070419439169910e+01
8.455683368999999061e+00 3.552061252166147653e+01
8.469815823000001132e+00 3.747690230035648540e+01
8.483948276999999649e+00 3.953570950436175480e+01
8.498080731999998250e+00 4.174555277701546174e+01
8.512213186000000320e+00 4.412418101759511302e+01
8.526345639999998838e+00 4.663890138945604491e+01
8.540478095000000991e+00 4.921650729693742932e+01
8.554610548999999509e+00 5.176450003230073094e+01
8.568743003000001579e+00 5.419129470560853434e+01
8.582875457000000097e+00 5.641763220232232356e+01
8.597007911999998697e+00 5.837720203789741902e+01
8.611140366000000768e+00 6.001886820102598108e+01
8.625272819999999285e+00 6.131605238120462076e+01
8.639405274000001356e+00 6.227084221359924499e+01
8.653537728999999956e+00 6.291853721391020571e+01
8.667670182999998474e+00 6.332076884864233790e+01
8.681802637000000544e+00 6.354646330753747918e+01
8.695935090999999062e+00 6.366043182114194110e+01
8.710067546000001215e+00 6.371212746405010563e+01
8.724199999999999733e+00 4.779719445923266363e+01
