# r_minus_2Rs_A, PMF_over_kBT
-1.375000000000000000e+00 nan
-1.324999999999999956e+00 nan
-1.274999999999999911e+00 nan
-1.224999999999999867e+00 nan
-1.174999999999999822e+00 nan
-1.125000000000000000e+00 nan
-1.074999999999999734e+00 nan
-1.024999999999999911e+00 nan
-9.749999999999998668e-01 nan
-9.249999999999999334e-01 nan
-8.749999999999998890e-01 nan
-8.249999999999998446e-01 nan
-7.749999999999999112e-01 nan
-7.249999999999998668e-01 nan
-6.749999999999998224e-01 nan
-6.249999999999998890e-01 nan
-5.749999999999998446e-01 nan
-5.249999999999999112e-01 nan
-4.749999999999998668e-01 nan
-4.249999999999998224e-01 nan
-3.750000000000000000e-01 nan
-3.249999999999997335e-01 nan
-2.749999999999999112e-01 nan
-2.249999999999996447e-01 nan
-1.749999999999998224e-01 1.461239879131113195e-01
-1.250000000000000000e-01 -1.276286747264889332e+00
-7.499999999999973355e-02 -1.998780035957424595e+00
-2.499999999999991118e-02 -2.210963536330840196e+00
2.500000000000035527e-02 -2.056285541252916627e+00
7.500000000000017764e-02 -1.791962009679753720e+00
1.250000000000000000e-01 -1.566770222514196842e+00
1.750000000000002665e-01 -1.357906295023517895e+00
2.250000000000000888e-01 -1.175661543511701268e+00
2.750000000000003553e-01 -9.851939597880030597e-01
3.250000000000001776e-01 -7.799169575148643396e-01
3.750000000000000000e-01 -5.916332082253790148e-01
4.250000000000002665e-01 -4.406630028476756777e-01
4.750000000000000888e-01 -4.226394823194810080e-01
5.250000000000003553e-01 -4.054569972096073727e-01
5.750000000000001776e-01 -2.515863016142849684e-01
6.250000000000004441e-01 -1.730495966224345761e-01
6.750000000000002665e-01 -2.598332073547142684e-01
7.250000000000000888e-01 -3.534210852542138959e-01
7.749999999999999112e-01 -4.132701378322698460e-01
8.250000000000001776e-01 -4.650907481902586404e-01
8.750000000000004441e-01 -4.254604525984988506e-01
9.250000000000002665e-01 -2.680201384750011684e-01
9.750000000000000888e-01 -1.690802624320630887e-01
1.025000000000000355e+00 -1.754932281129115701e-01
1.075000000000000178e+00 -1.372015927437713056e-01
1.125000000000000444e+00 -1.110394075254090840e-01
1.175000000000000266e+00 -5.346555991065393698e-02
1.225000000000000089e+00 -1.181003880636732895e-02
1.275000000000000355e+00 -5.252581726068417112e-02
1.325000000000000178e+00 -3.724242056766069453e-02
1.375000000000000444e+00 4.013073576709791368e-02
1.425000000000000266e+00 5.759992324681917353e-02
1.475000000000000089e+00 3.442337960046537582e-02
1.525000000000000355e+00 -5.267280076933467114e-02
1.575000000000000178e+00 -9.519854245247616475e-02
1.625000000000000444e+00 3.244339244837179947e-02
1.675000000000000266e+00 5.273685068051570113e-02
1.725000000000000089e+00 -1.080345293432771747e-02
1.775000000000000355e+00 -1.914586047496968924e-02
1.825000000000000178e+00 -6.122666681319244297e-02
1.875000000000000444e+00 -9.552714267695527894e-02
1.925000000000000266e+00 -3.795740154258564480e-02
1.975000000000000089e+00 -7.016187461183132079e-02
2.025000000000000355e+00 -7.969654079125820800e-02
2.075000000000000178e+00 -7.252789974164164377e-02
2.125000000000000444e+00 -1.168954784675371172e-01
2.175000000000000266e+00 -4.969979005007441053e-02
2.225000000000000089e+00 3.458304491134001069e-02
2.275000000000000355e+00 1.338744194950458599e-02
2.325000000000000178e+00 -2.012814437505761056e-02
2.375000000000000444e+00 -3.044508722762850894e-03
2.425000000000000266e+00 -2.540661372390706774e-02
2.475000000000000089e+00 -1.823417179908859431e-02
2.525000000000000355e+00 -1.580752896148962527e-02
2.575000000000000178e+00 -2.747775016612163945e-02
2.625000000000000444e+00 -4.018865214526545770e-02
2.675000000000000266e+00 -4.876830359404316084e-02
2.725000000000000089e+00 -2.774451597153415605e-02
2.775000000000000799e+00 1.652503260973881005e-02
2.824999999999999734e+00 3.007298751773190837e-02
2.875000000000000444e+00 -1.933617368521822755e-03
2.925000000000000266e+00 -1.600345397956193239e-02
2.975000000000000089e+00 1.689100389804831792e-02
3.025000000000000799e+00 4.081159278272394886e-02
3.074999999999999734e+00 3.464926212525631932e-02
3.125000000000000444e+00 1.812195184761677957e-02
3.175000000000000266e+00 3.712608881646084491e-02
3.225000000000000089e+00 4.347954664465136787e-02
3.275000000000000799e+00 2.271189604860812672e-02
3.324999999999999734e+00 1.356610428364746213e-02
3.375000000000000444e+00 -1.472555754539150996e-02
3.425000000000001155e+00 -4.004843471700492152e-02
3.475000000000000089e+00 -3.863639382078187801e-02
3.525000000000000799e+00 -9.872021524466312314e-03
3.574999999999999734e+00 -2.070228615714997389e-02
3.625000000000000444e+00 -3.978999023792773038e-02
3.675000000000001155e+00 9.601617893098435275e-03
3.725000000000000089e+00 1.564862423312085582e-02
3.775000000000000799e+00 -3.375495360006364187e-02
3.824999999999999734e+00 -3.075308994238135085e-03
3.875000000000000444e+00 -1.233131881073212810e-04
3.925000000000001155e+00 -2.441593247132334277e-02
3.975000000000000089e+00 -8.398613783888952966e-03
4.025000000000000355e+00 4.135336550667334521e-02
4.074999999999999289e+00 5.430742979472036325e-02
4.125000000000000000e+00 2.621016656627461749e-02
4.175000000000000711e+00 1.263722869809669191e-02
4.224999999999999645e+00 1.647044881583292764e-02
4.275000000000000355e+00 1.542577795587973810e-02
4.324999999999999289e+00 -7.635902001816408102e-03
4.375000000000000000e+00 -2.523913835100466407e-02
4.425000000000000711e+00 -4.554335489952787697e-02
4.474999999999999645e+00 -4.807432129466637782e-02
4.525000000000000355e+00 -3.612320246648259570e-02
4.574999999999999289e+00 -5.799143309642618149e-02
4.625000000000000000e+00 -1.713984687254566097e-02
4.675000000000000711e+00 3.765254547664120821e-02
4.724999999999999645e+00 1.183503558231668862e-02
4.775000000000000355e+00 1.854106724861415145e-03
4.824999999999999289e+00 -1.489577596456492792e-02
4.875000000000000000e+00 -6.100339060023607374e-03
4.925000000000000711e+00 1.594622454244731813e-02
4.974999999999999645e+00 1.552814315191430872e-02
5.025000000000000355e+00 5.747347140891090334e-03
5.074999999999999289e+00 1.191951686418990519e-02
5.125000000000000000e+00 7.790857743992019024e-03
5.175000000000000711e+00 1.245743480333372233e-02
5.224999999999999645e+00 2.115506022106350414e-02
5.275000000000000355e+00 -6.016122669150192337e-03
5.324999999999999289e+00 2.081360455048253399e-03
5.375000000000000000e+00 -1.641262719400016223e-03
5.425000000000000711e+00 -1.609276025821060330e-02
5.474999999999999645e+00 2.693895745830321431e-02
5.525000000000000355e+00 3.763019553283575291e-02
5.574999999999999289e+00 1.527360324794768687e-02
5.625000000000000000e+00 -3.404585767251555595e-03
5.675000000000000711e+00 9.127894282783266533e-04
5.724999999999999645e+00 1.265679873000191691e-02
5.775000000000000355e+00 2.140100457811477952e-02
5.824999999999999289e+00 3.732969719699252842e-02
5.875000000000000000e+00 4.035729634533558041e-02
5.925000000000000711e+00 1.534191384920990942e-02
5.974999999999999645e+00 5.769961350234442676e-03
6.025000000000000355e+00 3.508468117888274840e-02
6.074999999999999289e+00 4.216418469122795720e-02
6.125000000000000000e+00 6.867042803655865058e-02
6.175000000000000711e+00 6.290968814280595289e-02
6.224999999999999645e+00 2.413561598965663357e-02
6.275000000000000355e+00 1.201740652161253919e-02
6.324999999999999289e+00 1.626601634200586233e-03
6.375000000000000000e+00 1.286581695327115860e-02
6.425000000000000711e+00 3.833482774477547927e-02
6.474999999999999645e+00 7.304632460944660011e-02
6.525000000000000355e+00 9.234447481799490376e-02
6.574999999999999289e+00 9.930112375307809103e-02
6.625000000000000000e+00 8.198081457794437199e-02
6.674999999999998934e+00 4.842094553494491471e-02
6.724999999999999645e+00 8.510124278336972381e-02
6.775000000000000355e+00 9.740905161431978598e-02
6.825000000000001066e+00 6.438125333353705848e-02
6.875000000000000000e+00 7.079589837581923284e-02
6.924999999999998934e+00 7.660305445733861518e-02
6.974999999999999645e+00 7.825373650734723796e-02
7.025000000000000355e+00 6.229120780900565535e-02
7.075000000000001066e+00 7.168089223199469728e-02
7.125000000000000000e+00 1.110715206302101965e-01
7.174999999999998934e+00 9.018482075432121547e-02
7.224999999999999645e+00 6.897387250993780583e-02
7.275000000000000355e+00 7.509419132226957672e-02
7.325000000000001066e+00 6.603556663474963173e-02
7.375000000000000000e+00 5.398957190837339049e-02
7.424999999999998934e+00 8.335168041724094756e-02
7.474999999999999645e+00 9.141344969181486313e-02
7.525000000000000355e+00 7.199321489037946442e-02
7.575000000000001066e+00 6.821539024601164236e-02
7.625000000000000000e+00 5.692985950998386002e-02
7.674999999999998934e+00 6.459550139092629095e-02
7.724999999999999645e+00 8.350976962997602726e-02
7.775000000000000355e+00 7.798940652221952874e-02
7.825000000000001066e+00 9.154825074380146255e-02
7.875000000000000000e+00 1.049278042972063840e-01
7.924999999999998934e+00 8.619788356369895155e-02
7.974999999999999645e+00 7.793852227048270187e-02
8.025000000000000355e+00 9.036804677138565722e-02
8.075000000000001066e+00 9.853320835126444521e-02
8.125000000000000000e+00 1.043170616899260494e-01
8.175000000000000711e+00 1.075517713972886646e-01
8.224999999999999645e+00 7.953369586309233519e-02
8.275000000000000355e+00 7.898618324325323847e-02
8.325000000000001066e+00 1.074631463854209823e-01
8.375000000000000000e+00 9.837087288377066585e-02
8.425000000000000711e+00 9.185031899586926230e-02
8.474999999999999645e+00 1.132392209464612165e-01
8.525000000000000355e+00 1.355787815463755930e-01
8.575000000000001066e+00 1.203896785520470747e-01
8.625000000000000000e+00 1.613069804460856016e-01
8.675000000000000711e+00 6.822788484489745731e-01
8.724999999999999645e+00 1.978232461054288960e+00
8.775000000000000355e+00 4.536821276562368332e+00
8.825000000000001066e+00 nan
8.875000000000000000e+00 nan
8.925000000000000711e+00 nan
8.974999999999999645e+00 nan
9.025000000000000355e+00 nan
9.075000000000001066e+00 nan
9.125000000000000000e+00 nan
9.175000000000000711e+00 nan
9.224999999999999645e+00 nan
9.275000000000000355e+00 nan
9.325000000000001066e+00 nan
9.375000000000000000e+00 nan
9.425000000000000711e+00 nan
9.474999999999999645e+00 nan
9.525000000000000355e+00 nan
9.575000000000001066e+00 nan
9.625000000000000000e+00 nan
9.675000000000000711e+00 nan
9.724999999999999645e+00 nan
9.775000000000000355e+00 nan
9.825000000000001066e+00 nan
9.875000000000000000e+00 nan
9.925000000000000711e+00 nan
9.974999999999999645e+00 nan
1.002500000000000036e+01 nan
1.007500000000000107e+01 nan
1.012500000000000000e+01 nan
1.017500000000000071e+01 nan
1.022499999999999964e+01 nan
1.027500000000000036e+01 nan
1.032500000000000107e+01 nan
1.037500000000000000e+01 nan
1.042500000000000071e+01 nan
1.047499999999999964e+01 nan
1.052500000000000036e+01 nan
1.057500000000000107e+01 nan
1.062500000000000000e+01 nan
1.067500000000000071e+01 nan
1.072499999999999964e+01 nan
1.077500000000000036e+01 nan
1.082500000000000107e+01 nan
1.087500000000000000e+01 nan
1.092500000000000071e+01 nan
1.097499999999999964e+01 nan
1.102500000000000036e+01 nan
1.107500000000000107e+01 nan
1.112500000000000000e+01 nan
1.117500000000000071e+01 nan
1.122499999999999964e+01 nan
1.127500000000000036e+01 nan
1.132500000000000107e+01 nan
1.137500000000000000e+01 nan
1.142500000000000071e+01 nan
1.147499999999999964e+01 nan
1.152500000000000036e+01 nan
1.157500000000000107e+01 nan
1.162500000000000000e+01 nan
1.167500000000000071e+01 nan
1.172499999999999964e+01 nan
1.177500000000000036e+01 nan
1.182500000000000107e+01 nan
1.187500000000000000e+01 nan
1.192500000000000071e+01 nan
1.197499999999999964e+01 nan
1.202500000000000036e+01 nan
1.207500000000000107e+01 nan
1.212500000000000000e+01 nan
1.217500000000000071e+01 nan
1.222499999999999964e+01 nan
1.227500000000000036e+01 nan
1.232500000000000107e+01 nan
1.237500000000000000e+01 nan
1.242500000000000071e+01 nan
1.247499999999999964e+01 nan
1.252500000000000036e+01 nan
1.257500000000000107e+01 nan
1.262500000000000000e+01 nan
1.267500000000000071e+01 nan
1.272499999999999964e+01 nan
1.277500000000000036e+01 nan
1.282500000000000107e+01 nan
1.287500000000000000e+01 nan
1.292500000000000071e+01 nan
1.297499999999999964e+01 nan
1.302500000000000036e+01 nan
1.307500000000000107e+01 nan
1.312500000000000000e+01 nan
1.317500000000000071e+01 nan
1.322499999999999964e+01 nan
1.327500000000000036e+01 nan
1.332500000000000107e+01 nan
1.337500000000000000e+01 nan
1.342500000000000071e+01 nan
1.347499999999999964e+01 nan
1.352500000000000036e+01 nan
1.357500000000000107e+01 nan
1.362500000000000000e+01 nan
1.367500000000000071e+01 nan
1.372499999999999964e+01 nan
1.377500000000000036e+01 nan
1.382500000000000107e+01 nan
1.387500000000000000e+01 nan
1.392500000000000071e+01 nan
1.397499999999999964e+01 nan
1.402500000000000036e+01 nan
1.407500000000000107e+01 nan
1.412500000000000000e+01 nan
1.417500000000000071e+01 nan
1.422499999999999964e+01 nan
1.427500000000000036e+01 nan
1.432500000000000107e+01 nan
1.437500000000000000e+01 nan
1.442500000000000071e+01 nan
1.447499999999999964e+01 nan
1.452500000000000036e+01 nan
1.457500000000000107e+01 nan
1.462499999999999822e+01 nan
1.467500000000000249e+01 nan
1.472499999999999964e+01 nan
1.477500000000000036e+01 nan
1.482500000000000107e+01 nan
1.487499999999999822e+01 nan
1.492500000000000249e+01 nan
1.497499999999999964e+01 nan
1.502500000000000036e+01 nan
1.507500000000000107e+01 nan
1.512499999999999822e+01 nan
1.517500000000000249e+01 nan
1.522499999999999964e+01 nan
1.527500000000000036e+01 nan
1.532500000000000107e+01 nan
1.537499999999999822e+01 nan
1.542500000000000249e+01 nan
1.547499999999999964e+01 nan
1.552500000000000036e+01 nan
1.557500000000000107e+01 nan
1.562499999999999822e+01 nan
1.567500000000000249e+01 nan
1.572499999999999964e+01 nan
1.577500000000000036e+01 nan
1.582500000000000107e+01 nan
1.587499999999999822e+01 nan
1.592500000000000249e+01 nan
1.597499999999999964e+01 nan
1.602500000000000213e+01 nan
1.607500000000000284e+01 nan
1.612500000000000000e+01 nan
1.617500000000000426e+01 nan
1.622500000000000142e+01 nan
1.627500000000000213e+01 nan
1.632500000000000284e+01 nan
1.637500000000000000e+01 nan
1.642500000000000426e+01 nan
1.647500000000000142e+01 nan
1.652500000000000213e+01 nan
1.657500000000000284e+01 nan
1.662500000000000000e+01 nan
1.667500000000000426e+01 nan
1.672500000000000142e+01 nan
1.677500000000000213e+01 nan
1.682500000000000284e+01 nan
1.687500000000000000e+01 nan
1.692500000000000426e+01 nan
1.697500000000000142e+01 nan
1.702500000000000213e+01 nan
1.707500000000000284e+01 nan
1.712500000000000000e+01 nan
1.717500000000000426e+01 nan
1.722500000000000142e+01 nan
1.727500000000000213e+01 nan
1.732500000000000284e+01 nan
1.737500000000000000e+01 nan
1.742500000000000426e+01 nan
1.747500000000000142e+01 nan
1.752500000000000213e+01 nan
1.757500000000000284e+01 nan
1.762500000000000000e+01 nan
1.767500000000000426e+01 nan
1.772500000000000142e+01 nan
1.777500000000000568e+01 nan
1.782500000000000284e+01 nan
1.787500000000000000e+01 nan
1.792500000000000426e+01 nan
1.797500000000000142e+01 nan
1.802500000000000568e+01 nan
1.807500000000000284e+01 nan
1.812500000000000000e+01 nan
1.817500000000000426e+01 nan
1.822500000000000142e+01 nan
1.827500000000000568e+01 nan
1.832500000000000284e+01 nan
1.837500000000000000e+01 nan
1.842500000000000426e+01 nan
1.847500000000000142e+01 nan
1.852500000000000568e+01 nan
1.857500000000000284e+01 nan
