# r_minus_2Rs_A, PMF_over_kBT
-9.749999999999999778e-01 nan
-9.250000000000000444e-01 nan
-8.750000000000000000e-01 nan
-8.249999999999999556e-01 nan
-7.750000000000000222e-01 nan
-7.249999999999999778e-01 nan
-6.749999999999999334e-01 nan
-6.250000000000000000e-01 nan
-5.749999999999999556e-01 nan
-5.250000000000000222e-01 nan
-4.749999999999999778e-01 nan
-4.249999999999999334e-01 nan
-3.750000000000000000e-01 nan
-3.249999999999999556e-01 nan
-2.749999999999999112e-01 nan
-2.249999999999999778e-01 nan
-1.749999999999999334e-01 nan
-1.250000000000000000e-01 1.292984438543823167e+00
-7.499999999999995559e-02 8.191760244697032789e-02
-2.499999999999991118e-02 -2.176383001759307767e-01
2.499999999999991118e-02 -1.599808554892199197e-01
7.500000000000017764e-02 -1.113924268509478566e-01
1.250000000000000000e-01 -2.631901420874216413e-02
1.750000000000002665e-01 7.372535273947899981e-02
2.250000000000000888e-01 1.483986871069471469e-01
2.749999999999999112e-01 2.802549413590313954e-01
3.250000000000001776e-01 3.639248561022783157e-01
3.750000000000000000e-01 3.161875262780848850e-01
4.250000000000002665e-01 2.917068743787538665e-01
4.750000000000000888e-01 2.571748672239175804e-01
5.249999999999999112e-01 2.256361941910114410e-01
5.750000000000001776e-01 1.695229659624408747e-01
6.250000000000000000e-01 7.783579312894328694e-02
6.750000000000002665e-01 2.540906963071076774e-03
7.250000000000000888e-01 -3.191843141557448860e-02
7.749999999999999112e-01 -5.201560442828556674e-02
8.250000000000001776e-01 -8.843403456837206633e-02
8.750000000000000000e-01 -1.200825093813451261e-01
9.250000000000002665e-01 -8.166617505649886866e-02
9.750000000000000888e-01 -2.801731147651542742e-02
1.025000000000000355e+00 -1.244909098225255306e-02
1.075000000000000178e+00 1.294978461888929289e-02
1.125000000000000000e+00 2.913237106267896337e-02
1.174999999999999822e+00 7.378029847716272016e-02
1.225000000000000089e+00 1.327909417456423213e-01
1.275000000000000355e+00 1.465777048410150663e-01
1.325000000000000178e+00 1.452895189157152878e-01
1.375000000000000000e+00 9.051688414959180307e-02
1.425000000000000266e+00 4.264946715163464575e-02
1.475000000000000089e+00 3.370137093055802779e-02
1.525000000000000355e+00 1.454488137505371981e-03
1.575000000000000178e+00 1.533142138311038849e-02
1.625000000000000000e+00 -5.631402558415654624e-03
1.675000000000000266e+00 -4.361606070826518078e-02
1.725000000000000089e+00 -2.364987009335406398e-02
1.775000000000000355e+00 -4.200726470395732548e-02
1.825000000000000178e+00 -6.158112130462001232e-02
1.875000000000000000e+00 -8.241911058898754305e-02
1.925000000000000266e+00 -5.812784414642546693e-02
1.975000000000000089e+00 -2.025541059578594982e-02
2.025000000000000355e+00 -1.794638781040092113e-02
2.075000000000000178e+00 9.966617147744827321e-03
2.125000000000000000e+00 2.578911015697737952e-03
2.175000000000000266e+00 -3.845469670169787690e-02
2.225000000000000089e+00 -1.621008442979432473e-02
2.275000000000000355e+00 1.322174481557025771e-02
2.325000000000000178e+00 2.511818476842764269e-02
2.375000000000000000e+00 3.785587426463354888e-02
2.425000000000000266e+00 2.545574726403154742e-02
2.475000000000000089e+00 2.425257402952318841e-02
2.525000000000000355e+00 7.860494838540343920e-03
2.575000000000000178e+00 -1.490075366587584327e-02
2.625000000000000000e+00 1.122127805272699064e-02
2.675000000000000266e+00 -2.364676792741882139e-03
2.725000000000000089e+00 -2.414977706825149895e-02
2.775000000000000355e+00 -3.925543615789450769e-03
2.825000000000000178e+00 -1.633130714026576058e-02
2.875000000000000000e+00 -1.783795018227563034e-02
2.925000000000000266e+00 1.197137553960425649e-02
2.975000000000000089e+00 -5.759056355099101410e-03
3.025000000000000355e+00 -2.825591842316388380e-02
3.075000000000000178e+00 -6.256932758059718935e-03
3.125000000000000000e+00 2.276820318451955316e-02
3.175000000000000711e+00 2.811131665756150255e-02
3.224999999999999645e+00 1.157064012932673691e-02
3.275000000000000355e+00 9.183632622031367987e-03
3.325000000000000178e+00 4.668855918207093225e-03
3.375000000000000000e+00 -2.412270050875964245e-03
3.425000000000000711e+00 9.494987201092097706e-03
3.474999999999999645e+00 1.208849054940230872e-02
3.525000000000000355e+00 -6.954668262227237108e-03
3.575000000000000178e+00 -1.081956331983180419e-02
3.625000000000000000e+00 -1.374648789151899919e-02
3.675000000000000711e+00 -6.399713963592734700e-03
3.724999999999999645e+00 -8.256816857703519474e-04
3.775000000000000355e+00 -1.344558363571346504e-02
3.825000000000001066e+00 -1.991067354910169840e-02
3.875000000000000000e+00 -7.641286717410267215e-03
3.925000000000000711e+00 1.492175995589928306e-03
3.974999999999999645e+00 2.969216975568844674e-03
4.025000000000000355e+00 1.761165757435456669e-02
4.075000000000001066e+00 2.321053928458027826e-02
4.125000000000000000e+00 1.609618420957126261e-02
4.175000000000000711e+00 -3.132423612739465568e-04
4.224999999999999645e+00 5.307916440368209976e-03
4.275000000000000355e+00 7.409687133755671340e-03
4.325000000000001066e+00 -1.028315496528708906e-03
4.375000000000000000e+00 -3.448595790691566521e-03
4.425000000000000711e+00 -4.362749324534842543e-03
4.474999999999999645e+00 -4.391428588093493346e-03
4.525000000000000355e+00 -6.883484167198528070e-03
4.575000000000001066e+00 -4.985918802186350973e-03
4.625000000000000000e+00 -1.032822097347496637e-02
4.675000000000000711e+00 -6.061574940501746056e-03
4.724999999999999645e+00 -9.485073395981924449e-03
4.775000000000000355e+00 -1.451950699305282200e-02
4.825000000000001066e+00 -2.081252638812980393e-03
4.875000000000000000e+00 5.911876227188361810e-03
4.925000000000000711e+00 4.169715555983888322e-03
4.974999999999999645e+00 -2.811835169730159123e-03
5.025000000000000355e+00 -1.237498678672288577e-02
5.075000000000001066e+00 -9.202050054441190952e-03
5.125000000000000000e+00 -8.337888513067159835e-03
5.175000000000000711e+00 -1.791170596281155269e-02
5.224999999999999645e+00 -5.127703306525344118e-03
5.275000000000000355e+00 -5.599041848611818750e-04
5.325000000000001066e+00 -7.950745468423114914e-03
5.375000000000000000e+00 -1.564235231458432906e-03
5.425000000000000711e+00 -7.129798980289869803e-03
5.474999999999999645e+00 -7.021284958302675960e-03
5.525000000000000355e+00 -2.495615612547741335e-02
5.575000000000001066e+00 -2.857162182021744101e-02
5.625000000000000000e+00 -2.427877439436665341e-02
5.675000000000000711e+00 -3.591329778876506396e-02
5.724999999999999645e+00 -2.521807367919892684e-02
5.775000000000000355e+00 -2.012169277438324855e-02
5.825000000000001066e+00 -1.595435419317459136e-02
5.875000000000000000e+00 -8.491390582575419899e-03
5.925000000000000711e+00 -1.400534271968778555e-02
5.974999999999999645e+00 -1.658616352661024251e-02
6.025000000000000355e+00 6.899790482702217176e-02
6.075000000000001066e+00 5.038854230454212768e-01
6.125000000000000000e+00 1.228488605885023066e+00
6.175000000000000711e+00 1.685994435656472890e+00
6.224999999999999645e+00 1.786242966945812416e+00
6.275000000000000355e+00 1.778996500588339247e+00
6.325000000000001066e+00 1.784319503575468202e+00
6.375000000000000000e+00 1.794297753916532123e+00
6.425000000000000711e+00 1.757688968254412343e+00
6.474999999999999645e+00 1.775199787814994989e+00
6.525000000000000355e+00 1.842174712246792190e+00
6.575000000000001066e+00 1.845598759962267854e+00
6.625000000000000000e+00 1.804517033610685273e+00
6.675000000000000711e+00 1.772681152485050315e+00
6.724999999999999645e+00 1.755115958018109712e+00
6.775000000000000355e+00 1.762470752819556452e+00
6.825000000000001066e+00 1.802169139002257170e+00
6.875000000000000000e+00 1.801399606000341658e+00
6.925000000000000711e+00 1.801992646170975876e+00
6.974999999999999645e+00 1.778398928994596728e+00
7.025000000000000355e+00 1.769160339267186188e+00
7.074999999999999289e+00 1.823273712331086926e+00
7.125000000000000000e+00 1.798285780849655291e+00
7.175000000000000711e+00 1.756371310583211498e+00
7.225000000000001421e+00 1.747225656890785350e+00
7.275000000000000355e+00 1.749663677905870296e+00
7.324999999999999289e+00 1.775220103844684649e+00
7.375000000000000000e+00 1.770526884186468530e+00
7.425000000000000711e+00 1.766738225420337649e+00
7.475000000000001421e+00 1.772078837676960283e+00
7.525000000000000355e+00 1.771092773247236352e+00
7.574999999999999289e+00 1.755220802230932575e+00
7.625000000000000000e+00 1.763055462255113115e+00
7.675000000000000711e+00 1.784464127250933174e+00
7.725000000000001421e+00 1.768700058477115089e+00
7.775000000000000355e+00 1.767541691797174019e+00
7.824999999999999289e+00 1.774573198016954567e+00
7.875000000000000000e+00 1.778332655630485926e+00
7.925000000000000711e+00 1.771279606056941569e+00
7.975000000000001421e+00 1.777995367559992879e+00
8.025000000000000355e+00 1.785944185844684950e+00
8.074999999999999289e+00 1.793068103899795096e+00
8.125000000000000000e+00 1.786524924894643540e+00
8.175000000000000711e+00 1.780295096858679038e+00
8.225000000000001421e+00 1.786722690150800874e+00
8.275000000000000355e+00 1.786966766991876510e+00
8.324999999999999289e+00 1.783428831099238332e+00
8.375000000000000000e+00 1.775403429839681912e+00
8.425000000000000711e+00 1.756240254155397196e+00
8.475000000000001421e+00 1.751165446524368452e+00
8.525000000000000355e+00 1.773658531604697997e+00
8.575000000000001066e+00 1.794929306375873335e+00
8.625000000000000000e+00 1.781773838097433282e+00
8.675000000000000711e+00 1.781826664835542751e+00
8.725000000000001421e+00 1.798489180104088536e+00
8.775000000000000355e+00 1.787047994332092715e+00
8.825000000000001066e+00 1.775883491554129057e+00
8.875000000000000000e+00 1.797871586668214228e+00
8.925000000000000711e+00 1.805564151964345498e+00
8.975000000000001421e+00 1.793515973420659604e+00
9.025000000000000355e+00 1.894742348529067089e+00
9.075000000000001066e+00 2.507862150439816418e+00
9.125000000000000000e+00 4.094107216142075956e+00
9.175000000000000711e+00 7.402556670509157222e+00
9.225000000000001421e+00 nan
9.275000000000000355e+00 nan
9.325000000000001066e+00 nan
9.375000000000000000e+00 nan
9.425000000000000711e+00 nan
9.475000000000001421e+00 nan
9.525000000000000355e+00 nan
9.575000000000001066e+00 nan
9.625000000000000000e+00 nan
9.675000000000000711e+00 nan
9.725000000000001421e+00 nan
9.775000000000000355e+00 nan
9.825000000000001066e+00 nan
9.875000000000000000e+00 nan
9.925000000000000711e+00 nan
9.975000000000001421e+00 nan
1.002500000000000036e+01 nan
1.007500000000000107e+01 nan
1.012500000000000000e+01 nan
1.017500000000000071e+01 nan
1.022500000000000142e+01 nan
1.027500000000000036e+01 nan
1.032500000000000107e+01 nan
1.037500000000000000e+01 nan
1.042500000000000071e+01 nan
1.047500000000000142e+01 nan
1.052500000000000036e+01 nan
1.057500000000000107e+01 nan
1.062500000000000000e+01 nan
1.067500000000000071e+01 nan
1.072500000000000142e+01 nan
1.077500000000000036e+01 nan
1.082500000000000107e+01 nan
1.087500000000000000e+01 nan
1.092500000000000071e+01 nan
1.097500000000000142e+01 nan
1.102500000000000036e+01 nan
1.107500000000000107e+01 nan
1.112500000000000000e+01 nan
1.117500000000000071e+01 nan
1.122500000000000142e+01 nan
1.127500000000000036e+01 nan
1.132500000000000107e+01 nan
1.137500000000000000e+01 nan
1.142500000000000071e+01 nan
1.147500000000000142e+01 nan
1.152500000000000036e+01 nan
1.157500000000000107e+01 nan
1.162500000000000000e+01 nan
1.167500000000000071e+01 nan
1.172500000000000142e+01 nan
1.177500000000000036e+01 nan
1.182500000000000107e+01 nan
1.187500000000000000e+01 nan
1.192500000000000071e+01 nan
1.197500000000000142e+01 nan
1.202500000000000036e+01 nan
1.207500000000000107e+01 nan
1.212500000000000000e+01 nan
1.217500000000000071e+01 nan
1.222500000000000142e+01 nan
1.227500000000000036e+01 nan
1.232500000000000107e+01 nan
1.237500000000000000e+01 nan
1.242500000000000071e+01 nan
1.247500000000000142e+01 nan
1.252500000000000036e+01 nan
1.257500000000000107e+01 nan
1.262500000000000000e+01 nan
1.267500000000000071e+01 nan
1.272500000000000142e+01 nan
1.277500000000000036e+01 nan
1.282500000000000107e+01 nan
1.287500000000000000e+01 nan
1.292500000000000071e+01 nan
1.297500000000000142e+01 nan
1.302500000000000036e+01 nan
1.307500000000000107e+01 nan
1.312500000000000000e+01 nan
1.317500000000000071e+01 nan
1.322500000000000142e+01 nan
1.327500000000000036e+01 nan
1.332500000000000107e+01 nan
1.337500000000000000e+01 nan
1.342500000000000071e+01 nan
1.347500000000000142e+01 nan
1.352500000000000036e+01 nan
1.357500000000000107e+01 nan
1.362500000000000000e+01 nan
1.367500000000000071e+01 nan
1.372500000000000142e+01 nan
1.377500000000000036e+01 nan
1.382500000000000107e+01 nan
1.387500000000000000e+01 nan
1.392500000000000071e+01 nan
1.397500000000000142e+01 nan
1.402500000000000036e+01 nan
1.407500000000000107e+01 nan
1.412500000000000000e+01 nan
1.417500000000000071e+01 nan
1.422500000000000142e+01 nan
1.427500000000000036e+01 nan
1.432500000000000107e+01 nan
1.437500000000000000e+01 nan
1.442500000000000071e+01 nan
1.447500000000000142e+01 nan
1.452500000000000036e+01 nan
1.457500000000000107e+01 nan
1.462500000000000000e+01 nan
1.467500000000000071e+01 nan
1.472500000000000142e+01 nan
1.477500000000000036e+01 nan
1.482500000000000107e+01 nan
1.487500000000000000e+01 nan
1.492500000000000071e+01 nan
1.497500000000000142e+01 nan
1.502499999999999858e+01 nan
1.507500000000000284e+01 nan
1.512500000000000000e+01 nan
1.517500000000000071e+01 nan
1.522500000000000142e+01 nan
1.527499999999999858e+01 nan
1.532500000000000284e+01 nan
1.537500000000000000e+01 nan
1.542500000000000071e+01 nan
1.547500000000000142e+01 nan
1.552499999999999858e+01 nan
1.557500000000000284e+01 nan
1.562500000000000000e+01 nan
1.567500000000000071e+01 nan
1.572500000000000142e+01 nan
1.577499999999999858e+01 nan
1.582500000000000284e+01 nan
1.587500000000000000e+01 nan
1.592500000000000071e+01 nan
1.597500000000000142e+01 nan
1.602499999999999858e+01 nan
1.607500000000000284e+01 nan
1.612500000000000000e+01 nan
1.617500000000000071e+01 nan
1.622500000000000142e+01 nan
1.627499999999999858e+01 nan
1.632500000000000284e+01 nan
1.637500000000000000e+01 nan
1.642500000000000071e+01 nan
1.647500000000000142e+01 nan
1.652499999999999858e+01 nan
1.657500000000000284e+01 nan
1.662500000000000000e+01 nan
1.667500000000000071e+01 nan
1.672500000000000142e+01 nan
1.677499999999999858e+01 nan
1.682500000000000284e+01 nan
1.687500000000000000e+01 nan
1.692500000000000071e+01 nan
1.697500000000000142e+01 nan
1.702499999999999858e+01 nan
1.707500000000000284e+01 nan
1.712500000000000000e+01 nan
1.717500000000000071e+01 nan
1.722500000000000142e+01 nan
1.727499999999999858e+01 nan
1.732500000000000284e+01 nan
1.737500000000000000e+01 nan
1.742500000000000071e+01 nan
1.747500000000000142e+01 nan
1.752499999999999858e+01 nan
1.757500000000000284e+01 nan
1.762500000000000000e+01 nan
1.767500000000000071e+01 nan
1.772500000000000142e+01 nan
1.777499999999999858e+01 nan
1.782500000000000284e+01 nan
1.787500000000000000e+01 nan
1.792500000000000071e+01 nan
1.797500000000000142e+01 nan
1.802499999999999858e+01 nan
1.807500000000000284e+01 nan
1.812500000000000000e+01 nan
1.817500000000000426e+01 nan
1.822500000000000142e+01 nan
1.827499999999999858e+01 nan
1.832500000000000284e+01 nan
1.837500000000000000e+01 nan
1.842500000000000426e+01 nan
1.847500000000000142e+01 nan
1.852499999999999858e+01 nan
1.857500000000000284e+01 nan
1.862500000000000000e+01 nan
1.867500000000000426e+01 nan
1.872500000000000142e+01 nan
1.877499999999999858e+01 nan
1.882500000000000284e+01 nan
1.887500000000000000e+01 nan
1.892500000000000426e+01 nan
1.897500000000000142e+01 nan
