# r_minus_2Rs_A, PMF_over_kBT
-1.975000000000000089e+00 nan
-1.925000000000000044e+00 nan
-1.875000000000000000e+00 nan
-1.824999999999999956e+00 nan
-1.774999999999999911e+00 nan
-1.725000000000000089e+00 nan
-1.674999999999999822e+00 nan
-1.625000000000000000e+00 nan
-1.574999999999999956e+00 nan
-1.524999999999999911e+00 nan
-1.475000000000000089e+00 nan
-1.424999999999999822e+00 nan
-1.375000000000000000e+00 nan
-1.324999999999999956e+00 nan
-1.274999999999999911e+00 nan
-1.225000000000000089e+00 nan
-1.174999999999999822e+00 nan
-1.125000000000000000e+00 nan
-1.074999999999999956e+00 nan
-1.024999999999999911e+00 nan
-9.750000000000000888e-01 nan
-9.249999999999998224e-01 nan
-8.750000000000000000e-01 nan
-8.249999999999997335e-01 nan
-7.749999999999999112e-01 nan
-7.250000000000000888e-01 nan
-6.749999999999998224e-01 nan
-6.250000000000000000e-01 nan
-5.749999999999997335e-01 nan
-5.249999999999999112e-01 nan
-4.750000000000000888e-01 nan
-4.249999999999998224e-01 nan
-3.750000000000000000e-01 nan
-3.249999999999997335e-01 nan
-2.749999999999999112e-01 2.978268248933442663e+00
-2.250000000000000888e-01 -1.604850400569430846e+00
-1.749999999999998224e-01 -3.831114089076460338e+00
-1.250000000000000000e-01 -4.852017758898390376e+00
-7.499999999999973355e-02 -5.090487059712601514e+00
-2.499999999999991118e-02 -4.910113436474467186e+00
2.500000000000035527e-02 -4.515601621424753631e+00
7.500000000000017764e-02 -4.122902411089062191e+00
1.250000000000000000e-01 -3.732438001063580035e+00
1.749999999999998224e-01 -3.359311791972194872e+00
2.250000000000000888e-01 -3.011399021605720261e+00
2.750000000000003553e-01 -2.696522685049127066e+00
3.250000000000001776e-01 -2.405449345765061864e+00
3.750000000000000000e-01 -2.146746210711703906e+00
4.250000000000002665e-01 -1.898428069848891786e+00
4.750000000000000888e-01 -1.693927071456693412e+00
5.250000000000003553e-01 -1.501281993227242983e+00
5.750000000000001776e-01 -1.371719764387060225e+00
6.250000000000000000e-01 -1.249441618907731311e+00
6.750000000000002665e-01 -1.166038898557504089e+00
7.250000000000000888e-01 -1.091381731155875778e+00
7.750000000000003553e-01 -1.040921167034620787e+00
8.250000000000001776e-01 -9.817321791821896904e-01
8.750000000000000000e-01 -9.090584045289649140e-01
9.250000000000002665e-01 -8.437345172678902827e-01
9.750000000000000888e-01 -7.467930939636261423e-01
1.025000000000000355e+00 -6.399919431745741960e-01
1.075000000000000178e+00 -5.223771747144668742e-01
1.125000000000000000e+00 -4.406401792209993507e-01
1.175000000000000266e+00 -3.663402936960918344e-01
1.225000000000000089e+00 -3.225415168266166366e-01
1.275000000000000355e+00 -2.755781076292913023e-01
1.325000000000000178e+00 -2.292417096620097683e-01
1.375000000000000000e+00 -1.812002011856715666e-01
1.425000000000000266e+00 -1.639993023686706908e-01
1.475000000000000089e+00 -1.746961888945817165e-01
1.525000000000000355e+00 -1.810852445284218959e-01
1.575000000000000178e+00 -1.933375650366212783e-01
1.625000000000000000e+00 -2.310742467225432861e-01
1.675000000000000266e+00 -2.618661470167822358e-01
1.725000000000000089e+00 -2.558502890698326482e-01
1.775000000000000355e+00 -2.511919306091880411e-01
1.825000000000000178e+00 -2.108401631523501296e-01
1.875000000000000000e+00 -2.188175945144420209e-01
1.925000000000000266e+00 -1.924255354748346247e-01
1.975000000000000089e+00 -1.799593729114574714e-01
2.025000000000000355e+00 -1.332436676277515275e-01
2.075000000000000178e+00 -1.217673909714719754e-01
2.125000000000000000e+00 -1.070822675758048986e-01
2.175000000000000711e+00 -1.247281637731489923e-01
2.224999999999999645e+00 -8.317384307463893123e-02
2.275000000000000355e+00 -8.893295513971970212e-02
2.325000000000000178e+00 -5.635544120174262872e-02
2.375000000000000000e+00 -7.606713796015925066e-02
2.425000000000000711e+00 -6.807895647673974093e-02
2.474999999999999645e+00 -7.945062787056578202e-02
2.525000000000000355e+00 -5.722657644056135945e-02
2.575000000000000178e+00 -6.104947437342822525e-02
2.625000000000000000e+00 -6.973249257276344093e-02
2.675000000000000711e+00 -9.373642361407401313e-02
2.724999999999999645e+00 -9.727170643918221782e-02
2.775000000000000355e+00 -1.068410711161928289e-01
2.825000000000001066e+00 -1.085373276280557492e-01
2.875000000000000000e+00 -1.189794606196737520e-01
2.925000000000000711e+00 -1.090673164948479795e-01
2.974999999999999645e+00 -9.453437061925769325e-02
3.025000000000000355e+00 -6.977482789282814235e-02
3.075000000000001066e+00 -4.624116546488140495e-02
3.125000000000000000e+00 -4.283170068957945636e-02
3.175000000000000711e+00 -4.779221291146355105e-02
3.224999999999999645e+00 -5.482867054811624286e-02
3.275000000000000355e+00 -4.334452077527769370e-02
3.325000000000001066e+00 -3.205990171269353789e-02
3.375000000000000000e+00 -4.455142153973934427e-02
3.425000000000000711e+00 -6.259491237776249051e-02
3.474999999999999645e+00 -7.934124022415822708e-02
3.525000000000000355e+00 -6.407749129477036121e-02
3.575000000000001066e+00 -5.855585149613743573e-02
3.625000000000000000e+00 -4.737973777284635452e-02
3.675000000000000711e+00 -6.506803890192210116e-02
3.724999999999999645e+00 -6.451343035180616414e-02
3.775000000000000355e+00 -4.903635187025005143e-02
3.825000000000001066e+00 -2.303508494214441885e-02
3.875000000000000000e+00 -1.858093140604477611e-02
3.925000000000000711e+00 -2.813228534624704832e-02
3.974999999999999645e+00 -3.309550990436053303e-02
4.025000000000000355e+00 -3.331903863313042530e-02
4.075000000000001066e+00 -2.029816466068930583e-02
4.125000000000000000e+00 4.119097963407369889e-03
4.175000000000000711e+00 2.075450899731645649e-02
4.224999999999999645e+00 1.006911887612105261e-02
4.275000000000000355e+00 5.710171812387680561e-03
4.325000000000001066e+00 7.819168114025684332e-03
4.375000000000000000e+00 1.561202343348533361e-02
4.425000000000000711e+00 4.227269737655525716e-03
4.474999999999999645e+00 8.588021877837803686e-04
4.525000000000000355e+00 -1.316715912637918783e-02
4.575000000000001066e+00 -1.448989659701075718e-02
4.625000000000000000e+00 -1.558500891456571225e-02
4.675000000000000711e+00 -4.679789357651860555e-03
4.724999999999999645e+00 1.024613795269443094e-02
4.775000000000000355e+00 2.409203208707744182e-02
4.825000000000001066e+00 1.976319347102606372e-02
4.875000000000000000e+00 6.313453065518004337e-03
4.925000000000000711e+00 -1.466822218580758098e-02
4.974999999999999645e+00 -1.927401024644333563e-02
5.025000000000000355e+00 -1.534520489123961974e-02
5.075000000000001066e+00 -1.326733829168821009e-02
5.125000000000000000e+00 9.586085713474782341e-04
5.175000000000000711e+00 -4.714205865981035970e-03
5.224999999999999645e+00 2.801978939888686519e-03
5.275000000000000355e+00 -1.916331005744472240e-03
5.325000000000001066e+00 -1.808122265751777036e-03
5.375000000000000000e+00 -1.571606174897777208e-02
5.425000000000000711e+00 -1.309335044603769128e-02
5.474999999999999645e+00 -1.776192661296516206e-02
5.525000000000000355e+00 -1.840934075003334766e-02
5.575000000000001066e+00 -2.459663290104459679e-02
5.625000000000000000e+00 -2.188853510487120957e-02
5.675000000000000711e+00 -1.147136228623946153e-02
5.724999999999999645e+00 -2.074194172711004217e-02
5.775000000000000355e+00 -2.494217440063106750e-02
5.825000000000001066e+00 -3.443706562974716695e-02
5.875000000000000000e+00 -1.583665812341372714e-02
5.925000000000000711e+00 -1.157999024818323619e-02
5.974999999999999645e+00 -1.233776978149710710e-04
6.025000000000000355e+00 -1.144670480243329715e-02
6.074999999999999289e+00 -6.890990377068639816e-03
6.125000000000000000e+00 -1.633783253619884232e-02
6.175000000000000711e+00 -1.058802265074613481e-02
6.225000000000001421e+00 -1.960416382811628819e-02
6.275000000000000355e+00 -1.320570269980869682e-02
6.324999999999999289e+00 -3.274438997970019471e-02
6.375000000000000000e+00 -4.503739777051910670e-02
6.425000000000000711e+00 -6.348319283264795831e-02
6.475000000000001421e+00 -5.376013114046814673e-02
6.525000000000000355e+00 -4.342515748338667686e-02
6.574999999999999289e+00 -4.808654770365983211e-02
6.625000000000000000e+00 -5.857462398702425327e-02
6.675000000000000711e+00 -6.289632602022236785e-02
6.725000000000001421e+00 -5.762090590742907636e-02
6.775000000000000355e+00 -5.019693962696969436e-02
6.824999999999999289e+00 -5.923861982311340313e-02
6.875000000000000000e+00 -6.181726855787476188e-02
6.925000000000000711e+00 -7.668987373703413379e-02
6.975000000000001421e+00 -7.543482182819409576e-02
7.025000000000000355e+00 -7.290836296969575858e-02
7.074999999999999289e+00 -7.105551277492772044e-02
7.125000000000000000e+00 -6.393607006953534733e-02
7.175000000000000711e+00 -6.883506399109862173e-02
7.225000000000001421e+00 -5.844238405045517476e-02
7.275000000000000355e+00 -6.470456858497541930e-02
7.324999999999999289e+00 -6.582190625716737020e-02
7.375000000000000000e+00 -7.193810234467108711e-02
7.425000000000000711e+00 -8.034376690690632483e-02
7.475000000000001421e+00 -8.012431516299430012e-02
7.525000000000000355e+00 -8.452015776328695995e-02
7.575000000000001066e+00 -6.579401801270812200e-02
7.625000000000000000e+00 -6.314041877225484711e-02
7.675000000000000711e+00 -5.651321028242595190e-02
7.725000000000001421e+00 -6.387326953819420783e-02
7.775000000000000355e+00 -5.704136711722274100e-02
7.825000000000001066e+00 -6.308008475210129251e-02
7.875000000000000000e+00 -7.052130857288692323e-02
7.925000000000000711e+00 -7.716989616502563376e-02
7.975000000000001421e+00 -7.158020732629240268e-02
8.025000000000000355e+00 -7.492444928676356142e-02
8.075000000000001066e+00 -7.442432655761994920e-02
8.125000000000000000e+00 -7.011547681630207751e-02
8.175000000000000711e+00 -6.446660320828338786e-02
8.225000000000001421e+00 -6.645917284269131642e-02
8.275000000000000355e+00 -6.793300931163859246e-02
8.325000000000001066e+00 -6.167639373740178149e-02
8.375000000000000000e+00 -5.616853997576706087e-02
8.425000000000000711e+00 -6.030839721906359335e-02
8.475000000000001421e+00 -7.181018867868260713e-02
8.525000000000000355e+00 -9.017266718962524408e-02
8.575000000000001066e+00 -9.260632731478650459e-02
8.625000000000000000e+00 -9.788822491451358576e-02
8.675000000000000711e+00 -8.867096324537993013e-02
8.725000000000001421e+00 -9.168179440003350333e-02
8.775000000000000355e+00 -9.278366584980564380e-02
8.825000000000001066e+00 -9.638325328880388565e-02
8.875000000000000000e+00 -9.995961258838963193e-02
8.925000000000000711e+00 -8.452520707806510103e-02
8.975000000000001421e+00 -7.770824990301032631e-02
9.025000000000000355e+00 -6.839791733694067233e-02
9.075000000000001066e+00 -6.902342824718162018e-02
9.125000000000000000e+00 -6.247756500524026535e-02
9.175000000000000711e+00 -6.334366511011572942e-02
9.225000000000001421e+00 -6.333756146796047648e-02
9.275000000000000355e+00 -6.969235207587616554e-02
9.325000000000001066e+00 -7.507136929207576526e-02
9.375000000000000000e+00 -7.738506879381142067e-02
9.425000000000000711e+00 -7.378269171177927188e-02
9.475000000000001421e+00 -6.779287416094614827e-02
9.525000000000000355e+00 -6.901166924763924015e-02
9.575000000000001066e+00 -7.080657891425416739e-02
9.625000000000000000e+00 -6.765655699042187610e-02
9.675000000000000711e+00 -6.097096243683145650e-02
9.725000000000001421e+00 -5.642656636901133282e-02
9.775000000000000355e+00 -5.505702086094762387e-02
9.825000000000001066e+00 -5.880805458786131368e-02
9.875000000000000000e+00 -6.228636618216102511e-02
9.925000000000000711e+00 -7.148703445404762380e-02
9.975000000000001421e+00 -7.454087380262859608e-02
1.002500000000000036e+01 -7.661256251271127138e-02
1.007500000000000107e+01 -7.308618713195820515e-02
1.012500000000000000e+01 -7.841411360760790206e-02
1.017500000000000071e+01 -7.274627512191234047e-02
1.022500000000000142e+01 -6.527766184073187372e-02
1.027500000000000036e+01 -4.776346572053036255e-02
1.032500000000000107e+01 -4.294465546479830920e-02
1.037500000000000000e+01 -3.206256888775449454e-02
1.042500000000000071e+01 -2.308044939513465010e-02
1.047500000000000142e+01 -4.641466634305461796e-03
1.052500000000000036e+01 5.935832514379235647e-03
1.057500000000000107e+01 2.251297772009467832e-02
1.062500000000000000e+01 3.396059083299304143e-02
1.067500000000000071e+01 5.467522299265385050e-02
1.072500000000000142e+01 6.217240605025983052e-02
1.077500000000000036e+01 7.614246144646259762e-02
1.082500000000000107e+01 8.161081405980190329e-02
1.087500000000000000e+01 9.275309416301406873e-02
1.092500000000000071e+01 1.015132476626812164e-01
1.097500000000000142e+01 1.223623018123601441e-01
1.102500000000000036e+01 1.374613287606726575e-01
1.107500000000000107e+01 1.541397240953775449e-01
1.112500000000000000e+01 1.658646412911866930e-01
1.117500000000000071e+01 1.821904901832495371e-01
1.122500000000000142e+01 1.998969830930453495e-01
1.127500000000000036e+01 2.141887055446967947e-01
1.132500000000000107e+01 2.282615251862306349e-01
1.137500000000000000e+01 2.475166347033438685e-01
1.142500000000000071e+01 2.635408386719267360e-01
1.147500000000000142e+01 2.794843186103716515e-01
1.152500000000000036e+01 2.907116668523244130e-01
1.157500000000000107e+01 3.049955645904052770e-01
1.162500000000000000e+01 3.151810044883478490e-01
1.167500000000000071e+01 3.301168954130478395e-01
1.172500000000000142e+01 3.453440623102904117e-01
1.177500000000000036e+01 3.646301658571002302e-01
1.182500000000000107e+01 3.761068510224808148e-01
1.187500000000000000e+01 3.906607594958438345e-01
1.192500000000000071e+01 4.131641640331131238e-01
1.197500000000000142e+01 4.751339375771750362e-01
1.202500000000000036e+01 8.245857619567749097e-01
1.207500000000000107e+01 1.789941435965418881e+00
1.212500000000000000e+01 3.645100495613691205e+00
1.217500000000000071e+01 5.974960992517139857e+00
1.222500000000000142e+01 7.295696421943185683e+00
1.227500000000000036e+01 8.450510095200748140e+00
1.232500000000000107e+01 nan
1.237500000000000000e+01 nan
1.242500000000000071e+01 nan
1.247500000000000142e+01 nan
1.252500000000000036e+01 nan
1.257500000000000107e+01 nan
1.262500000000000000e+01 nan
1.267500000000000071e+01 nan
1.272500000000000142e+01 nan
1.277500000000000036e+01 nan
1.282500000000000107e+01 nan
1.287500000000000000e+01 nan
1.292500000000000071e+01 nan
1.297500000000000142e+01 nan
1.302500000000000036e+01 nan
1.307500000000000107e+01 nan
1.312500000000000000e+01 nan
1.317500000000000071e+01 nan
1.322500000000000142e+01 nan
1.327500000000000036e+01 nan
1.332500000000000107e+01 nan
1.337500000000000000e+01 nan
1.342500000000000071e+01 nan
1.347500000000000142e+01 nan
1.352500000000000036e+01 nan
1.357500000000000107e+01 nan
1.362500000000000000e+01 nan
1.367500000000000071e+01 nan
1.372500000000000142e+01 nan
1.377500000000000036e+01 nan
1.382500000000000107e+01 nan
1.387500000000000000e+01 nan
1.392500000000000071e+01 nan
1.397500000000000142e+01 nan
1.402499999999999858e+01 nan
1.407500000000000284e+01 nan
1.412500000000000000e+01 nan
1.417500000000000071e+01 nan
1.422500000000000142e+01 nan
1.427499999999999858e+01 nan
1.432500000000000284e+01 nan
1.437500000000000000e+01 nan
1.442500000000000071e+01 nan
1.447500000000000142e+01 nan
1.452499999999999858e+01 nan
1.457500000000000284e+01 nan
1.462500000000000000e+01 nan
1.467500000000000071e+01 nan
1.472500000000000142e+01 nan
1.477499999999999858e+01 nan
1.482500000000000284e+01 nan
1.487500000000000000e+01 nan
1.492500000000000071e+01 nan
1.497500000000000142e+01 nan
1.502499999999999858e+01 nan
1.507500000000000284e+01 nan
1.512500000000000000e+01 nan
1.517500000000000071e+01 nan
1.522500000000000142e+01 nan
1.527499999999999858e+01 nan
1.532500000000000284e+01 nan
1.537500000000000000e+01 nan
1.542500000000000071e+01 nan
1.547500000000000142e+01 nan
1.552499999999999858e+01 nan
1.557500000000000284e+01 nan
1.562500000000000000e+01 nan
1.567500000000000071e+01 nan
1.572500000000000142e+01 nan
1.577499999999999858e+01 nan
1.582500000000000284e+01 nan
1.587500000000000000e+01 nan
1.592500000000000071e+01 nan
1.597500000000000142e+01 nan
1.602499999999999858e+01 nan
1.607500000000000284e+01 nan
1.612500000000000000e+01 nan
1.617500000000000071e+01 nan
1.622500000000000142e+01 nan
1.627499999999999858e+01 nan
1.632500000000000284e+01 nan
1.637500000000000000e+01 9.661071776003504752e+00
1.642500000000000071e+01 9.661071776003504752e+00
1.647500000000000142e+01 9.661071776003504752e+00
1.652499999999999858e+01 nan
1.657500000000000284e+01 nan
1.662500000000000000e+01 nan
1.667500000000000071e+01 nan
1.672500000000000142e+01 nan
1.677499999999999858e+01 nan
1.682500000000000284e+01 nan
1.687500000000000000e+01 nan
1.692500000000000071e+01 nan
1.697500000000000142e+01 nan
1.702499999999999858e+01 nan
1.707500000000000284e+01 nan
1.712500000000000000e+01 nan
1.717500000000000426e+01 nan
1.722500000000000142e+01 nan
1.727499999999999858e+01 nan
1.732500000000000284e+01 nan
1.737500000000000000e+01 nan
1.742500000000000426e+01 nan
1.747500000000000142e+01 nan
1.752499999999999858e+01 nan
1.757500000000000284e+01 nan
1.762500000000000000e+01 nan
1.767500000000000426e+01 nan
1.772500000000000142e+01 nan
1.777499999999999858e+01 nan
1.782500000000000284e+01 nan
1.787500000000000000e+01 nan
1.792500000000000426e+01 nan
1.797500000000000142e+01 nan
