# r_minus_2Rs_A, PMF_over_kBT
-5.450600000000003220e-01 3.000931160862380764e+01
-5.309230410000003175e-01 4.501132797491601423e+01
-5.167860830000003958e-01 5.999830049749287753e+01
-5.026491240000003913e-01 5.993479750070596879e+01
-4.885121659999995813e-01 5.975800966429423511e+01
-4.743752069999995769e-01 5.934486304184985528e+01
-4.602382489999996551e-01 5.849978178745804769e+01
-4.461012899999996506e-01 5.696000151215182683e+01
-4.319643319999997289e-01 5.443942950294334082e+01
-4.178273729999997244e-01 5.071889613476248115e+01
-4.036904149999998026e-01 4.575459988819795853e+01
-3.895534559999997981e-01 3.975676589014550188e+01
-3.754164979999998764e-01 3.318111191574244856e+01
-3.612795389999998719e-01 2.661719981966113835e+01
-3.471425809999999501e-01 2.061175939868864049e+01
-3.330056219999999456e-01 1.550515380785878250e+01
-3.188686640000000239e-01 1.136608689367706937e+01
-3.047317050000000194e-01 8.045029341865578942e+00
-2.905947470000000976e-01 5.302520855426575253e+00
-2.764577880000000931e-01 2.935875356645544443e+00
-2.623208290000000886e-01 8.431249697350455818e-01
-2.481838710000001669e-01 -9.935108632264384454e-01
-2.340469120000001624e-01 -2.560069049263017149e+00
-2.199099540000002406e-01 -3.854067161467439107e+00
-2.057729950000002361e-01 -4.898198581515726957e+00
-1.916360370000003144e-01 -5.733122905409684833e+00
-1.774990780000003099e-01 -6.401470129280541599e+00
-1.633621200000003881e-01 -6.940888673260827701e+00
-1.492251610000003836e-01 -7.384097576642885130e+00
-1.350882029999995737e-01 -7.749999981750745448e+00
-1.209512439999995692e-01 -8.044982424905121832e+00
-1.068142859999996475e-01 -8.266157968037237680e+00
-9.267732699999964296e-02 -8.410615767073188920e+00
-7.854036899999972121e-02 -8.484917938709084950e+00
-6.440340999999971672e-02 -8.504042982666387474e+00
-5.026645199999979496e-02 -8.488844299112212610e+00
-3.612949299999979047e-02 -8.454517848011498415e+00
-2.199253499999986872e-02 -8.407645411708571714e+00
-7.855575999999864223e-03 -8.348632612021305022e+00
6.281381999999169352e-03 -8.274704437661377199e+00
2.041834099999917385e-02 -8.187333450621061104e+00
3.455529999999917834e-02 -8.094673301584373704e+00
4.869225800000087645e-02 -8.009274620456821481e+00
6.282921700000088094e-02 -7.939852065573010265e+00
7.696617500000080270e-02 -7.883802390034386320e+00
9.110313400000080719e-02 -7.829765323891985318e+00
1.052400920000007289e-01 -7.761574806020407280e+00
1.193770510000007334e-01 -7.675725888954014309e+00
1.335140090000006552e-01 -7.584072756952373595e+00
1.476509680000006597e-01 -7.500505156320359745e+00
1.617879260000005814e-01 -7.432877081860700841e+00
1.759248850000005859e-01 -7.369949403323127868e+00
1.900618430000005077e-01 -7.294642120244034800e+00
2.041988020000005122e-01 -7.202296548073055860e+00
2.183357600000004339e-01 -7.104733539786924013e+00
2.324727190000004384e-01 -7.021768294274153277e+00
2.466096770000003602e-01 -6.960808338916624649e+00
2.607466360000003647e-01 -6.908703032167833769e+00
2.748835940000002864e-01 -6.844785218715150776e+00
2.890205530000002909e-01 -6.762709170707514872e+00
3.031575120000002954e-01 -6.673722033481169547e+00
3.172944700000002172e-01 -6.594166312232742300e+00
3.314314290000002217e-01 -6.528335801533383886e+00
3.455683870000001434e-01 -6.461299234906558553e+00
3.597053460000001479e-01 -6.377289969583541662e+00
3.738423040000000697e-01 -6.277528616766536729e+00
3.879792630000000742e-01 -6.177867080013481171e+00
4.021162209999999959e-01 -6.096968068787374406e+00
4.162531800000000004e-01 -6.035854813937895358e+00
4.303901379999999222e-01 -5.980628177702350001e+00
4.445270969999999267e-01 -5.918729931767925834e+00
4.586640549999998484e-01 -5.846955602756548132e+00
4.728010139999998529e-01 -5.773617002222612982e+00
4.869379719999997747e-01 -5.704999035041069533e+00
5.010749309999997791e-01 -5.639323516179393536e+00
5.152118889999997009e-01 -5.568993545859834526e+00
5.293488479999997054e-01 -5.491486566008845216e+00
5.434858059999996271e-01 -5.411924157032226290e+00
5.576227649999996316e-01 -5.338083330335278376e+00
5.717597239999996361e-01 -5.273020133073199389e+00
5.858966819999995579e-01 -5.209804590644061761e+00
6.000336409999995624e-01 -5.143425324897554773e+00
6.141705989999994841e-01 -5.072670033403520407e+00
6.283075579999994886e-01 -5.003408424200051385e+00
6.424445159999994104e-01 -4.942739492832687986e+00
6.565814749999994149e-01 -4.888644816545880900e+00
6.707184329999993366e-01 -4.832583905574264094e+00
6.848553919999993411e-01 -4.766456425398644114e+00
6.989923499999992629e-01 -4.689012285779206479e+00
7.131293089999992674e-01 -4.606187900753461406e+00
7.272662669999991891e-01 -4.525916012508153230e+00
7.414032259999991936e-01 -4.450923049119172248e+00
7.555401839999991154e-01 -4.379834549391201648e+00
7.696771429999991199e-01 -4.310305453178285617e+00
7.838141010000008180e-01 -4.243656933642846241e+00
7.979510600000008225e-01 -4.182142913382691063e+00
8.120880180000007442e-01 -4.126957037335220235e+00
8.262249770000007487e-01 -4.077907663743159716e+00
8.403619350000006705e-01 -4.028241659639386185e+00
8.544988940000006750e-01 -3.968630037240201247e+00
8.686358530000006795e-01 -3.893328568042749183e+00
8.827728110000006012e-01 -3.801249744364085359e+00
8.969097700000006057e-01 -3.700012710437595942e+00
9.110467280000005275e-01 -3.603180595888810345e+00
9.251836870000005320e-01 -3.519118345637135548e+00
9.393206450000004537e-01 -3.445943205646697649e+00
9.534576040000004582e-01 -3.375513544214744144e+00
9.675945620000003800e-01 -3.298442596811314687e+00
9.817315210000003844e-01 -3.211988408335392009e+00
9.958684790000003062e-01 -3.122633131180373667e+00
1.010005438000000311e+00 -3.036930819748320687e+00
1.024142396000000232e+00 -2.959647564321864266e+00
1.038279355000000237e+00 -2.891208124288160874e+00
1.052416313000000159e+00 -2.825990406849502534e+00
1.066553272000000163e+00 -2.759680391860179327e+00
1.080690230000000085e+00 -2.687876317956453320e+00
1.094827189000000089e+00 -2.610985596425697608e+00
1.108964147000000011e+00 -2.537886175078295281e+00
1.123101106000000016e+00 -2.473776021094343136e+00
1.137238065000000020e+00 -2.420146685759585026e+00
1.151375022999999942e+00 -2.369503885693648115e+00
1.165511981999999946e+00 -2.306968970062253987e+00
1.179648939999999868e+00 -2.225849733096971761e+00
1.193785898999999873e+00 -2.127863101732364370e+00
1.207922856999999794e+00 -2.022265158455244460e+00
1.222059815999999799e+00 -1.920973838077118856e+00
1.236196773999999721e+00 -1.828472648380266463e+00
1.250333732999999725e+00 -1.743887536890188272e+00
1.264470690999999647e+00 -1.663646365070091449e+00
1.278607649999999651e+00 -1.582397598319145615e+00
1.292744607999999573e+00 -1.497422195650829124e+00
1.306881566999999578e+00 -1.409728725497673807e+00
1.321018524999999499e+00 -1.324200048615395531e+00
1.335155483999999504e+00 -1.245568813242494244e+00
1.349292441999999426e+00 -1.174629373810851973e+00
1.363429400999999430e+00 -1.105747713202095639e+00
1.377566358999999352e+00 -1.028565499845297992e+00
1.391703317999999356e+00 -9.392117170701439477e-01
1.405840275999999278e+00 -8.438935734304173764e-01
1.419977234999999283e+00 -7.560178449074150819e-01
1.434114193999999287e+00 -6.872029857680050924e-01
1.448251151999999209e+00 -6.377552985147350029e-01
1.462388110999999213e+00 -5.969463385036437586e-01
1.476525068999999135e+00 -5.526735293793532122e-01
1.490662027999999140e+00 -5.024813503828564620e-01
1.504798986000000838e+00 -4.529540979121549071e-01
1.518935945000000842e+00 -4.135216003593615852e-01
1.533072903000000764e+00 -3.888101590793446860e-01
1.547209862000000768e+00 -3.724412887107089176e-01
1.561346820000000690e+00 -3.520948226605664644e-01
1.575483779000000695e+00 -3.195287250384364341e-01
1.589620737000000616e+00 -2.713697042055223108e-01
1.603757696000000621e+00 -2.118806589021762221e-01
1.617894654000000543e+00 -1.494605092165297577e-01
1.632031613000000547e+00 -9.067856593777534613e-02
1.646168571000000469e+00 -3.944903410544675637e-02
1.660305530000000473e+00 3.562231830848361369e-03
1.674442488000000395e+00 3.722649962342750030e-02
1.688579447000000400e+00 5.823678669897347504e-02
1.702716406000000404e+00 6.640459640312279532e-02
1.716853364000000326e+00 6.349735578192294838e-02
1.730990323000000330e+00 6.025305516929257976e-02
1.745127281000000252e+00 6.976276693515437444e-02
1.759264240000000257e+00 9.519902463505758305e-02
1.773401198000000178e+00 1.336584449964650645e-01
1.787538157000000183e+00 1.734616088879867846e-01
1.801675115000000105e+00 2.048087564797960169e-01
1.815812074000000109e+00 2.278652514386596550e-01
1.829949032000000031e+00 2.499251270561000382e-01
1.844085991000000035e+00 2.788707588305037177e-01
1.858222948999999957e+00 3.140303428533535168e-01
1.872359907999999962e+00 3.482367574235940566e-01
1.886496865999999883e+00 3.716235527241718017e-01
1.900633824999999888e+00 3.774060295331764792e-01
1.914770782999999810e+00 3.711871898681255999e-01
1.928907741999999814e+00 3.622456973099943411e-01
1.943044699999999736e+00 3.584266434539475910e-01
1.957181658999999740e+00 3.637276508641562600e-01
1.971318617999999745e+00 3.762436480336415201e-01
1.985455575999999667e+00 3.952172416720376447e-01
1.999592534999999671e+00 4.170729234009371567e-01
2.013729492999999593e+00 4.379219159116143345e-01
2.027866451999999597e+00 4.506723305072206642e-01
2.042003409999999519e+00 4.517336197328702951e-01
2.056140368999999524e+00 4.497315315705687766e-01
2.070277326999999445e+00 4.586766016964300974e-01
2.084414285999999450e+00 4.861154838046477522e-01
2.098551243999999372e+00 5.245520676711468155e-01
2.112688202999999376e+00 5.548062256065762199e-01
2.126825160999999298e+00 5.613434627780460318e-01
2.140962119999999302e+00 5.488058159201560926e-01
2.155099077999999224e+00 5.371030884954475226e-01
2.169236036999999229e+00 5.444909948893119633e-01
2.183372994999999150e+00 5.728282020220323290e-01
2.197509953999999155e+00 6.126872806404719540e-01
2.211646912000000853e+00 6.506926611236671931e-01
2.225783871000000858e+00 6.804448699357816821e-01
2.239920829000000779e+00 7.034577563994677263e-01
2.254057788000000784e+00 7.198528846813623261e-01
2.268194747000000788e+00 7.290570668222748907e-01
2.282331705000000710e+00 7.331768063050549955e-01
2.296468664000000715e+00 7.397914247614938432e-01
2.310605622000000636e+00 7.552403177973019410e-01
2.324742581000000641e+00 7.775837677013335281e-01
2.338879539000000563e+00 7.975898783322801222e-01
2.353016498000000567e+00 8.067818047973940310e-01
2.367153456000000489e+00 8.061283515161683511e-01
2.381290415000000493e+00 8.087516709313149477e-01
2.395427373000000415e+00 8.246806402821125204e-01
2.409564332000000419e+00 8.512753874121514741e-01
2.423701290000000341e+00 8.771105623814055008e-01
2.437838249000000346e+00 8.887877781126629628e-01
2.451975207000000267e+00 8.875548803907076234e-01
2.466112166000000272e+00 8.871370346377691618e-01
2.480249124000000194e+00 9.020651688159375681e-01
2.494386083000000198e+00 9.342186614929204325e-01
2.508523041000000120e+00 9.717349489380140426e-01
2.522660000000000124e+00 9.971183122675597588e-01
2.536796959000000129e+00 1.000715245318847479e+00
2.550933917000000051e+00 9.888695594995144944e-01
2.565070876000000055e+00 9.750545430850454665e-01
2.579207833999999977e+00 9.714450612285698838e-01
2.593344792999999981e+00 9.781849380298268670e-01
2.607481750999999903e+00 9.846176172271050575e-01
2.621618709999999908e+00 9.804001047790897871e-01
2.635755667999999829e+00 9.630626078963349102e-01
2.649892626999999834e+00 9.404788305263291903e-01
2.664029584999999756e+00 9.218784459333377868e-01
2.678166543999999760e+00 9.103043796028398305e-01
2.692303501999999682e+00 9.017053266600694172e-01
2.706440460999999686e+00 8.915245334841142011e-01
2.720577418999999608e+00 8.823707431909948440e-01
2.734714377999999613e+00 8.824775159574205219e-01
2.748851335999999534e+00 8.965993309554871615e-01
2.762988294999999539e+00 9.198103563538495564e-01
2.777125252999999461e+00 9.386912854459623645e-01
2.791262211999999465e+00 9.401431812136475941e-01
2.805399170999999470e+00 9.195775671089574388e-01
2.819536128999999391e+00 8.851620244759015321e-01
2.833673087999999396e+00 8.547058976638250982e-01
2.847810045999999318e+00 8.414940059644191450e-01
2.861947004999999322e+00 8.520475424595410630e-01
2.876083962999999244e+00 8.802570401958611512e-01
2.890220921999999248e+00 9.111663867021402297e-01
2.904357879999999170e+00 9.335423291497324527e-01
2.918494838999999175e+00 9.438606469343682193e-01
2.932631797000000873e+00 9.461283581269892551e-01
2.946768756000000877e+00 9.453786127006829076e-01
2.960905714000000799e+00 9.442706412395835969e-01
2.975042673000000804e+00 9.432864088109678136e-01
2.989179631000000725e+00 9.439391459322106215e-01
3.003316590000000730e+00 9.502374163138505025e-01
3.017453548000000652e+00 9.646613507297718826e-01
3.031590507000000656e+00 9.832656966957404876e-01
3.045727465000000578e+00 9.992452891138015048e-01
3.059864424000000582e+00 1.008803489950787835e+00
3.074001382000000504e+00 1.012452551463367101e+00
3.088138341000000509e+00 1.013604294631267777e+00
3.102275300000000513e+00 1.013290300266696420e+00
3.116412258000000435e+00 1.010149127395070678e+00
3.130549217000000439e+00 1.002358537087994605e+00
3.144686175000000361e+00 9.943367105205940248e-01
3.158823134000000366e+00 9.930778581468295840e-01
3.172960092000000287e+00 9.991855065180921258e-01
3.187097051000000292e+00 1.008545669574587578e+00
3.201234009000000214e+00 1.012563127999431600e+00
3.215370968000000218e+00 1.005025530832606151e+00
3.229507926000000140e+00 9.893865093411857714e-01
3.243644885000000144e+00 9.735410586332875482e-01
3.257781843000000066e+00 9.657422731411990924e-01
3.271918802000000071e+00 9.709751479127568530e-01
3.286055759999999992e+00 9.885494128041383277e-01
3.300192718999999997e+00 1.015484935706723491e+00
3.314329676999999919e+00 1.042685936739889740e+00
3.328466635999999923e+00 1.063070953413344455e+00
3.342603593999999845e+00 1.072093885465104535e+00
3.356740552999999849e+00 1.067592998777445956e+00
3.370877511999999854e+00 1.056502853909975670e+00
3.385014469999999775e+00 1.044662514150275001e+00
3.399151428999999780e+00 1.037457360000539452e+00
3.413288386999999702e+00 1.035349763033915238e+00
3.427425345999999706e+00 1.036666280880472968e+00
3.441562303999999628e+00 1.040194030496381927e+00
3.455699262999999632e+00 1.044671067842310563e+00
3.469836220999999554e+00 1.051953359495627183e+00
3.483973179999999559e+00 1.059784391038489204e+00
3.498110137999999480e+00 1.062078027702279215e+00
3.512247096999999485e+00 1.053751398562146946e+00
3.526384054999999407e+00 1.035564742020170570e+00
3.540521013999999411e+00 1.020004384516012053e+00
3.554657971999999333e+00 1.021008482139103890e+00
3.568794930999999337e+00 1.044425315790929787e+00
3.582931888999999259e+00 1.082334730216558683e+00
3.597068847999999264e+00 1.114464694328205496e+00
3.611205805999999185e+00 1.132102117010967746e+00
3.625342764999999190e+00 1.139190832973214995e+00
3.639479723999999194e+00 1.149766344832105602e+00
3.653616681999999116e+00 1.174157061479668585e+00
3.667753640999999121e+00 1.205716956125947092e+00
3.681890599000000819e+00 1.231951707890155845e+00
3.696027558000000823e+00 1.243656006790676116e+00
3.710164516000000745e+00 1.245528060239035284e+00
3.724301475000000750e+00 1.247390698202142545e+00
3.738438433000000671e+00 1.253084133524168919e+00
3.752575392000000676e+00 1.257859940637171547e+00
3.766712350000000598e+00 1.255450313947491736e+00
3.780849309000000602e+00 1.247222117836697564e+00
3.794986267000000524e+00 1.242072016338298113e+00
3.809123226000000528e+00 1.248719540558051122e+00
3.823260184000000450e+00 1.262717841576474598e+00
3.837397143000000455e+00 1.272927068514311699e+00
3.851534101000000376e+00 1.273731071757630673e+00
3.865671060000000381e+00 1.269228069410370807e+00
3.879808018000000303e+00 1.270419281487198404e+00
3.893944977000000307e+00 1.284769702495074384e+00
3.908081935000000229e+00 1.307674349497084165e+00
3.922218894000000233e+00 1.325311763768139528e+00
3.936355853000000238e+00 1.329695353207393183e+00
3.950492811000000160e+00 1.321396560696772582e+00
3.964629770000000164e+00 1.307335137636565392e+00
3.978766728000000086e+00 1.296416895206489173e+00
3.992903687000000090e+00 1.290150588392188880e+00
4.007040645000000012e+00 1.284807963768491490e+00
4.021177604000000017e+00 1.275982257564807654e+00
4.035314561999999938e+00 1.263724630825750594e+00
4.049451520999999943e+00 1.251956437799126576e+00
4.063588478999999865e+00 1.245937857548158334e+00
4.077725437999999869e+00 1.247539541371736505e+00
4.091862395999999791e+00 1.253719630223098846e+00
4.105999354999999795e+00 1.258859484710708188e+00
4.120136312999999717e+00 1.260938839291133817e+00
4.134273271999999722e+00 1.261718487108648645e+00
4.148410229999999643e+00 1.265617511284863994e+00
4.162547188999999648e+00 1.274258032338977387e+00
4.176684146999999570e+00 1.285013298509687374e+00
4.190821105999999574e+00 1.293398691280883028e+00
4.204958064999999579e+00 1.298161372959068416e+00
4.219095022999999500e+00 1.307161455025408259e+00
4.233231981999999505e+00 1.328176036517378478e+00
4.247368939999999427e+00 1.364071882702750926e+00
4.261505898999999431e+00 1.406281531045225464e+00
4.275642856999999353e+00 1.437885544148061356e+00
4.289779815999999357e+00 1.447127321690418356e+00
4.303916773999999279e+00 1.436387986233143010e+00
4.318053732999999283e+00 1.419172289993825942e+00
4.332190690999999205e+00 1.409196886459037401e+00
4.346327649999999210e+00 1.410284329094857014e+00
4.360464607999999131e+00 1.414491148765579354e+00
4.374601566999999136e+00 1.412344163411962228e+00
4.388738525000000834e+00 1.404544148050590024e+00
4.402875484000000839e+00 1.401043006065027186e+00
4.417012442000000760e+00 1.409439380495493666e+00
4.431149401000000765e+00 1.427770992749373136e+00
4.445286359000000687e+00 1.441453423245732779e+00
4.459423318000000691e+00 1.435983265287109845e+00
4.473560276000000613e+00 1.410288888607272639e+00
4.487697235000000617e+00 1.375600803282987172e+00
4.501834194000000622e+00 1.347466847315347493e+00
4.515971152000000544e+00 1.333296171749173809e+00
4.530108111000000548e+00 1.328880369062446221e+00
4.544245069000000470e+00 1.324421142478627189e+00
4.558382028000000474e+00 1.314579095807127729e+00
4.572518986000000396e+00 1.298935053805339024e+00
4.586655945000000401e+00 1.280119192502020553e+00
4.600792903000000322e+00 1.259826405325704002e+00
4.614929862000000327e+00 1.239569483428075714e+00
4.629066820000000249e+00 1.220342754393019646e+00
4.643203779000000253e+00 1.201415989334192247e+00
4.657340737000000175e+00 1.182479499346017704e+00
4.671477696000000179e+00 1.163985617762529401e+00
4.685614654000000101e+00 1.149548754672892414e+00
4.699751613000000106e+00 1.144237109825411380e+00
4.713888571000000027e+00 1.146447906820450058e+00
4.728025530000000032e+00 1.145154680530582780e+00
4.742162487999999954e+00 1.127610298390294474e+00
4.756299446999999958e+00 1.091384057532687635e+00
4.770436405999999963e+00 1.049244920116125357e+00
4.784573363999999884e+00 1.019439695857059291e+00
4.798710322999999889e+00 1.008289959135884928e+00
4.812847280999999811e+00 1.004465929271104230e+00
4.826984239999999815e+00 9.920975116534513916e-01
4.841121197999999737e+00 9.655656035909743196e-01
4.855258156999999741e+00 9.374598478581983585e-01
4.869395114999999663e+00 9.266799049535627830e-01
4.883532073999999668e+00 9.406218389066598462e-01
4.897669031999999589e+00 9.713620714711588278e-01
4.911805990999999594e+00 1.000982534706210458e+00
4.925942948999999516e+00 1.015056632266178482e+00
4.940079907999999520e+00 1.012252833917507644e+00
4.954216865999999442e+00 9.985932145703912965e-01
4.968353824999999446e+00 9.827612158924203811e-01
4.982490782999999368e+00 9.699787617918538274e-01
4.996627741999999373e+00 9.576943626119209796e-01
5.010764699999999294e+00 9.419644212592466204e-01
5.024901658999999299e+00 9.218225516300488920e-01
5.039038617999999303e+00 9.016624155529235907e-01
5.053175575999999225e+00 8.886153975740533895e-01
5.067312534999999230e+00 8.888005346501834936e-01
5.081449492999999151e+00 9.010309764171111624e-01
5.095586451999999156e+00 9.195620321334825320e-01
5.109723410000000854e+00 9.375551239444384066e-01
5.123860369000000858e+00 9.490438662371829537e-01
5.137997327000000780e+00 9.502876478984507713e-01
5.152134286000000785e+00 9.418323929604088818e-01
5.166271244000000706e+00 9.301647880194128248e-01
5.180408203000000711e+00 9.251578844948067371e-01
5.194545161000000633e+00 9.361169247573659646e-01
5.208682120000000637e+00 9.619731305171157487e-01
5.222819078000000559e+00 9.920010583066147802e-01
5.236956037000000563e+00 1.010455244642969319e+00
5.251092995000000485e+00 1.010959923124023163e+00
5.265229954000000490e+00 1.001359475396808918e+00
5.279366912000000411e+00 9.964970953505307705e-01
5.293503871000000416e+00 1.005471598794677845e+00
5.307640829000000338e+00 1.022824007974588056e+00
5.321777788000000342e+00 1.030479959996743133e+00
5.335914747000000347e+00 1.011136925387900121e+00
5.350051705000000268e+00 9.645036367452508586e-01
5.364188664000000273e+00 9.071037203717278175e-01
5.378325622000000195e+00 8.654021433126963814e-01
5.392462581000000199e+00 8.587090951418545615e-01
5.406599539000000121e+00 8.849044744498542059e-01
5.420736498000000125e+00 9.267177765869156758e-01
5.434873456000000047e+00 9.633097594687303200e-01
5.449010415000000052e+00 9.840750087384275702e-01
5.463147372999999973e+00 9.941312780885969147e-01
5.477284331999999978e+00 1.004764766681335075e+00
5.491421289999999900e+00 1.021885569147672257e+00
5.505558248999999904e+00 1.039083368814072372e+00
5.519695206999999826e+00 1.044818025766383940e+00
5.533832165999999830e+00 1.033605275882779395e+00
5.547969123999999752e+00 1.011471503091261326e+00
5.562106082999999757e+00 9.960627116284044291e-01
5.576243040999999678e+00 9.996878392646113554e-01
5.590379999999999683e+00 1.022151104438304259e+00
5.604516958999999687e+00 1.048981142882555062e+00
5.618653916999999609e+00 1.059170783044246278e+00
5.632790875999999614e+00 1.045787196434952548e+00
5.646927833999999535e+00 1.018552426597956639e+00
5.661064792999999540e+00 1.000886446058370183e+00
5.675201750999999462e+00 1.009824532811018472e+00
5.689338709999999466e+00 1.041991805482407329e+00
5.703475667999999388e+00 1.076685231394680642e+00
5.717612626999999392e+00 1.089473088179186533e+00
5.731749584999999314e+00 1.077031331195295039e+00
5.745886543999999319e+00 1.057709963208457893e+00
5.760023501999999240e+00 1.055092117615485492e+00
5.774160460999999245e+00 1.079686234251646226e+00
5.788297418999999167e+00 1.116149320357864738e+00
5.802434377999999171e+00 1.142621853807186838e+00
5.816571336000000869e+00 1.147370857942938471e+00
5.830708295000000874e+00 1.137027442869710470e+00
5.844845253000000795e+00 1.129096083194738753e+00
5.858982212000000800e+00 1.131290500322664982e+00
5.873119171000000804e+00 1.139873932633419074e+00
5.887256129000000726e+00 1.144432469283454878e+00
5.901393088000000731e+00 1.139076892820410691e+00
5.915530046000000652e+00 1.125951857499968511e+00
5.929667005000000657e+00 1.110032531400088729e+00
5.943803963000000579e+00 1.096211700650146170e+00
5.957940922000000583e+00 1.089928155238029106e+00
5.972077880000000505e+00 1.100399760299909602e+00
5.986214839000000509e+00 1.133028385798315441e+00
6.000351797000000431e+00 1.180811639424815596e+00
6.014488756000000436e+00 1.223374953052253744e+00
6.028625714000000357e+00 1.236947235637478215e+00
6.042762673000000362e+00 1.214398478705801310e+00
6.056899631000000284e+00 1.172719731834375168e+00
6.071036590000000288e+00 1.140118550717325263e+00
6.085173548000000210e+00 1.135476536197465691e+00
6.099310507000000214e+00 1.150940710395975231e+00
6.113447465000000136e+00 1.162243229615098628e+00
6.127584424000000141e+00 1.152580038209718438e+00
6.141721382000000062e+00 1.122729957296527914e+00
6.155858341000000067e+00 1.093601030596381918e+00
6.169995300000000071e+00 1.086616806228105858e+00
6.184132257999999993e+00 1.104517686633476714e+00
6.198269216999999998e+00 1.129716759262432646e+00
6.212406174999999919e+00 1.136895448755607774e+00
6.226543133999999924e+00 1.110964338739004020e+00
6.240680091999999846e+00 1.058514784762053296e+00
6.254817050999999850e+00 1.005153693975648466e+00
6.268954008999999772e+00 9.734667402929204627e-01
6.283090967999999776e+00 9.693155863253171134e-01
6.297227925999999698e+00 9.785363069304970907e-01
6.311364884999999703e+00 9.807765595354993593e-01
6.325501842999999624e+00 9.695758067168771532e-01
6.339638801999999629e+00 9.555427616851801531e-01
6.353775759999999551e+00 9.576930773166942856e-01
6.367912718999999555e+00 9.820433351862991600e-01
6.382049676999999477e+00 1.011619428147612965e+00
6.396186635999999481e+00 1.023442983559386121e+00
6.410323593999999403e+00 1.005146446188222242e+00
6.424460552999999408e+00 9.678134946954184414e-01
6.438597511999999412e+00 9.398704492398746169e-01
6.452734469999999334e+00 9.390439668823127306e-01
6.466871428999999338e+00 9.586870048563991276e-01
6.481008386999999260e+00 9.755095362950658711e-01
6.495145345999999265e+00 9.691061771890865373e-01
6.509282303999999186e+00 9.409837035180359521e-01
6.523419262999999191e+00 9.103867357670107907e-01
6.537556220999999113e+00 8.950494453777455561e-01
6.551693179999999117e+00 8.976341405556418351e-01
6.565830138000000815e+00 9.059001104628219281e-01
6.579967097000000820e+00 9.097955832832305134e-01
6.594104055000000741e+00 9.100976062221288743e-01
6.608241014000000746e+00 9.140234232486061927e-01
6.622377972000000668e+00 9.245762628370375324e-01
6.636514931000000672e+00 9.358257702257049004e-01
6.650651889000000594e+00 9.387538264485737471e-01
6.664788848000000598e+00 9.306602847874767548e-01
6.678925806000000520e+00 9.216717523845296967e-01
6.693062765000000525e+00 9.208283825347507445e-01
6.707199724000000529e+00 9.298167490657256451e-01
6.721336682000000451e+00 9.423454894793081849e-01
6.735473641000000455e+00 9.459293550019953756e-01
6.749610599000000377e+00 9.343602817907061819e-01
6.763747558000000382e+00 9.109023053132023762e-01
6.777884516000000303e+00 8.832140336074889575e-01
6.792021475000000308e+00 8.606786595404294360e-01
6.806158433000000230e+00 8.519849133879162650e-01
6.820295392000000234e+00 8.584604670289728290e-01
6.834432350000000156e+00 8.764381313646278926e-01
6.848569309000000160e+00 8.964937018023455551e-01
6.862706267000000082e+00 9.072835053523160553e-01
6.876843226000000087e+00 9.053164538538176487e-01
6.890980184000000008e+00 8.947505423618409282e-01
6.905117143000000013e+00 8.833561933411822054e-01
6.919254100999999935e+00 8.773140434401600629e-01
6.933391059999999939e+00 8.748393138137533498e-01
6.947528017999999861e+00 8.712813691553762396e-01
6.961664976999999865e+00 8.647048825361416391e-01
6.975801934999999787e+00 8.566422908882547205e-01
6.989938893999999792e+00 8.546562005227542613e-01
7.004075852999999796e+00 8.623025031247788519e-01
7.018212810999999718e+00 8.760982730840822796e-01
7.032349769999999722e+00 8.900878572282309165e-01
7.046486727999999644e+00 8.975069821526826530e-01
7.060623686999999649e+00 8.965068711845471938e-01
7.074760644999999570e+00 8.935453798993790997e-01
7.088897603999999575e+00 8.948639909604274578e-01
7.103034561999999497e+00 9.011608286342909224e-01
7.117171520999999501e+00 9.108052200817784438e-01
7.131308478999999423e+00 9.200060856800327258e-01
7.145445437999999427e+00 9.283650793456317274e-01
7.159582395999999349e+00 9.396946478889756094e-01
7.173719354999999354e+00 9.540474626277113401e-01
7.187856312999999275e+00 9.682135309991828365e-01
7.201993271999999280e+00 9.786915546254633114e-01
7.216130229999999202e+00 9.851389251193634067e-01
7.230267188999999206e+00 9.953376353752663164e-01
7.244404146999999128e+00 1.016132983117060462e+00
7.258541105999999132e+00 1.047283477705601484e+00
7.272678064999999137e+00 1.078290764200840357e+00
7.286815023000000835e+00 1.094477900043070662e+00
7.300951982000000839e+00 1.089701115435978807e+00
7.315088940000000761e+00 1.070148938091959323e+00
7.329225899000000766e+00 1.050819319553058406e+00
7.343362857000000687e+00 1.045421220384612937e+00
7.357499816000000692e+00 1.054818925982212718e+00
7.371636774000000614e+00 1.065847223345446793e+00
7.385773733000000618e+00 1.065272408820348460e+00
7.399910691000000540e+00 1.050163481324760895e+00
7.414047650000000544e+00 1.030747484606900244e+00
7.428184608000000466e+00 1.023973346277177399e+00
7.442321567000000471e+00 1.037347019099026824e+00
7.456458525000000392e+00 1.062916476472331340e+00
7.470595484000000397e+00 1.082668069853278681e+00
7.484732442000000319e+00 1.086040936495864528e+00
7.498869401000000323e+00 1.076204825258837872e+00
7.513006359000000245e+00 1.064912830476229644e+00
7.527143318000000249e+00 1.062457343570761381e+00
7.541280276000000171e+00 1.063249503053402378e+00
7.555417235000000176e+00 1.055669239072109633e+00
7.569554194000000180e+00 1.032650372315199405e+00
7.583691152000000102e+00 9.961154881075451328e-01
7.597828111000000106e+00 9.591363964760404315e-01
7.611965069000000028e+00 9.329769849550810790e-01
7.626102028000000033e+00 9.190852458777172274e-01
7.640238985999999954e+00 9.151488186654610502e-01
7.654375944999999959e+00 9.165279388610301226e-01
7.668512902999999881e+00 9.207458865150215388e-01
7.682649861999999885e+00 9.272613907025206714e-01
7.696786819999999807e+00 9.316954962968697629e-01
7.710923778999999811e+00 9.306271991314467584e-01
7.725060736999999733e+00 9.258355059992275926e-01
7.739197695999999738e+00 9.251857885242475987e-01
7.753334653999999659e+00 9.366345031611729155e-01
7.767471612999999664e+00 9.608504634538448386e-01
7.781608570999999586e+00 9.862696174542087135e-01
7.795745529999999590e+00 9.978768174002219382e-01
7.809882487999999512e+00 9.923553458444462905e-01
7.824019446999999516e+00 9.788414434280490184e-01
7.838156405999999521e+00 9.743807381089357733e-01
7.852293363999999443e+00 9.887991976412138229e-01
7.866430322999999447e+00 1.017139049967608955e+00
7.880567280999999369e+00 1.047034174085636593e+00
7.894704239999999373e+00 1.067370829921575393e+00
7.908841197999999295e+00 1.079435388361673631e+00
7.922978156999999300e+00 1.093681288671975338e+00
7.937115114999999221e+00 1.117185053659197180e+00
7.951252073999999226e+00 1.150434586445385321e+00
7.965389031999999148e+00 1.185151827241694988e+00
7.979525990999999152e+00 1.214203353671445385e+00
7.993662949000000850e+00 1.240918310769702160e+00
8.007799907999999078e+00 1.280329256790182058e+00
8.021936866000000776e+00 1.356438229656470540e+00
8.036073824999999005e+00 1.492083560510867102e+00
8.050210783000000703e+00 1.704718934681705989e+00
8.064347741999998931e+00 1.999747314587070335e+00
8.078484700000000629e+00 2.374818235218219442e+00
8.092621658999998857e+00 2.823474213203372329e+00
8.106758618000000638e+00 3.337156412166992325e+00
8.120895575999998783e+00 3.913005828108778061e+00
8.135032535000000564e+00 4.550378390445461108e+00
8.149169492999998710e+00 5.253584201905544759e+00
8.163306452000000490e+00 6.031661279695692102e+00
8.177443409999998636e+00 6.892251007789488071e+00
8.191580369000000417e+00 7.840256239831115082e+00
8.205717326999998562e+00 8.876329191715596423e+00
8.219854286000000343e+00 9.999937797395700656e+00
8.233991243999998488e+00 1.121194793565572745e+01
8.248128203000000269e+00 1.251154133043455019e+01
8.262265160999998415e+00 1.389462416018003665e+01
8.276402120000000195e+00 1.534931310688176787e+01
8.290539077999998341e+00 1.686163363219967337e+01
8.304676037000000122e+00 1.842472092585155963e+01
8.318812994999998267e+00 2.004377326109660373e+01
8.332949954000000048e+00 2.173419042538093393e+01
8.347086912000001746e+00 2.351364185775661042e+01
8.361223870999999974e+00 2.539809033823689788e+01
8.375360829000001672e+00 2.739233316392489215e+01
8.389497787999999900e+00 2.948897076259285299e+01
8.403634747000001681e+00 3.166608598320502921e+01
8.417771704999999827e+00 3.388946191258303031e+01
8.431908664000001608e+00 3.613388256548438449e+01
8.446045621999999753e+00 3.840292878159008438e+01
8.460182581000001534e+00 4.073916065086682181e+01
8.474319538999999679e+00 4.320589318585515315e+01
8.488456498000001460e+00 4.584431001715380916e+01
8.502593455999999605e+00 4.862702660632255203e+01
8.516730415000001386e+00 5.143963963330193678e+01
8.530867372999999532e+00 5.410458361996133192e+01
8.545004332000001313e+00 5.643788981913160541e+01
8.559141289999999458e+00 5.830868705331440083e+01
8.573278249000001239e+00 5.967304430274710114e+01
8.587415206999999384e+00 6.057488602927340082e+01
8.601552166000001165e+00 6.111302056731146592e+01
8.615689123999999310e+00 6.140110083643423167e+01
8.629826083000001091e+00 6.153870351814398987e+01
8.643963040999999237e+00 6.159719853200104467e+01
8.658100000000001017e+00 4.621187262981428034e+01
