# r_minus_2Rs_A, PMF_over_kBT
-5.728099999999995973e-01 3.476405601809005219e+01
-5.586712059999996427e-01 5.214486173633629562e+01
-5.445324119999996881e-01 6.951474876950358350e+01
-5.303936179999997336e-01 6.946523232058332553e+01
-5.162548239999997790e-01 6.931485419316061325e+01
-5.021160309999999072e-01 6.894252165378514974e+01
-4.879772369999999526e-01 6.814285953975399934e+01
-4.738384429999999981e-01 6.661770376788945214e+01
-4.596996490000000435e-01 6.401005537847758831e+01
-4.455608550000000889e-01 5.999140403087587003e+01
-4.314220610000001344e-01 5.439935417403705031e+01
-4.172832670000001798e-01 4.736352059095962375e+01
-4.031444730000002252e-01 3.934383724772122548e+01
-3.890056790000002707e-01 3.103982212057642442e+01
-3.748668850000003161e-01 2.318437454008598309e+01
-3.607280919999995561e-01 1.631509062808853372e+01
-3.465892979999996015e-01 1.064343411298895070e+01
-3.324505039999996470e-01 6.071275091760449882e+00
-3.183117099999996924e-01 2.327968166785272075e+00
-3.041729159999997378e-01 -8.604176359536577223e-01
-2.900341219999997833e-01 -3.664949528288016012e+00
-2.758953279999998287e-01 -6.142037731218959351e+00
-2.617565339999998741e-01 -8.282341219109671471e+00
-2.476177399999999196e-01 -1.007273277910358189e+01
-2.334789470000000478e-01 -1.152754266931722427e+01
-2.193401530000000932e-01 -1.268938699967779371e+01
-2.052013590000001386e-01 -1.361679959218025360e+01
-1.910625650000001841e-01 -1.436581201630588112e+01
-1.769237710000002295e-01 -1.497984480340810620e+01
-1.627849770000002749e-01 -1.548503959974401312e+01
-1.486461830000003204e-01 -1.588860919363467872e+01
-1.345073890000003658e-01 -1.619098327256100234e+01
-1.203685950000004112e-01 -1.639953574935518432e+01
-1.062298019999996512e-01 -1.652923895491289130e+01
-9.209100799999969666e-02 -1.660107449773745358e+01
-7.795221399999974210e-02 -1.663080085452066825e+01
-6.381341999999978754e-02 -1.662329810782052064e+01
-4.967462599999983297e-02 -1.658104215883107813e+01
-3.553583199999987841e-02 -1.650732673138492501e+01
-2.139703799999992384e-02 -1.640619692008028352e+01
-7.258243999999969276e-03 -1.628416888802207652e+01
6.880549999999985289e-03 -1.615012081165978941e+01
2.101934400000082803e-02 -1.601370793601016373e+01
3.515813699999981168e-02 -1.588365592414698213e+01
4.929693100000065442e-02 -1.576122519448392012e+01
6.343572499999972081e-02 -1.563817368296947663e+01
7.757451900000056355e-02 -1.550492353786262001e+01
9.171331299999962994e-02 -1.535991159637040582e+01
1.058521070000004727e-01 -1.521203074187961946e+01
1.199909009999995391e-01 -1.507162878692157193e+01
1.341296950000003818e-01 -1.493919863317129071e+01
1.482684889999994482e-01 -1.480729339408866707e+01
1.624072820000002082e-01 -1.466738440021769918e+01
1.765460759999992746e-01 -1.451878380420836123e+01
1.906848700000001173e-01 -1.437038584139972031e+01
2.048236639999991837e-01 -1.422845722008046465e+01
2.189624580000000265e-01 -1.409304752683333462e+01
2.331012520000008692e-01 -1.395856578635042311e+01
2.472400459999999356e-01 -1.381939293891314335e+01
2.613788400000007783e-01 -1.367717821135925860e+01
2.755176339999998447e-01 -1.353807418617473246e+01
2.896564270000006047e-01 -1.340597191389262477e+01
3.037952209999996711e-01 -1.327902238488642794e+01
3.179340150000005139e-01 -1.315185501479283303e+01
3.320728089999995802e-01 -1.302156792025716214e+01
3.462116030000004230e-01 -1.288818259427502966e+01
3.603503969999994894e-01 -1.275561032278470464e+01
3.744891910000003321e-01 -1.262524518408167395e+01
3.886279849999993985e-01 -1.249354824236637995e+01
4.027667790000002412e-01 -1.235745227161452320e+01
4.169055729999993076e-01 -1.221764081047440342e+01
4.310443660000000676e-01 -1.207897084434632617e+01
4.451831599999991340e-01 -1.194361655556008017e+01
4.593219539999999768e-01 -1.181180630331486370e+01
4.734607480000008195e-01 -1.167843532039356091e+01
4.875995419999998859e-01 -1.153923054850141128e+01
5.017383360000007286e-01 -1.139915100486144084e+01
5.158771299999997950e-01 -1.126350282807973713e+01
5.300159240000006378e-01 -1.113596720653189109e+01
5.441547179999997041e-01 -1.101250459454986341e+01
5.582935110000004642e-01 -1.088279302095569534e+01
5.724323049999995305e-01 -1.074235045342989636e+01
5.865710990000003733e-01 -1.059524733780718364e+01
6.007098929999994397e-01 -1.045389534930779263e+01
6.148486870000002824e-01 -1.032794241851869899e+01
6.289874809999993488e-01 -1.021489981186273610e+01
6.431262750000001915e-01 -1.010306216455978046e+01
6.572650689999992579e-01 -9.980377625787454576e+00
6.714038630000001007e-01 -9.844507642286512095e+00
6.855426560000008607e-01 -9.706361154639111533e+00
6.996814499999999271e-01 -9.578408627763707273e+00
7.138202440000007698e-01 -9.463959250856849081e+00
7.279590379999998362e-01 -9.355009014431839631e+00
7.420978320000006789e-01 -9.237964158555492133e+00
7.562366259999997453e-01 -9.106506732997289078e+00
7.703754200000005881e-01 -8.966574638576830125e+00
7.845142139999996544e-01 -8.829924918131037970e+00
7.986530080000004972e-01 -8.700832499739444614e+00
8.127918019999995636e-01 -8.576504161619020294e+00
8.269305950000003236e-01 -8.448687103243951668e+00
8.410693889999993900e-01 -8.315466697128151452e+00
8.552081830000002327e-01 -8.183981583606716015e+00
8.693469769999992991e-01 -8.061060014972326826e+00
8.834857710000001418e-01 -7.947939501451219968e+00
8.976245649999992082e-01 -7.837982335226122643e+00
9.117633590000000510e-01 -7.723719567266691399e+00
9.259021529999991174e-01 -7.604922112167724180e+00
9.400409469999999601e-01 -7.487469900785171717e+00
9.541797400000007201e-01 -7.372346545874496115e+00
9.683185339999997865e-01 -7.256939094838511295e+00
9.824573280000006292e-01 -7.135339159348436766e+00
9.965961219999996956e-01 -7.005854820448845999e+00
1.010734916000000538e+00 -6.874221924853841870e+00
1.024873709999999605e+00 -6.746913345424086828e+00
1.039012504000000447e+00 -6.627426497673841510e+00
1.053151297999999514e+00 -6.512085012351185753e+00
1.067290092000000357e+00 -6.396669840331320245e+00
1.081428884999999340e+00 -6.279134488902471389e+00
1.095567679000000183e+00 -6.161528753221119814e+00
1.109706472999999249e+00 -6.045964458514461626e+00
1.123845267000000092e+00 -5.932142350024935951e+00
1.137984060999999159e+00 -5.816064863175018473e+00
1.152122855000000001e+00 -5.692951079530509162e+00
1.166261649000000844e+00 -5.564599224274580536e+00
1.180400442999999910e+00 -5.438825585562184983e+00
1.194539237000000753e+00 -5.323453924842251439e+00
1.208678030999999820e+00 -5.219568435621098956e+00
1.222816824000000580e+00 -5.116731890073534572e+00
1.236955617999999646e+00 -4.999934030495563064e+00
1.251094412000000489e+00 -4.865217771185136542e+00
1.265233205999999555e+00 -4.722168659032746518e+00
1.279372000000000398e+00 -4.586108671425634498e+00
1.293510793999999464e+00 -4.465896336729759497e+00
1.307649588000000307e+00 -4.354883860795325745e+00
1.321788381999999373e+00 -4.238922291472491111e+00
1.335927176000000216e+00 -4.113867885116082590e+00
1.350065968999999200e+00 -3.986846765456959929e+00
1.364204763000000042e+00 -3.868668974084791046e+00
1.378343557000000885e+00 -3.762297496845725675e+00
1.392482350999999952e+00 -3.657009076369185152e+00
1.406621145000000794e+00 -3.541102923195751373e+00
1.420759938999999861e+00 -3.414345424325855305e+00
1.434898733000000703e+00 -3.286478004563306854e+00
1.449037526999999770e+00 -3.170698343289110710e+00
1.463176321000000613e+00 -3.069599356719159289e+00
1.477315114999999679e+00 -2.973236672795273705e+00
1.491453908000000439e+00 -2.869905272962199660e+00
1.505592701999999505e+00 -2.755203627164171110e+00
1.519731496000000348e+00 -2.636188097985314727e+00
1.533870289999999414e+00 -2.523700671886970781e+00
1.548009084000000257e+00 -2.422008033558995521e+00
1.562147877999999324e+00 -2.325393578341863332e+00
1.576286672000000166e+00 -2.224661470343612280e+00
1.590425465999999233e+00 -2.114671674697543580e+00
1.604564260000000075e+00 -1.999660884065484368e+00
1.618703053000000835e+00 -1.887057237513701580e+00
1.632841846999999902e+00 -1.777437660346063097e+00
1.646980641000000745e+00 -1.666087577600052327e+00
1.661119434999999811e+00 -1.548905612704132295e+00
1.675258229000000654e+00 -1.429875576988262509e+00
1.689397022999999720e+00 -1.321291277592013813e+00
1.703535817000000563e+00 -1.228506566871129024e+00
1.717674610999999629e+00 -1.141700671429472180e+00
1.731813405000000472e+00 -1.046011639911935021e+00
1.745952197999999456e+00 -9.338381309146690512e-01
1.760090992000000298e+00 -8.145899837839856161e-01
1.774229785999999365e+00 -7.066661875969124651e-01
1.788368580000000208e+00 -6.171766811096155436e-01
1.802507373999999274e+00 -5.343236522658827425e-01
1.816646168000000117e+00 -4.410791783653493781e-01
1.830784961999999183e+00 -3.318925732113697791e-01
1.844923756000000026e+00 -2.187806558203568841e-01
1.859062550000000869e+00 -1.206072826795860919e-01
1.873201343999999935e+00 -4.425520295874463272e-02
1.887340137000000695e+00 2.324469260989303621e-02
1.901478930999999761e+00 1.028752028702122345e-01
1.915617725000000604e+00 2.048587295189996382e-01
1.929756518999999670e+00 3.198158952213248085e-01
1.943895313000000513e+00 4.300107276525757527e-01
1.958034106999999580e+00 5.222221164247962122e-01
1.972172901000000422e+00 5.970049981976295328e-01
1.986311694999999489e+00 6.685820773237338699e-01
2.000450489000000331e+00 7.476951677346370673e-01
2.014589281999999315e+00 8.345804292198835128e-01
2.028728076000000158e+00 9.209012050193230436e-01
2.042866869999999224e+00 9.975996012282166703e-01
2.057005664000000067e+00 1.062227369428086377e+00
2.071144457999999133e+00 1.122875704601632663e+00
2.085283251999999976e+00 1.190785409799069328e+00
2.099422046000000819e+00 1.271315993507727171e+00
2.113560839999999885e+00 1.362067934813612879e+00
2.127699634000000728e+00 1.451899647545930705e+00
2.141838426999999712e+00 1.529393274941410752e+00
2.155977221000000554e+00 1.590950149173970374e+00
2.170116014999999621e+00 1.641518805920455293e+00
2.184254809000000463e+00 1.691196853765033481e+00
2.198393602999999530e+00 1.747352291470830821e+00
2.212532397000000373e+00 1.809616556837903900e+00
2.226671190999999439e+00 1.873895631815402751e+00
2.240809985000000282e+00 1.937321914759873920e+00
2.254948778999999348e+00 2.001104703338739910e+00
2.269087573000000191e+00 2.068165050933535198e+00
2.283226365999999175e+00 2.137517944205423959e+00
2.297365160000000017e+00 2.205593633917189322e+00
2.311503954000000860e+00 2.269895810788611357e+00
2.325642747999999926e+00 2.332700392642095721e+00
2.339781542000000769e+00 2.395745213611808921e+00
2.353920335999999836e+00 2.455989385580249262e+00
2.368059130000000678e+00 2.508638493291069693e+00
2.382197923999999745e+00 2.550775888220259802e+00
2.396336718000000587e+00 2.587920930463864622e+00
2.410475510999999571e+00 2.631126735333936040e+00
2.424614305000000414e+00 2.687529578375858819e+00
2.438753098999999480e+00 2.754401230255371757e+00
2.452891893000000323e+00 2.821880238097131510e+00
2.467030686999999389e+00 2.883667610824662830e+00
2.481169481000000232e+00 2.941186265433822555e+00
2.495308274999999298e+00 2.998907721138468929e+00
2.509447069000000141e+00 3.059203673564226733e+00
2.523585862999999208e+00 3.118583980830287317e+00
2.537724655999999968e+00 3.169717066595255872e+00
2.551863450000000810e+00 3.211489816366505323e+00
2.566002243999999877e+00 3.247273066902728544e+00
2.580141038000000719e+00 3.282908954648711131e+00
2.594279831999999786e+00 3.320888495915681915e+00
2.608418626000000629e+00 3.358592317346602130e+00
2.622557419999999695e+00 3.394356411352704939e+00
2.636696214000000538e+00 3.427156187081457972e+00
2.650835007999999604e+00 3.459787791384503208e+00
2.664973802000000447e+00 3.493524450383921121e+00
2.679112594999999430e+00 3.526268140258151718e+00
2.693251389000000273e+00 3.557815501940281067e+00
2.707390182999999340e+00 3.588475340197387453e+00
2.721528977000000182e+00 3.622355805935642437e+00
2.735667770999999249e+00 3.661550602188988535e+00
2.749806565000000091e+00 3.701717952969607595e+00
2.763945358999999158e+00 3.737691998705098939e+00
2.778084153000000001e+00 3.765502406883827646e+00
2.792222947000000843e+00 3.787173084912069498e+00
2.806361739999999827e+00 3.807848189607911493e+00
2.820500534000000670e+00 3.829075391256052896e+00
2.834639327999999736e+00 3.849717097847868530e+00
2.848778122000000579e+00 3.868719280289157680e+00
2.862916915999999645e+00 3.888852972261448215e+00
2.877055710000000488e+00 3.914712155844991770e+00
2.891194503999999554e+00 3.947438156633895190e+00
2.905333298000000397e+00 3.982231756316947369e+00
2.919472091999999463e+00 4.012447442954650612e+00
2.933610885000000223e+00 4.037372121439224415e+00
2.947749678999999290e+00 4.060584116905861407e+00
2.961888473000000133e+00 4.086117611230301705e+00
2.976027266999999199e+00 4.110428754687635688e+00
2.990166061000000042e+00 4.126829889041051302e+00
3.004304855000000885e+00 4.135232902840582980e+00
3.018443648999999951e+00 4.144557309764605790e+00
3.032582443000000794e+00 4.166289166039346625e+00
3.046721236999999860e+00 4.201748261406802243e+00
3.060860031000000703e+00 4.239224084563630868e+00
3.074998823999999686e+00 4.263173094909710414e+00
3.089137618000000529e+00 4.268327784993408258e+00
3.103276411999999596e+00 4.264755271202094633e+00
3.117415206000000438e+00 4.264990067033266996e+00
3.131553999999999505e+00 4.275095585862436209e+00
3.145692794000000347e+00 4.290979821401435856e+00
3.159831587999999414e+00 4.305360783137228253e+00
3.173970382000000257e+00 4.315681084074009632e+00
3.188109175999999323e+00 4.325482895850029763e+00
3.202247969000000083e+00 4.337920635323303742e+00
3.216386762999999149e+00 4.352732954760346828e+00
3.230525556999999992e+00 4.369675440268121491e+00
3.244664351000000835e+00 4.389065873774287141e+00
3.258803144999999901e+00 4.411634008054701184e+00
3.272941939000000744e+00 4.430697667190170108e+00
3.287080732999999810e+00 4.435681880070280414e+00
3.301219527000000653e+00 4.420625826200017983e+00
3.315358320999999719e+00 4.391522460538620720e+00
3.329497115000000562e+00 4.369051711197569077e+00
3.343635907999999546e+00 4.372877569573045520e+00
3.357774702000000389e+00 4.403693535375007073e+00
3.371913495999999455e+00 4.444047295058576097e+00
3.386052290000000298e+00 4.470526500255356694e+00
3.400191083999999364e+00 4.470408458609016478e+00
3.414329878000000207e+00 4.453471151972316022e+00
3.428468671999999273e+00 4.440834994750183284e+00
3.442607466000000116e+00 4.446289418093424928e+00
3.456746259999999182e+00 4.465008108564951783e+00
3.470885052999999942e+00 4.481398668270724528e+00
3.485023847000000785e+00 4.483526356664528478e+00
3.499162640999999851e+00 4.474136546398170822e+00
3.513301435000000694e+00 4.470143008203940838e+00
3.527440228999999761e+00 4.481789331731667048e+00
3.541579023000000603e+00 4.505701926970028026e+00
3.555717816999999670e+00 4.527918308719199203e+00
3.569856611000000512e+00 4.536753147558711063e+00
3.583995404999999579e+00 4.533961313030276941e+00
3.598134198000000339e+00 4.529686729251189092e+00
3.612272991999999405e+00 4.533548728978555431e+00
3.626411786000000248e+00 4.542993172039693661e+00
3.640550579999999314e+00 4.545090868601171508e+00
3.654689374000000157e+00 4.530345302587942768e+00
3.668828167999999224e+00 4.500484423748392970e+00
3.682966962000000066e+00 4.468241744708077334e+00
3.697105755999999133e+00 4.446745492905332497e+00
3.711244549999999975e+00 4.438553958333340432e+00
3.725383344000000818e+00 4.431846909949268110e+00
3.739522136999999802e+00 4.414589370318349637e+00
3.753660931000000645e+00 4.389728774518387056e+00
3.767799724999999711e+00 4.370246965021227226e+00
3.781938519000000554e+00 4.367323108832250611e+00
3.796077312999999620e+00 4.378454710588471244e+00
3.810216107000000463e+00 4.386979579138149177e+00
3.824354900999999529e+00 4.382463839756329804e+00
3.838493695000000372e+00 4.372426173499803781e+00
3.852632488999999438e+00 4.371992637165087459e+00
3.866771282000000198e+00 4.387056819866602453e+00
3.880910075999999265e+00 4.403366325813522053e+00
3.895048870000000107e+00 4.399810666287553573e+00
3.909187663999999174e+00 4.369396078394862215e+00
3.923326458000000017e+00 4.329026439778452584e+00
3.937465252000000859e+00 4.306298066164124805e+00
3.951604045999999926e+00 4.313733641640997263e+00
3.965742840000000768e+00 4.342028461564837016e+00
3.979881633999999835e+00 4.370655599290678595e+00
3.994020427000000595e+00 4.384601809523854143e+00
4.008159220999999661e+00 4.388238956904626065e+00
4.022298015000000504e+00 4.394635106372611233e+00
4.036436808999999570e+00 4.409217771595669078e+00
4.050575603000000413e+00 4.426503226457807472e+00
4.064714396999999479e+00 4.432110497119934323e+00
4.078853191000000322e+00 4.420236839397574613e+00
4.092991984999999389e+00 4.400812545857771596e+00
4.107130779000000231e+00 4.389873868399819301e+00
4.121269572999999298e+00 4.398314022407722845e+00
4.135408366000000058e+00 4.424791877519112404e+00
4.149547159999999124e+00 4.454475597824231414e+00
4.163685953999999967e+00 4.471906229649228237e+00
4.177824748000000810e+00 4.467799110307129951e+00
4.191963541999999876e+00 4.441626196683978733e+00
4.206102336000000719e+00 4.403334463749724037e+00
4.220241129999999785e+00 4.369101386129978337e+00
4.234379924000000628e+00 4.353219744235151012e+00
4.248518717999999694e+00 4.359015348090748532e+00
4.262657511000000454e+00 4.376324958750155147e+00
4.276796304999999521e+00 4.388082375591677575e+00
4.290935099000000363e+00 4.386844221520751930e+00
4.305073892999999430e+00 4.379942698494689424e+00
4.319212687000000273e+00 4.382825330626202387e+00
4.333351480999999339e+00 4.402103910757540817e+00
4.347490275000000182e+00 4.427894129129438028e+00
4.361629068999999248e+00 4.445197513058628758e+00
4.375767863000000091e+00 4.446338814639528181e+00
4.389906656000000851e+00 4.439372447317046166e+00
4.404045449999999917e+00 4.438541988991325127e+00
4.418184244000000760e+00 4.450020495929207343e+00
4.432323037999999826e+00 4.467177058933717859e+00
4.446461832000000669e+00 4.481820554835945103e+00
4.460600625999999735e+00 4.491635463713068432e+00
4.474739420000000578e+00 4.499770005299655651e+00
4.488878213999999645e+00 4.509184734471627820e+00
4.503017008000000487e+00 4.514908491246353961e+00
4.517155801999999554e+00 4.508753044936375076e+00
4.531294595000000314e+00 4.488222999107961186e+00
4.545433388999999380e+00 4.464713843719476216e+00
4.559572183000000223e+00 4.453176061935591790e+00
4.573710976999999289e+00 4.463648355005997104e+00
4.587849771000000132e+00 4.493818814081219415e+00
4.601988564999999198e+00 4.525969995816373270e+00
4.616127359000000041e+00 4.544787599750650386e+00
4.630266153000000884e+00 4.544902377339681721e+00
4.644404946999999950e+00 4.534425795787068836e+00
4.658543740000000710e+00 4.528043027517858476e+00
4.672682533999999777e+00 4.532364063931012765e+00
4.686821328000000619e+00 4.540854544148713146e+00
4.700960121999999686e+00 4.539952432797868198e+00
4.715098916000000528e+00 4.521789775698124458e+00
4.729237709999999595e+00 4.493857037077294336e+00
4.743376504000000438e+00 4.471354467273826572e+00
4.757515297999999504e+00 4.461135229833686822e+00
4.771654092000000347e+00 4.458548533084208287e+00
4.785792884999999330e+00 4.450760159928965010e+00
4.799931679000000173e+00 4.433740450311093539e+00
4.814070472999999240e+00 4.418037038026715990e+00
4.828209267000000082e+00 4.416827175602829669e+00
4.842348060999999149e+00 4.434013354180031286e+00
4.856486854999999991e+00 4.458959939436446973e+00
4.870625649000000834e+00 4.477816893806723542e+00
4.884764442999999901e+00 4.486431512933730659e+00
4.898903237000000743e+00 4.490929651797657129e+00
4.913042030999999810e+00 4.499543032741934567e+00
4.927180824000000570e+00 4.514077062686157049e+00
4.941319617999999636e+00 4.528007108816492376e+00
4.955458412000000479e+00 4.537430300882546064e+00
4.969597205999999545e+00 4.543809024784499329e+00
4.983736000000000388e+00 4.549872633424854484e+00
4.997874793999999454e+00 4.554547058437513840e+00
5.012013588000000297e+00 4.551411129503998509e+00
5.026152381999999363e+00 4.538178720805110089e+00
5.040291176000000206e+00 4.523141812918199278e+00
5.054429968999999190e+00 4.520957839061216177e+00
5.068568763000000033e+00 4.539372611751982589e+00
5.082707557000000875e+00 4.569783608007904618e+00
5.096846350999999942e+00 4.592307677771442442e+00
5.110985145000000784e+00 4.592424697988768401e+00
5.125123938999999851e+00 4.572784196273241619e+00
5.139262733000000694e+00 4.551594306028393433e+00
5.153401526999999760e+00 4.547345826448017547e+00
5.167540321000000603e+00 4.563011187032365967e+00
5.181679114999999669e+00 4.584579308840643463e+00
5.195817908000000429e+00 4.595485912346740420e+00
5.209956701999999495e+00 4.589798015390032404e+00
5.224095496000000338e+00 4.574492088052135585e+00
5.238234289999999405e+00 4.565034242049655688e+00
5.252373084000000247e+00 4.567708226427022566e+00
5.266511877999999314e+00 4.578771166702571449e+00
5.280650672000000156e+00 4.592845191927434456e+00
5.294789465999999223e+00 4.604154366298518042e+00
5.308928260000000066e+00 4.613066337185573573e+00
5.323067053000000826e+00 4.615834047501921944e+00
5.337205846999999892e+00 4.605643517204772053e+00
5.351344641000000735e+00 4.578266253978030775e+00
5.365483434999999801e+00 4.539937429076308817e+00
5.379622229000000644e+00 4.510345901405953484e+00
5.393761022999999710e+00 4.505341935702267264e+00
5.407899817000000553e+00 4.526978370879097824e+00
5.422038610999999619e+00 4.561815352609560392e+00
5.436177405000000462e+00 4.589617109740526502e+00
5.450316197999999446e+00 4.601611112468772191e+00
5.464454992000000288e+00 4.603731879648794489e+00
5.478593785999999355e+00 4.606750615604275012e+00
5.492732580000000198e+00 4.617371832423389222e+00
5.506871373999999264e+00 4.629782503073100131e+00
5.521010168000000107e+00 4.633287285381801013e+00
5.535148961999999173e+00 4.621197238453763845e+00
5.549287756000000016e+00 4.597657389443398301e+00
5.563426550000000859e+00 4.578108663555317648e+00
5.577565343999999925e+00 4.576990539168887651e+00
5.591704137000000685e+00 4.597512901174505728e+00
5.605842930999999751e+00 4.627060200218053865e+00
5.619981725000000594e+00 4.649199420802297311e+00
5.634120518999999661e+00 4.654211036485026654e+00
5.648259313000000503e+00 4.650557194930007299e+00
5.662398106999999570e+00 4.656196842856171969e+00
5.676536901000000412e+00 4.679037900839578157e+00
5.690675694999999479e+00 4.713551364281203249e+00
5.704814489000000322e+00 4.741829941112483127e+00
5.718953281999999305e+00 4.748276291259593052e+00
5.733092076000000148e+00 4.734498587824409910e+00
5.747230869999999214e+00 4.712661159379104348e+00
5.761369664000000057e+00 4.696360348389763573e+00
5.775508457999999123e+00 4.693685704655440105e+00
5.789647251999999966e+00 4.700661537675689061e+00
5.803786046000000809e+00 4.707394510485114481e+00
5.817924839999999875e+00 4.705953662879217347e+00
5.832063634000000718e+00 4.692620438152538043e+00
5.846202426999999702e+00 4.672987351594189320e+00
5.860341221000000544e+00 4.656586203605288077e+00
5.874480014999999611e+00 4.650832838767424704e+00
5.888618809000000454e+00 4.658178680394971849e+00
5.902757602999999520e+00 4.672527540426736792e+00
5.916896397000000363e+00 4.685432797598963361e+00
5.931035190999999429e+00 4.690986546441484606e+00
5.945173985000000272e+00 4.688974696310026502e+00
5.959312778999999338e+00 4.682711237837882123e+00
5.973451573000000181e+00 4.681313843545378717e+00
5.987590365999999165e+00 4.690147122785910838e+00
6.001729160000000007e+00 4.709334094864486175e+00
6.015867954000000850e+00 4.734359023912261932e+00
6.030006747999999916e+00 4.752612294728811193e+00
6.044145542000000759e+00 4.758688743965205248e+00
6.058284335999999826e+00 4.755370722812024553e+00
6.072423130000000668e+00 4.748355197286215912e+00
6.086561923999999735e+00 4.742037348876278813e+00
6.100700718000000577e+00 4.735461740313366974e+00
6.114839510999999561e+00 4.726064420838934410e+00
6.128978305000000404e+00 4.717953367711324120e+00
6.143117098999999470e+00 4.720987537854201221e+00
6.157255893000000313e+00 4.740769136601688416e+00
6.171394686999999379e+00 4.771176969527596512e+00
6.185533481000000222e+00 4.796954770616336461e+00
6.199672274999999289e+00 4.805988480937177343e+00
6.213811069000000131e+00 4.797253113805588498e+00
6.227949862999999198e+00 4.778497135070743695e+00
6.242088655999999958e+00 4.759251588704827896e+00
6.256227450000000800e+00 4.744975248633148013e+00
6.270366243999999867e+00 4.733091409091914059e+00
6.284505038000000710e+00 4.723058202082755841e+00
6.298643831999999776e+00 4.715844151138353979e+00
6.312782626000000619e+00 4.710522232395648601e+00
6.326921419999999685e+00 4.709923794560726407e+00
6.341060214000000528e+00 4.714845729876602221e+00
6.355199007999999594e+00 4.723834299929741576e+00
6.369337802000000437e+00 4.735181150131442251e+00
6.383476594999999421e+00 4.744474937241571766e+00
6.397615389000000263e+00 4.746596190232002854e+00
6.411754182999999330e+00 4.739960499353690793e+00
6.425892977000000172e+00 4.726955014236018826e+00
6.440031770999999239e+00 4.711075590234122146e+00
6.454170565000000082e+00 4.696340851436517028e+00
6.468309358999999148e+00 4.686554719985183581e+00
6.482448152999999991e+00 4.684583628011093737e+00
6.496586947000000833e+00 4.690469472115925242e+00
6.510725739999999817e+00 4.699715387346477868e+00
6.524864534000000660e+00 4.706187131929985057e+00
6.539003327999999726e+00 4.706478479889302236e+00
6.553142122000000569e+00 4.703669214625776362e+00
6.567280915999999635e+00 4.706053412686864945e+00
6.581419710000000478e+00 4.717567534192195211e+00
6.595558503999999544e+00 4.734159831186193657e+00
6.609697298000000387e+00 4.746279403444615852e+00
6.623836091999999454e+00 4.748931239730708853e+00
6.637974885000000214e+00 4.746606162736499712e+00
6.652113678999999280e+00 4.750011919948029515e+00
6.666252473000000123e+00 4.768129236582803188e+00
6.680391266999999189e+00 4.799330477559486496e+00
6.694530061000000032e+00 4.831044448040579198e+00
6.708668855000000875e+00 4.848598346115672086e+00
6.722807648999999941e+00 4.845200350831772695e+00
6.736946443000000784e+00 4.827326245419184758e+00
6.751085236999999850e+00 4.811111563097984600e+00
6.765224031000000693e+00 4.809922993495835186e+00
6.779362823999999677e+00 4.824531899846343563e+00
6.793501618000000519e+00 4.843840170177847071e+00
6.807640411999999586e+00 4.855832053798943448e+00
6.821779206000000428e+00 4.858051392945242242e+00
6.835917999999999495e+00 4.857783207839188933e+00
6.850056794000000338e+00 4.862626529694882294e+00
6.864195587999999404e+00 4.871998016490685757e+00
6.878334382000000247e+00 4.874654824582194124e+00
6.892473175999999313e+00 4.860820264475158581e+00
6.906611969000000073e+00 4.833837245442310859e+00
6.920750762999999139e+00 4.805737108325960349e+00
6.934889556999999982e+00 4.789851033313512474e+00
6.949028351000000825e+00 4.789282623519454773e+00
6.963167144999999891e+00 4.793373148433111908e+00
6.977305939000000734e+00 4.791161936277433142e+00
6.991444732999999800e+00 4.780719683007724541e+00
7.005583527000000643e+00 4.771036174892323345e+00
7.019722320999999710e+00 4.769713119802956314e+00
7.033861115000000552e+00 4.775936919762202137e+00
7.047999907999999536e+00 4.782371929430317081e+00
7.062138702000000379e+00 4.781826338908773621e+00
7.076277495999999445e+00 4.775703803773543754e+00
7.090416290000000288e+00 4.773199159301910299e+00
7.104555083999999354e+00 4.780304748437307794e+00
7.118693878000000197e+00 4.794805402534258576e+00
7.132832671999999263e+00 4.808030809712253273e+00
7.146971466000000106e+00 4.813168774210609513e+00
7.161110259999999172e+00 4.809505179581385903e+00
7.175249052999999932e+00 4.800142529433427896e+00
7.189387847000000775e+00 4.790936698946419270e+00
7.203526640999999842e+00 4.785832563936146755e+00
7.217665435000000684e+00 4.787561308306825580e+00
7.231804228999999751e+00 4.797388357500672385e+00
7.245943023000000593e+00 4.814923764403264528e+00
7.260081816999999660e+00 4.835193625439645260e+00
7.274220611000000503e+00 4.854977874767909540e+00
7.288359404999999569e+00 4.872466677794919931e+00
7.302498198000000329e+00 4.886961104177657944e+00
7.316636991999999395e+00 4.899225831596117686e+00
7.330775786000000238e+00 4.905235104818299163e+00
7.344914579999999305e+00 4.903439117668417779e+00
7.359053374000000147e+00 4.895297156799827576e+00
7.373192167999999214e+00 4.887273309212506689e+00
7.387330962000000056e+00 4.886858941575216164e+00
7.401469755999999123e+00 4.896715101515862756e+00
7.415608549999999966e+00 4.915406670202168371e+00
7.429747344000000808e+00 4.938301001019002712e+00
7.443886136999999792e+00 4.962276666762358346e+00
7.458024931000000635e+00 4.986153139864748951e+00
7.472163724999999701e+00 5.007704874040578957e+00
7.486302519000000544e+00 5.023269303673362884e+00
7.500441312999999610e+00 5.028667241783137953e+00
7.514580107000000453e+00 5.024183680446256517e+00
7.528718900999999519e+00 5.015796743666216528e+00
7.542857695000000362e+00 5.011927132535015872e+00
7.556996488999999428e+00 5.020812634233296379e+00
7.571135282000000188e+00 5.040805860191275301e+00
7.585274075999999255e+00 5.065562064702053391e+00
7.599412870000000098e+00 5.086258341405397232e+00
7.613551663999999164e+00 5.096194542997299237e+00
7.627690458000000007e+00 5.099745662101383914e+00
7.641829252000000849e+00 5.105450473945982282e+00
7.655968045999999916e+00 5.122836287299755043e+00
7.670106840000000759e+00 5.153268227052372197e+00
7.684245633999999825e+00 5.188509617085912851e+00
7.698384427000000585e+00 5.214676274241448084e+00
7.712523220999999651e+00 5.219202184997639549e+00
7.726662015000000494e+00 5.203244155502673607e+00
7.740800808999999560e+00 5.177445705799659237e+00
7.754939603000000403e+00 5.157817321343992845e+00
7.769078396999999470e+00 5.158501074389334917e+00
7.783217191000000312e+00 5.180539692987975897e+00
7.797355984999999379e+00 5.210758565829621602e+00
7.811494779000000221e+00 5.232269509660739004e+00
7.825633572999999288e+00 5.235772072801417210e+00
7.839772366000000048e+00 5.225394012659483778e+00
7.853911159999999114e+00 5.216716204990602179e+00
7.868049953999999957e+00 5.221871619413782639e+00
7.882188748000000800e+00 5.234731460410698034e+00
7.896327541999999866e+00 5.238711117876157175e+00
7.910466336000000709e+00 5.225541733987080661e+00
7.924605129999999775e+00 5.207452538654791852e+00
7.938743924000000618e+00 5.209700664041189810e+00
7.952882717999999684e+00 5.246210973882295292e+00
7.967021511000000444e+00 5.304160085517720447e+00
7.981160304999999511e+00 5.352052506893482331e+00
7.995299099000000353e+00 5.373891823690147618e+00
8.009437893000001196e+00 5.388217945160608480e+00
8.023576686999998486e+00 5.437921097907119972e+00
8.037715480999999329e+00 5.561932856620492416e+00
8.051854275000000172e+00 5.772757734048754585e+00
8.065993069000001015e+00 6.061997259384288128e+00
8.080131862999998305e+00 6.420130287587626938e+00
8.094270655999999065e+00 6.851020511416189507e+00
8.108409449999999907e+00 7.364715654234270659e+00
8.122548244000000750e+00 7.963599982947402012e+00
8.136687038000001593e+00 8.640676766097943329e+00
8.150825831999998883e+00 9.385187936029954159e+00
8.164964625999999726e+00 1.019373686672440726e+01
8.179103420000000568e+00 1.107331647441327149e+01
8.193242214000001411e+00 1.203300935854730191e+01
8.207381007999998701e+00 1.307845185115087006e+01
8.221519801999999544e+00 1.420861657679122025e+01
8.235658595000000304e+00 1.541974050750961389e+01
8.249797389000001147e+00 1.670681887369663698e+01
8.263936182999998437e+00 1.806556606057467818e+01
8.278074976999999279e+00 1.949510006339003354e+01
8.292213771000000122e+00 2.100059529248179047e+01
8.306352565000000965e+00 2.259248700272917176e+01
8.320491358999998255e+00 2.428023840255294630e+01
8.334630152999999098e+00 2.606787757068967437e+01
8.348768946999999940e+00 2.794614815487086190e+01
8.362907740000000700e+00 2.989749791030173753e+01
8.377046534000001543e+00 3.190669339569863183e+01
8.391185327999998833e+00 3.397114200848083954e+01
8.405324121999999676e+00 3.609999038318830600e+01
8.419462916000000519e+00 3.830319502848674063e+01
8.433601710000001361e+00 4.057988915467869617e+01
8.447740503999998651e+00 4.291192416818914523e+01
8.461879297999999494e+00 4.527946514479134521e+01
8.476018092000000337e+00 4.768316938764098012e+01
8.490156885000001097e+00 5.015707386188336159e+01
8.504295678999998387e+00 5.275567651617534182e+01
8.518434472999999230e+00 5.551259462594144622e+01
8.532573267000000072e+00 5.839398403953327232e+01
8.546712061000000915e+00 6.127694435846110821e+01
8.560850855000001758e+00 6.397440322748498431e+01
8.574989648999999048e+00 6.629734464264882376e+01
8.589128442999999891e+00 6.811917922611918641e+01
8.603267237000000733e+00 6.941266048554017232e+01
8.617406031000001576e+00 7.024127186464848194e+01
8.631544823999998783e+00 7.071847539562173779e+01
8.645683617999999626e+00 7.096527096124637524e+01
8.659822412000000469e+00 7.107868993785089629e+01
8.673961206000001312e+00 7.112495129791663828e+01
8.688099999999998602e+00 5.335426539671357204e+01
