# r_minus_2Rs_A, PMF_over_kBT
-1.975000000000000089e+00 nan
-1.925000000000000044e+00 nan
-1.875000000000000000e+00 nan
-1.824999999999999956e+00 nan
-1.774999999999999911e+00 nan
-1.725000000000000089e+00 nan
-1.674999999999999822e+00 nan
-1.625000000000000000e+00 nan
-1.574999999999999956e+00 nan
-1.524999999999999911e+00 nan
-1.475000000000000089e+00 nan
-1.424999999999999822e+00 nan
-1.375000000000000000e+00 nan
-1.324999999999999956e+00 nan
-1.274999999999999911e+00 nan
-1.225000000000000089e+00 nan
-1.174999999999999822e+00 nan
-1.125000000000000000e+00 nan
-1.074999999999999956e+00 nan
-1.024999999999999911e+00 nan
-9.750000000000000888e-01 nan
-9.249999999999998224e-01 nan
-8.750000000000000000e-01 nan
-8.249999999999997335e-01 nan
-7.749999999999999112e-01 nan
-7.250000000000000888e-01 nan
-6.749999999999998224e-01 nan
-6.250000000000000000e-01 nan
-5.749999999999997335e-01 nan
-5.249999999999999112e-01 nan
-4.750000000000000888e-01 nan
-4.249999999999998224e-01 nan
-3.750000000000000000e-01 nan
-3.249999999999997335e-01 nan
-2.749999999999999112e-01 nan
-2.250000000000000888e-01 1.664068692330960664e+00
-1.749999999999998224e-01 -1.696367292506980817e+00
-1.250000000000000000e-01 -3.548760024998532714e+00
-7.499999999999973355e-02 -4.397673273048310350e+00
-2.499999999999991118e-02 -4.624022541564327682e+00
2.500000000000035527e-02 -4.508466936964221183e+00
7.500000000000017764e-02 -4.296358834355396894e+00
1.250000000000000000e-01 -4.077637438465489872e+00
1.749999999999998224e-01 -3.848013163185572960e+00
2.250000000000000888e-01 -3.618916066036091284e+00
2.750000000000003553e-01 -3.395172517779201371e+00
3.250000000000001776e-01 -3.177790668795013040e+00
3.750000000000000000e-01 -2.981378152519791769e+00
4.250000000000002665e-01 -2.794364487743857595e+00
4.750000000000000888e-01 -2.613514548861259001e+00
5.250000000000003553e-01 -2.434970905372651817e+00
5.750000000000001776e-01 -2.264225293741310985e+00
6.250000000000000000e-01 -2.091058517449278398e+00
6.750000000000002665e-01 -1.949539236817667387e+00
7.250000000000000888e-01 -1.836298998153246487e+00
7.750000000000003553e-01 -1.696814458299112705e+00
8.250000000000001776e-01 -1.577319031624108359e+00
8.750000000000000000e-01 -1.454056446654437451e+00
9.250000000000002665e-01 -1.338820586547270430e+00
9.750000000000000888e-01 -1.257856845046532168e+00
1.025000000000000355e+00 -1.161156327805427324e+00
1.075000000000000178e+00 -1.051875336284556095e+00
1.125000000000000000e+00 -9.313605070156807386e-01
1.175000000000000266e+00 -8.614353964124905616e-01
1.225000000000000089e+00 -7.720470463054245336e-01
1.275000000000000355e+00 -6.432425777392523081e-01
1.325000000000000178e+00 -5.462913411022261023e-01
1.375000000000000000e+00 -5.449871956738912004e-01
1.425000000000000266e+00 -5.059216980661731533e-01
1.475000000000000089e+00 -4.042862275053127341e-01
1.525000000000000355e+00 -3.716836492047113083e-01
1.575000000000000178e+00 -3.099021797795806776e-01
1.625000000000000000e+00 -3.153363829591997458e-01
1.675000000000000266e+00 -3.434686448226358380e-01
1.725000000000000089e+00 -3.135562246028738009e-01
1.775000000000000355e+00 -2.499350337639949515e-01
1.825000000000000178e+00 -1.711645102140681995e-01
1.875000000000000000e+00 -1.890142885959915642e-01
1.925000000000000266e+00 -1.691829295662932164e-01
1.975000000000000089e+00 -1.428073276855894580e-01
2.025000000000000355e+00 -1.511544549929719761e-01
2.075000000000000178e+00 -1.208935606065895119e-01
2.125000000000000000e+00 -1.286220202241761257e-01
2.175000000000000711e+00 -9.057838147246011218e-02
2.224999999999999645e+00 -6.314109214952368099e-02
2.275000000000000355e+00 -7.632567709137960676e-02
2.325000000000000178e+00 -3.513759169065444610e-02
2.375000000000000000e+00 -6.214243445090694706e-04
2.425000000000000711e+00 -1.862031103516725850e-02
2.474999999999999645e+00 -4.254623021681003259e-02
2.525000000000000355e+00 -2.518259401495681615e-02
2.575000000000000178e+00 -1.819897725224928209e-02
2.625000000000000000e+00 -6.134680754418719850e-02
2.675000000000000711e+00 -1.892155374509574273e-02
2.724999999999999645e+00 5.523032878032529958e-02
2.775000000000000355e+00 3.486756336448615379e-02
2.825000000000001066e+00 1.331393939833191986e-02
2.875000000000000000e+00 2.806073991575375182e-02
2.925000000000000711e+00 -9.007208640565700364e-05
2.974999999999999645e+00 -5.163249071899733700e-02
3.025000000000000355e+00 -3.687912518091152059e-02
3.075000000000001066e+00 -1.633421999402351332e-02
3.125000000000000000e+00 -2.568848575070714624e-02
3.175000000000000711e+00 -3.739695299081469138e-02
3.224999999999999645e+00 -2.985266860204238704e-02
3.275000000000000355e+00 1.346978808538379369e-02
3.325000000000001066e+00 1.496642367340661472e-02
3.375000000000000000e+00 -1.523555279464750001e-02
3.425000000000000711e+00 -1.578548228493015237e-02
3.474999999999999645e+00 6.116310896305376943e-03
3.525000000000000355e+00 1.815621097160913244e-02
3.575000000000001066e+00 -8.118872887506123348e-03
3.625000000000000000e+00 -1.218704410248228065e-02
3.675000000000000711e+00 2.397153283328279372e-02
3.724999999999999645e+00 2.310174227925543278e-02
3.775000000000000355e+00 1.638406174902518053e-02
3.825000000000001066e+00 -8.651836785991129375e-04
3.875000000000000000e+00 -3.247300816392240108e-03
3.925000000000000711e+00 1.620029555208013505e-02
3.974999999999999645e+00 8.466966023411570674e-03
4.025000000000000355e+00 1.224086075194041889e-02
4.075000000000001066e+00 1.370031988557562919e-02
4.125000000000000000e+00 8.368532103935955035e-03
4.175000000000000711e+00 3.220721309484342321e-02
4.224999999999999645e+00 2.708419470092060521e-02
4.275000000000000355e+00 -7.208276972439975339e-03
4.325000000000001066e+00 -2.024871647838377697e-03
4.375000000000000000e+00 2.786900588548135715e-03
4.425000000000000711e+00 5.024054894660068271e-04
4.474999999999999645e+00 -1.397465820169574435e-02
4.525000000000000355e+00 -3.187609977543881534e-02
4.575000000000001066e+00 -1.576156060141920001e-02
4.625000000000000000e+00 -2.468660668399680347e-03
4.675000000000000711e+00 -2.149675819075325123e-03
4.724999999999999645e+00 -3.353271164601823173e-03
4.775000000000000355e+00 -1.132503737800671928e-02
4.825000000000001066e+00 -3.187302170110317689e-03
4.875000000000000000e+00 2.032777037796407171e-02
4.925000000000000711e+00 1.657212777286987127e-02
4.974999999999999645e+00 -1.860299497429585003e-02
5.025000000000000355e+00 -2.395755722813985855e-02
5.075000000000001066e+00 -8.032739842210645520e-03
5.125000000000000000e+00 -1.251746031037526130e-02
5.175000000000000711e+00 -4.538801443697337845e-03
5.224999999999999645e+00 -8.866758125068097129e-03
5.275000000000000355e+00 -1.082694522637184242e-02
5.325000000000001066e+00 1.405523937014008240e-02
5.375000000000000000e+00 -3.064387696226189561e-02
5.425000000000000711e+00 -5.067912136160690473e-02
5.474999999999999645e+00 5.194968505727981523e-03
5.525000000000000355e+00 7.269767253324621592e-03
5.575000000000001066e+00 -8.995798527828169355e-03
5.625000000000000000e+00 -7.710039465621987276e-03
5.675000000000000711e+00 -2.917046936847245142e-02
5.724999999999999645e+00 -2.128391764775305894e-02
5.775000000000000355e+00 -8.062631439743173090e-03
5.825000000000001066e+00 -8.385256746436198227e-03
5.875000000000000000e+00 6.054638233578879536e-03
5.925000000000000711e+00 3.753417576102258124e-03
5.974999999999999645e+00 -2.662541412086660841e-03
6.025000000000000355e+00 5.605536772326225048e-04
6.074999999999999289e+00 4.031539196097444488e-03
6.125000000000000000e+00 -5.512123115702260989e-03
6.175000000000000711e+00 -1.675011805167758716e-02
6.225000000000001421e+00 -2.747674398747124158e-03
6.275000000000000355e+00 -1.044019078867552963e-02
6.324999999999999289e+00 -2.714572806048920484e-02
6.375000000000000000e+00 -1.494184296703782167e-03
6.425000000000000711e+00 1.140361678316992311e-02
6.475000000000001421e+00 5.858681346910810106e-04
6.525000000000000355e+00 -1.537196304870480645e-04
6.574999999999999289e+00 1.608005380514954119e-02
6.625000000000000000e+00 2.216569453435868198e-02
6.675000000000000711e+00 8.232409443125643378e-03
6.725000000000001421e+00 -1.826688236789730801e-02
6.775000000000000355e+00 -4.310568238585998913e-03
6.824999999999999289e+00 1.095485849256072619e-02
6.875000000000000000e+00 -2.165490864500507762e-02
6.925000000000000711e+00 -1.146503251575370363e-02
6.975000000000001421e+00 1.047453173237089530e-02
7.025000000000000355e+00 3.279001871165920790e-04
7.074999999999999289e+00 -1.972934424881755966e-02
7.125000000000000000e+00 -1.628743093102680284e-02
7.175000000000000711e+00 2.123858549696766573e-03
7.225000000000001421e+00 -6.104411376910423570e-04
7.275000000000000355e+00 -8.294578442681999064e-03
7.324999999999999289e+00 -1.845270394320808194e-03
7.375000000000000000e+00 2.801212972445354943e-02
7.425000000000000711e+00 1.652898155614757059e-03
7.475000000000001421e+00 -2.567538925990220378e-02
7.525000000000000355e+00 -3.143502028362110678e-03
7.575000000000001066e+00 -1.726396901526960903e-02
7.625000000000000000e+00 -3.451757376875974614e-03
7.675000000000000711e+00 4.077707941896102639e-03
7.725000000000001421e+00 -1.811366715430717811e-02
7.775000000000000355e+00 -1.315002195353276448e-02
7.825000000000001066e+00 1.957007360621032532e-02
7.875000000000000000e+00 1.139439535827468930e-02
7.925000000000000711e+00 1.146851935146964152e-03
7.975000000000001421e+00 -3.727269808162514408e-04
8.025000000000000355e+00 -1.043340454546526352e-02
8.075000000000001066e+00 -1.389730614966988576e-02
8.125000000000000000e+00 -3.170156440788596264e-02
8.175000000000000711e+00 -1.988069411428372568e-02
8.225000000000001421e+00 -2.285478474624458300e-03
8.275000000000000355e+00 -4.217860698661368701e-03
8.325000000000001066e+00 -1.383857047902870008e-02
8.375000000000000000e+00 2.230460878989592999e-03
8.425000000000000711e+00 4.394624802136259945e-03
8.475000000000001421e+00 -2.656533653218695612e-02
8.525000000000000355e+00 -1.126708600462955623e-02
8.575000000000001066e+00 2.282180995927363121e-02
8.625000000000000000e+00 1.446297528781226305e-02
8.675000000000000711e+00 2.854334448275652747e-03
8.725000000000001421e+00 2.066401589179367448e-03
8.775000000000000355e+00 -7.347094007230436929e-03
8.825000000000001066e+00 -1.601967469035514569e-03
8.875000000000000000e+00 -9.175910563892442084e-03
8.925000000000000711e+00 -1.592655116139152227e-03
8.975000000000001421e+00 6.866555568135757071e-03
9.025000000000000355e+00 -6.622881347236653227e-03
9.075000000000001066e+00 4.811530673948238856e-03
9.125000000000000000e+00 6.344946013695951237e-03
9.175000000000000711e+00 1.856591905277316101e-03
9.225000000000001421e+00 5.324173981115398746e-03
9.275000000000000355e+00 1.736344383425647564e-02
9.325000000000001066e+00 2.923978381300584850e-02
9.375000000000000000e+00 1.734218516220353834e-02
9.425000000000000711e+00 4.799343219632490332e-04
9.475000000000001421e+00 -1.394956657436274838e-03
9.525000000000000355e+00 1.453481407103596190e-02
9.575000000000001066e+00 2.282707838672060063e-02
9.625000000000000000e+00 6.593370025267164536e-03
9.675000000000000711e+00 3.043063407702550904e-03
9.725000000000001421e+00 1.972012467334338659e-02
9.775000000000000355e+00 3.810023923364047604e-02
9.825000000000001066e+00 2.938657757304152796e-02
9.875000000000000000e+00 1.612785827288942819e-02
9.925000000000000711e+00 1.211231585523098175e-02
9.975000000000001421e+00 7.955229866183799459e-03
1.002500000000000036e+01 5.583641811751860473e-03
1.007500000000000107e+01 6.686601300423644645e-03
1.012500000000000000e+01 2.742662366589376788e-03
1.017500000000000071e+01 -2.445944325307758405e-03
1.022500000000000142e+01 9.599133181070751419e-04
1.027500000000000036e+01 -2.718356681799871666e-03
1.032500000000000107e+01 1.005014551486160812e-03
1.037500000000000000e+01 1.586031336642035328e-02
1.042500000000000071e+01 2.078941053754190804e-02
1.047500000000000142e+01 2.507164486512891699e-03
1.052500000000000036e+01 -3.964127751529433752e-03
1.057500000000000107e+01 9.740451711546249669e-03
1.062500000000000000e+01 2.031572625964650491e-02
1.067500000000000071e+01 3.194107713078375710e-02
1.072500000000000142e+01 3.568396956067854120e-02
1.077500000000000036e+01 3.929554241610166976e-02
1.082500000000000107e+01 4.875610441233702019e-02
1.087500000000000000e+01 5.590320984579766339e-02
1.092500000000000071e+01 6.182018922196852451e-02
1.097500000000000142e+01 9.226568314197747256e-02
1.102500000000000036e+01 1.066432514249695540e-01
1.107500000000000107e+01 1.001315118540895277e-01
1.112500000000000000e+01 1.122025739710972303e-01
1.117500000000000071e+01 1.337843570529078097e-01
1.122500000000000142e+01 1.399327950173696600e-01
1.127500000000000036e+01 1.399617947261329043e-01
1.132500000000000107e+01 1.665694306453848750e-01
1.137500000000000000e+01 1.934123175131401418e-01
1.142500000000000071e+01 1.932395549221530562e-01
1.147500000000000142e+01 2.005724014038170466e-01
1.152500000000000036e+01 2.256363622295149973e-01
1.157500000000000107e+01 2.266928823852079056e-01
1.162500000000000000e+01 2.262567393930348114e-01
1.167500000000000071e+01 2.544033299135080028e-01
1.172500000000000142e+01 2.810352151279320587e-01
1.177500000000000036e+01 3.011362286144967371e-01
1.182500000000000107e+01 3.286166467239617361e-01
1.187500000000000000e+01 3.532950221539294944e-01
1.192500000000000071e+01 3.482718715160506573e-01
1.197500000000000142e+01 3.524190798905133537e-01
1.202500000000000036e+01 4.414735291689166896e-01
1.207500000000000107e+01 9.622803115610607527e-01
1.212500000000000000e+01 2.297907364523517515e+00
1.217500000000000071e+01 4.436326971239522798e+00
1.222500000000000142e+01 nan
1.227500000000000036e+01 nan
1.232500000000000107e+01 nan
1.237500000000000000e+01 nan
1.242500000000000071e+01 nan
1.247500000000000142e+01 nan
1.252500000000000036e+01 nan
1.257500000000000107e+01 nan
1.262500000000000000e+01 nan
1.267500000000000071e+01 nan
1.272500000000000142e+01 nan
1.277500000000000036e+01 nan
1.282500000000000107e+01 nan
1.287500000000000000e+01 nan
1.292500000000000071e+01 nan
1.297500000000000142e+01 nan
1.302500000000000036e+01 nan
1.307500000000000107e+01 nan
1.312500000000000000e+01 nan
1.317500000000000071e+01 nan
1.322500000000000142e+01 nan
1.327500000000000036e+01 nan
1.332500000000000107e+01 nan
1.337500000000000000e+01 nan
1.342500000000000071e+01 nan
1.347500000000000142e+01 nan
1.352500000000000036e+01 nan
1.357500000000000107e+01 nan
1.362500000000000000e+01 nan
1.367500000000000071e+01 nan
1.372500000000000142e+01 nan
1.377500000000000036e+01 nan
1.382500000000000107e+01 nan
1.387500000000000000e+01 nan
1.392500000000000071e+01 nan
1.397500000000000142e+01 nan
1.402499999999999858e+01 nan
1.407500000000000284e+01 nan
1.412500000000000000e+01 nan
1.417500000000000071e+01 nan
1.422500000000000142e+01 nan
1.427499999999999858e+01 nan
1.432500000000000284e+01 nan
1.437500000000000000e+01 nan
1.442500000000000071e+01 nan
1.447500000000000142e+01 nan
1.452499999999999858e+01 nan
1.457500000000000284e+01 nan
1.462500000000000000e+01 nan
1.467500000000000071e+01 nan
1.472500000000000142e+01 nan
1.477499999999999858e+01 nan
1.482500000000000284e+01 nan
1.487500000000000000e+01 nan
1.492500000000000071e+01 nan
1.497500000000000142e+01 nan
1.502499999999999858e+01 nan
1.507500000000000284e+01 nan
1.512500000000000000e+01 nan
1.517500000000000071e+01 nan
1.522500000000000142e+01 nan
1.527499999999999858e+01 nan
1.532500000000000284e+01 nan
1.537500000000000000e+01 nan
1.542500000000000071e+01 nan
1.547500000000000142e+01 nan
1.552499999999999858e+01 nan
1.557500000000000284e+01 nan
1.562500000000000000e+01 nan
1.567500000000000071e+01 nan
1.572500000000000142e+01 nan
1.577499999999999858e+01 nan
1.582500000000000284e+01 nan
1.587500000000000000e+01 nan
1.592500000000000071e+01 nan
1.597500000000000142e+01 nan
1.602499999999999858e+01 nan
1.607500000000000284e+01 nan
1.612500000000000000e+01 nan
1.617500000000000071e+01 nan
1.622500000000000142e+01 nan
1.627499999999999858e+01 nan
1.632500000000000284e+01 nan
1.637500000000000000e+01 nan
1.642500000000000071e+01 nan
1.647500000000000142e+01 nan
1.652499999999999858e+01 nan
1.657500000000000284e+01 nan
1.662500000000000000e+01 nan
1.667500000000000071e+01 nan
1.672500000000000142e+01 nan
1.677499999999999858e+01 nan
1.682500000000000284e+01 nan
1.687500000000000000e+01 nan
1.692500000000000071e+01 nan
1.697500000000000142e+01 nan
1.702499999999999858e+01 nan
1.707500000000000284e+01 nan
1.712500000000000000e+01 nan
1.717500000000000426e+01 nan
1.722500000000000142e+01 nan
1.727499999999999858e+01 nan
1.732500000000000284e+01 nan
1.737500000000000000e+01 nan
1.742500000000000426e+01 nan
1.747500000000000142e+01 nan
1.752499999999999858e+01 nan
1.757500000000000284e+01 nan
1.762500000000000000e+01 nan
1.767500000000000426e+01 nan
1.772500000000000142e+01 nan
1.777499999999999858e+01 nan
1.782500000000000284e+01 nan
1.787500000000000000e+01 nan
1.792500000000000426e+01 nan
1.797500000000000142e+01 nan
