# r_minus_2Rs_A, PMF_over_kBT
-5.285799999999998278e-01 2.337914838268604356e+01
-5.144421160000001159e-01 3.506920863294666901e+01
-5.003042330000000426e-01 4.674954292853072957e+01
-4.861663489999998866e-01 4.670774084154877670e+01
-4.720284650000001747e-01 4.657813331693017744e+01
-4.578905810000000187e-01 4.626124225686520219e+01
-4.437526979999999455e-01 4.559634911267720980e+01
-4.296148139999997895e-01 4.436147264358878317e+01
-4.154769300000000776e-01 4.230851739533883205e+01
-4.013390470000000043e-01 3.923727083433661278e+01
-3.872011629999998483e-01 3.509320924428760691e+01
-3.730632790000001364e-01 3.004092587357588684e+01
-3.589253949999999804e-01 2.446616509646042914e+01
-3.447875119999999072e-01 1.888157170085460734e+01
-3.306496280000001953e-01 1.377129440031138685e+01
-3.165117440000000393e-01 9.446111982128069684e+00
-3.023738599999998833e-01 5.979793078357667824e+00
-2.882359769999998100e-01 3.251393384875674641e+00
-2.740980930000000981e-01 1.052238739168290138e+00
-2.599602089999999421e-01 -8.050413126668694019e-01
-2.458223259999998689e-01 -2.431011780186208782e+00
-2.316844420000001570e-01 -3.861664130012732343e+00
-2.175465580000000010e-01 -5.094586543324675532e+00
-2.034086739999998450e-01 -6.123206460791081440e+00
-1.892707910000002158e-01 -6.955160926413014977e+00
-1.751329070000000598e-01 -7.614871487805169537e+00
-1.609950229999999038e-01 -8.135432484680324094e+00
-1.468571399999998306e-01 -8.550757289584932863e+00
-1.327192560000001187e-01 -8.887545653489084430e+00
-1.185813719999999627e-01 -9.159985817164598032e+00
-1.044434879999998067e-01 -9.368454535799044081e+00
-9.030560500000017754e-02 -9.507570261228112329e+00
-7.616772100000002155e-02 -9.574355068350760334e+00
-6.202983699999986555e-02 -9.576869050262182270e+00
-4.789195300000015365e-02 -9.536788001770670320e+00
-3.375407000000008040e-02 -9.479964154857817960e+00
-1.961618599999992441e-02 -9.425030113805677345e+00
-5.478302000000212502e-03 -9.374336757553251687e+00
8.659580999999860751e-03 -9.315855440458506109e+00
2.279746500000001674e-02 -9.238022765605572673e+00
3.693534900000017274e-02 -9.139929327822208904e+00
5.107323300000032873e-02 -9.033708826359017507e+00
6.521111600000040198e-02 -8.933116622288284958e+00
7.934899999999966980e-02 -8.839976994602483984e+00
9.348688399999982579e-02 -8.745791771925789604e+00
1.076247669999998990e-01 -8.641105442323652852e+00
1.217626510000000550e-01 -8.526362995627113861e+00
1.359005350000002110e-01 -8.413084281304316292e+00
1.500384190000003670e-01 -8.315217730817158426e+00
1.641763020000004403e-01 -8.237942721151847891e+00
1.783141859999997081e-01 -8.176895049307645991e+00
1.924520699999998641e-01 -8.119705162717933078e+00
2.065899529999999373e-01 -8.051772744880535626e+00
2.207278370000000933e-01 -7.964742505409272866e+00
2.348657210000002493e-01 -7.860467135339169076e+00
2.490036050000004053e-01 -7.752665024644137759e+00
2.631414879999995904e-01 -7.657864969640817421e+00
2.772793719999997464e-01 -7.580360574254243033e+00
2.914172559999999024e-01 -7.508833448064359928e+00
3.055551400000000584e-01 -7.425861244994912624e+00
3.196930230000001316e-01 -7.323823990073307755e+00
3.338309070000002876e-01 -7.214726122955740450e+00
3.479687910000004436e-01 -7.116803951573427156e+00
3.621066739999996287e-01 -7.038399295202969697e+00
3.762445579999997847e-01 -6.970746481269882722e+00
3.903824419999999407e-01 -6.897368191642343049e+00
4.045203260000000967e-01 -6.812800678857707126e+00
4.186582090000001699e-01 -6.726674569013251670e+00
4.327960930000003259e-01 -6.651820928196748639e+00
4.469339769999995937e-01 -6.587843852906230424e+00
4.610718599999996670e-01 -6.519662744745435390e+00
4.752097439999998230e-01 -6.428350130439582699e+00
4.893476279999999790e-01 -6.309586039109092326e+00
5.034855120000001349e-01 -6.176953621398590499e+00
5.176233950000002082e-01 -6.051809084949915984e+00
5.317612790000003642e-01 -5.947796255028164225e+00
5.458991629999996320e-01 -5.862838577089101832e+00
5.600370469999997880e-01 -5.784886327085992264e+00
5.741749299999998613e-01 -5.704795588556265784e+00
5.883128140000000172e-01 -5.625790638087311279e+00
6.024506980000001732e-01 -5.560045551218868454e+00
6.165885810000002465e-01 -5.516953349736843037e+00
6.307264650000004025e-01 -5.489747115862217086e+00
6.448643489999996703e-01 -5.456261791800672611e+00
6.590022329999998263e-01 -5.393309400483154548e+00
6.731401159999998995e-01 -5.297977126524825664e+00
6.872780000000000555e-01 -5.190806826531140672e+00
7.014158840000002115e-01 -5.099230912096091473e+00
7.155537670000002848e-01 -5.034449887751700103e+00
7.296916510000004408e-01 -4.982395461273517512e+00
7.438295349999997086e-01 -4.918578646144052158e+00
7.579674189999998646e-01 -4.834292387776224942e+00
7.721053019999999378e-01 -4.745050990602475594e+00
7.862431860000000938e-01 -4.672168983866130887e+00
8.003810700000002498e-01 -4.622965318489606901e+00
8.145189530000003231e-01 -4.578970376969376588e+00
8.286568369999995909e-01 -4.514515813669422784e+00
8.427947209999997469e-01 -4.420245229552751454e+00
8.569326049999999029e-01 -4.310175437758683614e+00
8.710704879999999761e-01 -4.209182369080020081e+00
8.852083720000001321e-01 -4.131134593239535135e+00
8.993462560000002881e-01 -4.072758845977951125e+00
9.134841399999995559e-01 -4.017491292913822676e+00
9.276220229999996292e-01 -3.951314486634114331e+00
9.417599069999997852e-01 -3.870340322487496820e+00
9.558977909999999412e-01 -3.779766192225052279e+00
9.700356740000000144e-01 -3.688645685522857320e+00
9.841735580000001704e-01 -3.604829619934704965e+00
9.983114420000003264e-01 -3.532745732735213195e+00
1.012449325999999594e+00 -3.470621470688941557e+00
1.026587208999999667e+00 -3.413278077786902287e+00
1.040725092999999823e+00 -3.355920173621559144e+00
1.054862976999999979e+00 -3.294744087994162740e+00
1.069000860000000053e+00 -3.230552628252572944e+00
1.083138744000000209e+00 -3.167644905684539935e+00
1.097276628000000365e+00 -3.105312054789017395e+00
1.111414511999999633e+00 -3.041554791431241966e+00
1.125552394999999706e+00 -2.973153970257360612e+00
1.139690278999999862e+00 -2.897829215328444619e+00
1.153828163000000018e+00 -2.820950344629931550e+00
1.167966047000000174e+00 -2.751420836191931230e+00
1.182103930000000247e+00 -2.697008654536482197e+00
1.196241814000000403e+00 -2.659412358731396253e+00
1.210379697999999671e+00 -2.631719120221616137e+00
1.224517580999999744e+00 -2.601397612438109519e+00
1.238655464999999900e+00 -2.557432935884179415e+00
1.252793349000000056e+00 -2.496208382581169616e+00
1.266931233000000212e+00 -2.422307967447544286e+00
1.281069116000000285e+00 -2.346546315069288013e+00
1.295207000000000441e+00 -2.280504972915853301e+00
1.309344883999999709e+00 -2.231325695621961813e+00
1.323482766999999782e+00 -2.198561350410765058e+00
1.337620650999999938e+00 -2.173091084428076414e+00
1.351758535000000094e+00 -2.144893041454002613e+00
1.365896419000000250e+00 -2.107148384893774207e+00
1.380034302000000324e+00 -2.059200919387357942e+00
1.394172185999999591e+00 -2.007323619509985946e+00
1.408310069999999747e+00 -1.954016431794734387e+00
1.422447952999999821e+00 -1.893614601453496249e+00
1.436585836999999977e+00 -1.820251993572354010e+00
1.450723721000000133e+00 -1.732738654992036942e+00
1.464861605000000289e+00 -1.640665232136301555e+00
1.478999488000000362e+00 -1.563846657138119767e+00
1.493137371999999630e+00 -1.514310157508594656e+00
1.507275255999999786e+00 -1.488769597100086273e+00
1.521413139999999942e+00 -1.469016528035290037e+00
1.535551023000000015e+00 -1.434110216511051306e+00
1.549688907000000171e+00 -1.375742062790212827e+00
1.563826791000000327e+00 -1.301715908383682674e+00
1.577964674000000400e+00 -1.229202219879299562e+00
1.592102557999999668e+00 -1.169318701090151791e+00
1.606240441999999824e+00 -1.121826336881740716e+00
1.620378325999999980e+00 -1.078701224546946946e+00
1.634516209000000053e+00 -1.035318517674726380e+00
1.648654093000000209e+00 -9.930739558199395134e-01
1.662791977000000365e+00 -9.579894871681347013e-01
1.676929860000000438e+00 -9.339390578550119670e-01
1.691067743999999706e+00 -9.157423186218398570e-01
1.705205627999999862e+00 -8.965866812300387068e-01
1.719343512000000018e+00 -8.738002691898341112e-01
1.733481395000000091e+00 -8.501115461454205047e-01
1.747619279000000247e+00 -8.318376042549608940e-01
1.761757163000000403e+00 -8.228636206386390484e-01
1.775895046999999671e+00 -8.200556325347232445e-01
1.790032929999999745e+00 -8.162402047171557484e-01
1.804170813999999901e+00 -8.039065036822687915e-01
1.818308698000000057e+00 -7.786794180537288668e-01
1.832446581000000130e+00 -7.412633917830184771e-01
1.846584465000000286e+00 -6.979347346621800341e-01
1.860722349000000442e+00 -6.581617555227232685e-01
1.874860232999999710e+00 -6.294531029625130003e-01
1.888998115999999783e+00 -6.131227211507166430e-01
1.903135999999999939e+00 -6.029856862730298417e-01
1.917273884000000095e+00 -5.905013550000113298e-01
1.931411767000000168e+00 -5.687264802743019487e-01
1.945549651000000324e+00 -5.379328098795550517e-01
1.959687534999999592e+00 -5.016520573874050370e-01
1.973825418999999748e+00 -4.631981603026211758e-01
1.987963301999999821e+00 -4.285537442553604137e-01
2.002101185999999977e+00 -4.021563320274612607e-01
2.016239070000000133e+00 -3.890129987938699685e-01
2.030376953000000206e+00 -3.896120688834390222e-01
2.044514837000000362e+00 -3.958653465978922981e-01
2.058652720999999630e+00 -3.974772261969192755e-01
2.072790604999999786e+00 -3.880110764938571322e-01
2.086928487999999859e+00 -3.702919544030311982e-01
2.101066372000000015e+00 -3.517108971921665272e-01
2.115204256000000171e+00 -3.355852963508620945e-01
2.129342140000000327e+00 -3.185275530704547720e-01
2.143480023000000401e+00 -2.936120082430750955e-01
2.157617906999999668e+00 -2.588121611658884547e-01
2.171755790999999824e+00 -2.195144996195477205e-01
2.185893673999999898e+00 -1.827457588958676382e-01
2.200031558000000054e+00 -1.532649964755243843e-01
2.214169442000000210e+00 -1.337541813768972077e-01
2.228307326000000366e+00 -1.278130787500355581e-01
2.242445209000000439e+00 -1.398368376178460437e-01
2.256583092999999707e+00 -1.686334550645050001e-01
2.270720976999999863e+00 -2.022226992160831571e-01
2.284858859999999936e+00 -2.222062263381019420e-01
2.298996744000000092e+00 -2.185086932476743016e-01
2.313134628000000248e+00 -1.978444931193674705e-01
2.327272512000000404e+00 -1.790081823361884261e-01
2.341410394999999589e+00 -1.777927595212442924e-01
2.355548278999999745e+00 -1.938034090812941201e-01
2.369686162999999901e+00 -2.141408276563918633e-01
2.383824047000000057e+00 -2.255010241165482654e-01
2.397961930000000130e+00 -2.245072769805691593e-01
2.412099814000000286e+00 -2.174055692500793668e-01
2.426237698000000442e+00 -2.098108910659419735e-01
2.440375580999999627e+00 -2.028351093945115480e-01
2.454513464999999783e+00 -1.971597055897671424e-01
2.468651348999999939e+00 -1.964388089492121736e-01
2.482789233000000095e+00 -2.049939148535813160e-01
2.496927116000000169e+00 -2.224471079922665240e-01
2.511065000000000325e+00 -2.390650110685594854e-01
2.525202883999999592e+00 -2.429480126163561238e-01
2.539340766999999666e+00 -2.304666995945563457e-01
2.553478650999999822e+00 -2.085558023615980971e-01
2.567616534999999978e+00 -1.916455282363234147e-01
2.581754419000000134e+00 -1.867672954431380816e-01
2.595892302000000207e+00 -1.892729456923731846e-01
2.610030186000000363e+00 -1.883276054664388965e-01
2.624168069999999631e+00 -1.728256225452025063e-01
2.638305952999999704e+00 -1.435713298954457429e-01
2.652443836999999860e+00 -1.099659316064496295e-01
2.666581721000000016e+00 -8.327025871367155219e-02
2.680719605000000172e+00 -7.074486378810895815e-02
2.694857488000000245e+00 -7.198513706515363708e-02
2.708995372000000401e+00 -8.116302385998608315e-02
2.723133255999999669e+00 -9.282522811455073963e-02
2.737271139999999825e+00 -1.051526523949224412e-01
2.751409022999999898e+00 -1.168536327299012356e-01
2.765546907000000054e+00 -1.283563728006953397e-01
2.779684791000000210e+00 -1.422395211099782841e-01
2.793822674000000283e+00 -1.595314339107556378e-01
2.807960558000000439e+00 -1.771990817769157900e-01
2.822098441999999707e+00 -1.860930499502497781e-01
2.836236325999999863e+00 -1.717731006702667429e-01
2.850374208999999937e+00 -1.276933922064014126e-01
2.864512093000000093e+00 -6.387731627372339460e-02
2.878649977000000248e+00 -5.704022297820188214e-03
2.892787860000000322e+00 2.051660191003001898e-02
2.906925743999999590e+00 8.294903911135520502e-03
2.921063627999999746e+00 -2.680467016365639665e-02
2.935201511999999902e+00 -6.091057278153932941e-02
2.949339394999999975e+00 -7.918740339489538371e-02
2.963477279000000131e+00 -8.552941908298095086e-02
2.977615163000000287e+00 -9.238386842178236691e-02
2.991753047000000443e+00 -1.028175508366135915e-01
3.005890929999999628e+00 -1.089193091828484228e-01
3.020028813999999784e+00 -9.824039264574402353e-02
3.034166697999999940e+00 -7.038073455229820752e-02
3.048304581000000013e+00 -3.985222756917217168e-02
3.062442465000000169e+00 -2.239336703167893461e-02
3.076580349000000325e+00 -2.248940162448676006e-02
3.090718232999999593e+00 -2.980663699937835531e-02
3.104856115999999666e+00 -3.123072577541030626e-02
3.118993999999999822e+00 -2.431985301956629542e-02
3.133131883999999978e+00 -2.162550341252966746e-02
3.147269767000000051e+00 -3.477611677326031270e-02
3.161407651000000207e+00 -6.201313138215169829e-02
3.175545535000000363e+00 -8.723180176257017138e-02
3.189683418999999631e+00 -9.053961068485705255e-02
3.203821301999999704e+00 -6.706885400525308683e-02
3.217959185999999860e+00 -2.999297130796740873e-02
3.232097070000000016e+00 2.951388542792088288e-03
3.246234953000000090e+00 2.173311864851434905e-02
3.260372837000000246e+00 2.982912269439985664e-02
3.274510721000000402e+00 3.457022684125199419e-02
3.288648604999999669e+00 3.579804191590163498e-02
3.302786487999999743e+00 2.764996631416671846e-02
3.316924371999999899e+00 7.471778261852080050e-03
3.331062256000000055e+00 -1.340624611994734039e-02
3.345200140000000211e+00 -1.590953184527243991e-02
3.359338023000000284e+00 1.131391751704846627e-02
3.373475907000000440e+00 6.089750178176167594e-02
3.387613790999999708e+00 1.103515947255218066e-01
3.401751673999999781e+00 1.402587966169441813e-01
3.415889557999999937e+00 1.470029034884099417e-01
3.430027442000000093e+00 1.416721967638849833e-01
3.444165326000000249e+00 1.353447593216277056e-01
3.458303209000000322e+00 1.290690264615950156e-01
3.472441092999999590e+00 1.164804397791456836e-01
3.486578976999999746e+00 9.400823129260693634e-02
3.500716859999999819e+00 6.793888500191158641e-02
3.514854743999999975e+00 5.189070455280742067e-02
3.528992628000000131e+00 5.351465479648354062e-02
3.543130512000000287e+00 6.921317172405139218e-02
3.557268395000000361e+00 8.912849633714081676e-02
3.571406278999999628e+00 1.022457243279379924e-01
3.585544162999999784e+00 1.053320709185161519e-01
3.599682046999999940e+00 1.025152153785402476e-01
3.613819930000000014e+00 9.932291167005580235e-02
3.627957814000000170e+00 1.016492823210075613e-01
3.642095698000000326e+00 1.119923309411543499e-01
3.656233581000000399e+00 1.278280024848417185e-01
3.670371464999999667e+00 1.440199628587528480e-01
3.684509348999999823e+00 1.534288249920940927e-01
3.698647232999999979e+00 1.511165968368111123e-01
3.712785116000000052e+00 1.407901768510573248e-01
3.726923000000000208e+00 1.335810188403510068e-01
3.741060884000000364e+00 1.400019777000718335e-01
3.755198767000000437e+00 1.630558293522490487e-01
3.769336650999999705e+00 1.940228655195621599e-01
3.783474534999999861e+00 2.170706294695179395e-01
3.797612419000000017e+00 2.208582653057646894e-01
3.811750302000000090e+00 2.052421292579662548e-01
3.825888186000000246e+00 1.791195580712692248e-01
3.840026070000000402e+00 1.559277941043859528e-01
3.854163952999999587e+00 1.454329201017650064e-01
3.868301836999999743e+00 1.519595826821475981e-01
3.882439720999999899e+00 1.755996887245228066e-01
3.896577605000000055e+00 2.090415204666680182e-01
3.910715488000000128e+00 2.436754803433966998e-01
3.924853372000000284e+00 2.713252696984760348e-01
3.938991256000000440e+00 2.887217387850782302e-01
3.953129139999999708e+00 2.999088551541841952e-01
3.967267022999999782e+00 3.080175501057116350e-01
3.981404906999999938e+00 3.109439332068770767e-01
3.995542791000000094e+00 3.031998367462769295e-01
4.009680674000000167e+00 2.811179227590763219e-01
4.023818558000000323e+00 2.494951916842360617e-01
4.037956442000000479e+00 2.220525948744178635e-01
4.052094326000000635e+00 2.082267755021334210e-01
4.066232209000000708e+00 2.048459692044009017e-01
4.080370093000000864e+00 1.993809444074479131e-01
4.094507976999999244e+00 1.805497258137975791e-01
4.108645859999999317e+00 1.499708643275727837e-01
4.122783743999999473e+00 1.229084631356105461e-01
4.136921627999999629e+00 1.144058940852321626e-01
4.151059511999999785e+00 1.271558095588343207e-01
4.165197394999999858e+00 1.491042427959357042e-01
4.179335279000000014e+00 1.634337137017016772e-01
4.193473163000000170e+00 1.637822717504722192e-01
4.207611047000000326e+00 1.567891314708038664e-01
4.221748930000000399e+00 1.556707043804426149e-01
4.235886814000000555e+00 1.686470193108888793e-01
4.250024698000000711e+00 1.914489742826930296e-01
4.264162581000000785e+00 2.097732457808643147e-01
4.278300464999999164e+00 2.124620603268017049e-01
4.292438348999999320e+00 1.991949973029072396e-01
4.306576232999999476e+00 1.798856340540719856e-01
4.320714115999999549e+00 1.687631420161732620e-01
4.334851999999999705e+00 1.715583122018689011e-01
4.348989883999999861e+00 1.829424419152818615e-01
4.363127766999999935e+00 1.905166862825549146e-01
4.377265651000000091e+00 1.841222985377459764e-01
4.391403535000000247e+00 1.621627363928919152e-01
4.405541419000000403e+00 1.316248658498526680e-01
4.419679302000000476e+00 1.040148808771785838e-01
4.433817186000000632e+00 8.850160954100161348e-02
4.447955070000000788e+00 8.786069878490465612e-02
4.462092953000000861e+00 9.763636015117072020e-02
4.476230836999999241e+00 1.086323616837816530e-01
4.490368720999999397e+00 1.116590962310901602e-01
4.504506604999999553e+00 1.015485791292967122e-01
4.518644487999999626e+00 8.022107433092529050e-02
4.532782371999999782e+00 5.392227085821765797e-02
4.546920255999999938e+00 2.803868635175632562e-02
4.561058140000000094e+00 5.341732232725604490e-03
4.575196023000000167e+00 -1.460882242666450281e-02
4.589333907000000323e+00 -3.170640025627236014e-02
4.603471791000000479e+00 -4.337911887165191160e-02
4.617609674000000552e+00 -4.509416096356844150e-02
4.631747558000000708e+00 -3.523847496929199963e-02
4.645885442000000864e+00 -1.763834677425535347e-02
4.660023325999999244e+00 -6.588188017797591556e-04
4.674161208999999317e+00 8.276639018623299648e-03
4.688299092999999473e+00 8.125359575517521193e-03
4.702436976999999629e+00 5.911811744176986849e-03
4.716574859999999703e+00 1.155833481050194678e-02
4.730712743999999859e+00 2.713701909400967338e-02
4.744850628000000015e+00 4.552938714670595743e-02
4.758988512000000171e+00 5.226309530913830770e-02
4.773126395000000244e+00 3.880562596790682051e-02
4.787264279000000400e+00 1.055029368631998921e-02
4.801402163000000556e+00 -1.552332544059709107e-02
4.815540047000000712e+00 -2.452492862393462758e-02
4.829677930000000785e+00 -1.729157702663997043e-02
4.843815813999999165e+00 -8.293958987700023044e-03
4.857953697999999321e+00 -1.330655007837222570e-02
4.872091580999999394e+00 -3.441651739201034843e-02
4.886229464999999550e+00 -5.985724214084520156e-02
4.900367348999999706e+00 -7.438679975157924673e-02
4.914505232999999862e+00 -7.257955927607362412e-02
4.928643115999999935e+00 -6.092066081128777455e-02
4.942781000000000091e+00 -4.995671840095816663e-02
4.956918884000000247e+00 -4.591882073635211725e-02
4.971056767000000320e+00 -4.831061964219784954e-02
4.985194651000000476e+00 -5.272400170198210390e-02
4.999332535000000632e+00 -5.402027771091155728e-02
5.013470419000000788e+00 -4.981339692472985803e-02
5.027608302000000862e+00 -3.905928706029904163e-02
5.041746185999999241e+00 -2.582313203603625595e-02
5.055884069999999397e+00 -1.682429847853583738e-02
5.070021952999999471e+00 -1.673008711417622862e-02
5.084159836999999627e+00 -2.517746729401615369e-02
5.098297720999999783e+00 -3.639639419115603403e-02
5.112435604999999939e+00 -4.447327691994651389e-02
5.126573488000000012e+00 -4.693257305270392976e-02
5.140711372000000168e+00 -4.518681894083265149e-02
5.154849256000000324e+00 -3.976730939214689897e-02
5.168987140000000480e+00 -2.896192670237596190e-02
5.183125023000000553e+00 -1.184004001058092115e-02
5.197262907000000709e+00 6.671522121639128500e-03
5.211400791000000865e+00 1.783031004311119716e-02
5.225538673999999162e+00 1.605237806935022604e-02
5.239676557999999318e+00 5.361971576130386552e-03
5.253814441999999474e+00 -3.873517298432105349e-03
5.267952325999999630e+00 -3.773305514137348382e-03
5.282090208999999703e+00 3.193920548135054105e-03
5.296228092999999859e+00 5.331086055560874115e-03
5.310365977000000015e+00 -6.639088781806634643e-03
5.324503860000000088e+00 -2.888321817323635798e-02
5.338641744000000244e+00 -4.697270074707127208e-02
5.352779628000000400e+00 -4.436033481873558060e-02
5.366917512000000556e+00 -1.611830973430272707e-02
5.381055395000000630e+00 2.624515380633951622e-02
5.395193279000000786e+00 6.438249052502520442e-02
5.409331162999999165e+00 8.220611475892525277e-02
5.423469046999999321e+00 7.636240239670399887e-02
5.437606929999999394e+00 5.590749184568721830e-02
5.451744813999999550e+00 3.509480371060824666e-02
5.465882697999999706e+00 2.291501203121981689e-02
5.480020580999999780e+00 1.629318965524717555e-02
5.494158464999999936e+00 4.351659534240326366e-03
5.508296349000000092e+00 -1.963577667705251883e-02
5.522434233000000248e+00 -4.874459835049549383e-02
5.536572116000000321e+00 -6.582650330450867671e-02
5.550710000000000477e+00 -5.527343264148498747e-02
5.564847884000000633e+00 -2.028312402576659679e-02
5.578985767000000706e+00 1.844026594515035811e-02
5.593123651000000862e+00 3.937663497524290790e-02
5.607261534999999242e+00 3.443500528000065231e-02
5.621399418999999398e+00 1.403192579264533890e-02
5.635537301999999471e+00 -3.946407513888416929e-03
5.649675185999999627e+00 -1.230801936763015192e-02
5.663813069999999783e+00 -1.857299492663599949e-02
5.677950952999999856e+00 -3.482563021687390403e-02
5.692088837000000012e+00 -6.538838147503511777e-02
5.706226721000000168e+00 -9.878064010194975708e-02
5.720364605000000324e+00 -1.167380901332819576e-01
5.734502488000000398e+00 -1.079443140465681239e-01
5.748640372000000553e+00 -7.595773663097027395e-02
5.762778256000000709e+00 -3.621518950338931120e-02
5.776916140000000865e+00 -5.233952720770318479e-03
5.791054022999999162e+00 9.514417154813159527e-03
5.805191906999999318e+00 1.112869254121484630e-02
5.819329790999999474e+00 6.562454140221163357e-03
5.833467673999999548e+00 1.812106625401099791e-03
5.847605557999999704e+00 -2.543785857110236748e-03
5.861743441999999860e+00 -9.041561096935879505e-03
5.875881326000000016e+00 -1.941358048292940452e-02
5.890019209000000089e+00 -3.359621932632705921e-02
5.904157093000000245e+00 -4.936711718216280076e-02
5.918294977000000401e+00 -6.480544015768785471e-02
5.932432860000000474e+00 -7.632895716203336178e-02
5.946570744000000630e+00 -8.029163053141985529e-02
5.960708628000000786e+00 -7.442632098793922069e-02
5.974846511999999166e+00 -6.090570833477748636e-02
5.988984394999999239e+00 -4.585217855356660266e-02
6.003122278999999395e+00 -3.738021444841344021e-02
6.017260162999999551e+00 -4.123078951688086136e-02
6.031398046999999707e+00 -5.397804827200936018e-02
6.045535929999999780e+00 -6.880862269450638280e-02
6.059673813999999936e+00 -7.838124771550702974e-02
6.073811698000000092e+00 -7.945776223388456572e-02
6.087949581000000165e+00 -7.603045504649230679e-02
6.102087465000000321e+00 -7.385117643644534269e-02
6.116225349000000477e+00 -7.586191378020679110e-02
6.130363233000000633e+00 -8.016061772594085255e-02
6.144501116000000707e+00 -8.213527961342492745e-02
6.158639000000000863e+00 -7.602529953749481706e-02
6.172776883999999242e+00 -5.945597317133177739e-02
6.186914766999999316e+00 -3.406259124702870622e-02
6.201052650999999472e+00 -1.653077270013625366e-03
6.215190534999999628e+00 3.570515848480226850e-02
6.229328418999999784e+00 7.394636440805868460e-02
6.243466301999999857e+00 1.060416704586071290e-01
6.257604186000000013e+00 1.227259020355297992e-01
6.271742070000000169e+00 1.177640396069250528e-01
6.285879953000000242e+00 9.439790116292279265e-02
6.300017837000000398e+00 6.592483547183469739e-02
6.314155721000000554e+00 4.739351066274011259e-02
6.328293605000000710e+00 4.469081708034039480e-02
6.342431488000000783e+00 5.363055083276968560e-02
6.356569371999999163e+00 6.283057830876614958e-02
6.370707255999999319e+00 6.211631908085379905e-02
6.384845139999999475e+00 4.838573429293901995e-02
6.398983022999999548e+00 2.597778407909423493e-02
6.413120906999999704e+00 4.168506274256245092e-03
6.427258790999999860e+00 -6.848518149825011392e-03
6.441396673999999933e+00 -1.644871989338270168e-03
6.455534558000000089e+00 1.640093145210208547e-02
6.469672442000000245e+00 3.886014565277662314e-02
6.483810326000000401e+00 5.775816985744874899e-02
6.497948209000000475e+00 7.149632520583715234e-02
6.512086093000000631e+00 8.256818666909992999e-02
6.526223977000000787e+00 9.015507880878459446e-02
6.540361860000000860e+00 8.869107080577443014e-02
6.554499743999999239e+00 7.169980585251956029e-02
6.568637627999999395e+00 4.263081521472500413e-02
6.582775511999999551e+00 1.520238850672051001e-02
6.596913394999999625e+00 2.931607561853510902e-03
6.611051278999999781e+00 7.770054497980183328e-03
6.625189162999999937e+00 1.830124042709968535e-02
6.639327047000000093e+00 2.038787642353234730e-02
6.653464930000000166e+00 9.640008362094221184e-03
6.667602814000000322e+00 -4.838422113209617237e-03
6.681740698000000478e+00 -1.083106537793021573e-02
6.695878581000000551e+00 -5.309388155856353819e-03
6.710016465000000707e+00 2.666057167688862251e-03
6.724154349000000863e+00 2.237458217640764246e-03
6.738292232999999243e+00 -9.977148062507268378e-03
6.752430115999999316e+00 -2.434886702416427795e-02
6.766567999999999472e+00 -2.683590211916353496e-02
6.780705883999999628e+00 -1.100620817193664891e-02
6.794843766999999701e+00 1.764764719328226761e-02
6.808981650999999857e+00 4.595802746754884538e-02
6.823119535000000013e+00 6.372322970146981902e-02
6.837257419000000169e+00 6.752296800745760663e-02
6.851395302000000243e+00 6.027161807530312387e-02
6.865533186000000399e+00 4.592099104407054710e-02
6.879671070000000555e+00 2.746357958516298936e-02
6.893808953000000628e+00 1.038195615083914447e-02
6.907946837000000784e+00 3.040488827334542066e-03
6.922084720999999163e+00 1.167635571289338259e-02
6.936222604999999319e+00 3.498360745268591643e-02
6.950360487999999393e+00 6.179482820602011373e-02
6.964498371999999549e+00 7.721962726012954192e-02
6.978636255999999705e+00 7.366938290106794796e-02
6.992774139999999861e+00 5.456705951090157214e-02
7.006912022999999934e+00 3.148406240588208505e-02
7.021049907000000090e+00 1.361295815990359870e-02
7.035187791000000246e+00 3.689197784993325513e-03
7.049325674000000319e+00 9.316443320592782129e-04
7.063463558000000475e+00 3.833231005968329441e-03
7.077601442000000631e+00 1.221640134739665484e-02
7.091739326000000787e+00 2.319844080065003311e-02
7.105877209000000860e+00 2.795607413250067452e-02
7.120015092999999240e+00 1.507997027173502147e-02
7.134152976999999396e+00 -1.881798773575482642e-02
7.148290859999999469e+00 -6.553694835363366167e-02
7.162428743999999625e+00 -1.096643140828206242e-01
7.176566627999999781e+00 -1.389014499909144718e-01
7.190704511999999937e+00 -1.506558131117348154e-01
7.204842395000000010e+00 -1.504450269619699299e-01
7.218980279000000166e+00 -1.437890308951761398e-01
7.233118163000000322e+00 -1.305811642954122220e-01
7.247256047000000478e+00 -1.097822601252307351e-01
7.261393930000000552e+00 -8.422784492620927210e-02
7.275531814000000708e+00 -6.210876720522229277e-02
7.289669698000000864e+00 -4.982830296261830938e-02
7.303807580999999161e+00 -4.649428164394286966e-02
7.317945464999999317e+00 -4.502357350263253011e-02
7.332083348999999473e+00 -3.921024168034215052e-02
7.346221232999999629e+00 -3.237198160584675577e-02
7.360359115999999702e+00 -3.442768422139153017e-02
7.374496999999999858e+00 -5.005411920767599554e-02
7.388634884000000014e+00 -7.257512825358602981e-02
7.402772767000000087e+00 -8.758193359012445001e-02
7.416910651000000243e+00 -8.462967728625692132e-02
7.431048535000000399e+00 -6.920009365338408713e-02
7.445186419000000555e+00 -5.723541283742505925e-02
7.459324302000000628e+00 -6.088351791610335795e-02
7.473462186000000784e+00 -7.900872296268879325e-02
7.487600069999999164e+00 -9.928718083146748086e-02
7.501737952999999237e+00 -1.106983316931806627e-01
7.515875836999999393e+00 -1.109613981350818790e-01
7.530013720999999549e+00 -1.039353430507805598e-01
7.544151604999999705e+00 -9.249129226422425631e-02
7.558289487999999778e+00 -7.624539904633742537e-02
7.572427371999999934e+00 -5.849843056586223611e-02
7.586565256000000090e+00 -4.875865885717622916e-02
7.600703140000000246e+00 -5.789260856188782611e-02
7.614841023000000320e+00 -8.739226305837810571e-02
7.628978907000000476e+00 -1.242830715577980527e-01
7.643116791000000632e+00 -1.507535036631839631e-01
7.657254674000000705e+00 -1.579017156491584473e-01
7.671392558000000861e+00 -1.518736442681696275e-01
7.685530441999999240e+00 -1.459883827072072648e-01
7.699668325999999396e+00 -1.453181796628193467e-01
7.713806208999999470e+00 -1.411630903093605838e-01
7.727944092999999626e+00 -1.217104640401700522e-01
7.742081976999999782e+00 -8.598329451019637304e-02
7.756219859999999855e+00 -5.071574688489732807e-02
7.770357744000000011e+00 -3.574312551527114579e-02
7.784495628000000167e+00 -5.014191957345026651e-02
7.798633512000000323e+00 -8.421094696608122376e-02
7.812771395000000396e+00 -1.174201504638432425e-01
7.826909279000000552e+00 -1.366718422168506919e-01
7.841047163000000708e+00 -1.412894514966769322e-01
7.855185047000000864e+00 -1.384331527605393575e-01
7.869322929999999161e+00 -1.336644953292207560e-01
7.883460813999999317e+00 -1.276036508056943575e-01
7.897598697999999473e+00 -1.186470956978258329e-01
7.911736580999999546e+00 -1.097997735082429926e-01
7.925874464999999702e+00 -1.083670746640628124e-01
7.940012348999999858e+00 -1.204768847353925310e-01
7.954150233000000014e+00 -1.435854406062233579e-01
7.968288116000000088e+00 -1.681160330555506732e-01
7.982426000000000244e+00 -1.847978786921604666e-01
7.996563884000000400e+00 -1.909491748350511386e-01
8.010701767000000473e+00 -1.927348432175772786e-01
8.024839651000000629e+00 -1.974367976570565730e-01
8.038977535000000785e+00 -2.068231229198218557e-01
8.053115418999999164e+00 -2.162732602466039822e-01
8.067253301999999238e+00 -2.205409483207532162e-01
8.081391185999999394e+00 -2.178219571385238140e-01
8.095529069999999550e+00 -2.109366612762464399e-01
8.109666952999999623e+00 -2.036813581119698569e-01
8.123804836999999779e+00 -1.974573425898142887e-01
8.137942720999999935e+00 -1.930506254412041045e-01
8.152080605000000091e+00 -1.935231764518761111e-01
8.166218488000000164e+00 -2.017253418817102073e-01
8.180356372000000320e+00 -2.155142299479049228e-01
8.194494256000000476e+00 -2.273420234057237366e-01
8.208632140000000632e+00 -2.266361034191710644e-01
8.222770023000000705e+00 -2.098277531098453608e-01
8.236907907000000861e+00 -1.825905959433651304e-01
8.251045790999999241e+00 -1.556636699637792276e-01
8.265183673999999314e+00 -1.362924031140764214e-01
8.279321557999999470e+00 -1.226493709006071242e-01
8.293459441999999626e+00 -1.103395888100067168e-01
8.307597325999999782e+00 -9.977786654340192740e-02
8.321735208999999855e+00 -9.671833382333439033e-02
8.335873093000000011e+00 -1.053134832963316114e-01
8.350010977000000167e+00 -1.213350408960049975e-01
8.364148860000000241e+00 -1.328708108423199974e-01
8.378286744000000397e+00 -1.320407691104872328e-01
8.392424628000000553e+00 -1.227162703653288389e-01
8.406562512000000709e+00 -1.166373996145342318e-01
8.420700395000000782e+00 -1.228141628542793740e-01
8.434838278999999162e+00 -1.366572896492197486e-01
8.448976162999999318e+00 -1.438606431325926138e-01
8.463114046999999474e+00 -1.333139590381975381e-01
8.477251929999999547e+00 -1.074337811847136948e-01
8.491389813999999703e+00 -8.111638115249952818e-02
8.505527697999999859e+00 -6.889252671070700274e-02
8.519665580999999932e+00 -7.271472875403084402e-02
8.533803465000000088e+00 -8.105885444602556333e-02
8.547941349000000244e+00 -8.050682512323348305e-02
8.562079233000000400e+00 -6.794419730277567737e-02
8.576217116000000473e+00 -5.685926236022709190e-02
8.590355000000000629e+00 -6.617942781931063223e-02
8.604492884000000785e+00 -1.015536380367763059e-01
8.618630767000000859e+00 -1.496560146888015197e-01
8.632768650999999238e+00 -1.835735489446665980e-01
8.646906534999999394e+00 -1.844550758237701871e-01
8.661044418999999550e+00 -1.574332974609742308e-01
8.675182301999999623e+00 -1.275761589135022689e-01
8.689320185999999779e+00 -1.184498446119430781e-01
8.703458069999999935e+00 -1.327507803351384297e-01
8.717595953000000009e+00 -1.516035875687862244e-01
8.731733837000000165e+00 -1.532436318063084002e-01
8.745871721000000321e+00 -1.343373562619341044e-01
8.760009605000000477e+00 -1.114392757809081758e-01
8.774147488000000550e+00 -1.058280087754237542e-01
8.788285372000000706e+00 -1.221964859336814868e-01
8.802423256000000862e+00 -1.459595653812861826e-01
8.816561139999999241e+00 -1.569580517132465047e-01
8.830699022999999315e+00 -1.467471637363555459e-01
8.844836906999999471e+00 -1.234859812427764325e-01
8.858974790999999627e+00 -1.026515447264060299e-01
8.873112673999999700e+00 -9.251572942081232043e-02
8.887250557999999856e+00 -8.803211133915667119e-02
8.901388442000000012e+00 -8.060858873115073209e-02
8.915526326000000168e+00 -6.773886276698881659e-02
8.929664209000000241e+00 -5.708577463453679002e-02
8.943802093000000397e+00 -5.975367295812006319e-02
8.957939977000000553e+00 -8.012904157909161995e-02
8.972077860000000626e+00 -1.089512155304355190e-01
8.986215744000000782e+00 -1.291826922362240282e-01
9.000353627999999162e+00 -1.289998420019973224e-01
9.014491511999999318e+00 -1.070662577306791263e-01
9.028629394999999391e+00 -7.496141589072990996e-02
9.042767278999999547e+00 -4.665921232203018576e-02
9.056905162999999703e+00 -3.110860739726817314e-02
9.071043046999999859e+00 -2.793463505395088475e-02
9.085180929999999933e+00 -3.049084150451975006e-02
9.099318814000000089e+00 -3.307185071963836265e-02
9.113456698000000245e+00 -3.291723833735282767e-02
9.127594581000000318e+00 -3.266324280082777420e-02
9.141732465000000474e+00 -3.842482010342074261e-02
9.155870349000000630e+00 -5.368485847447956871e-02
9.170008233000000786e+00 -7.710222583671821894e-02
9.184146116000000859e+00 -1.024207352905026625e-01
9.198283999999999239e+00 -1.193294651133012252e-01
9.212421883999999395e+00 -1.229144297653146367e-01
9.226559766999999468e+00 -1.176743210283639485e-01
9.240697650999999624e+00 -1.142998395234489095e-01
9.254835534999999780e+00 -1.214229803654269801e-01
9.268973418999999936e+00 -1.404618541685032085e-01
9.283111302000000009e+00 -1.643692664014775318e-01
9.297249186000000165e+00 -1.821049177097737726e-01
9.311387070000000321e+00 -1.881303645982264072e-01
9.325524953000000394e+00 -1.796703983130214510e-01
9.339662837000000550e+00 -1.558510340994985199e-01
9.353800721000000706e+00 -1.178823616966830912e-01
9.367938605000000862e+00 -6.965465698764994329e-02
9.382076487999999159e+00 -2.074962232251209571e-02
9.396214371999999315e+00 1.736400283696326596e-02
9.410352255999999471e+00 3.626914062692243590e-02
9.424490139999999627e+00 3.497330994295211326e-02
9.438628022999999700e+00 1.843096676224043051e-02
9.452765906999999856e+00 -6.922009404275897282e-03
9.466903791000000012e+00 -3.749840974263918270e-02
9.481041674000000086e+00 -6.912534405181425257e-02
9.495179558000000242e+00 -9.762715741823946303e-02
9.509317442000000398e+00 -1.203064910346949290e-01
9.523455326000000554e+00 -1.321902786889257442e-01
9.537593209000000627e+00 -1.308648548285784585e-01
9.551731093000000783e+00 -1.144358793993838219e-01
9.565868976999999163e+00 -8.145424336592910208e-02
9.580006859999999236e+00 -3.803725920934475369e-02
9.594144743999999392e+00 -1.475125664743615062e-03
9.608282627999999548e+00 8.620795007226789153e-03
9.622420511999999704e+00 -1.569475430671118943e-02
9.636558394999999777e+00 -6.405105783092501781e-02
9.650696278999999933e+00 -1.089288623842197268e-01
9.664834163000000089e+00 -1.264929044767200139e-01
9.678972047000000245e+00 -1.147021580515854566e-01
9.693109930000000318e+00 -8.816362254992782255e-02
9.707247814000000474e+00 -6.511817710385159330e-02
9.721385698000000630e+00 -5.052841734713808819e-02
9.735523581000000704e+00 -3.415992365653330864e-02
9.749661465000000860e+00 -7.195788789907453520e-03
9.763799348999999239e+00 2.808457161469846142e-02
9.777937232999999395e+00 5.757674351885810893e-02
9.792075115999999468e+00 6.665806158013509730e-02
9.806212999999999624e+00 5.448720044290844555e-02
9.820350883999999780e+00 3.110786857311254039e-02
9.834488766999999854e+00 7.943770983635189964e-03
9.848626651000000010e+00 -1.029353066032356878e-02
9.862764535000000166e+00 -2.686295692845419580e-02
9.876902419000000322e+00 -4.703249356465555309e-02
9.891040302000000395e+00 -6.987464180999403141e-02
9.905178186000000551e+00 -8.812900775705934109e-02
9.919316070000000707e+00 -9.393054819238422226e-02
9.933453953000000780e+00 -8.271168077530077767e-02
9.947591836999999160e+00 -5.866190715684460599e-02
9.961729720999999316e+00 -3.326857993251586265e-02
9.975867604999999472e+00 -2.011813558132935498e-02
9.990005487999999545e+00 -2.648980511135334837e-02
1.000414337199999970e+01 -4.793158857537527240e-02
1.001828125599999986e+01 -7.104453990968195853e-02
1.003241914000000001e+01 -8.489470596613202247e-02
1.004655702300000009e+01 -8.847319393190211656e-02
1.006069490700000024e+01 -9.024208068382577608e-02
1.007483279100000040e+01 -1.009164421788213417e-01
1.008897067400000047e+01 -1.198756068601429803e-01
1.010310855800000063e+01 -1.367973981287384788e-01
1.011724644200000078e+01 -1.404943719427667048e-01
1.013138432599999916e+01 -1.263703891110985467e-01
1.014552220899999924e+01 -1.003115685194959639e-01
1.015966009299999939e+01 -7.348984519466128518e-02
1.017379797699999955e+01 -5.462848485569260504e-02
1.018793585999999962e+01 -4.737768441809997455e-02
1.020207374399999978e+01 -5.055621833465728798e-02
1.021621162799999993e+01 -5.993814329267266316e-02
1.023034951200000009e+01 -6.905991566854652319e-02
1.024448739500000016e+01 -7.241494927007252613e-02
1.025862527900000032e+01 -7.011651081984204836e-02
1.027276316300000047e+01 -6.336932350373558620e-02
1.028690104700000063e+01 -5.525929245458804928e-02
1.030103893000000070e+01 -4.415011926871237335e-02
1.031517681400000086e+01 -2.371489006993776627e-02
1.032931469799999924e+01 8.715338648984882752e-03
1.034345258099999931e+01 4.845973694018645972e-02
1.035759046499999947e+01 8.246258506214054762e-02
1.037172834899999962e+01 1.001260142647044660e-01
1.038586623299999978e+01 9.935621772205394109e-02
1.040000411599999985e+01 8.853852569360398661e-02
1.041414200000000001e+01 7.902719745994879474e-02
1.042827988400000017e+01 7.404990741717831781e-02
1.044241776700000024e+01 6.858518779619160455e-02
1.045655565100000040e+01 5.479036361589173509e-02
1.047069353500000055e+01 3.010655508018977855e-02
1.048483141900000071e+01 1.708983349876902480e-03
1.049896930200000078e+01 -1.733347139322916064e-02
1.051310718599999916e+01 -1.705021865549838367e-02
1.052724506999999932e+01 7.421152372462103131e-04
1.054138295299999939e+01 2.396937792260622757e-02
1.055552083699999955e+01 3.744981789172641129e-02
1.056965872099999970e+01 3.326460140145393041e-02
1.058379660499999986e+01 2.008503018194041090e-02
1.059793448799999993e+01 1.341111240402703686e-02
1.061207237200000009e+01 2.170406332484375866e-02
1.062621025600000024e+01 3.990434561029232441e-02
1.064034814000000040e+01 5.176380869006358409e-02
1.065448602300000047e+01 4.880959004761109554e-02
1.066862390700000063e+01 3.975785231734718650e-02
1.068276179100000078e+01 4.279772712150808900e-02
1.069689967400000086e+01 6.914780552899024713e-02
1.071103755799999924e+01 1.094679704315097979e-01
1.072517544199999939e+01 1.433933602285097919e-01
1.073931332599999955e+01 1.586379626641498675e-01
1.075345120899999962e+01 1.606544183753371158e-01
1.076758909299999978e+01 1.671387254082823404e-01
1.078172697699999993e+01 1.872507343459091089e-01
1.079586486000000001e+01 2.123744829593334771e-01
1.081000274400000016e+01 2.261351889079588062e-01
1.082414062800000032e+01 2.192451021331613958e-01
1.083827851200000048e+01 1.984741612761400376e-01
1.085241639500000055e+01 1.783262291614313710e-01
1.086655427900000070e+01 1.670172834425063257e-01
1.088069216300000086e+01 1.604695972468359599e-01
1.089483004699999924e+01 1.489531507889569895e-01
1.090896792999999931e+01 1.271507568540002353e-01
1.092310581399999947e+01 9.709296692714275423e-02
1.093724369799999963e+01 6.662538567620579499e-02
1.095138158099999970e+01 4.285632108557990705e-02
1.096551946499999985e+01 3.070035231975687395e-02
1.097965734900000001e+01 3.664440437363403191e-02
1.099379523300000017e+01 6.782495352297601698e-02
1.100793311600000024e+01 1.318864505498940076e-01
1.102207100000000040e+01 2.336241542916290825e-01
1.103620888400000055e+01 3.748292180588670419e-01
1.105034676700000063e+01 5.628618455752310012e-01
1.106448465100000078e+01 8.128174462614818907e-01
1.107862253499999916e+01 1.146905307304301402e+00
1.109276041899999932e+01 1.582876958139236123e+00
1.110689830199999939e+01 2.119109132708416610e+00
1.112103618599999955e+01 2.736331683331943765e+00
1.113517406999999970e+01 3.409427902932845811e+00
1.114931195299999978e+01 4.126098710653138824e+00
1.116344983699999993e+01 4.896253603913521601e+00
1.117758772100000009e+01 5.743462538223210956e+00
1.119172560500000024e+01 6.688044948437307013e+00
1.120586348800000032e+01 7.735464272304833244e+00
1.122000137200000047e+01 8.877284520146565328e+00
1.123413925600000063e+01 1.009938622033881117e+01
1.124827714000000078e+01 1.139306239576518287e+01
1.126241502300000086e+01 1.275965052478399286e+01
1.127655290699999924e+01 1.420510704800286206e+01
1.129069079099999939e+01 1.573239595147176217e+01
1.130482867399999947e+01 1.733566323132996345e+01
1.131896655799999962e+01 1.900015874135164751e+01
1.133310444199999978e+01 2.071518516985116065e+01
1.134724232599999993e+01 2.248541025997294440e+01
1.136138020900000001e+01 2.433194105582026623e+01
1.137551809300000016e+01 2.627932237600398224e+01
1.138965597700000032e+01 2.833528998393255804e+01
1.140379386000000039e+01 3.048291118116790699e+01
1.141793174400000055e+01 3.268919604142380564e+01
1.143206962800000071e+01 3.492399531456710804e+01
1.144620751200000086e+01 3.716632564948857009e+01
1.146034539499999916e+01 3.939319041700569812e+01
1.147448327899999931e+01 4.155871434566962819e+01
1.148862116299999947e+01 4.358473482628114226e+01
1.150275904699999963e+01 4.537550049963278553e+01
1.151689692999999970e+01 4.684859125037947081e+01
1.153103481399999986e+01 4.796502515994210825e+01
1.154517269800000001e+01 4.873930458228184648e+01
1.155931058100000008e+01 4.922832714531904941e+01
1.157344846500000024e+01 4.950866167041762367e+01
1.158758634900000040e+01 4.965406768283648375e+01
1.160172423300000055e+01 4.972158133911683819e+01
1.161586211600000063e+01 4.974982223482376043e+01
1.163000000000000078e+01 3.731910367362463177e+01
