# r_minus_2Rs_A, PMF_over_kBT
-1.175000000000000044e+00 nan
-1.125000000000000000e+00 nan
-1.074999999999999956e+00 nan
-1.024999999999999911e+00 nan
-9.749999999999999778e-01 nan
-9.249999999999999334e-01 nan
-8.749999999999998890e-01 nan
-8.249999999999999556e-01 nan
-7.749999999999999112e-01 nan
-7.249999999999999778e-01 nan
-6.749999999999999334e-01 nan
-6.249999999999998890e-01 nan
-5.749999999999999556e-01 nan
-5.249999999999999112e-01 nan
-4.749999999999998668e-01 nan
-4.249999999999999334e-01 nan
-3.749999999999998890e-01 nan
-3.249999999999999556e-01 nan
-2.749999999999999112e-01 nan
-2.249999999999998668e-01 4.628267121249728611e+00
-1.750000000000000444e-01 2.838803867308778539e+00
-1.249999999999997780e-01 1.004306731739259106e+00
-7.499999999999995559e-02 9.296832782174435650e-02
-2.499999999999968914e-02 -3.615432861084149074e-01
2.500000000000013323e-02 -4.059361450884622080e-01
7.499999999999995559e-02 -2.824761254360561580e-01
1.250000000000002220e-01 -1.374169337963015991e-01
1.750000000000000444e-01 1.111354266772934807e-02
2.250000000000003109e-01 7.191210215146082163e-02
2.750000000000001332e-01 6.779682929459962537e-02
3.249999999999999556e-01 9.046949591410724523e-02
3.750000000000002220e-01 1.262754119497673244e-01
4.250000000000000444e-01 1.640768793888813804e-01
4.750000000000003109e-01 1.354741555285645660e-01
5.250000000000001332e-01 1.536804105737417103e-01
5.749999999999999556e-01 1.387735955883111494e-01
6.250000000000002220e-01 8.628384709205771941e-02
6.750000000000000444e-01 4.488096622717385742e-02
7.250000000000003109e-01 -1.385363995796673464e-02
7.750000000000001332e-01 -5.221998241526915052e-02
8.250000000000003997e-01 -1.008718075038994577e-01
8.750000000000002220e-01 -1.345938788862319768e-01
9.250000000000000444e-01 -1.457151562975669279e-01
9.749999999999998668e-01 -1.111692510647097620e-01
1.025000000000000133e+00 -1.070535817121487376e-01
1.075000000000000400e+00 -1.088141246608156365e-01
1.125000000000000222e+00 -6.620473339835841742e-02
1.175000000000000044e+00 -1.592935176147802778e-02
1.225000000000000311e+00 4.125709621775275338e-02
1.275000000000000133e+00 7.075460199688032858e-02
1.325000000000000400e+00 1.001531459904367871e-01
1.375000000000000222e+00 1.052645532486846669e-01
1.425000000000000044e+00 6.033187178785048843e-02
1.475000000000000311e+00 5.267301101743848690e-02
1.525000000000000133e+00 4.741790394511102846e-02
1.575000000000000400e+00 2.806535255810738150e-02
1.625000000000000222e+00 -3.057631664717064268e-03
1.675000000000000044e+00 -1.928207024552763826e-02
1.725000000000000311e+00 -2.982196167688488941e-02
1.775000000000000133e+00 -4.520580116658834413e-02
1.825000000000000400e+00 -4.109061788094026113e-02
1.875000000000000222e+00 -3.897931532363907436e-02
1.925000000000000044e+00 -3.581645780233921883e-02
1.975000000000000311e+00 -4.415684239056316684e-02
2.025000000000000355e+00 -2.841591584606772969e-02
2.075000000000000178e+00 4.281668307050345845e-03
2.125000000000000000e+00 -9.534685916792184912e-04
2.174999999999999822e+00 -1.412052561910437376e-02
2.225000000000000533e+00 2.807707551656601908e-02
2.275000000000000355e+00 3.964602885595880366e-02
2.325000000000000178e+00 1.576737688024820727e-02
2.375000000000000000e+00 2.545756633538420743e-02
2.424999999999999822e+00 1.381024303260547370e-02
2.475000000000000533e+00 -9.522827706875958143e-05
2.525000000000000355e+00 2.481364832387367159e-02
2.575000000000000178e+00 4.041142675812459117e-02
2.625000000000000000e+00 1.614104860649456796e-02
2.674999999999999822e+00 -1.609032064566173759e-02
2.725000000000000533e+00 -2.760858049777592527e-02
2.775000000000000355e+00 -4.191003714020258286e-02
2.825000000000000178e+00 -3.797140094368334218e-02
2.875000000000000000e+00 -2.218394069713713890e-02
2.924999999999999822e+00 -1.369539661427898736e-02
2.975000000000000533e+00 3.298814647276770984e-04
3.024999999999999467e+00 -1.303720646392392268e-02
3.075000000000000178e+00 -2.650548036534372542e-02
3.125000000000000000e+00 -1.215916690904794706e-02
3.174999999999999822e+00 -1.535978026407924801e-03
3.225000000000000533e+00 -2.807903441519155052e-03
3.274999999999999467e+00 -1.827571917482861963e-02
3.325000000000000178e+00 -7.570473547419798166e-03
3.375000000000000000e+00 9.633648593076138411e-03
3.424999999999999822e+00 1.177974254261604514e-02
3.475000000000000533e+00 2.124882873741729128e-02
3.524999999999999467e+00 9.254914300384609049e-03
3.575000000000000178e+00 -7.457433744349817317e-03
3.625000000000000888e+00 -2.025981149263422765e-02
3.674999999999999822e+00 -2.677044509035475528e-02
3.725000000000000533e+00 -1.926663143171269965e-02
3.774999999999999467e+00 -1.558868755540254725e-02
3.825000000000000178e+00 -1.168878912329285313e-02
3.875000000000000888e+00 -1.361411410748747386e-02
3.924999999999999822e+00 -1.674064010926468171e-02
3.975000000000000533e+00 -5.755541984394874078e-03
4.024999999999999467e+00 -2.084215756106733153e-03
4.075000000000000178e+00 -8.140201514946987515e-03
4.125000000000000888e+00 -1.026879687671300445e-02
4.174999999999999822e+00 -5.649751570916627941e-03
4.225000000000000533e+00 -5.565333762402424611e-03
4.274999999999999467e+00 2.440330780085542273e-03
4.325000000000000178e+00 6.417657640505947114e-03
4.375000000000000888e+00 1.656451068678066463e-03
4.424999999999999822e+00 9.430878939893361235e-04
4.475000000000000533e+00 7.189115593733141907e-03
4.524999999999999467e+00 1.306589536097169102e-02
4.575000000000000178e+00 -3.748825620694340444e-03
4.625000000000000888e+00 -1.054737534159544410e-02
4.674999999999999822e+00 -5.817392786284347750e-03
4.725000000000000533e+00 9.488156621685117642e-03
4.774999999999999467e+00 2.388614750308493129e-02
4.825000000000000178e+00 4.356861547150980840e-03
4.875000000000000888e+00 7.821938956054097503e-05
4.924999999999999822e+00 7.884590224960241756e-04
4.975000000000000533e+00 -1.189409284230746877e-02
5.024999999999999467e+00 -1.492503692823099470e-02
5.075000000000000178e+00 -1.006036398545351318e-02
5.125000000000000888e+00 -9.240635117500062279e-04
5.174999999999999822e+00 -1.518836858084071650e-03
5.225000000000000533e+00 -2.315608602367458246e-03
5.274999999999999467e+00 4.294103530810389202e-03
5.325000000000000178e+00 4.139584613333635588e-03
5.375000000000000888e+00 -5.835227894948058491e-03
5.424999999999999822e+00 4.497770537302159255e-03
5.475000000000000533e+00 2.403420119052501747e-02
5.524999999999999467e+00 1.021296419109685161e-02
5.575000000000000178e+00 -6.536343849611103707e-03
5.625000000000000888e+00 -5.876951820847242658e-03
5.674999999999999822e+00 -3.795463086762929095e-03
5.725000000000000533e+00 -2.593944560769223528e-03
5.774999999999999467e+00 1.012993697032182894e-02
5.825000000000000178e+00 8.421862953231817883e-02
5.875000000000000888e+00 6.015967977857634708e-01
5.924999999999999822e+00 1.977261745041827057e+00
5.975000000000000533e+00 4.214530752951594295e+00
6.024999999999999467e+00 7.384335608964770259e+00
6.075000000000000178e+00 nan
6.125000000000000888e+00 nan
6.174999999999999822e+00 nan
6.225000000000000533e+00 nan
6.274999999999999467e+00 nan
6.325000000000000178e+00 nan
6.375000000000000888e+00 nan
6.424999999999999822e+00 nan
6.475000000000000533e+00 nan
6.524999999999999467e+00 nan
6.575000000000000178e+00 nan
6.625000000000000888e+00 nan
6.674999999999999822e+00 nan
6.725000000000000533e+00 nan
6.774999999999999467e+00 nan
6.825000000000000178e+00 nan
6.874999999999999112e+00 nan
6.924999999999999822e+00 nan
6.975000000000000533e+00 nan
7.025000000000001243e+00 nan
7.075000000000000178e+00 nan
7.124999999999999112e+00 nan
7.174999999999999822e+00 nan
7.225000000000000533e+00 nan
7.275000000000001243e+00 nan
7.325000000000000178e+00 nan
7.374999999999999112e+00 nan
7.424999999999999822e+00 nan
7.475000000000000533e+00 nan
7.525000000000001243e+00 nan
7.575000000000000178e+00 nan
7.624999999999999112e+00 nan
7.674999999999999822e+00 nan
7.725000000000000533e+00 nan
7.775000000000001243e+00 nan
7.825000000000000178e+00 nan
7.874999999999999112e+00 nan
7.924999999999999822e+00 nan
7.975000000000000533e+00 nan
8.025000000000002132e+00 nan
8.075000000000001066e+00 nan
8.125000000000000000e+00 nan
8.175000000000000711e+00 nan
8.225000000000001421e+00 nan
8.275000000000002132e+00 nan
8.325000000000001066e+00 nan
8.375000000000001776e+00 nan
8.425000000000000711e+00 nan
8.475000000000001421e+00 nan
8.525000000000002132e+00 nan
8.575000000000001066e+00 nan
8.625000000000001776e+00 nan
8.675000000000000711e+00 nan
8.725000000000001421e+00 nan
8.775000000000002132e+00 nan
8.825000000000001066e+00 nan
8.875000000000001776e+00 nan
8.925000000000000711e+00 nan
8.975000000000001421e+00 nan
9.025000000000002132e+00 nan
9.075000000000001066e+00 nan
9.125000000000001776e+00 nan
9.175000000000000711e+00 nan
9.225000000000001421e+00 nan
9.275000000000002132e+00 nan
9.325000000000001066e+00 nan
9.375000000000001776e+00 nan
9.425000000000000711e+00 nan
9.475000000000001421e+00 nan
9.525000000000002132e+00 nan
9.575000000000001066e+00 nan
9.625000000000001776e+00 nan
9.675000000000000711e+00 nan
9.725000000000001421e+00 nan
9.775000000000002132e+00 nan
9.825000000000001066e+00 nan
9.875000000000001776e+00 nan
9.925000000000000711e+00 nan
9.975000000000001421e+00 nan
1.002500000000000213e+01 nan
1.007500000000000107e+01 nan
1.012500000000000178e+01 nan
1.017500000000000071e+01 nan
1.022500000000000142e+01 nan
1.027500000000000213e+01 nan
1.032500000000000107e+01 nan
1.037500000000000178e+01 nan
1.042500000000000071e+01 nan
1.047500000000000142e+01 nan
1.052500000000000213e+01 nan
1.057500000000000107e+01 nan
1.062500000000000178e+01 nan
1.067500000000000071e+01 nan
1.072500000000000142e+01 nan
1.077500000000000213e+01 nan
1.082500000000000107e+01 nan
1.087500000000000178e+01 nan
1.092500000000000071e+01 nan
1.097500000000000142e+01 nan
1.102500000000000213e+01 nan
1.107500000000000107e+01 nan
1.112500000000000178e+01 nan
1.117500000000000071e+01 nan
1.122500000000000142e+01 nan
1.127500000000000213e+01 nan
1.132500000000000107e+01 nan
1.137500000000000178e+01 nan
1.142500000000000071e+01 nan
1.147500000000000142e+01 nan
1.152500000000000213e+01 nan
1.157500000000000107e+01 nan
1.162500000000000178e+01 nan
1.167500000000000071e+01 nan
1.172500000000000142e+01 nan
1.177500000000000213e+01 nan
1.182500000000000107e+01 nan
1.187500000000000178e+01 nan
1.192500000000000071e+01 nan
1.197500000000000142e+01 nan
1.202500000000000213e+01 nan
1.207500000000000107e+01 nan
1.212500000000000178e+01 nan
1.217500000000000071e+01 nan
1.222500000000000142e+01 nan
1.227500000000000213e+01 nan
1.232500000000000107e+01 nan
1.237500000000000178e+01 nan
1.242500000000000071e+01 nan
1.247500000000000142e+01 nan
1.252500000000000213e+01 nan
1.257500000000000107e+01 nan
1.262500000000000178e+01 nan
1.267500000000000071e+01 nan
1.272500000000000142e+01 nan
1.277500000000000213e+01 nan
1.282500000000000107e+01 nan
1.287500000000000178e+01 nan
1.292500000000000071e+01 nan
1.297500000000000142e+01 nan
1.302500000000000213e+01 nan
1.307500000000000107e+01 nan
1.312500000000000178e+01 nan
1.317500000000000071e+01 nan
1.322500000000000142e+01 nan
1.327500000000000213e+01 nan
1.332500000000000107e+01 nan
1.337500000000000178e+01 nan
1.342500000000000071e+01 nan
1.347500000000000142e+01 nan
1.352500000000000213e+01 nan
1.357500000000000107e+01 nan
1.362500000000000178e+01 nan
1.367500000000000071e+01 nan
1.372500000000000142e+01 nan
1.377500000000000213e+01 nan
1.382500000000000107e+01 nan
1.387500000000000178e+01 nan
1.392500000000000071e+01 nan
1.397500000000000142e+01 nan
1.402500000000000213e+01 nan
1.407500000000000107e+01 nan
1.412500000000000178e+01 nan
1.417500000000000071e+01 nan
1.422500000000000142e+01 nan
1.427500000000000213e+01 nan
1.432500000000000107e+01 nan
1.437500000000000178e+01 nan
1.442500000000000071e+01 nan
1.447500000000000142e+01 nan
1.452500000000000213e+01 nan
1.457500000000000107e+01 nan
1.462500000000000178e+01 nan
1.467500000000000071e+01 nan
1.472500000000000142e+01 nan
1.477500000000000213e+01 nan
1.482499999999999929e+01 nan
1.487500000000000355e+01 nan
1.492500000000000071e+01 nan
1.497500000000000142e+01 nan
1.502500000000000213e+01 nan
1.507499999999999929e+01 nan
1.512500000000000355e+01 nan
1.517500000000000071e+01 nan
1.522500000000000142e+01 nan
1.527500000000000213e+01 nan
1.532499999999999929e+01 nan
1.537500000000000355e+01 nan
1.542500000000000071e+01 nan
1.547500000000000142e+01 nan
1.552500000000000213e+01 nan
1.557499999999999929e+01 nan
1.562500000000000355e+01 nan
1.567500000000000071e+01 nan
1.572500000000000142e+01 nan
1.577500000000000213e+01 nan
1.582499999999999929e+01 nan
1.587500000000000355e+01 nan
1.592500000000000071e+01 nan
1.597500000000000142e+01 nan
1.602500000000000213e+01 nan
1.607499999999999929e+01 nan
1.612500000000000355e+01 nan
1.617500000000000071e+01 nan
1.622500000000000142e+01 nan
1.627500000000000213e+01 nan
1.632499999999999929e+01 nan
1.637500000000000355e+01 nan
1.642500000000000071e+01 nan
1.647500000000000142e+01 nan
1.652500000000000213e+01 nan
1.657499999999999929e+01 nan
1.662500000000000355e+01 nan
1.667500000000000071e+01 nan
1.672500000000000142e+01 nan
1.677500000000000213e+01 nan
1.682499999999999929e+01 nan
1.687500000000000355e+01 nan
1.692500000000000071e+01 nan
1.697500000000000142e+01 nan
1.702500000000000213e+01 nan
1.707499999999999929e+01 nan
1.712500000000000355e+01 nan
1.717500000000000071e+01 nan
1.722500000000000142e+01 nan
1.727500000000000213e+01 nan
1.732499999999999929e+01 nan
1.737500000000000355e+01 nan
1.742500000000000071e+01 nan
1.747500000000000142e+01 nan
1.752500000000000213e+01 nan
1.757499999999999929e+01 nan
1.762500000000000355e+01 nan
1.767500000000000071e+01 nan
1.772500000000000142e+01 nan
1.777500000000000213e+01 nan
1.782499999999999929e+01 nan
1.787500000000000355e+01 nan
1.792500000000000071e+01 nan
1.797500000000000497e+01 nan
1.802500000000000213e+01 nan
1.807499999999999929e+01 nan
1.812500000000000355e+01 nan
1.817500000000000071e+01 nan
1.822500000000000497e+01 nan
1.827500000000000213e+01 nan
1.832499999999999929e+01 nan
1.837500000000000355e+01 nan
1.842500000000000071e+01 nan
1.847500000000000497e+01 nan
1.852500000000000213e+01 nan
1.857499999999999929e+01 nan
1.862500000000000355e+01 nan
1.867500000000000071e+01 nan
1.872500000000000497e+01 nan
1.877500000000000213e+01 nan
