# r_minus_2Rs_A, PMF_over_kBT
-5.521399999999996311e-01 2.991837748291630561e+01
-5.380015660000001532e-01 4.487013000572188304e+01
-5.238631309999997043e-01 5.979372761541860370e+01
-5.097246970000002264e-01 5.967964449267811489e+01
-4.955862629999998603e-01 5.938492241089245738e+01
-4.814478280000002997e-01 5.873479214360431655e+01
-4.673093939999999336e-01 5.746862454085673022e+01
-4.531709599999995675e-01 5.526629994996059736e+01
-4.390325250000000068e-01 5.182364237916873151e+01
-4.248940909999996407e-01 4.697063573613982612e+01
-4.107556570000001628e-01 4.078767585902954096e+01
-3.966172219999997139e-01 3.365178470145608003e+01
-3.824787880000002360e-01 2.616681867096178138e+01
-3.683403539999998699e-01 1.898936108429893466e+01
-3.542019190000003093e-01 1.263093024529958797e+01
-3.400634849999999432e-01 7.327422026238151531e+00
-3.259250509999995771e-01 3.035769676989284349e+00
-3.117866160000000164e-01 -4.597804048432294621e-01
-2.976481819999996503e-01 -3.401557104436738754e+00
-2.835097470000000897e-01 -5.956462783753185164e+00
-2.693713129999997236e-01 -8.190975370375253917e+00
-2.552328790000002456e-01 -1.010623420731060484e+01
-2.410944439999997968e-01 -1.169378552763803469e+01
-2.269560100000003189e-01 -1.297102494985970367e+01
-2.128175759999999528e-01 -1.398209163390171028e+01
-1.986791410000003921e-01 -1.478291940291796891e+01
-1.845407070000000260e-01 -1.542434428096779087e+01
-1.704022729999996599e-01 -1.594276171095091144e+01
-1.562638380000000993e-01 -1.636095157189421556e+01
-1.421254039999997332e-01 -1.668770636017983477e+01
-1.279869700000002553e-01 -1.692257465231785218e+01
-1.138485349999998064e-01 -1.706454991965137324e+01
-9.971010100000032850e-02 -1.712293507152221395e+01
-8.557166699999996240e-02 -1.712029800933290247e+01
-7.143323200000040174e-02 -1.708264310931525998e+01
-5.729479800000003564e-02 -1.702479291247238891e+01
-4.315636399999966955e-02 -1.694605764541382698e+01
-2.901792900000010889e-02 -1.683706675151026744e+01
-1.487949499999974279e-02 -1.669508212470855923e+01
-7.410610000002648690e-04 -1.653136858552713306e+01
1.339737400000018397e-02 -1.636194669446784289e+01
2.753580799999966189e-02 -1.619666047099425299e+01
4.167424199999913981e-02 -1.603339896113901020e+01
5.581267700000047682e-02 -1.586651764672116727e+01
6.995111099999995474e-02 -1.569099907755225942e+01
8.408954499999943266e-02 -1.551007884033305828e+01
9.822798000000076968e-02 -1.533072337077312497e+01
1.123664140000002476e-01 -1.515730697966987961e+01
1.265048479999997255e-01 -1.499074891019146349e+01
1.406432829999992862e-01 -1.482568919773727956e+01
1.547817170000005405e-01 -1.465926488724816323e+01
1.689201520000001011e-01 -1.448932670557179136e+01
1.830585859999995790e-01 -1.431773262385830137e+01
1.971970200000008333e-01 -1.414814970285947382e+01
2.113354550000003940e-01 -1.398097690271127291e+01
2.254738889999998719e-01 -1.381523127637595039e+01
2.396123229999993498e-01 -1.365028455756749182e+01
2.537507580000006868e-01 -1.348606654609359978e+01
2.678891920000001647e-01 -1.332477049619992826e+01
2.820276259999996427e-01 -1.316657080933331514e+01
2.961660609999992033e-01 -1.300800378754736641e+01
3.103044950000004576e-01 -1.284538857507438081e+01
3.244429289999999355e-01 -1.267864844882961251e+01
3.385813639999994962e-01 -1.251323185117076520e+01
3.527197980000007504e-01 -1.235419882760085741e+01
3.668582320000002284e-01 -1.220277863404571761e+01
3.809966669999997890e-01 -1.205333205122552442e+01
3.951351009999992669e-01 -1.190112364429498726e+01
4.092735350000005212e-01 -1.174678247463607050e+01
4.234119700000000819e-01 -1.159628858842220467e+01
4.375504039999995598e-01 -1.145494720593770666e+01
4.516888380000008141e-01 -1.131911170853090454e+01
4.658272730000003747e-01 -1.117814397556455930e+01
4.799657069999998527e-01 -1.102592318986615538e+01
4.941041409999993306e-01 -1.086533284209945194e+01
5.082425760000006676e-01 -1.070785784803665663e+01
5.223810100000001455e-01 -1.056240205594596304e+01
5.365194439999996234e-01 -1.042492093902676231e+01
5.506578789999991841e-01 -1.028565621687450360e+01
5.647963130000004384e-01 -1.013633595803128529e+01
5.789347469999999163e-01 -9.978735400807309475e+00
5.930731819999994769e-01 -9.822113181841629626e+00
6.072116160000007312e-01 -9.673241451499777099e+00
6.213500510000002919e-01 -9.528530709119841902e+00
6.354884849999997698e-01 -9.380200924772832849e+00
6.496269189999992477e-01 -9.225196081023305794e+00
6.637653540000005847e-01 -9.067780569786378919e+00
6.779037880000000627e-01 -8.916692151921488119e+00
6.920422219999995406e-01 -8.773625737406373304e+00
7.061806570000008776e-01 -8.635275900669824978e+00
7.203190910000003555e-01 -8.497857504761544334e+00
7.344575249999998334e-01 -8.361346501847888746e+00
7.485959599999993941e-01 -8.230516999188930427e+00
7.627343940000006484e-01 -8.107881748471342576e+00
7.768728280000001263e-01 -7.987445446303265584e+00
7.910112629999996869e-01 -7.861853529868012558e+00
8.051496969999991649e-01 -7.730125104000540759e+00
8.192881310000004191e-01 -7.594626647810528652e+00
8.334265659999999798e-01 -7.459573032915933766e+00
8.475649999999994577e-01 -7.325602291166273261e+00
8.617034340000007120e-01 -7.192843028361673774e+00
8.758418690000002726e-01 -7.064017736033994410e+00
8.899803029999997506e-01 -6.941685788849193628e+00
9.041187369999992285e-01 -6.822381493809423603e+00
9.182571720000005655e-01 -6.694394121388214103e+00
9.323956060000000434e-01 -6.549163038095748846e+00
9.465340399999995213e-01 -6.390848579228551429e+00
9.606724750000008584e-01 -6.236004440326457399e+00
9.748109090000003363e-01 -6.101158448449194083e+00
9.889493429999998142e-01 -5.984737394602680283e+00
1.003087777999999375e+00 -5.871038222614583191e+00
1.017226212000000629e+00 -5.747141870089908622e+00
1.031364646000000107e+00 -5.614174978578441610e+00
1.045503080999999668e+00 -5.488044825675373772e+00
1.059641514999999146e+00 -5.378346786301015925e+00
1.073779949000000400e+00 -5.280619339964266246e+00
1.087918383999999961e+00 -5.179932027378571391e+00
1.102056817999999438e+00 -5.060267618139999257e+00
1.116195253000000776e+00 -4.920656316596407009e+00
1.130333687000000253e+00 -4.768846608778721574e+00
1.144472120999999731e+00 -4.615903593526031301e+00
1.158610555999999292e+00 -4.471221428998106262e+00
1.172748990000000546e+00 -4.338310474871963862e+00
1.186887424000000024e+00 -4.215813958958090524e+00
1.201025858999999585e+00 -4.095596544459555233e+00
1.215164293000000839e+00 -3.970071560612304040e+00
1.229302727000000317e+00 -3.838221429945775753e+00
1.243441161999999878e+00 -3.710501846186460284e+00
1.257579595999999356e+00 -3.600521692319041733e+00
1.271718030000000610e+00 -3.509090174620467906e+00
1.285856465000000171e+00 -3.424730287014398300e+00
1.299994898999999648e+00 -3.330775800746737403e+00
1.314133332999999126e+00 -3.220174449709297448e+00
1.328271768000000463e+00 -3.103882767374157581e+00
1.342410201999999941e+00 -2.995597516470681398e+00
1.356548635999999419e+00 -2.897515002695554287e+00
1.370687071000000756e+00 -2.798762580678674894e+00
1.384825505000000234e+00 -2.687862398822936427e+00
1.398963938999999712e+00 -2.566014953013539213e+00
1.413102373999999273e+00 -2.449146178067024948e+00
1.427240808000000527e+00 -2.352786410314479326e+00
1.441379242000000005e+00 -2.274664953568164449e+00
1.455517676999999566e+00 -2.196200252505349226e+00
1.469656111000000820e+00 -2.097406987188428218e+00
1.483794545000000298e+00 -1.975003001934068081e+00
1.497932979999999858e+00 -1.847688333212468947e+00
1.512071413999999336e+00 -1.740344658685046397e+00
1.526209848000000591e+00 -1.660993417685771689e+00
1.540348283000000151e+00 -1.594188686216510220e+00
1.554486716999999629e+00 -1.514171512062910452e+00
1.568625151999999190e+00 -1.412186423548559944e+00
1.582763586000000444e+00 -1.304961318409674220e+00
1.596902019999999922e+00 -1.218370217186146576e+00
1.611040454999999483e+00 -1.161075435522473498e+00
1.625178889000000737e+00 -1.111123136705099768e+00
1.639317323000000215e+00 -1.035000325690276668e+00
1.653455757999999776e+00 -9.186516166782308090e-01
1.667594191999999254e+00 -7.843272257043860662e-01
1.681732626000000508e+00 -6.696301656342669162e-01
1.695871061000000068e+00 -5.960959979305595624e-01
1.710009494999999546e+00 -5.497083987940794003e-01
1.724147929000000801e+00 -4.963135177063993098e-01
1.738286364000000361e+00 -4.127265982284864521e-01
1.752424797999999839e+00 -3.025004118849725643e-01
1.766563231999999317e+00 -1.916541441254615563e-01
1.780701667000000654e+00 -9.924502318701478032e-02
1.794840101000000132e+00 -2.496057946366647684e-02
1.808978534999999610e+00 4.371380595232388089e-02
1.823116969999999171e+00 1.163572814408748712e-01
1.837255404000000425e+00 1.920769087090494764e-01
1.851393837999999903e+00 2.626359990891788954e-01
1.865532272999999464e+00 3.243481704840895929e-01
1.879670707000000718e+00 3.810901941239865920e-01
1.893809141000000196e+00 4.355177144136135325e-01
1.907947575999999756e+00 4.856255852329685041e-01
1.922086009999999234e+00 5.290680170154544726e-01
1.936224444000000489e+00 5.705662724021305365e-01
1.950362879000000049e+00 6.199061435108230711e-01
1.964501312999999527e+00 6.856171803032822254e-01
1.978639747000000781e+00 7.632936075304144197e-01
1.992778182000000342e+00 8.354463684536348467e-01
2.006916615999999820e+00 8.859397561638466811e-01
2.021055050999999381e+00 9.151023080696756296e-01
2.035193485000000635e+00 9.376746644349491788e-01
2.049331919000000113e+00 9.711874627224101886e-01
2.063470353999999674e+00 1.025013450470527943e+00
2.077608787999999151e+00 1.090441831449274090e+00
2.091747222000000406e+00 1.150955414542526256e+00
2.105885656999999966e+00 1.199376846503357186e+00
2.120024090999999444e+00 1.241558729348755108e+00
2.134162525000000699e+00 1.287061173436210737e+00
2.148300960000000259e+00 1.341255303122842690e+00
2.162439393999999737e+00 1.398893817384665894e+00
2.176577827999999215e+00 1.446662447409941876e+00
2.190716263000000552e+00 1.481003361291158171e+00
2.204854697000000030e+00 1.512111683675325224e+00
2.218993130999999508e+00 1.552001255616001885e+00
2.233131566000000845e+00 1.607164932814260538e+00
2.247270000000000323e+00 1.668355311719373901e+00
2.261408433999999801e+00 1.718391526800802538e+00
2.275546868999999361e+00 1.746827092983314955e+00
2.289685303000000616e+00 1.758843730456124632e+00
2.303823737000000094e+00 1.773883513558386582e+00
2.317962171999999654e+00 1.806813607731042381e+00
2.332100605999999132e+00 1.856085498195712447e+00
2.346239040000000386e+00 1.904254642066604220e+00
2.360377474999999947e+00 1.933323788528753084e+00
2.374515908999999425e+00 1.943343231064094567e+00
2.388654343000000679e+00 1.957080360531719521e+00
2.402792778000000240e+00 1.995103004378956157e+00
2.416931211999999718e+00 2.056431742092048154e+00
2.431069645999999196e+00 2.117849840535086514e+00
2.445208081000000533e+00 2.152040330258426337e+00
2.459346515000000011e+00 2.155277699335288233e+00
2.473484948999999489e+00 2.149670922249670824e+00
2.487623384000000826e+00 2.160468158140806949e+00
2.501761818000000304e+00 2.189507806299069159e+00
2.515900252999999864e+00 2.218663398090061634e+00
2.530038686999999342e+00 2.229909572581725286e+00
2.544177121000000596e+00 2.224427460558363379e+00
2.558315556000000157e+00 2.222254154833171569e+00
2.572453989999999635e+00 2.239079380581092238e+00
2.586592423999999113e+00 2.272204086486318886e+00
2.600730859000000450e+00 2.304920866859266226e+00
2.614869292999999928e+00 2.324922722243108808e+00
2.629007726999999406e+00 2.337690384110247876e+00
2.643146162000000743e+00 2.356111890205641046e+00
2.657284596000000221e+00 2.389602006765116471e+00
2.671423029999999699e+00 2.435908312567233835e+00
2.685561464999999259e+00 2.481073497825558860e+00
2.699699899000000514e+00 2.513500111889728217e+00
2.713838332999999992e+00 2.529527781491408334e+00
2.727976767999999552e+00 2.532821598991976231e+00
2.742115202000000806e+00 2.532096348792117979e+00
2.756253636000000284e+00 2.534793552997719246e+00
2.770392070999999845e+00 2.544862103539051290e+00
2.784530504999999323e+00 2.560348917288935766e+00
2.798668939000000577e+00 2.577184586245332198e+00
2.812807374000000138e+00 2.592887889651045441e+00
2.826945807999999616e+00 2.603880145239829247e+00
2.841084242000000870e+00 2.609811759096940520e+00
2.855222677000000431e+00 2.609703985198747134e+00
2.869361110999999909e+00 2.605019315689983017e+00
2.883499544999999387e+00 2.599181308809376034e+00
2.897637980000000724e+00 2.593820737462042558e+00
2.911776414000000202e+00 2.587213419173071571e+00
2.925914847999999679e+00 2.571130485304026436e+00
2.940053282999999240e+00 2.541912704141985557e+00
2.954191717000000494e+00 2.504501585091190918e+00
2.968330152000000055e+00 2.468964050288395384e+00
2.982468585999999533e+00 2.443567053449795523e+00
2.996607020000000787e+00 2.427381644524283288e+00
3.010745455000000348e+00 2.410904405826125085e+00
3.024883888999999826e+00 2.389245582031470860e+00
3.039022322999999304e+00 2.368462613589807475e+00
3.053160758000000641e+00 2.358245729491818210e+00
3.067299192000000119e+00 2.364152665928767050e+00
3.081437625999999597e+00 2.384420629381871493e+00
3.095576060999999157e+00 2.411730610035869304e+00
3.109714495000000412e+00 2.441900520437322086e+00
3.123852928999999889e+00 2.475627959229703023e+00
3.137991363999999450e+00 2.512007552954552025e+00
3.152129798000000704e+00 2.545231421482938572e+00
3.166268232000000182e+00 2.569306149170431652e+00
3.180406666999999743e+00 2.585567880852289946e+00
3.194545100999999221e+00 2.602685502435209131e+00
3.208683535000000475e+00 2.631109932375370164e+00
3.222821970000000036e+00 2.670236209932202343e+00
3.236960403999999514e+00 2.709266448662338789e+00
3.251098838000000768e+00 2.737968185317514624e+00
3.265237273000000329e+00 2.757478353582719421e+00
3.279375706999999807e+00 2.780973894020736026e+00
3.293514140999999285e+00 2.818437259744747792e+00
3.307652576000000622e+00 2.866084725963434110e+00
3.321791010000000099e+00 2.905331007021278111e+00
3.335929443999999577e+00 2.919931421749099698e+00
3.350067878999999138e+00 2.912819754622537616e+00
3.364206313000000392e+00 2.901260351511043112e+00
3.378344746999999870e+00 2.905013205028900813e+00
3.392483181999999431e+00 2.928163840855507516e+00
3.406621616000000685e+00 2.954543904172295399e+00
3.420760051000000246e+00 2.964364647742376846e+00
3.434898484999999724e+00 2.949287354623001178e+00
3.449036918999999202e+00 2.919357659587502596e+00
3.463175354000000539e+00 2.897205686883518538e+00
3.477313788000000017e+00 2.900571850216826064e+00
3.491452221999999495e+00 2.932612985845635123e+00
3.505590657000000832e+00 2.981761369224710023e+00
3.519729091000000309e+00 3.030421474621721956e+00
3.533867524999999787e+00 3.065359265953961909e+00
3.548005959999999348e+00 3.079168974078088539e+00
3.562144394000000602e+00 3.069359400599083187e+00
3.576282828000000080e+00 3.040339189675169251e+00
3.590421262999999641e+00 3.000130606275789091e+00
3.604559696999999119e+00 2.961815239667004107e+00
3.618698131000000373e+00 2.936412168120126509e+00
3.632836565999999934e+00 2.921383939105654193e+00
3.646974999999999412e+00 2.905180822132551910e+00
3.661113434000000666e+00 2.875888330554142058e+00
3.675251869000000227e+00 2.835936333697970824e+00
3.689390302999999705e+00 2.803296282607382395e+00
3.703528736999999182e+00 2.797978005718846362e+00
3.717667172000000519e+00 2.824254511960027969e+00
3.731805605999999997e+00 2.865303508425917300e+00
3.745944039999999475e+00 2.897231960895322089e+00
3.760082475000000812e+00 2.902492280477794395e+00
3.774220909000000290e+00 2.882964531288818577e+00
3.788359342999999768e+00 2.854631702579682795e+00
3.802497777999999329e+00 2.830533098933241121e+00
3.816636212000000583e+00 2.819188999228501302e+00
3.830774646000000061e+00 2.819704321996770346e+00
3.844913080999999622e+00 2.827441792714635582e+00
3.859051515000000876e+00 2.840467782767639449e+00
3.873189949000000354e+00 2.855083812548814493e+00
3.887328383999999915e+00 2.868195050365020649e+00
3.901466817999999392e+00 2.874761162086839406e+00
3.915605253000000729e+00 2.870863741176474804e+00
3.929743687000000207e+00 2.856770395910839255e+00
3.943882120999999685e+00 2.832777010152854658e+00
3.958020555999999246e+00 2.805715666928801255e+00
3.972158990000000500e+00 2.782096279689767471e+00
3.986297423999999978e+00 2.766486324121045115e+00
4.000435858999999539e+00 2.761512040275469815e+00
4.014574293000000793e+00 2.760599085082176884e+00
4.028712727000000271e+00 2.755839655446774117e+00
4.042851161999999832e+00 2.740081787481896569e+00
4.056989595999999310e+00 2.715732146434428174e+00
4.071128030000000564e+00 2.695643990753861630e+00
4.085266465000000125e+00 2.693659380355544641e+00
4.099404898999999602e+00 2.716100035256683753e+00
4.113543333000000857e+00 2.755387293516140090e+00
4.127681768000000417e+00 2.793053662723885111e+00
4.141820201999999895e+00 2.814211781861963857e+00
4.155958635999999373e+00 2.819016079244711648e+00
4.170097071000000710e+00 2.818392548202181658e+00
4.184235505000000188e+00 2.824856742488645267e+00
4.198373938999999666e+00 2.840526950029667930e+00
4.212512373999999227e+00 2.855532080541484774e+00
4.226650808000000481e+00 2.860654903519247227e+00
4.240789241999999959e+00 2.858248298758743644e+00
4.254927676999999520e+00 2.856796200750386205e+00
4.269066111000000774e+00 2.861185746666592422e+00
4.283204545000000252e+00 2.868212821400083712e+00
4.297342979999999812e+00 2.871111838409881045e+00
4.311481413999999290e+00 2.872468706417537376e+00
4.325619848000000545e+00 2.883782096381322546e+00
4.339758283000000105e+00 2.912276209762005408e+00
4.353896716999999583e+00 2.948087193000603179e+00
4.368035151999999144e+00 2.969670919492564565e+00
4.382173586000000398e+00 2.965978374548150498e+00
4.396312019999999876e+00 2.949589672933294437e+00
4.410450454999999437e+00 2.946191780522180892e+00
4.424588889000000691e+00 2.970530386838278858e+00
4.438727323000000169e+00 3.010962560416720279e+00
4.452865757999999730e+00 3.037156452232485648e+00
4.467004191999999207e+00 3.032584959812911762e+00
4.481142626000000462e+00 3.007208987761799790e+00
4.495281061000000022e+00 2.986334686994450038e+00
4.509419494999999500e+00 2.988086472397727178e+00
4.523557929000000755e+00 3.004054820773950141e+00
4.537696364000000315e+00 3.009298302656967294e+00
4.551834797999999793e+00 2.989793033197205574e+00
4.565973231999999271e+00 2.954073341073726766e+00
4.580111667000000608e+00 2.926270700633267552e+00
4.594250101000000086e+00 2.925729916645448014e+00
4.608388534999999564e+00 2.948516598376540898e+00
4.622526969999999125e+00 2.971758188180489313e+00
4.636665404000000379e+00 2.973424824640453323e+00
4.650803837999999857e+00 2.952938813739709900e+00
4.664942272999999417e+00 2.930637147130514819e+00
4.679080707000000672e+00 2.929318980113547966e+00
4.693219141000000150e+00 2.952132487002753436e+00
4.707357575999999710e+00 2.979924431330106316e+00
4.721496009999999188e+00 2.989698658985524560e+00
4.735634444000000443e+00 2.976035868743414525e+00
4.749772879000000003e+00 2.958336782790398800e+00
4.763911312999999481e+00 2.958980039541861728e+00
4.778049747000000735e+00 2.980612662555985892e+00
4.792188182000000296e+00 3.009127501061866994e+00
4.806326615999999774e+00 3.025227206685247694e+00
4.820465050999999335e+00 3.026705240271457598e+00
4.834603485000000589e+00 3.026846054905982797e+00
4.848741919000000067e+00 3.033784093451027175e+00
4.862880353999999627e+00 3.041633205046778698e+00
4.877018788000000882e+00 3.035652218610170650e+00
4.891157222000000360e+00 3.013835275620932563e+00
4.905295656999999920e+00 2.992828580973295516e+00
4.919434090999999398e+00 2.995134704821957428e+00
4.933572525000000653e+00 3.024735112787855229e+00
4.947710960000000213e+00 3.057843668423183559e+00
4.961849393999999691e+00 3.062300938604952449e+00
4.975987827999999169e+00 3.022340808579876636e+00
4.990126263000000506e+00 2.957589706042657696e+00
5.004264696999999984e+00 2.907976634915870662e+00
5.018403130999999462e+00 2.902182382330741106e+00
5.032541566000000799e+00 2.937719103028356926e+00
5.046680000000000277e+00 2.983265533138830250e+00
5.060818433999999755e+00 3.007413892646294329e+00
5.074956868999999315e+00 3.002264541403405929e+00
5.089095303000000570e+00 2.981504458393620993e+00
5.103233737000000048e+00 2.965212670003014139e+00
5.117372171999999608e+00 2.956559503131936495e+00
5.131510606000000863e+00 2.946539375101698610e+00
5.145649040000000340e+00 2.931724193217091212e+00
5.159787474999999901e+00 2.919695859491312717e+00
5.173925908999999379e+00 2.926099533777710704e+00
5.188064343000000633e+00 2.952426035913324753e+00
5.202202778000000194e+00 2.981880994637721827e+00
5.216341211999999672e+00 2.992000052659488318e+00
5.230479645999999150e+00 2.976091838154983904e+00
5.244618081000000487e+00 2.947900185300438736e+00
5.258756514999999965e+00 2.928504079982877428e+00
5.272894948999999443e+00 2.929902572266970040e+00
5.287033384000000780e+00 2.944139346927499901e+00
5.301171818000000258e+00 2.955016482100333519e+00
5.315310252999999818e+00 2.952903723212346065e+00
5.329448686999999296e+00 2.940991471158891812e+00
5.343587121000000550e+00 2.931035775319871917e+00
5.357725556000000111e+00 2.932707559748543247e+00
5.371863989999999589e+00 2.946847661498841475e+00
5.386002424000000843e+00 2.966007325673860606e+00
5.400140859000000404e+00 2.981106970152779923e+00
5.414279292999999882e+00 2.990969606783044910e+00
5.428417726999999360e+00 2.999370492235630792e+00
5.442556162000000697e+00 3.010732577571053170e+00
5.456694596000000175e+00 3.023628235237277195e+00
5.470833029999999653e+00 3.027272712183405545e+00
5.484971464999999213e+00 3.013070621684109440e+00
5.499109899000000468e+00 2.981344022272304883e+00
5.513248332999999946e+00 2.946751314724169291e+00
5.527386767999999506e+00 2.927313420335529770e+00
5.541525202000000760e+00 2.930862786628031458e+00
5.555663636000000238e+00 2.949867303044181099e+00
5.569802070999999799e+00 2.966171952449894178e+00
5.583940504999999277e+00 2.968016614581891588e+00
5.598078939000000531e+00 2.956488000130198301e+00
5.612217374000000092e+00 2.941998966757154221e+00
5.626355807999999570e+00 2.936121389318314456e+00
5.640494242000000824e+00 2.937477941687239635e+00
5.654632677000000385e+00 2.936028822774835234e+00
5.668771110999999863e+00 2.926294332878603299e+00
5.682909544999999341e+00 2.913118200346479725e+00
5.697047980000000678e+00 2.913157995338449879e+00
5.711186414000000156e+00 2.941003070691252219e+00
5.725324847999999633e+00 2.991606372776100642e+00
5.739463282999999194e+00 3.041246412357414997e+00
5.753601717000000448e+00 3.067452621944774194e+00
5.767740152000000009e+00 3.066812341344412829e+00
5.781878585999999487e+00 3.057361900026515755e+00
5.796017020000000741e+00 3.061379185298862993e+00
5.810155455000000302e+00 3.082541463988137664e+00
5.824293888999999780e+00 3.104301545919897265e+00
5.838432322999999258e+00 3.111698802519141438e+00
5.852570758000000595e+00 3.105892102508624575e+00
5.866709192000000073e+00 3.105728923738844571e+00
5.880847625999999551e+00 3.126874386305054543e+00
5.894986061000000888e+00 3.164338715342706720e+00
5.909124495000000366e+00 3.198584135114813876e+00
5.923262928999999843e+00 3.210077934387369325e+00
5.937401363999999404e+00 3.201802978579959102e+00
5.951539798000000658e+00 3.189698541916966334e+00
5.965678232000000136e+00 3.186223987964632798e+00
5.979816666999999697e+00 3.190407815007784365e+00
5.993955100999999175e+00 3.190044297232654813e+00
6.008093535000000429e+00 3.177083806554579226e+00
6.022231969999999990e+00 3.158242109607957815e+00
6.036370403999999468e+00 3.148639201509070062e+00
6.050508838000000722e+00 3.154018946716350413e+00
6.064647273000000283e+00 3.167884805375523527e+00
6.078785706999999761e+00 3.175095553855946662e+00
6.092924140999999238e+00 3.166603457546710132e+00
6.107062576000000576e+00 3.143417494621424169e+00
6.121201010000000053e+00 3.115801083348138434e+00
6.135339443999999531e+00 3.092649174885744756e+00
6.149477879000000868e+00 3.077378509952318097e+00
6.163616313000000346e+00 3.071577805811813278e+00
6.177754746999999824e+00 3.074681426812709617e+00
6.191893181999999385e+00 3.088018317830892201e+00
6.206031616000000639e+00 3.111888644839220674e+00
6.220170051000000200e+00 3.145187956596213752e+00
6.234308484999999678e+00 3.182264298622754950e+00
6.248446918999999156e+00 3.216800956856099347e+00
6.262585354000000493e+00 3.242827014500587524e+00
6.276723787999999971e+00 3.258383324854349894e+00
6.290862221999999448e+00 3.269656099268178906e+00
6.305000657000000786e+00 3.286268716718240057e+00
6.319139091000000263e+00 3.311837288854963646e+00
6.333277524999999741e+00 3.338804722478352360e+00
6.347415959999999302e+00 3.353375537498097358e+00
6.361554394000000556e+00 3.345538754239917978e+00
6.375692828000000034e+00 3.321753326888918778e+00
6.389831262999999595e+00 3.298823613062920046e+00
6.403969697000000849e+00 3.292617347247199788e+00
6.418108131000000327e+00 3.304444401657528729e+00
6.432246565999999888e+00 3.320434896458962726e+00
6.446384999999999366e+00 3.324424688683835782e+00
6.460523434000000620e+00 3.308242078901564298e+00
6.474661869000000181e+00 3.277290641437730301e+00
6.488800302999999658e+00 3.243364874904377970e+00
6.502938736999999136e+00 3.216901134999146095e+00
6.517077172000000473e+00 3.200599677950471289e+00
6.531215605999999951e+00 3.189563499434362015e+00
6.545354039999999429e+00 3.177295769954492144e+00
6.559492475000000766e+00 3.162273732803818405e+00
6.573630909000000244e+00 3.151005002335599769e+00
6.587769342999999722e+00 3.155224962569599612e+00
6.601907777999999283e+00 3.182348045153990057e+00
6.616046212000000537e+00 3.229401334409987001e+00
6.630184646000000015e+00 3.280994626583479956e+00
6.644323080999999576e+00 3.318623053936304856e+00
6.658461515000000830e+00 3.334585557532186328e+00
6.672599949000000308e+00 3.332071178746742746e+00
6.686738383999999868e+00 3.322065414971969943e+00
6.700876817999999346e+00 3.309868841790372329e+00
6.715015253000000683e+00 3.290144966930039772e+00
6.729153687000000161e+00 3.257435932947442936e+00
6.743292120999999639e+00 3.217683517006944882e+00
6.757430555999999200e+00 3.188161992255878374e+00
6.771568990000000454e+00 3.185717806126858065e+00
6.785707423999999932e+00 3.211827793784088669e+00
6.799845858999999493e+00 3.248632111247927057e+00
6.813984293000000747e+00 3.274465436888371883e+00
6.828122727000000225e+00 3.281728337129683482e+00
6.842261161999999786e+00 3.281173937962382325e+00
6.856399595999999264e+00 3.289846707081276023e+00
6.870538030000000518e+00 3.314253496042008251e+00
6.884676465000000078e+00 3.346988194999145350e+00
6.898814898999999556e+00 3.374042865488775078e+00
6.912953333000000811e+00 3.388661902262779080e+00
6.927091768000000371e+00 3.393955250285262792e+00
6.941230201999999849e+00 3.397364068159738792e+00
6.955368635999999327e+00 3.402862363512085153e+00
6.969507071000000664e+00 3.407305407084017190e+00
6.983645505000000142e+00 3.406497445191968509e+00
6.997783938999999620e+00 3.396191118981302992e+00
7.011922373999999181e+00 3.376003929487797706e+00
7.026060808000000435e+00 3.348335650418558629e+00
7.040199241999999913e+00 3.316274995148427607e+00
7.054337676999999474e+00 3.285421580491448168e+00
7.068476111000000728e+00 3.262480143029586444e+00
7.082614545000000206e+00 3.252097610302973507e+00
7.096752979999999766e+00 3.256392931678423253e+00
7.110891413999999244e+00 3.273911885645334863e+00
7.125029848000000499e+00 3.300870267135252334e+00
7.139168283000000059e+00 3.330993879035821337e+00
7.153306716999999537e+00 3.359410284680381054e+00
7.167445152000000874e+00 3.384903753745621913e+00
7.181583586000000352e+00 3.407569681060389044e+00
7.195722019999999830e+00 3.430950899607918103e+00
7.209860454999999391e+00 3.453410663198349440e+00
7.223998889000000645e+00 3.465075256376833224e+00
7.238137323000000123e+00 3.456845500453525233e+00
7.252275757999999684e+00 3.429861264695690082e+00
7.266414191999999161e+00 3.400619990073169063e+00
7.280552626000000416e+00 3.391760705611238436e+00
7.294691060999999976e+00 3.412787233131357567e+00
7.308829494999999454e+00 3.445840032931583252e+00
7.322967929000000709e+00 3.460379217236473792e+00
7.337106364000000269e+00 3.438925691712297450e+00
7.351244797999999747e+00 3.389724981146912342e+00
7.365383231999999225e+00 3.342979954835413992e+00
7.379521667000000562e+00 3.325090176805305830e+00
7.393660101000000040e+00 3.339294197624857574e+00
7.407798534999999518e+00 3.367962735918061057e+00
7.421936970000000855e+00 3.391939576654580790e+00
7.436075404000000333e+00 3.401576332312412632e+00
7.450213837999999811e+00 3.399247295683437642e+00
7.464352272999999371e+00 3.393415798163630370e+00
7.478490707000000626e+00 3.391338303173260016e+00
7.492629141000000104e+00 3.394004858317533291e+00
7.506767575999999664e+00 3.395799945612568038e+00
7.520906009999999142e+00 3.388914352969564447e+00
7.535044444000000396e+00 3.363754154097659210e+00
7.549182878999999957e+00 3.322920384536612204e+00
7.563321312999999435e+00 3.278425677333986599e+00
7.577459747000000689e+00 3.245240311012802081e+00
7.591598182000000250e+00 3.231919400120592201e+00
7.605736615999999728e+00 3.233443519970350621e+00
7.619875050999999289e+00 3.239754231577155252e+00
7.634013485000000543e+00 3.240560632399567709e+00
7.648151919000000021e+00 3.233755276435788417e+00
7.662290353999999581e+00 3.219830826902821741e+00
7.676428788000000836e+00 3.199645192589541054e+00
7.690567222000000314e+00 3.177657962276629888e+00
7.704705656999999874e+00 3.161354450770225810e+00
7.718844090999999352e+00 3.155766777157831271e+00
7.732982525000000606e+00 3.161637485357562838e+00
7.747120960000000167e+00 3.170614949506878943e+00
7.761259393999999645e+00 3.172788426088942515e+00
7.775397827999999123e+00 3.168102904804714015e+00
7.789536263000000460e+00 3.165752872671614426e+00
7.803674696999999938e+00 3.174266781633237500e+00
7.817813130999999416e+00 3.189309317496226370e+00
7.831951566000000753e+00 3.198044417900142378e+00
7.846090000000000231e+00 3.185761503797650107e+00
7.860228433999999709e+00 3.155221049036805780e+00
7.874366868999999269e+00 3.125650440266658947e+00
7.888505303000000524e+00 3.115113864223392426e+00
7.902643737000000002e+00 3.126808077958004972e+00
7.916782171999999562e+00 3.142624129387343146e+00
7.930920606000000816e+00 3.140148453611987023e+00
7.945059040000000294e+00 3.112583042176446213e+00
7.959197474999999855e+00 3.076709722975287775e+00
7.973335908999999333e+00 3.060259976893085820e+00
7.987474343000000587e+00 3.078239259322939958e+00
8.001612777999998372e+00 3.122257117169631613e+00
8.015751212000001402e+00 3.169535683876151921e+00
8.029889646000000880e+00 3.199595124813466640e+00
8.044028081000000441e+00 3.207980751380668849e+00
8.058166514999999919e+00 3.206054713772957143e+00
8.072304948999999397e+00 3.206330134758747619e+00
8.086443383999998957e+00 3.215819822812317597e+00
8.100581817999998435e+00 3.233506118460725887e+00
8.114720253000001549e+00 3.253174212453169289e+00
8.128858687000001026e+00 3.267895231338115991e+00
8.142997121000000504e+00 3.274505531104889400e+00
8.157135556000000065e+00 3.274331213418106401e+00
8.171273989999999543e+00 3.274246780028370551e+00
8.185412423999999021e+00 3.286212223969366519e+00
8.199550858999998582e+00 3.316248318175055942e+00
8.213689293000001612e+00 3.358743496955534980e+00
8.227827727000001090e+00 3.396428573645989601e+00
8.241966162000000651e+00 3.414337648901552669e+00
8.256104596000000129e+00 3.411870541204933716e+00
8.270243029999999607e+00 3.402280766451104554e+00
8.284381464999999167e+00 3.404487861726263276e+00
8.298519898999998645e+00 3.423161792911759704e+00
8.312658333000001676e+00 3.445371221365796544e+00
8.326796768000001236e+00 3.452844647702628222e+00
8.340935202000000714e+00 3.436904890363747356e+00
8.355073636000000192e+00 3.407696057138542400e+00
8.369212070999999753e+00 3.385786418943721898e+00
8.383350504999999231e+00 3.381966496458552740e+00
8.397488938999998709e+00 3.388838447452206637e+00
8.411627373999998269e+00 3.388012979273092640e+00
8.425765808000001300e+00 3.364545395161044894e+00
8.439904242000000778e+00 3.324929064478126861e+00
8.454042677000000339e+00 3.289271981649816823e+00
8.468181110999999817e+00 3.272683258928331895e+00
8.482319544999999295e+00 3.274961672752702668e+00
8.496457979999998855e+00 3.281157450754712102e+00
8.510596413999998333e+00 3.277716181618519187e+00
8.524734848000001364e+00 3.263119147247422802e+00
8.538873283000000924e+00 3.244701116866808732e+00
8.553011717000000402e+00 3.229239142074771252e+00
8.567150151999999963e+00 3.219349950501300128e+00
8.581288585999999441e+00 3.210360925898982032e+00
8.595427019999998919e+00 3.197922701459470218e+00
8.609565454999998479e+00 3.182999308634487434e+00
8.623703889000001510e+00 3.165494126701871025e+00
8.637842323000000988e+00 3.146992041062008028e+00
8.651980758000000549e+00 3.131765869599449914e+00
8.666119192000000027e+00 3.122010801250510781e+00
8.680257625999999505e+00 3.120229309138627727e+00
8.694396060999999065e+00 3.126115059516864747e+00
8.708534494999998543e+00 3.135016987431811231e+00
8.722672929000001574e+00 3.143758572439832477e+00
8.736811364000001134e+00 3.151658758517525527e+00
8.750949798000000612e+00 3.160988906499369477e+00
8.765088232000000090e+00 3.173086595278062916e+00
8.779226666999999651e+00 3.185878177521670906e+00
8.793365100999999129e+00 3.195307399207583998e+00
8.807503534999998607e+00 3.201032576952121289e+00
8.821641970000001720e+00 3.207439288889194273e+00
8.835780404000001198e+00 3.220633151300578589e+00
8.849918838000000676e+00 3.242232432719946544e+00
8.864057273000000237e+00 3.264409799650458410e+00
8.878195706999999715e+00 3.276744783839751207e+00
8.892334140999999192e+00 3.274387763480968161e+00
8.906472575999998753e+00 3.259188510220893065e+00
8.920611009999998231e+00 3.239336477079655552e+00
8.934749444000001262e+00 3.221962650297143682e+00
8.948887879000000822e+00 3.208996324728456528e+00
8.963026313000000300e+00 3.201047049505106656e+00
8.977164746999999778e+00 3.198831583107452303e+00
8.991303181999999339e+00 3.200940298760377445e+00
9.005441615999998817e+00 3.202677657220197815e+00
9.019580050999998377e+00 3.198798173665291955e+00
9.033718485000001408e+00 3.186874701010198763e+00
9.047856919000000886e+00 3.175717640961599031e+00
9.061995354000000447e+00 3.175808084457846903e+00
9.076133787999999925e+00 3.188908499939064001e+00
9.090272221999999402e+00 3.204961100033093757e+00
9.104410656999998963e+00 3.207752690822719188e+00
9.118549090999998441e+00 3.194733235569751528e+00
9.132687525000001472e+00 3.176779644627005794e+00
9.146825960000001032e+00 3.168251282447673844e+00
9.160964394000000510e+00 3.170062152276722500e+00
9.175102827999999988e+00 3.170475527675975513e+00
9.189241262999999549e+00 3.160303318565970798e+00
9.203379696999999027e+00 3.145556571400790702e+00
9.217518130999998505e+00 3.144689078112726577e+00
9.231656566000001618e+00 3.165465418605954540e+00
9.245795000000001096e+00 3.199322561576101620e+00
9.259933434000000574e+00 3.228990196680928904e+00
9.274071869000000135e+00 3.246194594453571725e+00
9.288210302999999612e+00 3.259682905508780593e+00
9.302348736999999090e+00 3.280475517552522646e+00
9.316487171999998651e+00 3.306151959488994763e+00
9.330625606000001682e+00 3.322278191916744561e+00
9.344764040000001160e+00 3.316981870267532884e+00
9.358902475000000720e+00 3.296775614719990699e+00
9.373040909000000198e+00 3.281161100372752770e+00
9.387179342999999676e+00 3.283337646835134294e+00
9.401317777999999237e+00 3.297968642657133742e+00
9.415456211999998715e+00 3.308201382276346081e+00
9.429594646000001745e+00 3.303330447221728861e+00
9.443733081000001306e+00 3.290311827963193991e+00
9.457871515000000784e+00 3.287989004406469462e+00
9.472009949000000262e+00 3.306141492258380055e+00
9.486148383999999822e+00 3.338407808747613004e+00
9.500286817999999300e+00 3.367339734760603775e+00
9.514425252999998861e+00 3.381106504641229193e+00
9.528563686999998339e+00 3.382809347566933411e+00
9.542702121000001370e+00 3.384417711182841515e+00
9.556840556000000930e+00 3.393828869466462450e+00
9.570978990000000408e+00 3.406814985830694198e+00
9.585117423999999886e+00 3.415239441747727867e+00
9.599255858999999447e+00 3.416686563438110724e+00
9.613394292999998925e+00 3.420146174622132662e+00
9.627532726999998403e+00 3.437476093531044441e+00
9.641671162000001516e+00 3.471375320241481433e+00
9.655809596000000994e+00 3.512915352329660124e+00
9.669948030000000472e+00 3.549664498979586469e+00
9.684086465000000032e+00 3.574475797027346857e+00
9.698224898999999510e+00 3.587264452421360161e+00
9.712363332999998988e+00 3.590916195943689715e+00
9.726501767999998549e+00 3.587283506673887956e+00
9.740640202000001580e+00 3.580255834416588456e+00
9.754778636000001057e+00 3.577427761229470704e+00
9.768917071000000618e+00 3.587781021338917853e+00
9.783055505000000096e+00 3.611754338083338567e+00
9.797193938999999574e+00 3.636296295763910891e+00
9.811332373999999135e+00 3.644422541495927703e+00
9.825470807999998613e+00 3.629330008280744480e+00
9.839609242000001643e+00 3.601064218792206617e+00
9.853747677000001204e+00 3.578580524324973311e+00
9.867886111000000682e+00 3.573586633027348469e+00
9.882024545000000160e+00 3.583183129171789716e+00
9.896162979999999720e+00 3.595413460167938169e+00
9.910301413999999198e+00 3.601122108666029220e+00
9.924439847999998676e+00 3.600445773440490882e+00
9.938578282999998237e+00 3.598194658983828731e+00
9.952716717000001267e+00 3.597747732798749709e+00
9.966855152000000828e+00 3.600781156493225055e+00
9.980993586000000306e+00 3.610997982315742760e+00
9.995132019999999784e+00 3.636017532593712076e+00
1.000927045499999934e+01 3.685568298570933266e+00
1.002340888899999882e+01 3.766266349634610933e+00
1.003754732299999830e+01 3.883572053876910957e+00
1.005168575800000141e+01 4.051000506076455565e+00
1.006582419200000089e+01 4.290117019477698079e+00
1.007996262600000037e+01 4.626705261513960110e+00
1.009410106099999993e+01 5.073998295014943594e+00
1.010823949499999941e+01 5.620559001598609328e+00
1.012237792899999889e+01 6.241195023523443908e+00
1.013651636399999845e+01 6.914244473605839048e+00
1.015065479800000148e+01 7.640393632805123403e+00
1.016479323200000096e+01 8.441170994979266595e+00
1.017893166700000052e+01 9.339279832608889720e+00
1.019307010099999999e+01 1.034180199793030752e+01
1.020720853499999947e+01 1.143600962059464443e+01
1.022134696999999903e+01 1.260267141887590903e+01
1.023548540399999851e+01 1.383163252015849309e+01
1.024962383800000154e+01 1.512530949375776501e+01
1.026376227300000110e+01 1.648734760890253526e+01
1.027790070700000058e+01 1.791684998006087426e+01
1.029203914100000006e+01 1.940786776072864228e+01
1.030617757599999962e+01 2.095905360786376903e+01
1.032031600999999910e+01 2.258631184366328526e+01
1.033445444399999857e+01 2.431388093612624957e+01
1.034859287900000169e+01 2.616225313800433838e+01
1.036273131300000117e+01 2.813494969019141223e+01
1.037686974700000064e+01 3.021628089583500554e+01
1.039100818200000020e+01 3.237874250960969391e+01
1.040514661599999968e+01 3.459031162758503797e+01
1.041928505099999924e+01 3.682252412993835833e+01
1.043342348499999872e+01 3.905701095297182235e+01
1.044756191900000175e+01 4.129898755209712391e+01
1.046170035400000131e+01 4.358263231293588547e+01
1.047583878800000079e+01 4.595552709054179275e+01
1.048997722200000027e+01 4.844221091577072968e+01
1.050411565699999983e+01 5.100329706971589161e+01
1.051825409099999931e+01 5.352329148193468455e+01
1.053239252499999878e+01 5.583783189036738293e+01
1.054653095999999834e+01 5.779140500544983894e+01
1.056066939400000138e+01 5.929346858995295122e+01
1.057480782800000085e+01 6.033801263825633043e+01
1.058894626300000041e+01 6.099281558562249472e+01
1.060308469699999989e+01 6.136179878222949924e+01
1.061722313099999937e+01 6.154686721857382281e+01
1.063136156599999893e+01 6.162919695442216295e+01
1.064549999999999841e+01 4.624242751025911957e+01
