# r_minus_2Rs_A, PMF_over_kBT
-1.375000000000000000e+00 nan
-1.324999999999999956e+00 nan
-1.274999999999999911e+00 nan
-1.224999999999999867e+00 nan
-1.174999999999999822e+00 nan
-1.125000000000000000e+00 nan
-1.074999999999999734e+00 nan
-1.024999999999999911e+00 nan
-9.749999999999998668e-01 nan
-9.249999999999999334e-01 nan
-8.749999999999998890e-01 nan
-8.249999999999998446e-01 nan
-7.749999999999999112e-01 nan
-7.249999999999998668e-01 nan
-6.749999999999998224e-01 nan
-6.249999999999998890e-01 nan
-5.749999999999998446e-01 nan
-5.249999999999999112e-01 nan
-4.749999999999998668e-01 nan
-4.249999999999998224e-01 nan
-3.750000000000000000e-01 nan
-3.249999999999997335e-01 nan
-2.749999999999999112e-01 nan
-2.249999999999996447e-01 1.628294518868947716e+00
-1.749999999999998224e-01 -9.274294829969234044e-01
-1.250000000000000000e-01 -2.095961138025369763e+00
-7.499999999999973355e-02 -2.584592770029133568e+00
-2.499999999999991118e-02 -2.629950760153183076e+00
2.500000000000035527e-02 -2.491105765009914208e+00
7.500000000000017764e-02 -2.303490851815614082e+00
1.250000000000000000e-01 -2.126340517709533806e+00
1.750000000000002665e-01 -1.955131942488933738e+00
2.250000000000000888e-01 -1.792434137757982882e+00
2.750000000000003553e-01 -1.620693414330482307e+00
3.250000000000001776e-01 -1.479954926179837038e+00
3.750000000000000000e-01 -1.369448170630811257e+00
4.250000000000002665e-01 -1.277919780853107978e+00
4.750000000000000888e-01 -1.182733206013444116e+00
5.250000000000003553e-01 -1.069664740587111806e+00
5.750000000000001776e-01 -9.761988153035247029e-01
6.250000000000004441e-01 -8.763431626617622650e-01
6.750000000000002665e-01 -8.212950874776971943e-01
7.250000000000000888e-01 -7.651227164077235576e-01
7.749999999999999112e-01 -7.407824734090882046e-01
8.250000000000001776e-01 -6.801508090663785921e-01
8.750000000000004441e-01 -6.488761185142791765e-01
9.250000000000002665e-01 -5.841778261823558083e-01
9.750000000000000888e-01 -5.432578805820437173e-01
1.025000000000000355e+00 -4.896731249943400144e-01
1.075000000000000178e+00 -4.327780934806335078e-01
1.125000000000000444e+00 -4.207845344754496675e-01
1.175000000000000266e+00 -3.642091073214066554e-01
1.225000000000000089e+00 -3.401674451796816712e-01
1.275000000000000355e+00 -2.825162255340790129e-01
1.325000000000000178e+00 -2.334974795348161436e-01
1.375000000000000444e+00 -1.871250764838379155e-01
1.425000000000000266e+00 -1.670555238020003941e-01
1.475000000000000089e+00 -1.697865860576257546e-01
1.525000000000000355e+00 -1.540488521713937187e-01
1.575000000000000178e+00 -1.362617854596722966e-01
1.625000000000000444e+00 -1.343529518225917985e-01
1.675000000000000266e+00 -1.427350835849209576e-01
1.725000000000000089e+00 -1.244515065169358864e-01
1.775000000000000355e+00 -1.062848346409085848e-01
1.825000000000000178e+00 -9.372109555820440363e-02
1.875000000000000444e+00 -8.614946839949115531e-02
1.925000000000000266e+00 -8.296125721615570103e-02
1.975000000000000089e+00 -8.299970773108593380e-02
2.025000000000000355e+00 -7.060327123002707594e-02
2.075000000000000178e+00 -5.462947701144305057e-02
2.125000000000000444e+00 -3.852563902059102929e-02
2.175000000000000266e+00 -3.745263373327034628e-02
2.225000000000000089e+00 -3.247617293700777452e-02
2.275000000000000355e+00 -2.870026446111495488e-02
2.325000000000000178e+00 -3.899740591465258172e-02
2.375000000000000444e+00 -2.382297023468016306e-02
2.425000000000000266e+00 -3.126188511163500300e-02
2.475000000000000089e+00 -3.401645487039702681e-02
2.525000000000000355e+00 -4.360142171220271479e-02
2.575000000000000178e+00 -4.911416659484254404e-02
2.625000000000000444e+00 -1.151704732532188302e-02
2.675000000000000266e+00 -1.312790228138105419e-02
2.725000000000000089e+00 -8.379710110770469469e-03
2.775000000000000799e+00 -2.728084317072069706e-02
2.824999999999999734e+00 -2.328382501450754205e-02
2.875000000000000444e+00 -1.277995200883245454e-02
2.925000000000000266e+00 -9.106236220028781844e-03
2.975000000000000089e+00 -1.355528402347575857e-02
3.025000000000000799e+00 -1.529462948094521303e-02
3.074999999999999734e+00 -2.241511334763401919e-02
3.125000000000000444e+00 -7.019357795166492053e-03
3.175000000000000266e+00 -1.230466908166564675e-03
3.225000000000000089e+00 2.228500308829476848e-02
3.275000000000000799e+00 1.510841912590077385e-02
3.324999999999999734e+00 2.582637645155442738e-02
3.375000000000000444e+00 1.792620131728502389e-02
3.425000000000001155e+00 1.879335577241440444e-02
3.475000000000000089e+00 1.244085491845610923e-02
3.525000000000000799e+00 1.331462598516293915e-02
3.574999999999999734e+00 1.518135547621390913e-02
3.625000000000000444e+00 1.143451805788823529e-02
3.675000000000001155e+00 -6.487971814310711238e-04
3.725000000000000089e+00 -3.978682337426302056e-03
3.775000000000000799e+00 1.041118267966970913e-02
3.824999999999999734e+00 1.628289728025163544e-02
3.875000000000000444e+00 1.266261349159976922e-02
3.925000000000001155e+00 1.223232171675192603e-03
3.975000000000000089e+00 -4.986566509513383309e-03
4.025000000000000355e+00 -1.259111310700896345e-02
4.074999999999999289e+00 -1.658740514242721883e-02
4.125000000000000000e+00 -5.597630372439136963e-03
4.175000000000000711e+00 6.894986376277796765e-03
4.224999999999999645e+00 9.094234206947030344e-03
4.275000000000000355e+00 4.672048317493644916e-03
4.324999999999999289e+00 1.191429550789694682e-02
4.375000000000000000e+00 1.425778914232367356e-02
4.425000000000000711e+00 1.344757613221118399e-02
4.474999999999999645e+00 4.799295961135523030e-03
4.525000000000000355e+00 5.494685573512884773e-03
4.574999999999999289e+00 8.532701482701021689e-03
4.625000000000000000e+00 9.222221972722563152e-03
4.675000000000000711e+00 3.424789966839666185e-03
4.724999999999999645e+00 2.573516179552963186e-04
4.775000000000000355e+00 -6.774800619861427904e-03
4.824999999999999289e+00 -5.949359519626422170e-03
4.875000000000000000e+00 -6.646658583693583651e-03
4.925000000000000711e+00 -1.135040874318319661e-02
4.974999999999999645e+00 -1.405478595955737299e-02
5.025000000000000355e+00 -1.917524926592613713e-02
5.074999999999999289e+00 -1.062315268582025851e-02
5.125000000000000000e+00 -1.679732244158138599e-02
5.175000000000000711e+00 -8.881203076263352245e-03
5.224999999999999645e+00 -1.956437292180979171e-02
5.275000000000000355e+00 -2.464404846469214760e-02
5.324999999999999289e+00 -4.034564926503136917e-02
5.375000000000000000e+00 -3.303178113545642697e-02
5.425000000000000711e+00 -2.328402998440844487e-02
5.474999999999999645e+00 -6.466655529057933720e-03
5.525000000000000355e+00 -1.064700333614373128e-02
5.574999999999999289e+00 3.594623468629235680e-02
5.625000000000000000e+00 3.201172742677368954e-01
5.675000000000000711e+00 9.553680003145615940e-01
5.724999999999999645e+00 1.680852486770279652e+00
5.775000000000000355e+00 2.150238147713780190e+00
5.824999999999999289e+00 2.299686314918947261e+00
5.875000000000000000e+00 2.282972527560641840e+00
5.925000000000000711e+00 2.279804581716087242e+00
5.974999999999999645e+00 2.252403172153668809e+00
6.025000000000000355e+00 2.248764331221995594e+00
6.074999999999999289e+00 2.280209960191085461e+00
6.125000000000000000e+00 2.281440280584257962e+00
6.175000000000000711e+00 2.300482948548566497e+00
6.224999999999999645e+00 2.275410608610528573e+00
6.275000000000000355e+00 2.307079996202366701e+00
6.324999999999999289e+00 2.293509178632701317e+00
6.375000000000000000e+00 2.302820220672255669e+00
6.425000000000000711e+00 2.273598751898384673e+00
6.474999999999999645e+00 2.282919116566115125e+00
6.525000000000000355e+00 2.270984428288748802e+00
6.574999999999999289e+00 2.269416981930032495e+00
6.625000000000000000e+00 2.271866294739590675e+00
6.674999999999998934e+00 2.281926573865096675e+00
6.724999999999999645e+00 2.306976997611076552e+00
6.775000000000000355e+00 2.303141051725045685e+00
6.825000000000001066e+00 2.284337723740942128e+00
6.875000000000000000e+00 2.265343837448518638e+00
6.924999999999998934e+00 2.273817667259345310e+00
6.974999999999999645e+00 2.281531368769098123e+00
7.025000000000000355e+00 2.295188496510233378e+00
7.075000000000001066e+00 2.286344628641341803e+00
7.125000000000000000e+00 2.282795512090903145e+00
7.174999999999998934e+00 2.257925379435751889e+00
7.224999999999999645e+00 2.246555924623510947e+00
7.275000000000000355e+00 2.261368934102319539e+00
7.325000000000001066e+00 2.274837000219869676e+00
7.375000000000000000e+00 2.279703168784101397e+00
7.424999999999998934e+00 2.260263928620419360e+00
7.474999999999999645e+00 2.254208614747099659e+00
7.525000000000000355e+00 2.259759620093976462e+00
7.575000000000001066e+00 2.275055255481085226e+00
7.625000000000000000e+00 2.275079098573728142e+00
7.674999999999998934e+00 2.280539201274838224e+00
7.724999999999999645e+00 2.272831944555781192e+00
7.775000000000000355e+00 2.258565504085163766e+00
7.825000000000001066e+00 2.236056533377492883e+00
7.875000000000000000e+00 2.223798637325319572e+00
7.924999999999998934e+00 2.229202036417850419e+00
7.974999999999999645e+00 2.240901948589463455e+00
8.025000000000000355e+00 2.227170623854605847e+00
8.075000000000001066e+00 2.224743050633787522e+00
8.125000000000000000e+00 2.216365831939902886e+00
8.175000000000000711e+00 2.242992408001394100e+00
8.224999999999999645e+00 2.253409263053113065e+00
8.275000000000000355e+00 2.235534968595272343e+00
8.325000000000001066e+00 2.225999174466062325e+00
8.375000000000000000e+00 2.205211446968942113e+00
8.425000000000000711e+00 2.226365055246834146e+00
8.474999999999999645e+00 2.206419698287650277e+00
8.525000000000000355e+00 2.218853931388638401e+00
8.575000000000001066e+00 2.218246250296766586e+00
8.625000000000000000e+00 2.255906683643605692e+00
8.675000000000000711e+00 2.245425169893247030e+00
8.724999999999999645e+00 2.243870440593043192e+00
8.775000000000000355e+00 2.221897564589944363e+00
8.825000000000001066e+00 2.237812925503389394e+00
8.875000000000000000e+00 2.246444949674948788e+00
8.925000000000000711e+00 2.241048774662093290e+00
8.974999999999999645e+00 2.231113280980016711e+00
9.025000000000000355e+00 2.240168118370430950e+00
9.075000000000001066e+00 2.250001459865647035e+00
9.125000000000000000e+00 2.260849743011134283e+00
9.175000000000000711e+00 2.243690752324406734e+00
9.224999999999999645e+00 2.246074062859702902e+00
9.275000000000000355e+00 2.253611280424866692e+00
9.325000000000001066e+00 2.246804669126051479e+00
9.375000000000000000e+00 2.241942124587364304e+00
9.425000000000000711e+00 2.223365421682247156e+00
9.474999999999999645e+00 2.222870360161685266e+00
9.525000000000000355e+00 2.230069486365628517e+00
9.575000000000001066e+00 2.239444899229210417e+00
9.625000000000000000e+00 2.252144774277156980e+00
9.675000000000000711e+00 2.245095446687302321e+00
9.724999999999999645e+00 2.229523419482080104e+00
9.775000000000000355e+00 2.217857339292008678e+00
9.825000000000001066e+00 2.215712346660659193e+00
9.875000000000000000e+00 2.230521362489509496e+00
9.925000000000000711e+00 2.236653629168328550e+00
9.974999999999999645e+00 2.238947986545130941e+00
1.002500000000000036e+01 2.217226348090327814e+00
1.007500000000000107e+01 2.207961417329329379e+00
1.012500000000000000e+01 2.211140116151954160e+00
1.017500000000000071e+01 2.207653223865809533e+00
1.022499999999999964e+01 2.224056474964845265e+00
1.027500000000000036e+01 2.214330006662125871e+00
1.032500000000000107e+01 2.229203194253132292e+00
1.037500000000000000e+01 2.211639277217483102e+00
1.042500000000000071e+01 2.219699876200711408e+00
1.047499999999999964e+01 2.226084978613009913e+00
1.052500000000000036e+01 2.234893215272660161e+00
1.057500000000000107e+01 2.269511630608502362e+00
1.062500000000000000e+01 2.620724093337754024e+00
1.067500000000000071e+01 3.537013661818621646e+00
1.072499999999999964e+01 5.518466775897119980e+00
1.077500000000000036e+01 6.633345890149335844e+00
1.082500000000000107e+01 8.285379549488940398e+00
1.087500000000000000e+01 nan
1.092500000000000071e+01 nan
1.097499999999999964e+01 nan
1.102500000000000036e+01 nan
1.107500000000000107e+01 nan
1.112500000000000000e+01 nan
1.117500000000000071e+01 nan
1.122499999999999964e+01 nan
1.127500000000000036e+01 nan
1.132500000000000107e+01 nan
1.137500000000000000e+01 nan
1.142500000000000071e+01 nan
1.147499999999999964e+01 nan
1.152500000000000036e+01 nan
1.157500000000000107e+01 nan
1.162500000000000000e+01 nan
1.167500000000000071e+01 nan
1.172499999999999964e+01 nan
1.177500000000000036e+01 nan
1.182500000000000107e+01 nan
1.187500000000000000e+01 nan
1.192500000000000071e+01 nan
1.197499999999999964e+01 nan
1.202500000000000036e+01 nan
1.207500000000000107e+01 nan
1.212500000000000000e+01 nan
1.217500000000000071e+01 nan
1.222499999999999964e+01 nan
1.227500000000000036e+01 nan
1.232500000000000107e+01 nan
1.237500000000000000e+01 nan
1.242500000000000071e+01 nan
1.247499999999999964e+01 nan
1.252500000000000036e+01 nan
1.257500000000000107e+01 nan
1.262500000000000000e+01 nan
1.267500000000000071e+01 nan
1.272499999999999964e+01 nan
1.277500000000000036e+01 nan
1.282500000000000107e+01 nan
1.287500000000000000e+01 nan
1.292500000000000071e+01 nan
1.297499999999999964e+01 nan
1.302500000000000036e+01 nan
1.307500000000000107e+01 nan
1.312500000000000000e+01 nan
1.317500000000000071e+01 nan
1.322499999999999964e+01 nan
1.327500000000000036e+01 nan
1.332500000000000107e+01 nan
1.337500000000000000e+01 nan
1.342500000000000071e+01 nan
1.347499999999999964e+01 nan
1.352500000000000036e+01 nan
1.357500000000000107e+01 nan
1.362500000000000000e+01 nan
1.367500000000000071e+01 nan
1.372499999999999964e+01 nan
1.377500000000000036e+01 nan
1.382500000000000107e+01 nan
1.387500000000000000e+01 nan
1.392500000000000071e+01 nan
1.397499999999999964e+01 nan
1.402500000000000036e+01 nan
1.407500000000000107e+01 nan
1.412500000000000000e+01 nan
1.417500000000000071e+01 nan
1.422499999999999964e+01 nan
1.427500000000000036e+01 nan
1.432500000000000107e+01 nan
1.437500000000000000e+01 nan
1.442500000000000071e+01 nan
1.447499999999999964e+01 nan
1.452500000000000036e+01 nan
1.457500000000000107e+01 nan
1.462499999999999822e+01 nan
1.467500000000000249e+01 nan
1.472499999999999964e+01 nan
1.477500000000000036e+01 nan
1.482500000000000107e+01 nan
1.487499999999999822e+01 nan
1.492500000000000249e+01 nan
1.497499999999999964e+01 nan
1.502500000000000036e+01 nan
1.507500000000000107e+01 nan
1.512499999999999822e+01 nan
1.517500000000000249e+01 nan
1.522499999999999964e+01 nan
1.527500000000000036e+01 nan
1.532500000000000107e+01 nan
1.537499999999999822e+01 nan
1.542500000000000249e+01 nan
1.547499999999999964e+01 nan
1.552500000000000036e+01 nan
1.557500000000000107e+01 nan
1.562499999999999822e+01 nan
1.567500000000000249e+01 nan
1.572499999999999964e+01 nan
1.577500000000000036e+01 nan
1.582500000000000107e+01 nan
1.587499999999999822e+01 nan
1.592500000000000249e+01 nan
1.597499999999999964e+01 nan
1.602500000000000213e+01 nan
1.607500000000000284e+01 nan
1.612500000000000000e+01 nan
1.617500000000000426e+01 nan
1.622500000000000142e+01 nan
1.627500000000000213e+01 nan
1.632500000000000284e+01 nan
1.637500000000000000e+01 nan
1.642500000000000426e+01 nan
1.647500000000000142e+01 nan
1.652500000000000213e+01 nan
1.657500000000000284e+01 nan
1.662500000000000000e+01 nan
1.667500000000000426e+01 nan
1.672500000000000142e+01 nan
1.677500000000000213e+01 nan
1.682500000000000284e+01 nan
1.687500000000000000e+01 nan
1.692500000000000426e+01 nan
1.697500000000000142e+01 nan
1.702500000000000213e+01 nan
1.707500000000000284e+01 nan
1.712500000000000000e+01 nan
1.717500000000000426e+01 nan
1.722500000000000142e+01 nan
1.727500000000000213e+01 nan
1.732500000000000284e+01 nan
1.737500000000000000e+01 nan
1.742500000000000426e+01 nan
1.747500000000000142e+01 nan
1.752500000000000213e+01 nan
1.757500000000000284e+01 nan
1.762500000000000000e+01 nan
1.767500000000000426e+01 nan
1.772500000000000142e+01 nan
1.777500000000000568e+01 nan
1.782500000000000284e+01 nan
1.787500000000000000e+01 nan
1.792500000000000426e+01 nan
1.797500000000000142e+01 nan
1.802500000000000568e+01 nan
1.807500000000000284e+01 nan
1.812500000000000000e+01 nan
1.817500000000000426e+01 nan
1.822500000000000142e+01 nan
1.827500000000000568e+01 nan
1.832500000000000284e+01 nan
1.837500000000000000e+01 nan
1.842500000000000426e+01 nan
1.847500000000000142e+01 nan
1.852500000000000568e+01 nan
1.857500000000000284e+01 nan
