# r_minus_2Rs_A, PMF_over_kBT
-1.975000000000000089e+00 nan
-1.925000000000000044e+00 nan
-1.875000000000000000e+00 nan
-1.824999999999999956e+00 nan
-1.774999999999999911e+00 nan
-1.725000000000000089e+00 nan
-1.674999999999999822e+00 nan
-1.625000000000000000e+00 nan
-1.574999999999999956e+00 nan
-1.524999999999999911e+00 nan
-1.475000000000000089e+00 nan
-1.424999999999999822e+00 nan
-1.375000000000000000e+00 nan
-1.324999999999999956e+00 nan
-1.274999999999999911e+00 nan
-1.225000000000000089e+00 nan
-1.174999999999999822e+00 nan
-1.125000000000000000e+00 nan
-1.074999999999999956e+00 nan
-1.024999999999999911e+00 nan
-9.750000000000000888e-01 nan
-9.249999999999998224e-01 nan
-8.750000000000000000e-01 nan
-8.249999999999997335e-01 nan
-7.749999999999999112e-01 nan
-7.250000000000000888e-01 nan
-6.749999999999998224e-01 nan
-6.250000000000000000e-01 nan
-5.749999999999997335e-01 nan
-5.249999999999999112e-01 nan
-4.750000000000000888e-01 nan
-4.249999999999998224e-01 nan
-3.750000000000000000e-01 nan
-3.249999999999997335e-01 nan
-2.749999999999999112e-01 nan
-2.250000000000000888e-01 -3.510857627198192832e-01
-1.749999999999998224e-01 -3.829460991151442784e+00
-1.250000000000000000e-01 -5.798801273715993965e+00
-7.499999999999973355e-02 -6.683660952390040322e+00
-2.499999999999991118e-02 -6.847043341053979049e+00
2.500000000000035527e-02 -6.634432138405861323e+00
7.500000000000017764e-02 -6.272030897842094888e+00
1.250000000000000000e-01 -5.900484798725415203e+00
1.749999999999998224e-01 -5.550086804708177723e+00
2.250000000000000888e-01 -5.190787064450455901e+00
2.750000000000003553e-01 -4.839437686271134353e+00
3.250000000000001776e-01 -4.508580144241634002e+00
3.750000000000000000e-01 -4.209434246146154912e+00
4.250000000000002665e-01 -3.884221754437628960e+00
4.750000000000000888e-01 -3.562543828442157334e+00
5.250000000000003553e-01 -3.334514491783750145e+00
5.750000000000001776e-01 -3.076847224182443608e+00
6.250000000000000000e-01 -2.798447271675028603e+00
6.750000000000002665e-01 -2.550759893041480542e+00
7.250000000000000888e-01 -2.393758605563292452e+00
7.750000000000003553e-01 -2.162396322991120279e+00
8.250000000000001776e-01 -1.925872002776508163e+00
8.750000000000000000e-01 -1.802357684584301234e+00
9.250000000000002665e-01 -1.625968549667198504e+00
9.750000000000000888e-01 -1.506828499481732475e+00
1.025000000000000355e+00 -1.360150590606180598e+00
1.075000000000000178e+00 -1.151391537952510147e+00
1.125000000000000000e+00 -1.006363580377563238e+00
1.175000000000000266e+00 -1.008272830462514147e+00
1.225000000000000089e+00 -8.733144567289317095e-01
1.275000000000000355e+00 -6.616199472626924649e-01
1.325000000000000178e+00 -6.644295040127969898e-01
1.375000000000000000e+00 -6.402006356427571987e-01
1.425000000000000266e+00 -5.226240469553984358e-01
1.475000000000000089e+00 -4.114814834562083856e-01
1.525000000000000355e+00 -2.837901439097756384e-01
1.575000000000000178e+00 -2.689342588013055035e-01
1.625000000000000000e+00 -3.828449494592878199e-01
1.675000000000000266e+00 -2.180390076047392656e-01
1.725000000000000089e+00 -1.078342952378471553e-01
1.775000000000000355e+00 -2.313645254199416801e-01
1.825000000000000178e+00 -1.907878588845490775e-01
1.875000000000000000e+00 -1.837535575877677907e-01
1.925000000000000266e+00 -1.720314702794971673e-01
1.975000000000000089e+00 -2.710677548463236164e-02
2.025000000000000355e+00 -3.551819906934916560e-02
2.075000000000000178e+00 -1.174595702191809643e-01
2.125000000000000000e+00 -1.539701176684316053e-01
2.175000000000000711e+00 -1.726980178581345449e-01
2.224999999999999645e+00 4.544027418118712358e-02
2.275000000000000355e+00 2.109938285233023958e-01
2.325000000000000178e+00 7.593058598931656800e-02
2.375000000000000000e+00 5.424666648559806070e-02
2.425000000000000711e+00 2.188922009636806720e-01
2.474999999999999645e+00 1.214212285339160147e-01
2.525000000000000355e+00 7.495760575544152537e-02
2.575000000000000178e+00 1.630214993695200398e-01
2.625000000000000000e+00 4.282795001704220450e-02
2.675000000000000711e+00 -1.513568121372266262e-03
2.724999999999999645e+00 -1.178324758275395290e-03
2.775000000000000355e+00 -1.263397203655103329e-02
2.825000000000001066e+00 1.349040393176448305e-02
2.875000000000000000e+00 -2.056475231213994448e-02
2.925000000000000711e+00 -1.157725693984709148e-01
2.974999999999999645e+00 -1.001623478445221593e-01
3.025000000000000355e+00 1.027367662967859641e-02
3.075000000000001066e+00 1.056947954307850823e-01
3.125000000000000000e+00 6.926605615874836808e-02
3.175000000000000711e+00 8.607390549930871160e-03
3.224999999999999645e+00 -2.253144626933123451e-02
3.275000000000000355e+00 -4.766895080441513333e-02
3.325000000000001066e+00 8.650594078109641316e-03
3.375000000000000000e+00 -6.160728222472267035e-02
3.425000000000000711e+00 -1.580104438770200126e-01
3.474999999999999645e+00 -7.533771030754754516e-02
3.525000000000000355e+00 -5.017582822668187337e-02
3.575000000000001066e+00 -3.609199597809409354e-02
3.625000000000000000e+00 -7.627710944187016118e-03
3.675000000000000711e+00 -6.059936313280678277e-02
3.724999999999999645e+00 -3.583489716474241860e-02
3.775000000000000355e+00 2.912492040879843813e-03
3.825000000000001066e+00 3.854590045769212825e-02
3.875000000000000000e+00 4.121480540176469809e-03
3.925000000000000711e+00 -7.373520228435148649e-02
3.974999999999999645e+00 -3.685459736367990846e-02
4.025000000000000355e+00 -2.929247202172124975e-02
4.075000000000001066e+00 -9.700603209811764494e-02
4.125000000000000000e+00 -3.951237145125852113e-02
4.175000000000000711e+00 -8.607276694853616128e-03
4.224999999999999645e+00 4.870636985192744461e-02
4.275000000000000355e+00 6.477088597948221782e-02
4.325000000000001066e+00 3.305230401240322191e-02
4.375000000000000000e+00 -5.012589923769261713e-02
4.425000000000000711e+00 -1.040379485710831720e-01
4.474999999999999645e+00 1.051521634539698269e-02
4.525000000000000355e+00 -9.477707772338472836e-03
4.575000000000001066e+00 -2.009422997944898537e-02
4.625000000000000000e+00 2.493424854128978296e-02
4.675000000000000711e+00 1.269959683950949714e-02
4.724999999999999645e+00 -2.022788105050721263e-02
4.775000000000000355e+00 -2.106588519363072898e-02
4.825000000000001066e+00 1.974201933097696759e-02
4.875000000000000000e+00 4.218659608784647297e-02
4.925000000000000711e+00 2.815303605155139444e-02
4.974999999999999645e+00 6.672702795150542432e-02
5.025000000000000355e+00 3.295011365057221031e-02
5.075000000000001066e+00 -2.674055382546036697e-02
5.125000000000000000e+00 2.550758097037630900e-02
5.175000000000000711e+00 3.954284148375764030e-02
5.224999999999999645e+00 8.939316020610443836e-02
5.275000000000000355e+00 9.384420904818957521e-02
5.325000000000001066e+00 -1.658740949021308975e-02
5.375000000000000000e+00 -6.824546454248403560e-02
5.425000000000000711e+00 -1.811054588012106503e-02
5.474999999999999645e+00 4.016369961683807777e-02
5.525000000000000355e+00 5.131460050420155738e-02
5.575000000000001066e+00 7.700340088212187517e-03
5.625000000000000000e+00 -6.279614927628018872e-02
5.675000000000000711e+00 -3.348550630036584153e-02
5.724999999999999645e+00 -2.606358750503201538e-02
5.775000000000000355e+00 -3.917646867830026913e-02
5.825000000000001066e+00 1.031063150448929822e-02
5.875000000000000000e+00 -4.098259668011194901e-02
5.925000000000000711e+00 -7.775402993238023086e-02
5.974999999999999645e+00 -8.862986255062943464e-02
6.025000000000000355e+00 -4.623093702414082795e-02
6.074999999999999289e+00 -6.088964136884189582e-02
6.125000000000000000e+00 -8.377069714176865745e-02
6.175000000000000711e+00 -1.218302094854095685e-02
6.225000000000001421e+00 -5.904109269161628148e-02
6.275000000000000355e+00 -5.382748173610218956e-02
6.324999999999999289e+00 -3.854788024092703491e-02
6.375000000000000000e+00 -8.810210260545103811e-02
6.425000000000000711e+00 -9.810879447990661362e-02
6.475000000000001421e+00 -9.079163726101524556e-02
6.525000000000000355e+00 -5.704502777823239335e-02
6.574999999999999289e+00 -8.312342482227641494e-02
6.625000000000000000e+00 -1.274958853143022264e-01
6.675000000000000711e+00 -1.200857098406513668e-01
6.725000000000001421e+00 -1.309709522733937259e-01
6.775000000000000355e+00 -7.600385162778622306e-02
6.824999999999999289e+00 -4.076031082794162597e-02
6.875000000000000000e+00 -2.942877513226160868e-02
6.925000000000000711e+00 -5.150676733961601084e-02
6.975000000000001421e+00 -6.541826037618225786e-02
7.025000000000000355e+00 1.019072904585460737e-02
7.074999999999999289e+00 1.128507988617011293e-02
7.125000000000000000e+00 1.021926679499551849e-02
7.175000000000000711e+00 2.117825316361465759e-02
7.225000000000001421e+00 -5.296196607510461618e-03
7.275000000000000355e+00 -9.756228817971779321e-03
7.324999999999999289e+00 -8.175517329499337738e-02
7.375000000000000000e+00 -1.364251889656702410e-01
7.425000000000000711e+00 -9.676481762161226463e-02
7.475000000000001421e+00 -1.038660783158797951e-01
7.525000000000000355e+00 -5.721376952807355476e-02
7.575000000000001066e+00 -1.836419136349132231e-03
7.625000000000000000e+00 -1.105425681092642165e-02
7.675000000000000711e+00 -6.264859768856567701e-02
7.725000000000001421e+00 -8.826365581636697044e-02
7.775000000000000355e+00 -6.319019950427762211e-02
7.825000000000001066e+00 -8.087417833635457409e-02
7.875000000000000000e+00 -9.657353614416697152e-02
7.925000000000000711e+00 -9.984054694365174232e-02
7.975000000000001421e+00 -1.388135965578282116e-01
8.025000000000000355e+00 -1.450412561322969029e-01
8.075000000000001066e+00 -8.491975617991154301e-02
8.125000000000000000e+00 -4.872989361242385797e-02
8.175000000000000711e+00 -7.692664461045306545e-02
8.225000000000001421e+00 -8.476045586709013424e-02
8.275000000000000355e+00 -9.002671704887921234e-02
8.325000000000001066e+00 -1.248834118738180177e-01
8.375000000000000000e+00 -8.463871753950324983e-02
8.425000000000000711e+00 -7.400705837170973300e-02
8.475000000000001421e+00 -8.900979916429896388e-02
8.525000000000000355e+00 -1.074898650282448687e-01
8.575000000000001066e+00 -1.280655851834102688e-01
8.625000000000000000e+00 -1.033409056285264915e-01
8.675000000000000711e+00 -9.298658146791949353e-02
8.725000000000001421e+00 -1.218480858138677458e-01
8.775000000000000355e+00 -1.283099237649114599e-01
8.825000000000001066e+00 -1.409817352467395146e-01
8.875000000000000000e+00 -1.661793042638564089e-01
8.925000000000000711e+00 -1.377170213686522704e-01
8.975000000000001421e+00 -1.395345596289969681e-01
9.025000000000000355e+00 -1.924789803919768616e-01
9.075000000000001066e+00 -1.758391083609227579e-01
9.125000000000000000e+00 -1.282976496741292660e-01
9.175000000000000711e+00 -1.098988105735857479e-01
9.225000000000001421e+00 -1.051911274545963559e-01
9.275000000000000355e+00 -1.048442503352416955e-01
9.325000000000001066e+00 -9.173411960183863734e-02
9.375000000000000000e+00 -8.797166544427559298e-02
9.425000000000000711e+00 -1.105438291426095176e-01
9.475000000000001421e+00 -1.271855347805594949e-01
9.525000000000000355e+00 -1.055042054533497087e-01
9.575000000000001066e+00 -1.071044166761536687e-01
9.625000000000000000e+00 -1.170006307381261657e-01
9.675000000000000711e+00 -1.305902999966017664e-01
9.725000000000001421e+00 -1.459677482491026357e-01
9.775000000000000355e+00 -1.065649212925006140e-01
9.825000000000001066e+00 -1.077813569365642099e-01
9.875000000000000000e+00 -1.478475540930885845e-01
9.925000000000000711e+00 -1.120640142935538375e-01
9.975000000000001421e+00 -1.022310541897470948e-01
1.002500000000000036e+01 -1.322161108117037021e-01
1.007500000000000107e+01 -9.787188557368764474e-02
1.012500000000000000e+01 -9.247628747400093996e-02
1.017500000000000071e+01 -8.346488764262061100e-02
1.022500000000000142e+01 -9.013546134741157179e-02
1.027500000000000036e+01 -1.300273983151116752e-01
1.032500000000000107e+01 -1.012077876425306888e-01
1.037500000000000000e+01 -5.934122281355347361e-02
1.042500000000000071e+01 -4.466687961215876079e-02
1.047500000000000142e+01 -2.913338756122874074e-02
1.052500000000000036e+01 -5.943393631470306193e-02
1.057500000000000107e+01 -6.115891549826135698e-02
1.062500000000000000e+01 -3.299478670972266769e-02
1.067500000000000071e+01 -1.233919280132145246e-02
1.072500000000000142e+01 -3.413396995394157862e-02
1.077500000000000036e+01 -3.080714652918992158e-02
1.082500000000000107e+01 4.206585438249066389e-02
1.087500000000000000e+01 6.127049384917881980e-02
1.092500000000000071e+01 3.939920846027544776e-02
1.097500000000000142e+01 3.049319249675297439e-02
1.102500000000000036e+01 6.936770834805672248e-02
1.107500000000000107e+01 9.832508702811093571e-02
1.112500000000000000e+01 8.645129940457296769e-02
1.117500000000000071e+01 7.502770765455424318e-02
1.122500000000000142e+01 1.192755003199615915e-01
1.127500000000000036e+01 1.697315300039984320e-01
1.132500000000000107e+01 2.049588879802006769e-01
1.137500000000000000e+01 2.035852440338223879e-01
1.142500000000000071e+01 1.905504159961325383e-01
1.147500000000000142e+01 2.591960555056789239e-01
1.152500000000000036e+01 2.682275386783324889e-01
1.157500000000000107e+01 2.282128390604732937e-01
1.162500000000000000e+01 2.428906059828056518e-01
1.167500000000000071e+01 2.214681581649224906e-01
1.172500000000000142e+01 2.574081431961398048e-01
1.177500000000000036e+01 2.909950253353541516e-01
1.182500000000000107e+01 2.854223931895508715e-01
1.187500000000000000e+01 3.732897636966053811e-01
1.192500000000000071e+01 3.655208331603136962e-01
1.197500000000000142e+01 2.879931088741044531e-01
1.202500000000000036e+01 4.265768611967252211e-01
1.207500000000000107e+01 1.048852064951012242e+00
1.212500000000000000e+01 2.633392130549099708e+00
1.217500000000000071e+01 4.890376633909579773e+00
1.222500000000000142e+01 nan
1.227500000000000036e+01 nan
1.232500000000000107e+01 nan
1.237500000000000000e+01 nan
1.242500000000000071e+01 nan
1.247500000000000142e+01 nan
1.252500000000000036e+01 nan
1.257500000000000107e+01 nan
1.262500000000000000e+01 nan
1.267500000000000071e+01 nan
1.272500000000000142e+01 nan
1.277500000000000036e+01 nan
1.282500000000000107e+01 nan
1.287500000000000000e+01 nan
1.292500000000000071e+01 nan
1.297500000000000142e+01 nan
1.302500000000000036e+01 nan
1.307500000000000107e+01 nan
1.312500000000000000e+01 nan
1.317500000000000071e+01 nan
1.322500000000000142e+01 nan
1.327500000000000036e+01 nan
1.332500000000000107e+01 nan
1.337500000000000000e+01 nan
1.342500000000000071e+01 nan
1.347500000000000142e+01 nan
1.352500000000000036e+01 nan
1.357500000000000107e+01 nan
1.362500000000000000e+01 nan
1.367500000000000071e+01 nan
1.372500000000000142e+01 nan
1.377500000000000036e+01 nan
1.382500000000000107e+01 nan
1.387500000000000000e+01 nan
1.392500000000000071e+01 nan
1.397500000000000142e+01 nan
1.402499999999999858e+01 nan
1.407500000000000284e+01 nan
1.412500000000000000e+01 nan
1.417500000000000071e+01 nan
1.422500000000000142e+01 nan
1.427499999999999858e+01 nan
1.432500000000000284e+01 nan
1.437500000000000000e+01 nan
1.442500000000000071e+01 nan
1.447500000000000142e+01 nan
1.452499999999999858e+01 nan
1.457500000000000284e+01 nan
1.462500000000000000e+01 nan
1.467500000000000071e+01 nan
1.472500000000000142e+01 nan
1.477499999999999858e+01 nan
1.482500000000000284e+01 nan
1.487500000000000000e+01 nan
1.492500000000000071e+01 nan
1.497500000000000142e+01 nan
1.502499999999999858e+01 nan
1.507500000000000284e+01 nan
1.512500000000000000e+01 nan
1.517500000000000071e+01 nan
1.522500000000000142e+01 nan
1.527499999999999858e+01 nan
1.532500000000000284e+01 nan
1.537500000000000000e+01 nan
1.542500000000000071e+01 nan
1.547500000000000142e+01 nan
1.552499999999999858e+01 nan
1.557500000000000284e+01 nan
1.562500000000000000e+01 nan
1.567500000000000071e+01 nan
1.572500000000000142e+01 nan
1.577499999999999858e+01 nan
1.582500000000000284e+01 nan
1.587500000000000000e+01 nan
1.592500000000000071e+01 nan
1.597500000000000142e+01 nan
1.602499999999999858e+01 nan
1.607500000000000284e+01 nan
1.612500000000000000e+01 nan
1.617500000000000071e+01 nan
1.622500000000000142e+01 nan
1.627499999999999858e+01 nan
1.632500000000000284e+01 nan
1.637500000000000000e+01 nan
1.642500000000000071e+01 nan
1.647500000000000142e+01 nan
1.652499999999999858e+01 nan
1.657500000000000284e+01 nan
1.662500000000000000e+01 nan
1.667500000000000071e+01 nan
1.672500000000000142e+01 nan
1.677499999999999858e+01 nan
1.682500000000000284e+01 nan
1.687500000000000000e+01 nan
1.692500000000000071e+01 nan
1.697500000000000142e+01 nan
1.702499999999999858e+01 nan
1.707500000000000284e+01 nan
1.712500000000000000e+01 nan
1.717500000000000426e+01 nan
1.722500000000000142e+01 nan
1.727499999999999858e+01 nan
1.732500000000000284e+01 nan
1.737500000000000000e+01 nan
1.742500000000000426e+01 nan
1.747500000000000142e+01 nan
1.752499999999999858e+01 nan
1.757500000000000284e+01 nan
1.762500000000000000e+01 nan
1.767500000000000426e+01 nan
1.772500000000000142e+01 nan
1.777499999999999858e+01 nan
1.782500000000000284e+01 nan
1.787500000000000000e+01 nan
1.792500000000000426e+01 nan
1.797500000000000142e+01 nan
