# r_minus_2Rs_A, PMF_over_kBT
-5.169500000000000206e-01 2.345567542364167934e+01
-5.028242139999998805e-01 3.518166884727985178e+01
-4.886984280000001846e-01 4.689468632732178577e+01
-4.745726430000001272e-01 4.684169588492868996e+01
-4.604468569999999872e-01 4.669376128095154144e+01
-4.463210709999998471e-01 4.635707524854746708e+01
-4.321952850000001511e-01 4.568757612310756855e+01
-4.180694990000000111e-01 4.450012075270814194e+01
-4.039437139999999538e-01 4.260240311222850096e+01
-3.898179279999998137e-01 3.985362308509509432e+01
-3.756921420000001177e-01 3.623420050895076372e+01
-3.615663559999999777e-01 3.189328396519356446e+01
-3.474405699999998376e-01 2.714110767459578710e+01
-3.333147849999997803e-01 2.237758916752981264e+01
-3.191889990000000843e-01 1.797965931313814991e+01
-3.050632129999999442e-01 1.419671791918931092e+01
-2.909374269999998042e-01 1.110410507612584752e+01
-2.768116410000001082e-01 8.628571578819030918e+00
-2.626858560000000509e-01 6.623532732581331572e+00
-2.485600699999999108e-01 4.943751717826925685e+00
-2.344342840000002148e-01 3.490823530243741146e+00
-2.203084980000000748e-01 2.219025691609443740e+00
-2.061827119999999347e-01 1.117498982197837165e+00
-1.920569269999998774e-01 1.894452767725951503e-01
-1.779311410000001814e-01 -5.645592146165849812e-01
-1.638053550000000413e-01 -1.155656063887189333e+00
-1.496795689999999013e-01 -1.609904131210461387e+00
-1.355537830000002053e-01 -1.960274890662892844e+00
-1.214279980000001480e-01 -2.235677990379370428e+00
-1.073022120000000079e-01 -2.454440743685900372e+00
-9.317642599999986786e-02 -2.621350779906615358e+00
-7.905064000000017188e-02 -2.736296506784762883e+00
-6.492485400000003182e-02 -2.802171449998542840e+00
-5.079906899999997449e-02 -2.824448271718337011e+00
-3.667328299999983443e-02 -2.813970817539289015e+00
-2.254749700000013846e-02 -2.782730963744976194e+00
-8.421710999999998393e-03 -2.744300212636566982e+00
5.704074999999697582e-03 -2.711505402364693396e+00
1.982985999999975490e-02 -2.687769986148015988e+00
3.395564599999989497e-02 -2.667009382102495607e+00
4.808143200000003503e-02 -2.634505225671029294e+00
6.220721800000017510e-02 -2.580318526370195542e+00
7.633300300000023242e-02 -2.509228793576607330e+00
9.045878900000037248e-02 -2.435990081658164996e+00
1.045845749999996244e-01 -2.375688290596540853e+00
1.187103609999997644e-01 -2.329781958743749826e+00
1.328361469999999045e-01 -2.286394546835937902e+00
1.469619319999999618e-01 -2.232101777884395233e+00
1.610877180000001019e-01 -2.164601041509378376e+00
1.752135040000002419e-01 -2.096486279603178460e+00
1.893392900000003820e-01 -2.042150495864936133e+00
2.034650759999996339e-01 -2.007936434646788726e+00
2.175908609999996912e-01 -1.985340379568826918e+00
2.317166469999998313e-01 -1.958972240749787375e+00
2.458424329999999713e-01 -1.919247268538514462e+00
2.599682190000001114e-01 -1.863544629504184869e+00
2.740940050000002515e-01 -1.796937391727777111e+00
2.882197900000003088e-01 -1.724810178269422067e+00
3.023455759999995607e-01 -1.652078060199306364e+00
3.164713619999997007e-01 -1.586874991300478044e+00
3.305971479999998408e-01 -1.535658182127161098e+00
3.447229339999999809e-01 -1.499124066580369785e+00
3.588487190000000382e-01 -1.468132085710939450e+00
3.729745050000001783e-01 -1.428035171066891706e+00
3.871002910000003183e-01 -1.371884529399611807e+00
4.012260769999995702e-01 -1.307256144144885113e+00
4.153518629999997103e-01 -1.252156867798872142e+00
4.294776479999997676e-01 -1.220028719604716372e+00
4.436034339999999077e-01 -1.207927368248702393e+00
4.577292200000000477e-01 -1.198557603988986031e+00
4.718550060000001878e-01 -1.174939520784951341e+00
4.859807920000003278e-01 -1.134644732215585705e+00
5.001065770000003852e-01 -1.088607079823383117e+00
5.142323629999996371e-01 -1.052492946772298765e+00
5.283581489999997771e-01 -1.031276210624660905e+00
5.424839349999999172e-01 -1.015429679667047225e+00
5.566097210000000572e-01 -9.895394630163565353e-01
5.707355060000001146e-01 -9.417286657495473889e-01
5.848612920000002546e-01 -8.717259212654706602e-01
5.989870780000003947e-01 -7.905640798710678041e-01
6.131128639999996466e-01 -7.135264112390906632e-01
6.272386499999997866e-01 -6.520596470890769325e-01
6.413644349999998440e-01 -6.105886921347671858e-01
6.554902209999999840e-01 -5.878015312789433011e-01
6.696160070000001241e-01 -5.801685491700592223e-01
6.837417930000002642e-01 -5.837522249206905656e-01
6.978675790000004042e-01 -5.929619896215818642e-01
7.119933639999995734e-01 -5.966367092353728196e-01
7.261191499999997134e-01 -5.840160501729538822e-01
7.402449359999998535e-01 -5.506900482074765790e-01
7.543707219999999936e-01 -5.055593367437225538e-01
7.684965080000001336e-01 -4.654121136814666215e-01
7.826222930000001909e-01 -4.405123546422338165e-01
7.967480790000003310e-01 -4.298990511208149456e-01
8.108738649999995829e-01 -4.209478661759025186e-01
8.249996509999997230e-01 -4.047085933470224717e-01
8.391254369999998630e-01 -3.830247441576286604e-01
8.532512219999999203e-01 -3.628245687713356205e-01
8.673770080000000604e-01 -3.460133299445100619e-01
8.815027940000002005e-01 -3.249858193643646587e-01
8.956285800000003405e-01 -2.904032897939909930e-01
9.097543659999995924e-01 -2.423886606346670192e-01
9.238801509999996497e-01 -1.944610108499116308e-01
9.380059369999997898e-01 -1.614514506547468642e-01
9.521317229999999299e-01 -1.488072672108486927e-01
9.662575090000000699e-01 -1.489784674189031932e-01
9.803832950000002100e-01 -1.493090725079824210e-01
9.945090800000002673e-01 -1.425016467754964822e-01
1.008634866000000407e+00 -1.294520234648572909e-01
1.022760651999999659e+00 -1.136382330433587384e-01
1.036886437999999799e+00 -9.801127599662251555e-02
1.051012223999999939e+00 -8.511293225160621034e-02
1.065138008999999997e+00 -7.648616476439151768e-02
1.079263795000000137e+00 -7.312690248959619055e-02
1.093389581000000277e+00 -6.914394446670613092e-02
1.107515367000000417e+00 -5.384184390681845400e-02
1.121641152999999669e+00 -1.858742083649111976e-02
1.135766937999999726e+00 3.327439656368191834e-02
1.149892723999999866e+00 8.669658351072406788e-02
1.164018510000000006e+00 1.266502164664959906e-01
1.178144296000000146e+00 1.490477354043839853e-01
1.192270081000000204e+00 1.658964463942105283e-01
1.206395867000000344e+00 1.928918448385843476e-01
1.220521652999999596e+00 2.361832661242555531e-01
1.234647438999999736e+00 2.846278066932992346e-01
1.248773224999999876e+00 3.171030297950530041e-01
1.262899009999999933e+00 3.217155883258282500e-01
1.277024796000000073e+00 3.034186344536990987e-01
1.291150582000000213e+00 2.828232035915014819e-01
1.305276368000000353e+00 2.814537974017596866e-01
1.319402153999999605e+00 3.035377695533014730e-01
1.333527938999999662e+00 3.358677040366995215e-01
1.347653724999999802e+00 3.598033773743711805e-01
1.361779510999999943e+00 3.646598925918542733e-01
1.375905297000000083e+00 3.553110828662173759e-01
1.390031083000000223e+00 3.446240156743503036e-01
1.404156868000000280e+00 3.392056646489063354e-01
1.418282654000000420e+00 3.348553275993886302e-01
1.432408439999999672e+00 3.244473456430974068e-01
1.446534225999999812e+00 3.066752923357629612e-01
1.460660011999999952e+00 2.897045613727282642e-01
1.474785797000000009e+00 2.853647952114162223e-01
1.488911583000000149e+00 2.961157343871718695e-01
1.503037369000000290e+00 3.163295850297576095e-01
1.517163155000000430e+00 3.357203970246604996e-01
1.531288940999999681e+00 3.478741984928621633e-01
1.545414725999999739e+00 3.552537534381237094e-01
1.559540511999999879e+00 3.620452371962095128e-01
1.573666298000000019e+00 3.710452474982339766e-01
1.587792084000000159e+00 3.823892681143750139e-01
1.601917870000000299e+00 3.916492478540245514e-01
1.616043655000000356e+00 3.947430494961832181e-01
1.630169440999999608e+00 3.897506033074602527e-01
1.644295226999999748e+00 3.753937484265179592e-01
1.658421012999999888e+00 3.547604465063525225e-01
1.672546799000000028e+00 3.315144887831618092e-01
1.686672584000000086e+00 3.101393530642049257e-01
1.700798370000000226e+00 2.950630430564267215e-01
1.714924156000000366e+00 2.882367329753066088e-01
1.729049941999999618e+00 2.910597892502391204e-01
1.743175727999999758e+00 3.051897646943082520e-01
1.757301512999999815e+00 3.327576600014090502e-01
1.771427298999999955e+00 3.726391301757239205e-01
1.785553085000000095e+00 4.159831107521281268e-01
1.799678871000000235e+00 4.445772659518159031e-01
1.813804657000000375e+00 4.415512812432105250e-01
1.827930442000000433e+00 4.019460112840267385e-01
1.842056227999999685e+00 3.398495976450455203e-01
1.856182013999999825e+00 2.841155566421260659e-01
1.870307799999999965e+00 2.591528494260071369e-01
1.884433586000000105e+00 2.690097235793995623e-01
1.898559371000000162e+00 2.992760597622527996e-01
1.912685157000000302e+00 3.292663987942585635e-01
1.926810943000000442e+00 3.451988827113989799e-01
1.940936728999999694e+00 3.496972777577216362e-01
1.955062514999999834e+00 3.499004566314507514e-01
1.969188299999999892e+00 3.522652635110006258e-01
1.983314086000000032e+00 3.581368756574558887e-01
1.997439872000000172e+00 3.642189951150438532e-01
2.011565658000000312e+00 3.687820855726382518e-01
2.025691443999999564e+00 3.674004362265836932e-01
2.039817228999999621e+00 3.552966187359949402e-01
2.053943014999999761e+00 3.319296730225342884e-01
2.068068800999999901e+00 3.026574792922893664e-01
2.082194587000000041e+00 2.786410626380160238e-01
2.096320373000000181e+00 2.710895604540439763e-01
2.110446158000000239e+00 2.807434719662218470e-01
2.124571944000000379e+00 2.995086546805030281e-01
2.138697729999999630e+00 3.177234580165784195e-01
2.152823515999999771e+00 3.295720288767221007e-01
2.166949301999999911e+00 3.351689077739905542e-01
2.181075086999999968e+00 3.355761067433906675e-01
2.195200873000000108e+00 3.288259438585843242e-01
2.209326659000000248e+00 3.116338139611620761e-01
2.223452445000000388e+00 2.840140500348411479e-01
2.237578230999999640e+00 2.505989012726939080e-01
2.251704015999999697e+00 2.184252629180569727e-01
2.265829801999999837e+00 1.921139382041268107e-01
2.279955587999999977e+00 1.745787442434281189e-01
2.294081374000000118e+00 1.680861675152183210e-01
2.308207159000000175e+00 1.748977677371161832e-01
2.322332945000000315e+00 1.949821759345251593e-01
2.336458730999999567e+00 2.232160989587743671e-01
2.350584516999999707e+00 2.504490463432862413e-01
2.364710302999999847e+00 2.680397722479614941e-01
2.378836087999999904e+00 2.748318181933520066e-01
2.392961874000000044e+00 2.757161050064045327e-01
2.407087660000000184e+00 2.794924280628929836e-01
2.421213446000000324e+00 2.915845615619012676e-01
2.435339231999999576e+00 3.096380601509896024e-01
2.449465016999999634e+00 3.270048210098508434e-01
2.463590802999999774e+00 3.355980648316130299e-01
2.477716588999999914e+00 3.317981233223541437e-01
2.491842375000000054e+00 3.149394821842719239e-01
2.505968161000000194e+00 2.870327869376634311e-01
2.520093946000000251e+00 2.540330098380589874e-01
2.534219732000000391e+00 2.234242289253085545e-01
2.548345517999999643e+00 2.037779603608189660e-01
2.562471303999999783e+00 2.020255591516892935e-01
2.576597089999999923e+00 2.197579662662523248e-01
2.590722874999999981e+00 2.508338719976777043e-01
2.604848661000000121e+00 2.851001746936834280e-01
2.618974447000000261e+00 3.094677221250794474e-01
2.633100233000000401e+00 3.131113560799274609e-01
2.647226018999999653e+00 2.934039301274005140e-01
2.661351803999999710e+00 2.578792103957354698e-01
2.675477589999999850e+00 2.217716088212036141e-01
2.689603375999999990e+00 1.990175787092773874e-01
2.703729162000000130e+00 1.928121667472399992e-01
2.717854948000000270e+00 1.941983481904685505e-01
2.731980733000000328e+00 1.929345786032534704e-01
2.746106518999999579e+00 1.855607800140539609e-01
2.760232304999999720e+00 1.802112993789979356e-01
2.774358090999999860e+00 1.882741238193990085e-01
2.788483877000000000e+00 2.127837403272110350e-01
2.802609662000000057e+00 2.458173445978264482e-01
2.816735448000000197e+00 2.729953810593030994e-01
2.830861234000000337e+00 2.838420626253217449e-01
2.844987019999999589e+00 2.793386249640779084e-01
2.859112805999999729e+00 2.691685291099563671e-01
2.873238590999999786e+00 2.641972080335541762e-01
2.887364376999999926e+00 2.710559389319460166e-01
2.901490163000000067e+00 2.882972855614198693e-01
2.915615949000000207e+00 3.109832896022979298e-01
2.929741735000000347e+00 3.344288448864318752e-01
2.943867520000000404e+00 3.549948558981252944e-01
2.957993305999999656e+00 3.707875578092245661e-01
2.972119091999999796e+00 3.792233788110266346e-01
2.986244877999999936e+00 3.797204495427877191e-01
3.000370664000000076e+00 3.733426789349785224e-01
3.014496449000000133e+00 3.617836536734699848e-01
3.028622235000000273e+00 3.469417479148724226e-01
3.042748021000000413e+00 3.289558717466647408e-01
3.056873806999999665e+00 3.123534986794194168e-01
3.070999592999999805e+00 3.048526347186637508e-01
3.085125377999999863e+00 3.145858542762827170e-01
3.099251164000000003e+00 3.426643102112265638e-01
3.113376950000000143e+00 3.787321897082094324e-01
3.127502736000000283e+00 4.057815311239743039e-01
3.141628522000000423e+00 4.114261256425564284e-01
3.155754306999999592e+00 3.946941160856116682e-01
3.169880092999999732e+00 3.660303382461762567e-01
3.184005878999999872e+00 3.417722599923891380e-01
3.198131665000000012e+00 3.325393655323640729e-01
3.212257451000000152e+00 3.414396651366544688e-01
3.226383236000000210e+00 3.634495258798509099e-01
3.240509022000000350e+00 3.864258007189711464e-01
3.254634807999999602e+00 3.959415195318900516e-01
3.268760593999999742e+00 3.819831385427647774e-01
3.282886379999999882e+00 3.448273132729546830e-01
3.297012164999999939e+00 2.989595066978409932e-01
3.311137951000000079e+00 2.665118947794571369e-01
3.325263737000000219e+00 2.607740204074300294e-01
3.339389523000000359e+00 2.791377230782163821e-01
3.353515308000000417e+00 3.035868269593535729e-01
3.367641093999999669e+00 3.148026554084335515e-01
3.381766879999999809e+00 3.098541525867535285e-01
3.395892665999999949e+00 3.028580241737266476e-01
3.410018452000000089e+00 3.086921393547186199e-01
3.424144237000000146e+00 3.300555625190408904e-01
3.438270023000000286e+00 3.522100107326497920e-01
3.452395809000000426e+00 3.554984318713803049e-01
3.466521594999999678e+00 3.356330163023724111e-01
3.480647380999999818e+00 3.046527295195975427e-01
3.494773165999999875e+00 2.847862099669704605e-01
3.508898952000000016e+00 2.899614265135639357e-01
3.523024738000000156e+00 3.187866098119283009e-01
3.537150524000000296e+00 3.588136130111116984e-01
3.551276310000000436e+00 3.923637908462680457e-01
3.565402094999999605e+00 4.064350448772735547e-01
3.579527880999999745e+00 3.961491887083550267e-01
3.593653666999999885e+00 3.676006109586253956e-01
3.607779453000000025e+00 3.347443359744293190e-01
3.621905239000000165e+00 3.141771706633100791e-01
3.636031024000000222e+00 3.126849474708244259e-01
3.650156810000000362e+00 3.232368150864246559e-01
3.664282595999999614e+00 3.336036914133462261e-01
3.678408381999999754e+00 3.356930204093302450e-01
3.692534167999999895e+00 3.321021718261896183e-01
3.706659952999999952e+00 3.317918986990697761e-01
3.720785739000000092e+00 3.385543112805109445e-01
3.734911525000000232e+00 3.452729767838800257e-01
3.749037311000000372e+00 3.413096168685960663e-01
3.763163096999999624e+00 3.211775193175459009e-01
3.777288881999999681e+00 2.904584197162503045e-01
3.791414667999999821e+00 2.613685999054009557e-01
3.805540453999999961e+00 2.476957274010676002e-01
3.819666240000000101e+00 2.567073870728400209e-01
3.833792026000000241e+00 2.851521705654889161e-01
3.847917811000000299e+00 3.222124228132816626e-01
3.862043597000000439e+00 3.521849353335184674e-01
3.876169382999999691e+00 3.639582327428954045e-01
3.890295168999999831e+00 3.552920515317907757e-01
3.904420954999999971e+00 3.350086298107761706e-01
3.918546740000000028e+00 3.147909541440299108e-01
3.932672526000000168e+00 3.026203205870547919e-01
3.946798312000000308e+00 3.015830057185553414e-01
3.960924097999999560e+00 3.090207476721875679e-01
3.975049883999999700e+00 3.209670910465831639e-01
3.989175668999999758e+00 3.326721669611369947e-01
4.003301455000000786e+00 3.397963779669197493e-01
4.017427241000000038e+00 3.400524313360051565e-01
4.031553026999999290e+00 3.358499571894100200e-01
4.045678813000000318e+00 3.320989430867147263e-01
4.059804597999999487e+00 3.325693298849490276e-01
4.073930384000000515e+00 3.372183902000607247e-01
4.088056169999999767e+00 3.420855091150105665e-01
4.102181956000000795e+00 3.447733610168040030e-01
4.116307742000000047e+00 3.458817580592405960e-01
4.130433526999999216e+00 3.464685608571933528e-01
4.144559313000000245e+00 3.465226982405376077e-01
4.158685098999999497e+00 3.435660640907194363e-01
4.172810885000000525e+00 3.374883993384809600e-01
4.186936670999999777e+00 3.361763588158392935e-01
4.201062456000000722e+00 3.462301654955055596e-01
4.215188241999999974e+00 3.682259060533557005e-01
4.229314027999999226e+00 3.918073815754112843e-01
4.243439814000000254e+00 4.002935437485568571e-01
4.257565599999999506e+00 3.869095320371602753e-01
4.271691385000000452e+00 3.577942253386758864e-01
4.285817170999999703e+00 3.261032775481780277e-01
4.299942957000000732e+00 3.022731521357471252e-01
4.314068742999999984e+00 2.871433851108449176e-01
4.328194528999999235e+00 2.756781654267754789e-01
4.342320314000000181e+00 2.670616895363870924e-01
4.356446099999999433e+00 2.641784379263718563e-01
4.370571886000000461e+00 2.684578758231452866e-01
4.384697671999999713e+00 2.797626235760368729e-01
4.398823458000000741e+00 2.952534038379539538e-01
4.412949242999999910e+00 3.124269286986489647e-01
4.427075028999999162e+00 3.301650271887677235e-01
4.441200815000000190e+00 3.429081450174500389e-01
4.455326600999999442e+00 3.442618771540129075e-01
4.469452386000000388e+00 3.290895558919029185e-01
4.483578171999999640e+00 3.011658382698829683e-01
4.497703958000000668e+00 2.728266357496718086e-01
4.511829743999999920e+00 2.544104029852789495e-01
4.525955529999999172e+00 2.485115514588382979e-01
4.540081315000000117e+00 2.490810504794147562e-01
4.554207100999999369e+00 2.472931711421892942e-01
4.568332887000000397e+00 2.410956318715733460e-01
4.582458672999999649e+00 2.351164875126130482e-01
4.596584459000000678e+00 2.336386071622786886e-01
4.610710243999999847e+00 2.355217335524528721e-01
4.624836030000000875e+00 2.340048157206879864e-01
4.638961816000000127e+00 2.220582893915263867e-01
4.653087601999999379e+00 1.983307844545052490e-01
4.667213388000000407e+00 1.712141524747483601e-01
4.681339172999999576e+00 1.514701754279066392e-01
4.695464959000000604e+00 1.470050686953801033e-01
4.709590744999999856e+00 1.607615491870788560e-01
4.723716531000000884e+00 1.873197366898811111e-01
4.737842317000000136e+00 2.178143381543087287e-01
4.751968101999999305e+00 2.421009599749979202e-01
4.766093888000000334e+00 2.521408906651885218e-01
4.780219673999999586e+00 2.461688134951369733e-01
4.794345460000000614e+00 2.291879642916896387e-01
4.808471245999999866e+00 2.113065170171175566e-01
4.822597031000000811e+00 2.010013418532459184e-01
4.836722817000000063e+00 2.002905717487344361e-01
4.850848602999999315e+00 2.032583202182980386e-01
4.864974389000000343e+00 2.017507126901900705e-01
4.879100174999999595e+00 1.921596633771596174e-01
4.893225960000000541e+00 1.765488491642877023e-01
4.907351745999999793e+00 1.610231613193491285e-01
4.921477532000000821e+00 1.493996529689844976e-01
4.935603318000000073e+00 1.402762614134509533e-01
4.949729103999999325e+00 1.291490498380696295e-01
4.963854889000000270e+00 1.127919470048031059e-01
4.977980674999999522e+00 9.598410864180628721e-02
4.992106461000000550e+00 9.057439975784653541e-02
5.006232246999999802e+00 1.057394556662636376e-01
5.020358033000000830e+00 1.402108988594576999e-01
5.034483817999999999e+00 1.782584832139431086e-01
5.048609603999999251e+00 1.986392421558171861e-01
5.062735390000000280e+00 1.919497174263398165e-01
5.076861175999999531e+00 1.660140455893266420e-01
5.090986962000000560e+00 1.417026152299172281e-01
5.105112746999999729e+00 1.371983253505693057e-01
5.119238533000000757e+00 1.549280506350232400e-01
5.133364319000000009e+00 1.832422615037341274e-01
5.147490104999999261e+00 2.088267622337323104e-01
5.161615891000000289e+00 2.251465526752216562e-01
5.175741675999999458e+00 2.354935905159525333e-01
5.189867462000000486e+00 2.453137568694607751e-01
5.203993247999999738e+00 2.535851521365088956e-01
5.218119034000000767e+00 2.538653115438638252e-01
5.232244820000000018e+00 2.391754284754643578e-01
5.246370604999999188e+00 2.089546057665163659e-01
5.260496391000000216e+00 1.723987967772622198e-01
5.274622176999999468e+00 1.424495141572137413e-01
5.288747963000000496e+00 1.254604224802733370e-01
5.302873748999999748e+00 1.193511567388370054e-01
5.316999534000000693e+00 1.130748571837809635e-01
5.331125319999999945e+00 9.795593781921141385e-02
5.345251105999999197e+00 7.607211452112316863e-02
5.359376892000000225e+00 5.821965251079852521e-02
5.373502677999999477e+00 5.645380872148741958e-02
5.387628463000000423e+00 7.305364792628488146e-02
5.401754248999999675e+00 1.005855489763956001e-01
5.415880035000000703e+00 1.279902013064901922e-01
5.430005820999999955e+00 1.474033972463928421e-01
5.444131606999999207e+00 1.551700879377388986e-01
5.458257392000000152e+00 1.507232601045895848e-01
5.472383177999999404e+00 1.348712177771691501e-01
5.486508964000000432e+00 1.129480178290478420e-01
5.500634749999999684e+00 9.650987454648962682e-02
5.514760536000000712e+00 9.592270812733971752e-02
5.528886320999999882e+00 1.118091924169721807e-01
5.543012106999999133e+00 1.338513234078071434e-01
5.557137893000000162e+00 1.454886731631717112e-01
5.571263678999999414e+00 1.393455940115000402e-01
5.585389464000000359e+00 1.240594582231633325e-01
5.599515249999999611e+00 1.128945325278749579e-01
5.613641036000000639e+00 1.144180303727697634e-01
5.627766821999999891e+00 1.231466639103988570e-01
5.641892607999999143e+00 1.260742873390849894e-01
5.656018393000000088e+00 1.153127678604857209e-01
5.670144178999999340e+00 9.688620902057110129e-02
5.684269965000000369e+00 8.323545237469964775e-02
5.698395750999999620e+00 8.048670237844213204e-02
5.712521537000000649e+00 8.530749650364910508e-02
5.726647321999999818e+00 8.612618167758512300e-02
5.740773108000000846e+00 7.567877891573182580e-02
5.754898894000000098e+00 5.724938756713982002e-02
5.769024679999999350e+00 4.060437730161048364e-02
5.783150466000000378e+00 3.246122629178316288e-02
5.797276250999999547e+00 3.109580668228417721e-02
5.811402037000000576e+00 2.827476341753687450e-02
5.825527822999999827e+00 1.559269719640887786e-02
5.839653609000000856e+00 -7.152569024837518441e-03
5.853779395000000108e+00 -3.013332249417111086e-02
5.867905179999999277e+00 -4.288484068073650235e-02
5.882030966000000305e+00 -4.300954631653475246e-02
5.896156751999999557e+00 -3.629812347442928910e-02
5.910282538000000585e+00 -3.249336396878987898e-02
5.924408323999999837e+00 -3.657844304147772618e-02
5.938534109000000782e+00 -4.346204712291878991e-02
5.952659895000000034e+00 -4.269628500137301330e-02
5.966785680999999286e+00 -2.986028906260784765e-02
5.980911467000000314e+00 -7.027267819939453375e-03
5.995037252999999566e+00 1.934190420765524721e-02
6.009163038000000512e+00 4.081053131296208392e-02
6.023288823999999764e+00 5.478203930362823826e-02
6.037414610000000792e+00 5.904448168149833975e-02
6.051540396000000044e+00 5.128622130574278515e-02
6.065666181999999296e+00 3.050819277421723541e-02
6.079791967000000241e+00 7.275446581207489771e-04
6.093917752999999493e+00 -2.752459166447884797e-02
6.108043539000000521e+00 -4.207982421676348395e-02
6.122169324999999773e+00 -3.632729295394909741e-02
6.136295111000000801e+00 -1.675246834827071041e-02
6.150420895999999971e+00 3.188679230655466768e-03
6.164546681999999223e+00 1.124831480236743175e-02
6.178672468000000251e+00 6.852344954175748626e-03
6.192798253999999503e+00 -1.815969206107936884e-03
6.206924040000000531e+00 -8.091192891846787916e-03
6.221049824999999700e+00 -1.134735411678100547e-02
6.235175611000000728e+00 -1.687851969746745340e-02
6.249301396999999980e+00 -2.702642939758526097e-02
6.263427182999999232e+00 -3.559895297554582783e-02
6.277552969000000260e+00 -3.554922586354436476e-02
6.291678753999999429e+00 -2.562256855202349470e-02
6.305804540000000458e+00 -1.174745065527815768e-02
6.319930325999999710e+00 -2.773859572242187710e-03
6.334056112000000738e+00 -2.129537857031849057e-03
6.348181897999999990e+00 -9.922375993422605234e-03
6.362307682999999159e+00 -2.602234339423503684e-02
6.376433469000000187e+00 -5.089844569142343289e-02
6.390559254999999439e+00 -8.301238436495061990e-02
6.404685041000000467e+00 -1.183552150813902415e-01
6.418810826999999719e+00 -1.504697888542185780e-01
6.432936612000000665e+00 -1.756224701419402123e-01
6.447062397999999916e+00 -1.951574757497702706e-01
6.461188183999999168e+00 -2.085276647814318096e-01
6.475313970000000197e+00 -2.103750860103552611e-01
6.489439755999999448e+00 -1.938932154902719418e-01
6.503565541000000394e+00 -1.580128282036952214e-01
6.517691326999999646e+00 -1.132950247042519010e-01
6.531817113000000674e+00 -7.800099042363939361e-02
6.545942898999999926e+00 -6.579414239800662756e-02
6.560068684999999178e+00 -7.797503849015541277e-02
6.574194470000000123e+00 -1.030093751689999948e-01
6.588320255999999375e+00 -1.265190409248084791e-01
6.602446042000000404e+00 -1.417531552539124107e-01
6.616571827999999655e+00 -1.499661069983098116e-01
6.630697614000000684e+00 -1.572883316311290969e-01
6.644823398999999853e+00 -1.669734264573410343e-01
6.658949185000000881e+00 -1.745624701567809467e-01
6.673074971000000133e+00 -1.723306524143382035e-01
6.687200756999999385e+00 -1.542007974678991644e-01
6.701326542000000330e+00 -1.225795705605037256e-01
6.715452327999999582e+00 -8.935108116521384147e-02
6.729578114000000610e+00 -6.927962524323838522e-02
6.743703899999999862e+00 -7.280936551959094061e-02
6.757829685999999114e+00 -9.995600134696758232e-02
6.771955471000000060e+00 -1.397456842324054094e-01
6.786081256999999312e+00 -1.779381654426064330e-01
6.800207043000000340e+00 -2.034832566024320499e-01
6.814332828999999592e+00 -2.125183435192727899e-01
6.828458615000000620e+00 -2.084009586263455560e-01
6.842584399999999789e+00 -1.968072703821572844e-01
6.856710186000000817e+00 -1.821707882939787027e-01
6.870835972000000069e+00 -1.679704428714767772e-01
6.884961757999999321e+00 -1.564967371933398965e-01
6.899087544000000349e+00 -1.500357458009808909e-01
6.913213328999999518e+00 -1.530731182933600110e-01
6.927339115000000547e+00 -1.678968927363602148e-01
6.941464900999999799e+00 -1.950761572296322299e-01
6.955590687000000827e+00 -2.293287924412545919e-01
6.969716473000000079e+00 -2.579966972744625053e-01
6.983842257999999248e+00 -2.671593014965072399e-01
6.997968044000000276e+00 -2.456163159210422720e-01
7.012093829999999528e+00 -1.944228752656016468e-01
7.026219616000000556e+00 -1.289364329446165414e-01
7.040345401999999808e+00 -7.266679060593794759e-02
7.054471187000000754e+00 -4.660535463243853371e-02
7.068596973000000006e+00 -5.828425567807116181e-02
7.082722758999999257e+00 -9.652394152563736895e-02
7.096848545000000286e+00 -1.398219160736555722e-01
7.110974330999999538e+00 -1.702396091943096934e-01
7.125100116000000483e+00 -1.816454809787231284e-01
7.139225901999999735e+00 -1.804283174008975976e-01
7.153351688000000763e+00 -1.759952186596596135e-01
7.167477474000000015e+00 -1.709866862303197621e-01
7.181603259999999267e+00 -1.608998723989145674e-01
7.195729045000000212e+00 -1.420818487027322163e-01
7.209854830999999464e+00 -1.166463728834585822e-01
7.223980617000000493e+00 -9.367434239068828106e-02
7.238106402999999744e+00 -8.226334304677784814e-02
7.252232189000000773e+00 -8.404302696706622555e-02
7.266357973999999942e+00 -9.475555842144700591e-02
7.280483759999999194e+00 -1.092282204638088672e-01
7.294609546000000222e+00 -1.263682471455176426e-01
7.308735331999999474e+00 -1.489783170192637840e-01
7.322861118000000502e+00 -1.777639168646079071e-01
7.336986902999999671e+00 -2.075076975512466504e-01
7.351112689000000699e+00 -2.289296555060502669e-01
7.365238474999999951e+00 -2.349056087977814400e-01
7.379364260999999203e+00 -2.269857283831857586e-01
7.393490047000000231e+00 -2.137007344120664953e-01
7.407615831999999401e+00 -2.056791659631702629e-01
7.421741618000000429e+00 -2.085547544456254343e-01
7.435867403999999681e+00 -2.202036400065150445e-01
7.449993190000000709e+00 -2.350575572933664148e-01
7.464118975999999961e+00 -2.485325304678287495e-01
7.478244760999999130e+00 -2.607816142335224185e-01
7.492370547000000158e+00 -2.711755740105683543e-01
7.506496332999999410e+00 -2.765955781499069843e-01
7.520622119000000438e+00 -2.733941275670233040e-01
7.534747904999999690e+00 -2.596140168835816553e-01
7.548873690000000636e+00 -2.411557012633398500e-01
7.562999475999999888e+00 -2.291530307791749266e-01
7.577125261999999140e+00 -2.298660419824951617e-01
7.591251048000000168e+00 -2.394683175372431805e-01
7.605376833999999420e+00 -2.471017321991819671e-01
7.619502619000000365e+00 -2.423583790082375344e-01
7.633628404999999617e+00 -2.244381730093074623e-01
7.647754191000000645e+00 -2.024246128219555629e-01
7.661879976999999897e+00 -1.857008805972437671e-01
7.676005762999999149e+00 -1.774879463830814075e-01
7.690131548000000095e+00 -1.749261356084659269e-01
7.704257333999999346e+00 -1.723227369967883504e-01
7.718383120000000375e+00 -1.671095351035454257e-01
7.732508905999999627e+00 -1.615654728540789620e-01
7.746634692000000655e+00 -1.580289375207843960e-01
7.760760476999999824e+00 -1.586317630476266061e-01
7.774886263000000852e+00 -1.642640418333858321e-01
7.789012049000000104e+00 -1.748322398502644148e-01
7.803137834999999356e+00 -1.879181543855050762e-01
7.817263620000000302e+00 -1.982548856547694527e-01
7.831389405999999553e+00 -2.006722697046505743e-01
7.845515192000000582e+00 -1.932377622837169184e-01
7.859640977999999834e+00 -1.795359849291191523e-01
7.873766764000000862e+00 -1.664787983613287281e-01
7.887892549000000031e+00 -1.595749325533315499e-01
7.902018334999999283e+00 -1.593297594797995487e-01
7.916144121000000311e+00 -1.624638459780971544e-01
7.930269906999999563e+00 -1.642288224157812948e-01
7.944395693000000591e+00 -1.618417057617538291e-01
7.958521477999999760e+00 -1.535873096569773111e-01
7.972647264000000789e+00 -1.383204832916682392e-01
7.986773050000000040e+00 -1.196338549117221817e-01
8.000898835999999292e+00 -1.050171537122750465e-01
8.015024622000000321e+00 -1.030078816175397094e-01
8.029150406999999490e+00 -1.193736814175210270e-01
8.043276193000000518e+00 -1.491588575797226923e-01
8.057401978999999770e+00 -1.796446207235575798e-01
8.071527765000000798e+00 -1.970809995141458160e-01
8.085653551000000050e+00 -1.928026788928125512e-01
8.099779335999999219e+00 -1.703815272475068809e-01
8.113905122000000247e+00 -1.410214943203200733e-01
8.128030907999999499e+00 -1.158371776176263523e-01
8.142156694000000527e+00 -1.014612855944552194e-01
8.156282479999999779e+00 -9.685721104529854131e-02
8.170408265000000725e+00 -9.725051537277273894e-02
8.184534050999999977e+00 -1.009589384296543102e-01
8.198659836999999229e+00 -1.091228194453783829e-01
8.212785623000000257e+00 -1.226333989203585162e-01
8.226911408999999509e+00 -1.395194262093681914e-01
8.241037194000000454e+00 -1.518429986303502233e-01
8.255162979999999706e+00 -1.543596964668036975e-01
8.269288766000000734e+00 -1.510170448622591977e-01
8.283414551999999986e+00 -1.489987237793410912e-01
8.297540337999999238e+00 -1.547207288080318932e-01
8.311666123000000184e+00 -1.659744986629938523e-01
8.325791908999999436e+00 -1.721522759914506651e-01
8.339917695000000464e+00 -1.692277560421171501e-01
8.354043480999999716e+00 -1.627950640438520225e-01
8.368169267000000744e+00 -1.644168760129627316e-01
8.382295051999999913e+00 -1.816152527035743702e-01
8.396420837999999165e+00 -2.073845555758566661e-01
8.410546624000000193e+00 -2.268988544974508414e-01
8.424672409999999445e+00 -2.273673877029924739e-01
8.438798196000000473e+00 -2.078294232456823210e-01
8.452923980999999642e+00 -1.777769055296545275e-01
8.467049767000000671e+00 -1.492187315998840802e-01
8.481175552999999923e+00 -1.296574791664326654e-01
8.495301338999999174e+00 -1.205157730157946361e-01
8.509427125000000203e+00 -1.229347661389947888e-01
8.523552909999999372e+00 -1.370882191685449669e-01
8.537678696000000400e+00 -1.612476302158345476e-01
8.551804481999999652e+00 -1.854740793472053895e-01
8.565930268000000680e+00 -1.919349069310349876e-01
8.580056053999999932e+00 -1.673488402487848248e-01
8.594181839000000878e+00 -1.120696019655724740e-01
8.608307625000000129e+00 -4.767628448280625264e-02
8.622433410999999381e+00 -4.936105059638151715e-03
8.636559197000000410e+00 -3.368282869940841806e-03
8.650684982999999662e+00 -3.926178174152283873e-02
8.664810768000000607e+00 -8.684731862801875479e-02
8.678936553999999859e+00 -1.198003747348348469e-01
8.693062340000000887e+00 -1.288751748343841541e-01
8.707188126000000139e+00 -1.264152204523103507e-01
8.721313911999999391e+00 -1.353446471219452718e-01
8.735439697000000336e+00 -1.660027180188308193e-01
8.749565482999999588e+00 -2.085712941180357660e-01
8.763691269000000617e+00 -2.410129989934723937e-01
8.777817054999999868e+00 -2.445769768430814395e-01
8.791942840999999120e+00 -2.197904187746466675e-01
8.806068626000000066e+00 -1.850306735384066315e-01
8.820194411999999318e+00 -1.621898909093282271e-01
8.834320198000000346e+00 -1.597169187446887406e-01
8.848445983999999598e+00 -1.699533897580316477e-01
8.862571769000000543e+00 -1.784632308744455997e-01
8.876697554999999795e+00 -1.776056187138266296e-01
8.890823341000000823e+00 -1.747520857200282052e-01
8.904949127000000075e+00 -1.822277549605999525e-01
8.919074912999999327e+00 -2.024499377013988521e-01
8.933200698000000273e+00 -2.227165118834690816e-01
8.947326483999999525e+00 -2.234306380843822382e-01
8.961452270000000553e+00 -1.966121514149623550e-01
8.975578055999999805e+00 -1.538790285773128375e-01
8.989703842000000833e+00 -1.203532976966350532e-01
9.003829627000000002e+00 -1.152262309929312778e-01
9.017955412999999254e+00 -1.374306346124765099e-01
9.032081199000000282e+00 -1.687277250408776297e-01
9.046206984999999534e+00 -1.887222948709901260e-01
9.060332771000000562e+00 -1.919687155371381238e-01
9.074458555999999732e+00 -1.899402248267669790e-01
9.088584342000000760e+00 -1.975272338078664092e-01
9.102710128000000012e+00 -2.173943471132115945e-01
9.116835913999999264e+00 -2.349759203213768188e-01
9.130961700000000292e+00 -2.306251194643351710e-01
9.145087484999999461e+00 -1.977493978951923026e-01
9.159213271000000489e+00 -1.485399351502607601e-01
9.173339056999999741e+00 -1.065312720722246809e-01
9.187464843000000769e+00 -8.660821303007892880e-02
9.201590629000000021e+00 -8.732469703879708334e-02
9.215716413999999190e+00 -9.578145430572426733e-02
9.229842200000000219e+00 -1.008162902531282157e-01
9.243967985999999470e+00 -1.030441028996218478e-01
9.258093772000000499e+00 -1.094094912093570571e-01
9.272219557999999751e+00 -1.257587529850621166e-01
9.286345343000000696e+00 -1.495239717382386146e-01
9.300471128999999948e+00 -1.722430181302687657e-01
9.314596914999999200e+00 -1.856056447733731574e-01
9.328722701000000228e+00 -1.871863519993866021e-01
9.342848486999999480e+00 -1.810181180100460807e-01
9.356974272000000425e+00 -1.733015486516187309e-01
9.371100057999999677e+00 -1.711409433713377837e-01
9.385225844000000706e+00 -1.774886367927681619e-01
9.399351629999999957e+00 -1.882539231944448943e-01
9.413477415999999209e+00 -1.952547095625991602e-01
9.427603201000000155e+00 -1.920964298831133732e-01
9.441728986999999407e+00 -1.791749249681231504e-01
9.455854773000000435e+00 -1.655875843541689818e-01
9.469980558999999687e+00 -1.612388017487766945e-01
9.484106345000000715e+00 -1.678701813082064120e-01
9.498232129999999884e+00 -1.769874270918663228e-01
9.512357915999999136e+00 -1.797708370816977208e-01
9.526483702000000164e+00 -1.751113137901914030e-01
9.540609487999999416e+00 -1.700854890619947213e-01
9.554735274000000445e+00 -1.729984058347771025e-01
9.568861058999999614e+00 -1.823721159818862958e-01
9.582986845000000642e+00 -1.892303891696727192e-01
9.597112630999999894e+00 -1.866200899173335870e-01
9.611238416999999146e+00 -1.781668907857856254e-01
9.625364203000000174e+00 -1.735092363958425921e-01
9.639489987999999343e+00 -1.785487838526620408e-01
9.653615774000000371e+00 -1.875411945055400764e-01
9.667741559999999623e+00 -1.849967290724485736e-01
9.681867346000000651e+00 -1.609966653452481467e-01
9.695993131999999903e+00 -1.223728744651566558e-01
9.710118917000000849e+00 -9.131427586447138367e-02
9.724244703000000101e+00 -9.090284418689620338e-02
9.738370488999999353e+00 -1.278963079606523223e-01
9.752496275000000381e+00 -1.861287198845413826e-01
9.766622060999999633e+00 -2.368389537477977314e-01
9.780747846000000578e+00 -2.585812251794195049e-01
9.794873631999999830e+00 -2.503095605032115145e-01
9.808999418000000858e+00 -2.277136815401288317e-01
9.823125204000000110e+00 -2.082720133138717955e-01
9.837250989999999362e+00 -1.977782990345193781e-01
9.851376775000000308e+00 -1.894506140747846956e-01
9.865502560999999559e+00 -1.745308715984954517e-01
9.879628347000000588e+00 -1.551209325244329307e-01
9.893754132999999840e+00 -1.437222158127493543e-01
9.907879919000000868e+00 -1.519697179639933893e-01
9.922005704000000037e+00 -1.786586628029240842e-01
9.936131489999999289e+00 -2.069553161385275786e-01
9.950257276000000317e+00 -2.177074225022135323e-01
9.964383061999999569e+00 -2.017772754701905313e-01
9.978508847000000515e+00 -1.665623937928994991e-01
9.992634632999999766e+00 -1.282953994590201319e-01
1.000676041900000079e+01 -1.002112315665524278e-01
1.002088620500000005e+01 -8.668618241602921159e-02
1.003501199099999930e+01 -8.653113571789639025e-02
1.004913777600000024e+01 -9.764823412023559968e-02
1.006326356199999950e+01 -1.158059416094108229e-01
1.007738934800000052e+01 -1.359992792808473183e-01
1.009151513399999978e+01 -1.491942188517807466e-01
1.010564092000000080e+01 -1.484658179647198040e-01
1.011976670499999997e+01 -1.371242573936353182e-01
1.013389249099999923e+01 -1.228390957019716012e-01
1.014801827700000025e+01 -1.128982388845791718e-01
1.016214406299999951e+01 -1.097318193645016038e-01
1.017626984900000053e+01 -1.086919645215314034e-01
1.019039563399999970e+01 -1.079081713188365654e-01
1.020452142000000073e+01 -1.094451638634748036e-01
1.021864720599999998e+01 -1.165579414356106014e-01
1.023277299199999923e+01 -1.307606368403142483e-01
1.024689877800000026e+01 -1.480665100967097914e-01
1.026102456299999943e+01 -1.652646846785543744e-01
1.027515034900000046e+01 -1.823905741063072128e-01
1.028927613499999971e+01 -2.009109825571755437e-01
1.030340192100000074e+01 -2.183406909590246414e-01
1.031752770699999999e+01 -2.295846122917275522e-01
1.033165349199999916e+01 -2.288826549255631448e-01
1.034577927800000019e+01 -2.147107143739024337e-01
1.035990506399999944e+01 -1.933957300324227191e-01
1.037403085000000047e+01 -1.713910264345166468e-01
1.038815663599999972e+01 -1.543474324229077155e-01
1.040228242100000067e+01 -1.454648438439143376e-01
1.041640820699999992e+01 -1.456720849768782244e-01
1.043053399299999917e+01 -1.559536643058123673e-01
1.044465977900000020e+01 -1.728123548072293403e-01
1.045878556499999945e+01 -1.867871237662406259e-01
1.047291135000000040e+01 -1.851569693428185559e-01
1.048703713599999965e+01 -1.575207197424699501e-01
1.050116292200000068e+01 -1.056058773751598068e-01
1.051528870799999993e+01 -4.586833817556623671e-02
1.052941449399999918e+01 -3.923807224952113870e-03
1.054354027900000013e+01 8.156301654231867815e-04
1.055766606499999938e+01 -3.250711071569334365e-02
1.057179185100000041e+01 -8.516094975153976065e-02
1.058591763699999966e+01 -1.303518064790640807e-01
1.060004342300000069e+01 -1.535488150649548800e-01
1.061416920799999986e+01 -1.580759899061927598e-01
1.062829499400000088e+01 -1.560369825413125966e-01
1.064242078000000014e+01 -1.534781435515988335e-01
1.065654656599999939e+01 -1.425280131720025878e-01
1.067067235200000042e+01 -1.095673694923267050e-01
1.068479813699999958e+01 -5.304348405876346817e-02
1.069892392300000061e+01 1.003793798969176976e-02
1.071304970899999987e+01 5.540541537472165601e-02
1.072717549499999912e+01 6.944340780954050274e-02
1.074130128100000015e+01 5.818606231448875121e-02
1.075542706599999931e+01 4.007204955000176483e-02
1.076955285200000034e+01 3.190801013245980755e-02
1.078367863799999959e+01 3.727072241007611808e-02
1.079780442400000062e+01 5.086508669037925756e-02
1.081193020999999987e+01 6.500212897579338289e-02
1.082605599500000082e+01 7.402637794080924039e-02
1.084018178100000007e+01 7.581253092589435028e-02
1.085430756699999932e+01 6.892245913256545009e-02
1.086843335300000035e+01 5.757073281846913915e-02
1.088255913899999960e+01 4.949763342067825533e-02
1.089668492400000055e+01 5.429129859643211375e-02
1.091081070999999980e+01 7.350734144348969323e-02
1.092493649600000083e+01 9.851313440471543004e-02
1.093906228200000008e+01 1.190598247855767511e-01
1.095318806799999933e+01 1.322618878458321490e-01
1.096731385300000028e+01 1.476618260328503851e-01
1.098143963899999953e+01 1.750154959445318070e-01
1.099556542500000056e+01 2.160030264273071765e-01
1.100969121099999981e+01 2.660078679644115596e-01
1.102381699700000084e+01 3.284789370585503576e-01
1.103794278200000001e+01 4.267002103029717830e-01
1.105206856799999926e+01 5.959592700546885169e-01
1.106619435400000029e+01 8.625647370484621490e-01
1.108032013999999954e+01 1.227696522977588245e+00
1.109444592500000049e+01 1.672829496945174910e+00
1.110857171099999974e+01 2.184022120625854768e+00
1.112269749700000077e+01 2.767793896652767316e+00
1.113682328300000002e+01 3.446222621876547265e+00
1.115094906899999927e+01 4.233547944329748347e+00
1.116507485400000022e+01 5.117448386651060943e+00
1.117920063999999947e+01 6.067006297243544566e+00
1.119332642600000050e+01 7.052393757727008605e+00
1.120745221199999975e+01 8.072518811358126101e+00
1.122157799800000078e+01 9.153011977414822198e+00
1.123570378299999994e+01 1.032723727332926167e+01
1.124982956899999920e+01 1.161932721874990904e+01
1.126395535500000022e+01 1.302866509363892078e+01
1.127808114099999948e+01 1.453835522604694042e+01
1.129220692700000050e+01 1.612350484069165546e+01
1.130633271199999967e+01 1.776570325689630181e+01
1.132045849800000070e+01 1.945931848232976691e+01
1.133458428399999995e+01 2.121120089142641518e+01
1.134871006999999921e+01 2.303797561348329026e+01
1.136283585600000023e+01 2.495376206285219922e+01
1.137696164099999940e+01 2.696648108397407384e+01
1.139108742700000043e+01 2.907915839189387341e+01
1.140521321299999968e+01 3.129392123422864103e+01
1.141933899900000071e+01 3.361220643829682331e+01
1.143346478499999996e+01 3.602160292066577085e+01
1.144759056999999913e+01 3.847760745573363295e+01
1.146171635600000016e+01 4.089397729882544752e+01
1.147584214199999941e+01 4.315116476009656310e+01
1.148996792800000044e+01 4.512921883456501604e+01
1.150409371399999969e+01 4.674004238875645001e+01
1.151821949900000064e+01 4.795126374960759108e+01
1.153234528499999989e+01 4.878888432014373677e+01
1.154647107099999914e+01 4.931907646789798605e+01
1.156059685700000017e+01 4.962515869623391751e+01
1.157472264299999942e+01 4.978504192970070363e+01
1.158884842800000037e+01 4.986072224874222059e+01
1.160297421399999962e+01 4.989272320343951606e+01
1.161710000000000065e+01 3.742714609398031200e+01
