# r_minus_2Rs_A, PMF_over_kBT
-9.749999999999999778e-01 nan
-9.250000000000000444e-01 nan
-8.750000000000000000e-01 nan
-8.249999999999999556e-01 nan
-7.750000000000000222e-01 nan
-7.249999999999999778e-01 nan
-6.749999999999999334e-01 nan
-6.250000000000000000e-01 nan
-5.749999999999999556e-01 nan
-5.250000000000000222e-01 nan
-4.749999999999999778e-01 nan
-4.249999999999999334e-01 nan
-3.750000000000000000e-01 nan
-3.249999999999999556e-01 nan
-2.749999999999999112e-01 nan
-2.249999999999999778e-01 3.611624836726530674e+00
-1.749999999999999334e-01 1.848696635926795562e+00
-1.250000000000000000e-01 -2.137590969601310675e-02
-7.499999999999995559e-02 -7.489321057701703310e-01
-2.499999999999991118e-02 -9.349832710150050019e-01
2.499999999999991118e-02 -8.650163817930187626e-01
7.500000000000017764e-02 -6.789876067466535936e-01
1.250000000000000000e-01 -5.316942878081687418e-01
1.750000000000002665e-01 -4.109035820592485955e-01
2.250000000000000888e-01 -3.032323287986873339e-01
2.749999999999999112e-01 -1.585453067527318183e-01
3.250000000000001776e-01 -7.777429951046554990e-02
3.750000000000000000e-01 -5.867347450477211623e-02
4.250000000000002665e-01 1.176837247758966143e-02
4.750000000000000888e-01 1.260775311446504787e-01
5.249999999999999112e-01 1.477069610347006012e-01
5.750000000000001776e-01 1.872259088470640265e-02
6.250000000000000000e-01 -9.167547437843781566e-02
6.750000000000002665e-01 -1.215572713939248040e-01
7.250000000000000888e-01 -1.258185068563051345e-01
7.749999999999999112e-01 -1.259652175493055637e-01
8.250000000000001776e-01 -1.355651149483385609e-01
8.750000000000000000e-01 -1.328304404579339071e-01
9.250000000000002665e-01 -9.525469676179154632e-02
9.750000000000000888e-01 -1.091011142813975709e-01
1.025000000000000355e+00 -1.100304685635116186e-01
1.075000000000000178e+00 7.365653771473468225e-03
1.125000000000000000e+00 5.656642245687448778e-02
1.174999999999999822e+00 6.847351068991969214e-02
1.225000000000000089e+00 1.694803476537076747e-01
1.275000000000000355e+00 1.835127170440271627e-01
1.325000000000000178e+00 1.404316221086467920e-01
1.375000000000000000e+00 1.719745694083654186e-01
1.425000000000000266e+00 1.726193086368859042e-01
1.475000000000000089e+00 1.361107922699247297e-01
1.525000000000000355e+00 9.673224575143102300e-02
1.575000000000000178e+00 7.048541607586544799e-02
1.625000000000000000e+00 4.440539727883408005e-02
1.675000000000000266e+00 -5.097953586236325663e-03
1.725000000000000089e+00 -3.204253244613530782e-02
1.775000000000000355e+00 -6.106513890510356646e-02
1.825000000000000178e+00 -4.675661726132807061e-02
1.875000000000000000e+00 -1.187726328863902836e-02
1.925000000000000266e+00 1.318844708392230558e-02
1.975000000000000089e+00 4.946884607304369297e-02
2.025000000000000355e+00 5.450545830244779566e-02
2.075000000000000178e+00 3.024720255366464272e-02
2.125000000000000000e+00 4.393692594087150738e-02
2.175000000000000266e+00 7.874797017741252958e-02
2.225000000000000089e+00 7.007499877127409960e-02
2.275000000000000355e+00 5.578246973258726982e-02
2.325000000000000178e+00 5.206159942647570205e-02
2.375000000000000000e+00 7.027352415705623301e-02
2.425000000000000266e+00 7.817114098784161413e-02
2.475000000000000089e+00 4.931648226990770212e-02
2.525000000000000355e+00 1.379317997973972254e-02
2.575000000000000178e+00 2.350042247582662114e-02
2.625000000000000000e+00 1.704795925071911356e-02
2.675000000000000266e+00 -1.425603957380428000e-02
2.725000000000000089e+00 -1.650582176993431460e-03
2.775000000000000355e+00 2.360238379804258102e-02
2.825000000000000178e+00 2.149663315524374951e-02
2.875000000000000000e+00 4.374610827874381158e-03
2.925000000000000266e+00 -6.785523490302480809e-03
2.975000000000000089e+00 2.074060229963547997e-02
3.025000000000000355e+00 5.239426178033124160e-02
3.075000000000000178e+00 4.792856210769347314e-02
3.125000000000000000e+00 2.478843269573038910e-02
3.175000000000000711e+00 5.134651436426551641e-03
3.224999999999999645e+00 -5.839307499142076807e-03
3.275000000000000355e+00 -1.499259129412511271e-02
3.325000000000000178e+00 1.421685885145773653e-02
3.375000000000000000e+00 2.771204837111573838e-02
3.425000000000000711e+00 3.380469335964253474e-03
3.474999999999999645e+00 -7.305607895906174321e-03
3.525000000000000355e+00 1.040463987097872689e-02
3.575000000000000178e+00 -1.971836790277192719e-02
3.625000000000000000e+00 -4.800616727769568826e-02
3.675000000000000711e+00 -4.125274462618122584e-02
3.724999999999999645e+00 -3.455429466789317061e-02
3.775000000000000355e+00 -7.071389009712270024e-03
3.825000000000001066e+00 -2.834592337936925333e-03
3.875000000000000000e+00 -4.158574056226882476e-03
3.925000000000000711e+00 -5.026143747146605278e-03
3.974999999999999645e+00 8.685445840745043000e-03
4.025000000000000355e+00 1.069208729149107029e-02
4.075000000000001066e+00 5.401513504045496461e-03
4.125000000000000000e+00 1.266754887655929807e-02
4.175000000000000711e+00 1.283609241655803146e-02
4.224999999999999645e+00 6.892371538329111758e-03
4.275000000000000355e+00 1.509684628323793021e-03
4.325000000000001066e+00 8.570998362396053949e-04
4.375000000000000000e+00 -2.375377558549995882e-03
4.425000000000000711e+00 2.721493780203143587e-03
4.474999999999999645e+00 -1.380619969444829565e-03
4.525000000000000355e+00 -9.140130088050035795e-04
4.575000000000001066e+00 8.420053326879450850e-03
4.625000000000000000e+00 5.881692834734941755e-04
4.675000000000000711e+00 -2.830406155568621074e-03
4.724999999999999645e+00 -3.667164613777362803e-03
4.775000000000000355e+00 -1.924571675069763899e-03
4.825000000000001066e+00 -3.811420278509114468e-03
4.875000000000000000e+00 -1.293166199448680942e-02
4.925000000000000711e+00 -1.513841412599514769e-02
4.974999999999999645e+00 -6.724706522696521915e-03
5.025000000000000355e+00 -8.268066009149865891e-03
5.075000000000001066e+00 -2.068128237858513074e-02
5.125000000000000000e+00 -4.268131139459896417e-04
5.175000000000000711e+00 1.323036073139771673e-03
5.224999999999999645e+00 -1.282012357896711308e-03
5.275000000000000355e+00 -6.695228061319724588e-03
5.325000000000001066e+00 -1.720692480302510319e-02
5.375000000000000000e+00 3.722911654482796706e-03
5.425000000000000711e+00 6.427258366642263354e-03
5.474999999999999645e+00 -1.949615499192702828e-03
5.525000000000000355e+00 -1.260722173213135733e-02
5.575000000000001066e+00 -1.178403995529242465e-02
5.625000000000000000e+00 -4.651448140029934564e-03
5.675000000000000711e+00 -4.733777585433252000e-03
5.724999999999999645e+00 -7.055731485651417501e-03
5.775000000000000355e+00 -6.915384872308472097e-03
5.825000000000001066e+00 -3.210953048323972325e-03
5.875000000000000000e+00 3.916065184013106659e-04
5.925000000000000711e+00 4.486489149247763208e-03
5.974999999999999645e+00 8.207794087588649035e-03
6.025000000000000355e+00 7.255772337831167818e-02
6.075000000000001066e+00 5.833089683709866691e-01
6.125000000000000000e+00 1.903105859993935445e+00
6.175000000000000711e+00 4.095002193900890042e+00
6.224999999999999645e+00 7.056141062470034697e+00
6.275000000000000355e+00 nan
6.325000000000001066e+00 nan
6.375000000000000000e+00 nan
6.425000000000000711e+00 nan
6.474999999999999645e+00 nan
6.525000000000000355e+00 nan
6.575000000000001066e+00 nan
6.625000000000000000e+00 nan
6.675000000000000711e+00 nan
6.724999999999999645e+00 nan
6.775000000000000355e+00 nan
6.825000000000001066e+00 nan
6.875000000000000000e+00 nan
6.925000000000000711e+00 nan
6.974999999999999645e+00 nan
7.025000000000000355e+00 nan
7.074999999999999289e+00 nan
7.125000000000000000e+00 nan
7.175000000000000711e+00 nan
7.225000000000001421e+00 nan
7.275000000000000355e+00 nan
7.324999999999999289e+00 nan
7.375000000000000000e+00 nan
7.425000000000000711e+00 nan
7.475000000000001421e+00 nan
7.525000000000000355e+00 nan
7.574999999999999289e+00 nan
7.625000000000000000e+00 nan
7.675000000000000711e+00 nan
7.725000000000001421e+00 nan
7.775000000000000355e+00 nan
7.824999999999999289e+00 nan
7.875000000000000000e+00 nan
7.925000000000000711e+00 nan
7.975000000000001421e+00 nan
8.025000000000000355e+00 nan
8.074999999999999289e+00 nan
8.125000000000000000e+00 nan
8.175000000000000711e+00 nan
8.225000000000001421e+00 nan
8.275000000000000355e+00 nan
8.324999999999999289e+00 nan
8.375000000000000000e+00 nan
8.425000000000000711e+00 nan
8.475000000000001421e+00 nan
8.525000000000000355e+00 nan
8.575000000000001066e+00 nan
8.625000000000000000e+00 nan
8.675000000000000711e+00 nan
8.725000000000001421e+00 nan
8.775000000000000355e+00 nan
8.825000000000001066e+00 nan
8.875000000000000000e+00 nan
8.925000000000000711e+00 nan
8.975000000000001421e+00 nan
9.025000000000000355e+00 nan
9.075000000000001066e+00 nan
9.125000000000000000e+00 nan
9.175000000000000711e+00 nan
9.225000000000001421e+00 nan
9.275000000000000355e+00 nan
9.325000000000001066e+00 nan
9.375000000000000000e+00 nan
9.425000000000000711e+00 nan
9.475000000000001421e+00 nan
9.525000000000000355e+00 nan
9.575000000000001066e+00 nan
9.625000000000000000e+00 nan
9.675000000000000711e+00 nan
9.725000000000001421e+00 nan
9.775000000000000355e+00 nan
9.825000000000001066e+00 nan
9.875000000000000000e+00 nan
9.925000000000000711e+00 nan
9.975000000000001421e+00 nan
1.002500000000000036e+01 nan
1.007500000000000107e+01 nan
1.012500000000000000e+01 nan
1.017500000000000071e+01 nan
1.022500000000000142e+01 nan
1.027500000000000036e+01 nan
1.032500000000000107e+01 nan
1.037500000000000000e+01 nan
1.042500000000000071e+01 nan
1.047500000000000142e+01 nan
1.052500000000000036e+01 nan
1.057500000000000107e+01 nan
1.062500000000000000e+01 nan
1.067500000000000071e+01 nan
1.072500000000000142e+01 nan
1.077500000000000036e+01 nan
1.082500000000000107e+01 nan
1.087500000000000000e+01 nan
1.092500000000000071e+01 nan
1.097500000000000142e+01 nan
1.102500000000000036e+01 nan
1.107500000000000107e+01 nan
1.112500000000000000e+01 nan
1.117500000000000071e+01 nan
1.122500000000000142e+01 nan
1.127500000000000036e+01 nan
1.132500000000000107e+01 nan
1.137500000000000000e+01 nan
1.142500000000000071e+01 nan
1.147500000000000142e+01 nan
1.152500000000000036e+01 nan
1.157500000000000107e+01 nan
1.162500000000000000e+01 nan
1.167500000000000071e+01 nan
1.172500000000000142e+01 nan
1.177500000000000036e+01 nan
1.182500000000000107e+01 nan
1.187500000000000000e+01 nan
1.192500000000000071e+01 nan
1.197500000000000142e+01 nan
1.202500000000000036e+01 nan
1.207500000000000107e+01 nan
1.212500000000000000e+01 nan
1.217500000000000071e+01 nan
1.222500000000000142e+01 nan
1.227500000000000036e+01 nan
1.232500000000000107e+01 nan
1.237500000000000000e+01 nan
1.242500000000000071e+01 nan
1.247500000000000142e+01 nan
1.252500000000000036e+01 nan
1.257500000000000107e+01 nan
1.262500000000000000e+01 nan
1.267500000000000071e+01 nan
1.272500000000000142e+01 nan
1.277500000000000036e+01 nan
1.282500000000000107e+01 nan
1.287500000000000000e+01 nan
1.292500000000000071e+01 nan
1.297500000000000142e+01 nan
1.302500000000000036e+01 nan
1.307500000000000107e+01 nan
1.312500000000000000e+01 nan
1.317500000000000071e+01 nan
1.322500000000000142e+01 nan
1.327500000000000036e+01 nan
1.332500000000000107e+01 nan
1.337500000000000000e+01 nan
1.342500000000000071e+01 nan
1.347500000000000142e+01 nan
1.352500000000000036e+01 nan
1.357500000000000107e+01 nan
1.362500000000000000e+01 nan
1.367500000000000071e+01 nan
1.372500000000000142e+01 nan
1.377500000000000036e+01 nan
1.382500000000000107e+01 nan
1.387500000000000000e+01 nan
1.392500000000000071e+01 nan
1.397500000000000142e+01 nan
1.402500000000000036e+01 nan
1.407500000000000107e+01 nan
1.412500000000000000e+01 nan
1.417500000000000071e+01 nan
1.422500000000000142e+01 nan
1.427500000000000036e+01 nan
1.432500000000000107e+01 nan
1.437500000000000000e+01 nan
1.442500000000000071e+01 nan
1.447500000000000142e+01 nan
1.452500000000000036e+01 nan
1.457500000000000107e+01 nan
1.462500000000000000e+01 nan
1.467500000000000071e+01 nan
1.472500000000000142e+01 nan
1.477500000000000036e+01 nan
1.482500000000000107e+01 nan
1.487500000000000000e+01 nan
1.492500000000000071e+01 nan
1.497500000000000142e+01 nan
1.502499999999999858e+01 nan
1.507500000000000284e+01 nan
1.512500000000000000e+01 nan
1.517500000000000071e+01 nan
1.522500000000000142e+01 nan
1.527499999999999858e+01 nan
1.532500000000000284e+01 nan
1.537500000000000000e+01 nan
1.542500000000000071e+01 nan
1.547500000000000142e+01 nan
1.552499999999999858e+01 nan
1.557500000000000284e+01 nan
1.562500000000000000e+01 nan
1.567500000000000071e+01 nan
1.572500000000000142e+01 nan
1.577499999999999858e+01 nan
1.582500000000000284e+01 nan
1.587500000000000000e+01 nan
1.592500000000000071e+01 nan
1.597500000000000142e+01 nan
1.602499999999999858e+01 nan
1.607500000000000284e+01 nan
1.612500000000000000e+01 nan
1.617500000000000071e+01 nan
1.622500000000000142e+01 nan
1.627499999999999858e+01 nan
1.632500000000000284e+01 nan
1.637500000000000000e+01 nan
1.642500000000000071e+01 nan
1.647500000000000142e+01 nan
1.652499999999999858e+01 nan
1.657500000000000284e+01 nan
1.662500000000000000e+01 nan
1.667500000000000071e+01 nan
1.672500000000000142e+01 nan
1.677499999999999858e+01 nan
1.682500000000000284e+01 nan
1.687500000000000000e+01 nan
1.692500000000000071e+01 nan
1.697500000000000142e+01 nan
1.702499999999999858e+01 nan
1.707500000000000284e+01 nan
1.712500000000000000e+01 nan
1.717500000000000071e+01 nan
1.722500000000000142e+01 nan
1.727499999999999858e+01 nan
1.732500000000000284e+01 nan
1.737500000000000000e+01 nan
1.742500000000000071e+01 nan
1.747500000000000142e+01 nan
1.752499999999999858e+01 nan
1.757500000000000284e+01 nan
1.762500000000000000e+01 nan
1.767500000000000071e+01 nan
1.772500000000000142e+01 nan
1.777499999999999858e+01 nan
1.782500000000000284e+01 nan
1.787500000000000000e+01 nan
1.792500000000000071e+01 nan
1.797500000000000142e+01 nan
1.802499999999999858e+01 nan
1.807500000000000284e+01 nan
1.812500000000000000e+01 nan
1.817500000000000426e+01 nan
1.822500000000000142e+01 nan
1.827499999999999858e+01 nan
1.832500000000000284e+01 nan
1.837500000000000000e+01 nan
1.842500000000000426e+01 nan
1.847500000000000142e+01 nan
1.852499999999999858e+01 nan
1.857500000000000284e+01 nan
1.862500000000000000e+01 nan
1.867500000000000426e+01 nan
1.872500000000000142e+01 nan
1.877499999999999858e+01 nan
1.882500000000000284e+01 nan
1.887500000000000000e+01 nan
1.892500000000000426e+01 nan
1.897500000000000142e+01 nan
