# r_minus_2Rs_A, PMF_over_kBT
-1.175000000000000044e+00 nan
-1.125000000000000000e+00 nan
-1.074999999999999956e+00 nan
-1.024999999999999911e+00 nan
-9.749999999999999778e-01 nan
-9.249999999999999334e-01 nan
-8.749999999999998890e-01 nan
-8.249999999999999556e-01 nan
-7.749999999999999112e-01 nan
-7.249999999999999778e-01 nan
-6.749999999999999334e-01 nan
-6.249999999999998890e-01 nan
-5.749999999999999556e-01 nan
-5.249999999999999112e-01 nan
-4.749999999999998668e-01 nan
-4.249999999999999334e-01 nan
-3.749999999999998890e-01 nan
-3.249999999999999556e-01 nan
-2.749999999999999112e-01 nan
-2.249999999999998668e-01 2.494035961899677467e+00
-1.750000000000000444e-01 -5.199977699419733312e-02
-1.249999999999997780e-01 -1.251736509948961462e+00
-7.499999999999995559e-02 -1.775137522706239146e+00
-2.499999999999968914e-02 -1.842567203483350902e+00
2.500000000000013323e-02 -1.731113459218899031e+00
7.499999999999995559e-02 -1.581228159449843851e+00
1.250000000000002220e-01 -1.429241868370791257e+00
1.750000000000000444e-01 -1.283247075554173611e+00
2.250000000000003109e-01 -1.148603483059066344e+00
2.750000000000001332e-01 -1.020955927710449851e+00
3.249999999999999556e-01 -9.076963469130635564e-01
3.750000000000002220e-01 -8.172427630950626076e-01
4.250000000000000444e-01 -7.335205244926878976e-01
4.750000000000003109e-01 -6.525659987881816670e-01
5.250000000000001332e-01 -5.762951534767056794e-01
5.749999999999999556e-01 -5.257976009184798238e-01
6.250000000000002220e-01 -4.872089158074270898e-01
6.750000000000000444e-01 -4.655955890541572662e-01
7.250000000000003109e-01 -4.459949382379641558e-01
7.750000000000001332e-01 -4.261994828286290726e-01
8.250000000000003997e-01 -4.082530304086195438e-01
8.750000000000002220e-01 -3.899926858441131183e-01
9.250000000000000444e-01 -3.680373834786460630e-01
9.749999999999998668e-01 -3.312904011277204575e-01
1.025000000000000133e+00 -2.943706353895810257e-01
1.075000000000000400e+00 -2.708390835205764513e-01
1.125000000000000222e+00 -2.380563151622470952e-01
1.175000000000000044e+00 -1.985938899428611182e-01
1.225000000000000311e+00 -1.533815598936373592e-01
1.275000000000000133e+00 -1.319285696411866271e-01
1.325000000000000400e+00 -1.096705353086869367e-01
1.375000000000000222e+00 -8.265191208883553020e-02
1.425000000000000044e+00 -6.901542761938639359e-02
1.475000000000000311e+00 -5.901590727887236904e-02
1.525000000000000133e+00 -6.091416293351444716e-02
1.575000000000000400e+00 -5.465425149052845905e-02
1.625000000000000222e+00 -5.520744526560594778e-02
1.675000000000000044e+00 -5.793862595399387055e-02
1.725000000000000311e+00 -5.601759999726881739e-02
1.775000000000000133e+00 -5.359331827984862434e-02
1.825000000000000400e+00 -5.381190106006172869e-02
1.875000000000000222e+00 -5.048693794472777080e-02
1.925000000000000044e+00 -5.104501660114232203e-02
1.975000000000000311e+00 -4.149435427612620936e-02
2.025000000000000355e+00 -3.323022324143654060e-02
2.075000000000000178e+00 -2.149273643390703370e-02
2.125000000000000000e+00 -1.401965213371939890e-02
2.174999999999999822e+00 -7.808656875692913772e-03
2.225000000000000533e+00 -3.331352131294392557e-03
2.275000000000000355e+00 6.478595026348028980e-03
2.325000000000000178e+00 2.088421454224054230e-03
2.375000000000000000e+00 4.920056698184478890e-03
2.424999999999999822e+00 3.387825691831677141e-03
2.475000000000000533e+00 1.713077675667573629e-02
2.525000000000000355e+00 1.441449434101412484e-02
2.575000000000000178e+00 3.150543428450447436e-03
2.625000000000000000e+00 -3.850377892239779335e-03
2.674999999999999822e+00 -2.609621117528604373e-03
2.725000000000000533e+00 4.950000715365554527e-03
2.775000000000000355e+00 -5.511196307912413772e-04
2.825000000000000178e+00 3.685549195878934370e-03
2.875000000000000000e+00 2.939078763560291300e-03
2.924999999999999822e+00 5.018804700103037149e-03
2.975000000000000533e+00 -3.224881957559766477e-03
3.024999999999999467e+00 -6.587996865012435421e-03
3.075000000000000178e+00 -4.653094555851981610e-03
3.125000000000000000e+00 1.876100776400472679e-03
3.174999999999999822e+00 4.385702542805939956e-03
3.225000000000000533e+00 8.560619907430991674e-03
3.274999999999999467e+00 4.868494230398627380e-03
3.325000000000000178e+00 3.069995750773971913e-03
3.375000000000000000e+00 7.481363491406156641e-04
3.424999999999999822e+00 4.799902223269943429e-04
3.475000000000000533e+00 4.786590942186623281e-03
3.524999999999999467e+00 2.943796693690418301e-03
3.575000000000000178e+00 -3.649410267924461655e-04
3.625000000000000888e+00 -1.215588177231256449e-03
3.674999999999999822e+00 4.428273703714087801e-03
3.725000000000000533e+00 7.075747267639560974e-03
3.774999999999999467e+00 5.366762832779000021e-03
3.825000000000000178e+00 4.225331336579725601e-03
3.875000000000000888e+00 3.888725518618111558e-03
3.924999999999999822e+00 1.694804358455333617e-03
3.975000000000000533e+00 7.768756580883717788e-05
4.024999999999999467e+00 3.175845007830820359e-04
4.075000000000000178e+00 1.442388469288087951e-03
4.125000000000000888e+00 2.578515966426960567e-03
4.174999999999999822e+00 1.108553396867328900e-03
4.225000000000000533e+00 -3.393316393533277886e-05
4.274999999999999467e+00 -1.523630626418063518e-04
4.325000000000000178e+00 -6.373074423236720900e-04
4.375000000000000888e+00 1.356238179735254736e-03
4.424999999999999822e+00 -4.860628581516183815e-03
4.475000000000000533e+00 -2.855231208515422118e-03
4.524999999999999467e+00 -7.405681285922820038e-03
4.575000000000000178e+00 -9.332681349754068378e-04
4.625000000000000888e+00 1.080726201497128613e-03
4.674999999999999822e+00 5.817426980563311645e-03
4.725000000000000533e+00 8.008828866135075941e-04
4.774999999999999467e+00 -2.465139353597933791e-03
4.825000000000000178e+00 -2.542165106963700794e-03
4.875000000000000888e+00 1.715500313443918401e-03
4.924999999999999822e+00 2.063688392288357768e-03
4.975000000000000533e+00 -3.399830960298130030e-03
5.024999999999999467e+00 -2.767382368720797906e-03
5.075000000000000178e+00 -1.081283520279659600e-04
5.125000000000000888e+00 4.041888383408280376e-03
5.174999999999999822e+00 1.928012455626533896e-03
5.225000000000000533e+00 -2.820666475655227764e-03
5.274999999999999467e+00 -3.311167998600576205e-03
5.325000000000000178e+00 -2.729657507955174367e-03
5.375000000000000888e+00 1.723254917478970636e-03
5.424999999999999822e+00 5.398283688665905800e-03
5.475000000000000533e+00 4.746726226540746822e-03
5.524999999999999467e+00 2.973294460634138495e-03
5.575000000000000178e+00 6.636117598191049183e-04
5.625000000000000888e+00 -1.489462763235434696e-03
5.674999999999999822e+00 -1.993136177849722749e-03
5.725000000000000533e+00 1.279735705794611935e-03
5.774999999999999467e+00 5.413353415949669761e-02
5.825000000000000178e+00 4.027285870738135931e-01
5.875000000000000888e+00 1.344581731012372439e+00
5.924999999999999822e+00 3.135597315496106319e+00
5.975000000000000533e+00 5.898686244651048405e+00
6.024999999999999467e+00 7.429951386650269107e+00
6.075000000000000178e+00 9.332764250871173672e+00
6.125000000000000888e+00 nan
6.174999999999999822e+00 nan
6.225000000000000533e+00 nan
6.274999999999999467e+00 nan
6.325000000000000178e+00 nan
6.375000000000000888e+00 nan
6.424999999999999822e+00 nan
6.475000000000000533e+00 nan
6.524999999999999467e+00 nan
6.575000000000000178e+00 nan
6.625000000000000888e+00 nan
6.674999999999999822e+00 nan
6.725000000000000533e+00 nan
6.774999999999999467e+00 nan
6.825000000000000178e+00 nan
6.874999999999999112e+00 nan
6.924999999999999822e+00 nan
6.975000000000000533e+00 nan
7.025000000000001243e+00 nan
7.075000000000000178e+00 nan
7.124999999999999112e+00 nan
7.174999999999999822e+00 nan
7.225000000000000533e+00 nan
7.275000000000001243e+00 9.663674704824057216e+00
7.325000000000000178e+00 9.663674704824057216e+00
7.374999999999999112e+00 9.663674704824057216e+00
7.424999999999999822e+00 nan
7.475000000000000533e+00 nan
7.525000000000001243e+00 nan
7.575000000000000178e+00 nan
7.624999999999999112e+00 nan
7.674999999999999822e+00 nan
7.725000000000000533e+00 nan
7.775000000000001243e+00 nan
7.825000000000000178e+00 nan
7.874999999999999112e+00 nan
7.924999999999999822e+00 nan
7.975000000000000533e+00 nan
8.025000000000002132e+00 nan
8.075000000000001066e+00 nan
8.125000000000000000e+00 nan
8.175000000000000711e+00 nan
8.225000000000001421e+00 nan
8.275000000000002132e+00 nan
8.325000000000001066e+00 nan
8.375000000000001776e+00 nan
8.425000000000000711e+00 nan
8.475000000000001421e+00 nan
8.525000000000002132e+00 nan
8.575000000000001066e+00 nan
8.625000000000001776e+00 nan
8.675000000000000711e+00 nan
8.725000000000001421e+00 nan
8.775000000000002132e+00 nan
8.825000000000001066e+00 nan
8.875000000000001776e+00 nan
8.925000000000000711e+00 nan
8.975000000000001421e+00 nan
9.025000000000002132e+00 nan
9.075000000000001066e+00 nan
9.125000000000001776e+00 nan
9.175000000000000711e+00 nan
9.225000000000001421e+00 nan
9.275000000000002132e+00 nan
9.325000000000001066e+00 nan
9.375000000000001776e+00 nan
9.425000000000000711e+00 nan
9.475000000000001421e+00 nan
9.525000000000002132e+00 nan
9.575000000000001066e+00 nan
9.625000000000001776e+00 nan
9.675000000000000711e+00 nan
9.725000000000001421e+00 nan
9.775000000000002132e+00 nan
9.825000000000001066e+00 nan
9.875000000000001776e+00 nan
9.925000000000000711e+00 nan
9.975000000000001421e+00 nan
1.002500000000000213e+01 nan
1.007500000000000107e+01 nan
1.012500000000000178e+01 nan
1.017500000000000071e+01 nan
1.022500000000000142e+01 nan
1.027500000000000213e+01 nan
1.032500000000000107e+01 nan
1.037500000000000178e+01 nan
1.042500000000000071e+01 nan
1.047500000000000142e+01 nan
1.052500000000000213e+01 nan
1.057500000000000107e+01 nan
1.062500000000000178e+01 nan
1.067500000000000071e+01 nan
1.072500000000000142e+01 nan
1.077500000000000213e+01 nan
1.082500000000000107e+01 nan
1.087500000000000178e+01 nan
1.092500000000000071e+01 nan
1.097500000000000142e+01 nan
1.102500000000000213e+01 nan
1.107500000000000107e+01 nan
1.112500000000000178e+01 nan
1.117500000000000071e+01 nan
1.122500000000000142e+01 nan
1.127500000000000213e+01 nan
1.132500000000000107e+01 nan
1.137500000000000178e+01 nan
1.142500000000000071e+01 nan
1.147500000000000142e+01 nan
1.152500000000000213e+01 nan
1.157500000000000107e+01 nan
1.162500000000000178e+01 nan
1.167500000000000071e+01 nan
1.172500000000000142e+01 nan
1.177500000000000213e+01 nan
1.182500000000000107e+01 nan
1.187500000000000178e+01 nan
1.192500000000000071e+01 nan
1.197500000000000142e+01 nan
1.202500000000000213e+01 nan
1.207500000000000107e+01 nan
1.212500000000000178e+01 nan
1.217500000000000071e+01 nan
1.222500000000000142e+01 nan
1.227500000000000213e+01 nan
1.232500000000000107e+01 nan
1.237500000000000178e+01 nan
1.242500000000000071e+01 nan
1.247500000000000142e+01 nan
1.252500000000000213e+01 nan
1.257500000000000107e+01 nan
1.262500000000000178e+01 nan
1.267500000000000071e+01 nan
1.272500000000000142e+01 nan
1.277500000000000213e+01 nan
1.282500000000000107e+01 nan
1.287500000000000178e+01 nan
1.292500000000000071e+01 nan
1.297500000000000142e+01 nan
1.302500000000000213e+01 nan
1.307500000000000107e+01 nan
1.312500000000000178e+01 nan
1.317500000000000071e+01 nan
1.322500000000000142e+01 nan
1.327500000000000213e+01 nan
1.332500000000000107e+01 nan
1.337500000000000178e+01 nan
1.342500000000000071e+01 nan
1.347500000000000142e+01 nan
1.352500000000000213e+01 nan
1.357500000000000107e+01 nan
1.362500000000000178e+01 nan
1.367500000000000071e+01 nan
1.372500000000000142e+01 nan
1.377500000000000213e+01 nan
1.382500000000000107e+01 nan
1.387500000000000178e+01 nan
1.392500000000000071e+01 nan
1.397500000000000142e+01 nan
1.402500000000000213e+01 nan
1.407500000000000107e+01 nan
1.412500000000000178e+01 nan
1.417500000000000071e+01 nan
1.422500000000000142e+01 nan
1.427500000000000213e+01 nan
1.432500000000000107e+01 nan
1.437500000000000178e+01 nan
1.442500000000000071e+01 nan
1.447500000000000142e+01 nan
1.452500000000000213e+01 nan
1.457500000000000107e+01 nan
1.462500000000000178e+01 nan
1.467500000000000071e+01 nan
1.472500000000000142e+01 nan
1.477500000000000213e+01 nan
1.482499999999999929e+01 nan
1.487500000000000355e+01 nan
1.492500000000000071e+01 nan
1.497500000000000142e+01 nan
1.502500000000000213e+01 nan
1.507499999999999929e+01 nan
1.512500000000000355e+01 nan
1.517500000000000071e+01 nan
1.522500000000000142e+01 nan
1.527500000000000213e+01 nan
1.532499999999999929e+01 nan
1.537500000000000355e+01 nan
1.542500000000000071e+01 nan
1.547500000000000142e+01 nan
1.552500000000000213e+01 nan
1.557499999999999929e+01 nan
1.562500000000000355e+01 nan
1.567500000000000071e+01 nan
1.572500000000000142e+01 nan
1.577500000000000213e+01 nan
1.582499999999999929e+01 nan
1.587500000000000355e+01 nan
1.592500000000000071e+01 nan
1.597500000000000142e+01 nan
1.602500000000000213e+01 nan
1.607499999999999929e+01 nan
1.612500000000000355e+01 nan
1.617500000000000071e+01 nan
1.622500000000000142e+01 nan
1.627500000000000213e+01 nan
1.632499999999999929e+01 nan
1.637500000000000355e+01 nan
1.642500000000000071e+01 nan
1.647500000000000142e+01 nan
1.652500000000000213e+01 nan
1.657499999999999929e+01 nan
1.662500000000000355e+01 nan
1.667500000000000071e+01 nan
1.672500000000000142e+01 nan
1.677500000000000213e+01 nan
1.682499999999999929e+01 nan
1.687500000000000355e+01 nan
1.692500000000000071e+01 nan
1.697500000000000142e+01 nan
1.702500000000000213e+01 nan
1.707499999999999929e+01 nan
1.712500000000000355e+01 nan
1.717500000000000071e+01 nan
1.722500000000000142e+01 nan
1.727500000000000213e+01 nan
1.732499999999999929e+01 nan
1.737500000000000355e+01 nan
1.742500000000000071e+01 nan
1.747500000000000142e+01 nan
1.752500000000000213e+01 nan
1.757499999999999929e+01 nan
1.762500000000000355e+01 nan
1.767500000000000071e+01 nan
1.772500000000000142e+01 nan
1.777500000000000213e+01 nan
1.782499999999999929e+01 nan
1.787500000000000355e+01 nan
1.792500000000000071e+01 nan
1.797500000000000497e+01 nan
1.802500000000000213e+01 nan
1.807499999999999929e+01 nan
1.812500000000000355e+01 nan
1.817500000000000071e+01 nan
1.822500000000000497e+01 nan
1.827500000000000213e+01 nan
1.832499999999999929e+01 nan
1.837500000000000355e+01 nan
1.842500000000000071e+01 nan
1.847500000000000497e+01 nan
1.852500000000000213e+01 nan
1.857499999999999929e+01 nan
1.862500000000000355e+01 nan
1.867500000000000071e+01 nan
1.872500000000000497e+01 nan
1.877500000000000213e+01 nan
