# r_minus_2Rs_A, PMF_over_kBT
-9.749999999999999778e-01 nan
-9.250000000000000444e-01 nan
-8.750000000000000000e-01 nan
-8.249999999999999556e-01 nan
-7.750000000000000222e-01 nan
-7.249999999999999778e-01 nan
-6.749999999999999334e-01 nan
-6.250000000000000000e-01 nan
-5.749999999999999556e-01 nan
-5.250000000000000222e-01 nan
-4.749999999999999778e-01 nan
-4.249999999999999334e-01 nan
-3.750000000000000000e-01 nan
-3.249999999999999556e-01 nan
-2.749999999999999112e-01 nan
-2.249999999999999778e-01 nan
-1.749999999999999334e-01 2.528342958285875408e+00
-1.250000000000000000e-01 1.316667153936990076e-02
-7.499999999999995559e-02 -7.817191260726819024e-01
-2.499999999999991118e-02 -9.037028714864874246e-01
2.499999999999991118e-02 -7.991809470483541844e-01
7.500000000000017764e-02 -5.793601364514451291e-01
1.250000000000000000e-01 -3.191855090926818406e-01
1.750000000000002665e-01 -5.661562570980249731e-02
2.250000000000000888e-01 4.739945957171087798e-02
2.749999999999999112e-01 7.638586334107078102e-02
3.250000000000001776e-01 8.808170134292847564e-02
3.750000000000000000e-01 1.688713280865625777e-01
4.250000000000002665e-01 1.805989307756510343e-01
4.750000000000000888e-01 4.983961948339388215e-02
5.249999999999999112e-01 -5.361072117750032007e-02
5.750000000000001776e-01 -9.350438032573071823e-02
6.250000000000000000e-01 -1.145680494551313267e-01
6.750000000000002665e-01 -1.555723035437388546e-01
7.250000000000000888e-01 -1.626232059042385103e-01
7.749999999999999112e-01 -1.847243896157189091e-01
8.250000000000001776e-01 -1.659868946760738595e-01
8.750000000000000000e-01 -1.210834042074604433e-01
9.250000000000002665e-01 -6.462531343245547788e-02
9.750000000000000888e-01 -2.141507756835103748e-02
1.025000000000000355e+00 9.815951684500667795e-03
1.075000000000000178e+00 9.102607521970762505e-02
1.125000000000000000e+00 1.392258425697718849e-01
1.174999999999999822e+00 2.083304244900188174e-01
1.225000000000000089e+00 2.623944948633307739e-01
1.275000000000000355e+00 2.262991631464337239e-01
1.325000000000000178e+00 1.480093091558916107e-01
1.375000000000000000e+00 1.095375202066666276e-01
1.425000000000000266e+00 1.524455338669645776e-01
1.475000000000000089e+00 1.393815098370621008e-01
1.525000000000000355e+00 7.432533420891562770e-02
1.575000000000000178e+00 -1.103615778800914882e-03
1.625000000000000000e+00 -2.537897542602296497e-02
1.675000000000000266e+00 2.445865875259345401e-02
1.725000000000000089e+00 7.413307189625406579e-04
1.775000000000000355e+00 -4.573718557572536980e-02
1.825000000000000178e+00 -1.070628947886831384e-02
1.875000000000000000e+00 4.174458699459693278e-02
1.925000000000000266e+00 3.778828659050681438e-02
1.975000000000000089e+00 3.474788499447400980e-02
2.025000000000000355e+00 4.916573351209185816e-02
2.075000000000000178e+00 6.371357027842083909e-02
2.125000000000000000e+00 7.258890631994052711e-02
2.175000000000000266e+00 8.631215653747092986e-02
2.225000000000000089e+00 7.089441097847304363e-02
2.275000000000000355e+00 3.932245484623919651e-02
2.325000000000000178e+00 2.163740424216520353e-02
2.375000000000000000e+00 -1.531256520255208642e-03
2.425000000000000266e+00 6.982287776569950921e-03
2.475000000000000089e+00 -1.042525158196472290e-03
2.525000000000000355e+00 -3.822401998516600230e-02
2.575000000000000178e+00 -7.136065880615749535e-02
2.625000000000000000e+00 -6.689028408678332482e-02
2.675000000000000266e+00 -5.248309992864941265e-02
2.725000000000000089e+00 -6.607662402196901041e-02
2.775000000000000355e+00 -5.207157456184408062e-02
2.825000000000000178e+00 -3.999947136936699010e-02
2.875000000000000000e+00 -3.429725563911611985e-02
2.925000000000000266e+00 -2.741629223726604891e-02
2.975000000000000089e+00 -1.172947888861131105e-02
3.025000000000000355e+00 -5.984185398846708637e-03
3.075000000000000178e+00 -7.530495346351973041e-03
3.125000000000000000e+00 1.536749727411645949e-02
3.175000000000000711e+00 1.634008387059138201e-02
3.224999999999999645e+00 -1.491477863847290308e-03
3.275000000000000355e+00 -1.574357775751078492e-02
3.325000000000000178e+00 -1.612990396972069362e-02
3.375000000000000000e+00 -2.159854431056640323e-02
3.425000000000000711e+00 -1.212344910776241846e-02
3.474999999999999645e+00 -1.131253738662962860e-02
3.525000000000000355e+00 -1.356059332246628557e-02
3.575000000000000178e+00 -4.128809095072405455e-03
3.625000000000000000e+00 -1.239203132294663945e-02
3.675000000000000711e+00 -1.640722710959785502e-02
3.724999999999999645e+00 -1.453691959205816175e-02
3.775000000000000355e+00 -7.671299335461512214e-03
3.825000000000001066e+00 1.051969818361220277e-02
3.875000000000000000e+00 2.617631960980393302e-02
3.925000000000000711e+00 3.583075262358059732e-02
3.974999999999999645e+00 3.265426797883064225e-02
4.025000000000000355e+00 2.199887796477328905e-02
4.075000000000001066e+00 2.719989988108473256e-02
4.125000000000000000e+00 2.272021146676950210e-02
4.175000000000000711e+00 -4.004180619953778830e-03
4.224999999999999645e+00 -1.175323982921394617e-02
4.275000000000000355e+00 -4.402410975573811669e-03
4.325000000000001066e+00 -2.252944590509731171e-03
4.375000000000000000e+00 -1.452738107923012834e-02
4.425000000000000711e+00 -2.883683263655800744e-02
4.474999999999999645e+00 -1.183499482813399339e-02
4.525000000000000355e+00 -7.934559919926087446e-03
4.575000000000001066e+00 -7.707364137236272228e-03
4.625000000000000000e+00 -7.496898881147462390e-03
4.675000000000000711e+00 1.578872154536448136e-03
4.724999999999999645e+00 2.080284798543718949e-03
4.775000000000000355e+00 -4.864821233716565274e-03
4.825000000000001066e+00 1.714859600025864239e-02
4.875000000000000000e+00 1.294846656999570911e-02
4.925000000000000711e+00 -4.007001903467699577e-03
4.974999999999999645e+00 5.613914268227215842e-03
5.025000000000000355e+00 1.480205730337491588e-02
5.075000000000001066e+00 1.924552673190982333e-02
5.125000000000000000e+00 2.827042764691878318e-02
5.175000000000000711e+00 2.093417498652350162e-02
5.224999999999999645e+00 1.300884396448820368e-02
5.275000000000000355e+00 1.343121507215938593e-02
5.325000000000001066e+00 1.579222847426731136e-02
5.375000000000000000e+00 2.524336595353782187e-02
5.425000000000000711e+00 3.511070170537644586e-02
5.474999999999999645e+00 1.689011027808895449e-02
5.525000000000000355e+00 1.840965019499352096e-02
5.575000000000001066e+00 3.115822037805671130e-02
5.625000000000000000e+00 2.856875874943476390e-02
5.675000000000000711e+00 2.882865067506790169e-02
5.724999999999999645e+00 1.815888555177158636e-02
5.775000000000000355e+00 2.577349917883697827e-02
5.825000000000001066e+00 3.324331762409737934e-02
5.875000000000000000e+00 2.438802594014211067e-02
5.925000000000000711e+00 3.056027139054151576e-02
5.974999999999999645e+00 3.693687230706022007e-02
6.025000000000000355e+00 1.115336558966824043e-01
6.075000000000001066e+00 6.411230016796212183e-01
6.125000000000000000e+00 1.948260870817854595e+00
6.175000000000000711e+00 4.279660625446053857e+00
6.224999999999999645e+00 nan
6.275000000000000355e+00 nan
6.325000000000001066e+00 nan
6.375000000000000000e+00 nan
6.425000000000000711e+00 nan
6.474999999999999645e+00 nan
6.525000000000000355e+00 nan
6.575000000000001066e+00 nan
6.625000000000000000e+00 nan
6.675000000000000711e+00 nan
6.724999999999999645e+00 nan
6.775000000000000355e+00 nan
6.825000000000001066e+00 nan
6.875000000000000000e+00 nan
6.925000000000000711e+00 nan
6.974999999999999645e+00 nan
7.025000000000000355e+00 nan
7.074999999999999289e+00 nan
7.125000000000000000e+00 nan
7.175000000000000711e+00 nan
7.225000000000001421e+00 nan
7.275000000000000355e+00 nan
7.324999999999999289e+00 nan
7.375000000000000000e+00 nan
7.425000000000000711e+00 nan
7.475000000000001421e+00 nan
7.525000000000000355e+00 nan
7.574999999999999289e+00 nan
7.625000000000000000e+00 nan
7.675000000000000711e+00 nan
7.725000000000001421e+00 nan
7.775000000000000355e+00 nan
7.824999999999999289e+00 nan
7.875000000000000000e+00 nan
7.925000000000000711e+00 nan
7.975000000000001421e+00 nan
8.025000000000000355e+00 nan
8.074999999999999289e+00 nan
8.125000000000000000e+00 nan
8.175000000000000711e+00 nan
8.225000000000001421e+00 nan
8.275000000000000355e+00 nan
8.324999999999999289e+00 nan
8.375000000000000000e+00 nan
8.425000000000000711e+00 nan
8.475000000000001421e+00 nan
8.525000000000000355e+00 nan
8.575000000000001066e+00 nan
8.625000000000000000e+00 nan
8.675000000000000711e+00 nan
8.725000000000001421e+00 nan
8.775000000000000355e+00 nan
8.825000000000001066e+00 nan
8.875000000000000000e+00 nan
8.925000000000000711e+00 nan
8.975000000000001421e+00 nan
9.025000000000000355e+00 nan
9.075000000000001066e+00 nan
9.125000000000000000e+00 nan
9.175000000000000711e+00 nan
9.225000000000001421e+00 nan
9.275000000000000355e+00 nan
9.325000000000001066e+00 nan
9.375000000000000000e+00 nan
9.425000000000000711e+00 nan
9.475000000000001421e+00 nan
9.525000000000000355e+00 nan
9.575000000000001066e+00 nan
9.625000000000000000e+00 nan
9.675000000000000711e+00 nan
9.725000000000001421e+00 nan
9.775000000000000355e+00 nan
9.825000000000001066e+00 nan
9.875000000000000000e+00 nan
9.925000000000000711e+00 nan
9.975000000000001421e+00 nan
1.002500000000000036e+01 nan
1.007500000000000107e+01 nan
1.012500000000000000e+01 nan
1.017500000000000071e+01 nan
1.022500000000000142e+01 nan
1.027500000000000036e+01 nan
1.032500000000000107e+01 nan
1.037500000000000000e+01 nan
1.042500000000000071e+01 nan
1.047500000000000142e+01 nan
1.052500000000000036e+01 nan
1.057500000000000107e+01 nan
1.062500000000000000e+01 nan
1.067500000000000071e+01 nan
1.072500000000000142e+01 nan
1.077500000000000036e+01 nan
1.082500000000000107e+01 nan
1.087500000000000000e+01 nan
1.092500000000000071e+01 nan
1.097500000000000142e+01 nan
1.102500000000000036e+01 nan
1.107500000000000107e+01 nan
1.112500000000000000e+01 nan
1.117500000000000071e+01 nan
1.122500000000000142e+01 nan
1.127500000000000036e+01 nan
1.132500000000000107e+01 nan
1.137500000000000000e+01 nan
1.142500000000000071e+01 nan
1.147500000000000142e+01 nan
1.152500000000000036e+01 nan
1.157500000000000107e+01 nan
1.162500000000000000e+01 nan
1.167500000000000071e+01 nan
1.172500000000000142e+01 nan
1.177500000000000036e+01 nan
1.182500000000000107e+01 nan
1.187500000000000000e+01 nan
1.192500000000000071e+01 nan
1.197500000000000142e+01 nan
1.202500000000000036e+01 nan
1.207500000000000107e+01 nan
1.212500000000000000e+01 nan
1.217500000000000071e+01 nan
1.222500000000000142e+01 nan
1.227500000000000036e+01 nan
1.232500000000000107e+01 nan
1.237500000000000000e+01 nan
1.242500000000000071e+01 nan
1.247500000000000142e+01 nan
1.252500000000000036e+01 nan
1.257500000000000107e+01 nan
1.262500000000000000e+01 nan
1.267500000000000071e+01 nan
1.272500000000000142e+01 nan
1.277500000000000036e+01 nan
1.282500000000000107e+01 nan
1.287500000000000000e+01 nan
1.292500000000000071e+01 nan
1.297500000000000142e+01 nan
1.302500000000000036e+01 nan
1.307500000000000107e+01 nan
1.312500000000000000e+01 nan
1.317500000000000071e+01 nan
1.322500000000000142e+01 nan
1.327500000000000036e+01 nan
1.332500000000000107e+01 nan
1.337500000000000000e+01 nan
1.342500000000000071e+01 nan
1.347500000000000142e+01 nan
1.352500000000000036e+01 nan
1.357500000000000107e+01 nan
1.362500000000000000e+01 nan
1.367500000000000071e+01 nan
1.372500000000000142e+01 nan
1.377500000000000036e+01 nan
1.382500000000000107e+01 nan
1.387500000000000000e+01 nan
1.392500000000000071e+01 nan
1.397500000000000142e+01 nan
1.402500000000000036e+01 nan
1.407500000000000107e+01 nan
1.412500000000000000e+01 nan
1.417500000000000071e+01 nan
1.422500000000000142e+01 nan
1.427500000000000036e+01 nan
1.432500000000000107e+01 nan
1.437500000000000000e+01 nan
1.442500000000000071e+01 nan
1.447500000000000142e+01 nan
1.452500000000000036e+01 nan
1.457500000000000107e+01 nan
1.462500000000000000e+01 nan
1.467500000000000071e+01 nan
1.472500000000000142e+01 nan
1.477500000000000036e+01 nan
1.482500000000000107e+01 nan
1.487500000000000000e+01 nan
1.492500000000000071e+01 nan
1.497500000000000142e+01 nan
1.502499999999999858e+01 nan
1.507500000000000284e+01 nan
1.512500000000000000e+01 nan
1.517500000000000071e+01 nan
1.522500000000000142e+01 nan
1.527499999999999858e+01 nan
1.532500000000000284e+01 nan
1.537500000000000000e+01 nan
1.542500000000000071e+01 nan
1.547500000000000142e+01 nan
1.552499999999999858e+01 nan
1.557500000000000284e+01 nan
1.562500000000000000e+01 nan
1.567500000000000071e+01 nan
1.572500000000000142e+01 nan
1.577499999999999858e+01 nan
1.582500000000000284e+01 nan
1.587500000000000000e+01 nan
1.592500000000000071e+01 nan
1.597500000000000142e+01 nan
1.602499999999999858e+01 nan
1.607500000000000284e+01 nan
1.612500000000000000e+01 nan
1.617500000000000071e+01 nan
1.622500000000000142e+01 nan
1.627499999999999858e+01 nan
1.632500000000000284e+01 nan
1.637500000000000000e+01 nan
1.642500000000000071e+01 nan
1.647500000000000142e+01 nan
1.652499999999999858e+01 nan
1.657500000000000284e+01 nan
1.662500000000000000e+01 nan
1.667500000000000071e+01 nan
1.672500000000000142e+01 nan
1.677499999999999858e+01 nan
1.682500000000000284e+01 nan
1.687500000000000000e+01 nan
1.692500000000000071e+01 nan
1.697500000000000142e+01 nan
1.702499999999999858e+01 nan
1.707500000000000284e+01 nan
1.712500000000000000e+01 nan
1.717500000000000071e+01 nan
1.722500000000000142e+01 nan
1.727499999999999858e+01 nan
1.732500000000000284e+01 nan
1.737500000000000000e+01 nan
1.742500000000000071e+01 nan
1.747500000000000142e+01 nan
1.752499999999999858e+01 nan
1.757500000000000284e+01 nan
1.762500000000000000e+01 nan
1.767500000000000071e+01 nan
1.772500000000000142e+01 nan
1.777499999999999858e+01 nan
1.782500000000000284e+01 nan
1.787500000000000000e+01 nan
1.792500000000000071e+01 nan
1.797500000000000142e+01 nan
1.802499999999999858e+01 nan
1.807500000000000284e+01 nan
1.812500000000000000e+01 nan
1.817500000000000426e+01 nan
1.822500000000000142e+01 nan
1.827499999999999858e+01 nan
1.832500000000000284e+01 nan
1.837500000000000000e+01 nan
1.842500000000000426e+01 nan
1.847500000000000142e+01 nan
1.852499999999999858e+01 nan
1.857500000000000284e+01 nan
1.862500000000000000e+01 nan
1.867500000000000426e+01 nan
1.872500000000000142e+01 nan
1.877499999999999858e+01 nan
1.882500000000000284e+01 nan
1.887500000000000000e+01 nan
1.892500000000000426e+01 nan
1.897500000000000142e+01 nan
