# r_minus_2Rs_A, PMF_over_kBT
-5.076599999999995561e-01 2.130640782228309504e+01
-4.935206540000001141e-01 3.195479942782709060e+01
-4.793813079999997839e-01 4.258308606529508467e+01
-4.652419630000004247e-01 4.250452699956616698e+01
-4.511026170000000945e-01 4.230348544375004849e+01
-4.369632709999997644e-01 4.186367071331244460e+01
-4.228239250000003224e-01 4.101868343557262619e+01
-4.086845789999999923e-01 3.956862597847189988e+01
-3.945452339999997449e-01 3.733386071000359863e+01
-3.804058880000003029e-01 3.422790434924053216e+01
-3.662665419999999727e-01 3.031798606511164706e+01
-3.521271959999996426e-01 2.584337682808168069e+01
-3.379878500000002006e-01 2.116355339763171628e+01
-3.238485049999999532e-01 1.666507522878222503e+01
-3.097091589999996231e-01 1.265454227021971612e+01
-2.955698130000001811e-01 9.292076240169455659e+00
-2.814304669999998509e-01 6.584329720010008380e+00
-2.672911210000004090e-01 4.420761535304501777e+00
-2.531517760000001616e-01 2.644981228126503936e+00
-2.390124299999998314e-01 1.119282028414790631e+00
-2.248730840000003894e-01 -2.333173459610016209e-01
-2.107337380000000593e-01 -1.425015778553785140e+00
-1.965943929999998119e-01 -2.429645280468488266e+00
-1.824550470000003699e-01 -3.226075579714532182e+00
-1.683157010000000398e-01 -3.828599111205363670e+00
-1.541763549999997096e-01 -4.284576362822463125e+00
-1.400370090000002676e-01 -4.649350486638002877e+00
-1.258976640000000202e-01 -4.958091826272793767e+00
-1.117583179999996901e-01 -5.212603554247063897e+00
-9.761897200000024810e-02 -5.396270358367548425e+00
-8.347962599999991795e-02 -5.500075695534066611e+00
-6.934027999999958780e-02 -5.536721443605088666e+00
-5.520093500000022857e-02 -5.539772191984939198e+00
-4.106158899999989842e-02 -5.541053420585264178e+00
-2.692224299999956827e-02 -5.555191191696591702e+00
-1.278289700000012630e-02 -5.569788930247115744e+00
1.356448999999315674e-03 -5.558365875666055445e+00
1.549579399999956308e-02 -5.503891590538792400e+00
2.963513999999989323e-02 -5.407723721501598746e+00
4.377448600000022338e-02 -5.291940397888001968e+00
5.791383200000055353e-02 -5.180306170375265751e+00
7.205317800000088369e-02 -5.085676524135873677e+00
8.619252299999935474e-02 -5.003648131689576672e+00
1.003318689999996849e-01 -4.923635005408854681e+00
1.144712150000000150e-01 -4.841907625843283824e+00
1.286105610000003452e-01 -4.762046579076272934e+00
1.427499070000006753e-01 -4.693645477616353645e+00
1.568892519999991464e-01 -4.641233142929921840e+00
1.710285979999994765e-01 -4.600414241492968515e+00
1.851679439999998067e-01 -4.562605972148274347e+00
1.993072900000001368e-01 -4.519525517978841833e+00
2.134466360000004670e-01 -4.469822618809988768e+00
2.275859810000007144e-01 -4.418792243422728916e+00
2.417253269999992682e-01 -4.372817960442128893e+00
2.558646729999995983e-01 -4.336932386340226486e+00
2.700040189999999285e-01 -4.307782561241342734e+00
2.841433640000001759e-01 -4.275324061503258832e+00
2.982827100000005061e-01 -4.228077491650751085e+00
3.124220560000008362e-01 -4.160362027601106405e+00
3.265614019999993900e-01 -4.078375994990169673e+00
3.407007479999997202e-01 -3.996860339090094527e+00
3.548400929999999676e-01 -3.929404930254193573e+00
3.689794390000002977e-01 -3.876754756737110341e+00
3.831187850000006279e-01 -3.828082463989028739e+00
3.972581309999991817e-01 -3.769652149756460346e+00
4.113974769999995118e-01 -3.690942323352825127e+00
4.255368219999997592e-01 -3.593753169816041648e+00
4.396761680000000894e-01 -3.489413866920267893e+00
4.538155140000004195e-01 -3.391830473825473646e+00
4.679548600000007497e-01 -3.313419064243271706e+00
4.820942059999993035e-01 -3.255829149253912647e+00
4.962335509999995509e-01 -3.208858691144319764e+00
5.103728969999998810e-01 -3.151424662998506321e+00
5.245122430000002112e-01 -3.064953150896057466e+00
5.386515890000005413e-01 -2.949134262562354891e+00
5.527909350000008715e-01 -2.819709236312657907e+00
5.669302799999993425e-01 -2.702493866828596936e+00
5.810696259999996727e-01 -2.616693354101489177e+00
5.952089720000000028e-01 -2.566159517566831028e+00
6.093483180000003330e-01 -2.540299155400182585e+00
6.234876640000006631e-01 -2.521585834104500989e+00
6.376270089999991342e-01 -2.493365263644397700e+00
6.517663549999994643e-01 -2.444822165742383646e+00
6.659057009999997945e-01 -2.380609906400973586e+00
6.800450470000001246e-01 -2.320094146489381615e+00
6.941843930000004548e-01 -2.287906952619305656e+00
7.083237380000007022e-01 -2.295240415185276106e+00
7.224630839999992560e-01 -2.326230575368713360e+00
7.366024299999995861e-01 -2.348631955725034359e+00
7.507417759999999163e-01 -2.338364029537579825e+00
7.648811210000001637e-01 -2.296513339850445590e+00
7.790204670000004938e-01 -2.245682450757158222e+00
7.931598130000008240e-01 -2.203744377077942573e+00
8.072991589999993778e-01 -2.172905546237627661e+00
8.214385049999997079e-01 -2.143508218492952366e+00
8.355778499999999553e-01 -2.109822576268280514e+00
8.497171960000002855e-01 -2.075962743091864127e+00
8.638565420000006156e-01 -2.045235468699935666e+00
8.779958879999991694e-01 -2.012802410269943110e+00
8.921352339999994996e-01 -1.965693453291212478e+00
9.062745789999997470e-01 -1.902445652516306041e+00
9.204139250000000771e-01 -1.838969209282595330e+00
9.345532710000004073e-01 -1.794081902423281250e+00
9.486926170000007374e-01 -1.769738979501083165e+00
9.628319629999992912e-01 -1.743790908644889726e+00
9.769713079999995387e-01 -1.683419201116702624e+00
9.911106539999998688e-01 -1.573475040889521281e+00
1.005250000000000199e+00 -1.433542097494312273e+00
1.019389346000000529e+00 -1.303114273705761050e+00
1.033528692000000859e+00 -1.213338146732029443e+00
1.047668036999999330e+00 -1.169662882074673504e+00
1.061807382999999660e+00 -1.150196366330590081e+00
1.075946728999999991e+00 -1.128199875845908196e+00
1.090086075000000321e+00 -1.093745457305411506e+00
1.104225421000000651e+00 -1.053466322468958438e+00
1.118364765999999122e+00 -1.020113716550156369e+00
1.132504111999999452e+00 -9.988862965004692285e-01
1.146643457999999782e+00 -9.838406028893462718e-01
1.160782804000000112e+00 -9.645938746876634440e-01
1.174922150000000443e+00 -9.341999730346923769e-01
1.189061495000000690e+00 -8.909109789741815888e-01
1.203200840999999244e+00 -8.338948598013171676e-01
1.217340186999999574e+00 -7.598003635239187759e-01
1.231479532999999904e+00 -6.691576497753590758e-01
1.245618879000000234e+00 -5.730938697089040801e-01
1.259758224000000482e+00 -4.880479627685776478e-01
1.273897570000000812e+00 -4.278152110989736912e-01
1.288036915999999366e+00 -3.919092336843270630e-01
1.302176261999999696e+00 -3.640499531219578699e-01
1.316315606999999943e+00 -3.289345643325649604e-01
1.330454953000000273e+00 -2.866098529459311095e-01
1.344594299000000603e+00 -2.516794343331181238e-01
1.358733644999999157e+00 -2.407718438750059420e-01
1.372872990999999487e+00 -2.569834165310833640e-01
1.387012335999999735e+00 -2.851553349051272335e-01
1.401151682000000065e+00 -3.065632901036945412e-01
1.415291028000000395e+00 -3.085601755533655677e-01
1.429430374000000725e+00 -2.885151956567870712e-01
1.443569719999999279e+00 -2.537649766502063642e-01
1.457709064999999526e+00 -2.145758785425257997e-01
1.471848410999999857e+00 -1.808933482302830242e-01
1.485987757000000187e+00 -1.582716807346553622e-01
1.500127103000000517e+00 -1.400234849546873050e-01
1.514266449000000847e+00 -1.119266703297085996e-01
1.528405793999999318e+00 -6.442321490980695842e-02
1.542545139999999648e+00 -1.669861695047458738e-03
1.556684485999999978e+00 5.499196690130681020e-02
1.570823832000000309e+00 8.395969652496759750e-02
1.584963178000000639e+00 8.196976002621880752e-02
1.599102523000000886e+00 6.616943035481348545e-02
1.613241868999999440e+00 6.207312422231581195e-02
1.627381214999999770e+00 8.506669731588267780e-02
1.641520561000000100e+00 1.324835962861783401e-01
1.655659907000000430e+00 1.912714472493313167e-01
1.669799252000000678e+00 2.484454338408106366e-01
1.683938597999999232e+00 2.963476147502497327e-01
1.698077943999999562e+00 3.295992015154869392e-01
1.712217289999999892e+00 3.366506256713748257e-01
1.726356636000000222e+00 3.094617759629123555e-01
1.740495981000000469e+00 2.555668963968553697e-01
1.754635327000000800e+00 1.988442373264138752e-01
1.768774672999999353e+00 1.735534035674817233e-01
1.782914018999999684e+00 2.008084060121593240e-01
1.797053363999999931e+00 2.730069487249373594e-01
1.811192710000000261e+00 3.623009479761449825e-01
1.825332056000000591e+00 4.385272670806852346e-01
1.839471401999999145e+00 4.869083116106374121e-01
1.853610747999999475e+00 5.167977620949457673e-01
1.867750092999999723e+00 5.514412623895665888e-01
1.881889439000000053e+00 6.104527817325546835e-01
1.896028785000000383e+00 6.994591764080073659e-01
1.910168131000000713e+00 8.021301775389595434e-01
1.924307476999999267e+00 8.867555928207693228e-01
1.938446821999999514e+00 9.259857713406685065e-01
1.952586167999999844e+00 9.090428398278760369e-01
1.966725514000000175e+00 8.519631075429430211e-01
1.980864860000000505e+00 7.896243521347976468e-01
1.995004206000000835e+00 7.526480736336385036e-01
2.009143550999999306e+00 7.533917831392784592e-01
2.023282896999999636e+00 7.805020213307400923e-01
2.037422242999999966e+00 8.097786798068646874e-01
2.051561589000000296e+00 8.208018827494321101e-01
2.065700935000000626e+00 8.046619564013255399e-01
2.079840280000000874e+00 7.657733471076060283e-01
2.093979625999999428e+00 7.152738998264851489e-01
2.108118971999999758e+00 6.640374014050660634e-01
2.122258318000000088e+00 6.202246196614691343e-01
2.136397664000000418e+00 5.884100012514554834e-01
2.150537009000000666e+00 5.690887168042042532e-01
2.164676354999999219e+00 5.576831810475528783e-01
2.178815700999999549e+00 5.495196918898361815e-01
2.192955046999999880e+00 5.392983956306949267e-01
2.207094393000000210e+00 5.218591574097128927e-01
2.221233738000000457e+00 4.956486566627003043e-01
2.235373084000000787e+00 4.616679782160364454e-01
2.249512429999999341e+00 4.268236116907537792e-01
2.263651775999999671e+00 3.992136147288380954e-01
2.277791120999999919e+00 3.804782455733199953e-01
2.291930467000000249e+00 3.605017453273902106e-01
2.306069813000000579e+00 3.206717653737030105e-01
2.320209158999999133e+00 2.495930451652270676e-01
2.334348504999999463e+00 1.558862084827374872e-01
2.348487849999999710e+00 6.611823050035070537e-02
2.362627196000000040e+00 6.665509850025230776e-03
2.376766542000000371e+00 -1.701849971693292218e-02
2.390905888000000701e+00 -2.450883153937866155e-02
2.405045233999999255e+00 -4.135773817459487134e-02
2.419184578999999502e+00 -7.921172143153398792e-02
2.433323924999999832e+00 -1.269057215953299789e-01
2.447463271000000162e+00 -1.619528077016028078e-01
2.461602617000000492e+00 -1.699286500688970136e-01
2.475741963000000823e+00 -1.561784640385379674e-01
2.489881307999999294e+00 -1.382372432356540060e-01
2.504020653999999624e+00 -1.338707036310999854e-01
2.518159999999999954e+00 -1.526421386548069137e-01
2.532299346000000284e+00 -1.936787088253186795e-01
2.546438692000000614e+00 -2.473624680690171829e-01
2.560578037000000862e+00 -2.980318924669500547e-01
2.574717382999999415e+00 -3.312883059283819875e-01
2.588856728999999746e+00 -3.396145975625319835e-01
2.602996075000000076e+00 -3.265750516310284013e-01
2.617135421000000406e+00 -3.056146267690849072e-01
2.631274766000000653e+00 -2.880181827987478016e-01
2.645414111999999207e+00 -2.725221670463700008e-01
2.659553457999999537e+00 -2.518767262307815002e-01
2.673692803999999867e+00 -2.205195477063881526e-01
2.687832150000000198e+00 -1.850946222315030809e-01
2.701971495000000445e+00 -1.641472640092747071e-01
2.716110841000000775e+00 -1.710461008748822564e-01
2.730250186999999329e+00 -2.025855226356494398e-01
2.744389532999999659e+00 -2.381773684434804750e-01
2.758528878999999989e+00 -2.519578792393808442e-01
2.772668224000000237e+00 -2.266693974736657680e-01
2.786807570000000567e+00 -1.625930298725766221e-01
2.800946915999999121e+00 -7.513313803676879843e-02
2.815086261999999451e+00 1.453722639782384363e-02
2.829225606999999698e+00 8.601172563041536989e-02
2.843364953000000028e+00 1.258704163414456900e-01
2.857504299000000358e+00 1.319668825957336367e-01
2.871643645000000689e+00 1.146603252436868559e-01
2.885782990999999242e+00 9.181831238218229885e-02
2.899922335999999490e+00 7.915732576010015009e-02
2.914061681999999820e+00 8.757800898162670933e-02
2.928201028000000150e+00 1.190340740039790290e-01
2.942340374000000480e+00 1.655360740866758107e-01
2.956479720000000810e+00 2.192407726407150648e-01
2.970619064999999281e+00 2.680229018903848015e-01
2.984758410999999612e+00 3.011179020454708422e-01
2.998897756999999942e+00 3.161920145728949194e-01
3.013037103000000272e+00 3.192998461134148869e-01
3.027176449000000602e+00 3.246753637835944062e-01
3.041315794000000849e+00 3.420076312551874054e-01
3.055455139999999403e+00 3.725473943801453913e-01
3.069594485999999733e+00 4.054521609135530724e-01
3.083733832000000064e+00 4.323942028171341434e-01
3.097873178000000394e+00 4.603905667236727339e-01
3.112012523000000641e+00 5.062336087243277660e-01
3.126151868999999195e+00 5.832133190270489820e-01
3.140291214999999525e+00 6.816906674856664239e-01
3.154430560999999855e+00 7.700815646127949776e-01
3.168569907000000185e+00 8.146147726905414999e-01
3.182709252000000433e+00 8.042490305561038610e-01
3.196848598000000763e+00 7.584676156806864356e-01
3.210987943999999317e+00 7.136533267950646575e-01
3.225127289999999647e+00 6.999244332893006515e-01
3.239266635999999977e+00 7.230804076149048853e-01
3.253405981000000224e+00 7.616653258751782118e-01
3.267545327000000555e+00 7.813228547439639016e-01
3.281684673000000885e+00 7.549466779618896339e-01
3.295824018999999439e+00 6.779687327883738845e-01
3.309963363999999686e+00 5.717662938720522448e-01
3.324102710000000016e+00 4.708965193806342597e-01
3.338242056000000346e+00 4.018630800331006725e-01
3.352381402000000676e+00 3.697020649504825229e-01
3.366520747999999230e+00 3.643606982536056194e-01
3.380660092999999478e+00 3.734375722310581125e-01
3.394799438999999808e+00 3.947808013566813656e-01
3.408938785000000138e+00 4.295026420111494048e-01
3.423078131000000468e+00 4.705919480099058916e-01
3.437217477000000798e+00 5.028488578471286274e-01
3.451356821999999269e+00 5.114552439911008719e-01
3.465496167999999599e+00 4.993971517415136674e-01
3.479635513999999930e+00 4.853479070152566521e-01
3.493774860000000260e+00 4.882661670353822814e-01
3.507914206000000590e+00 5.119634898342226847e-01
3.522053551000000837e+00 5.439915612890580121e-01
3.536192896999999391e+00 5.743129552708161611e-01
3.550332242999999721e+00 6.029636756231511185e-01
3.564471589000000051e+00 6.354813281414468662e-01
3.578610935000000381e+00 6.709892829802210912e-01
3.592750280000000629e+00 6.966047265259138754e-01
3.606889625999999183e+00 6.992801079982466916e-01
3.621028971999999513e+00 6.804845414290383587e-01
3.635168317999999843e+00 6.595302979635171425e-01
3.649307664000000173e+00 6.562682969784621179e-01
3.663447009000000421e+00 6.739756031146821869e-01
3.677586355000000751e+00 6.954351367504081338e-01
3.691725700999999304e+00 6.965432924314463037e-01
3.705865046999999635e+00 6.668281224625385306e-01
3.720004392999999965e+00 6.208111657685009277e-01
3.734143738000000212e+00 5.872070400864082274e-01
3.748283084000000542e+00 5.860244737303528240e-01
3.762422430000000872e+00 6.118356791826169427e-01
3.776561775999999426e+00 6.352944179327071339e-01
3.790701120999999674e+00 6.243818427349250300e-01
3.804840467000000004e+00 5.682998992220049672e-01
3.818979813000000334e+00 4.838928584856834192e-01
3.833119159000000664e+00 3.998133903450131754e-01
3.847258504999999218e+00 3.365451918867492509e-01
3.861397849999999465e+00 2.967530886870388684e-01
3.875537195999999796e+00 2.687139136747731527e-01
3.889676542000000126e+00 2.376917268513309978e-01
3.903815888000000456e+00 1.981160272683251122e-01
3.917955234000000786e+00 1.515071189883432368e-01
3.932094578999999257e+00 1.015152184341534536e-01
3.946233924999999587e+00 5.639221293048279904e-02
3.960373270999999917e+00 2.240300784286120006e-02
3.974512617000000247e+00 4.164684684139885462e-03
3.988651963000000578e+00 1.830011592359070960e-03
4.002791308000000825e+00 9.172255839752452289e-03
4.016930653999999379e+00 1.852644431099292888e-02
4.031069999999999709e+00 2.067722935145965835e-02
4.045209346000000039e+00 1.049893461546069773e-02
4.059348692000000369e+00 -1.642908284203592473e-02
4.073488037000000617e+00 -6.302277941270340023e-02
4.087627382999999170e+00 -1.238375209072479777e-01
4.101766728999999501e+00 -1.855686679977122111e-01
4.115906074999999831e+00 -2.302798819824047882e-01
4.130045421000000161e+00 -2.475658897899712940e-01
4.144184766000000408e+00 -2.409690308281522420e-01
4.158324112000000738e+00 -2.252985252132777561e-01
4.172463457999999292e+00 -2.138907321160399277e-01
4.186602803999999622e+00 -2.072881245589233146e-01
4.200742149999999953e+00 -1.970837508709326613e-01
4.214881495000000200e+00 -1.764742515377939469e-01
4.229020841000000530e+00 -1.514353974304913919e-01
4.243160187000000860e+00 -1.372320862157980770e-01
4.257299532999999414e+00 -1.449299155410450624e-01
4.271438878999999744e+00 -1.711851041653194017e-01
4.285578223999999992e+00 -1.989379252627134775e-01
4.299717570000000322e+00 -2.099388311015157882e-01
4.313856916000000652e+00 -1.970956268743488948e-01
4.327996261999999206e+00 -1.676363784398109402e-01
4.342135606999999453e+00 -1.370607978068090205e-01
4.356274952999999783e+00 -1.178951624887556449e-01
4.370414299000000113e+00 -1.127180361488111515e-01
4.384553645000000444e+00 -1.145311714625059096e-01
4.398692991000000774e+00 -1.140684654407984056e-01
4.412832335999999245e+00 -1.083133785423058271e-01
4.426971681999999575e+00 -1.020513938669473930e-01
4.441111027999999905e+00 -1.020616396961973038e-01
4.455250374000000235e+00 -1.055454588075246392e-01
4.469389720000000565e+00 -9.811135863525777268e-02
4.483529065000000813e+00 -6.838003844871209935e-02
4.497668410999999367e+00 -2.148630822233421611e-02
4.511807756999999697e+00 2.190529172704103189e-02
4.525947103000000027e+00 4.043795658680693350e-02
4.540086449000000357e+00 3.054389269508384075e-02
4.554225794000000604e+00 9.556852619290623352e-03
4.568365139999999158e+00 -4.714083713105665652e-03
4.582504485999999488e+00 -9.377806071414696021e-03
4.596643831999999819e+00 -1.444432420437991027e-02
4.610783178000000149e+00 -2.831147735406602806e-02
4.624922523000000396e+00 -4.288820724315378641e-02
4.639061869000000726e+00 -4.233080274974732049e-02
4.653201214999999280e+00 -2.047958857732901095e-02
4.667340560999999610e+00 8.444770913962784675e-03
4.681479906999999940e+00 1.858004251693223807e-02
4.695619252000000188e+00 -5.498686875835545607e-03
4.709758598000000518e+00 -5.659164010718775728e-02
4.723897944000000848e+00 -1.077553281029803856e-01
4.738037289999999402e+00 -1.328372914455400178e-01
4.752176635999999732e+00 -1.243245395631795702e-01
4.766315980999999979e+00 -9.502824242983187730e-02
4.780455327000000310e+00 -6.748105136714066532e-02
4.794594673000000640e+00 -5.692666771484411470e-02
4.808734018999999194e+00 -6.612365766923566923e-02
4.822873363999999441e+00 -8.980801712230856992e-02
4.837012709999999771e+00 -1.197828700482599373e-01
4.851152056000000101e+00 -1.491561010842268331e-01
4.865291402000000431e+00 -1.685249593621875874e-01
4.879430748000000762e+00 -1.669425344711292780e-01
4.893570092999999233e+00 -1.394908449332046274e-01
4.907709438999999563e+00 -9.425688900428141892e-02
4.921848784999999893e+00 -5.063783140922772930e-02
4.935988131000000223e+00 -2.643470717403317849e-02
4.950127477000000553e+00 -3.122875274842229487e-02
4.964266822000000801e+00 -5.768650093489213759e-02
4.978406167999999354e+00 -8.971154168841621868e-02
4.992545513999999685e+00 -1.115471072390530338e-01
5.006684860000000015e+00 -1.066190797952302205e-01
5.020824206000000345e+00 -6.759548073003962543e-02
5.034963551000000592e+00 1.784871585222447266e-03
5.049102896999999146e+00 8.391285001446568970e-02
5.063242242999999476e+00 1.528008609533308970e-01
5.077381588999999806e+00 1.893971279160169274e-01
5.091520935000000136e+00 1.903504104143394215e-01
5.105660280000000384e+00 1.681949670906845995e-01
5.119799626000000714e+00 1.432516526619078689e-01
5.133938971999999268e+00 1.292771218285739820e-01
5.148078317999999598e+00 1.290046106035003248e-01
5.162217663999999928e+00 1.351857197077652728e-01
5.176357009000000176e+00 1.314790483475967164e-01
5.190496355000000506e+00 1.036015298687580355e-01
5.204635701000000836e+00 4.889663502042651544e-02
5.218775046999999390e+00 -1.839526026486559829e-02
5.232914392999999720e+00 -7.436984147439673620e-02
5.247053737999999967e+00 -9.784573561056753022e-02
5.261193084000000297e+00 -9.015153650343776803e-02
5.275332430000000628e+00 -7.313396767609070537e-02
5.289471775999999181e+00 -6.994155815086600114e-02
5.303611120999999429e+00 -9.284169825622079486e-02
5.317750466999999759e+00 -1.319075299487675323e-01
5.331889813000000089e+00 -1.673526216520748733e-01
5.346029159000000419e+00 -1.834596175738560930e-01
5.360168505000000749e+00 -1.767489801141532979e-01
5.374307849999999220e+00 -1.564722870595893767e-01
5.388447195999999551e+00 -1.359384259267208961e-01
5.402586541999999881e+00 -1.260093461826095051e-01
5.416725888000000211e+00 -1.307877353364084172e-01
5.430865234000000541e+00 -1.455358003790028221e-01
5.445004579000000788e+00 -1.610724633655582494e-01
5.459143924999999342e+00 -1.709835973709878942e-01
5.473283270999999672e+00 -1.752786625816806776e-01
5.487422617000000002e+00 -1.829139872260014954e-01
5.501561963000000333e+00 -2.012461561099296858e-01
5.515701308000000580e+00 -2.343952497491557097e-01
5.529840653999999134e+00 -2.817092358076518366e-01
5.543979999999999464e+00 -3.394731555121737188e-01
5.558119345999999794e+00 -4.021842987765040789e-01
5.572258692000000124e+00 -4.621556369298627232e-01
5.586398037000000372e+00 -5.085568321727578223e-01
5.600537383000000702e+00 -5.333987496599306155e-01
5.614676728999999256e+00 -5.391535826247420005e-01
5.628816074999999586e+00 -5.370769639552204211e-01
5.642955420999999916e+00 -5.403763540829853440e-01
5.657094766000000163e+00 -5.453143601176861921e-01
5.671234112000000493e+00 -5.351358163162664994e-01
5.685373458000000824e+00 -4.933119104978693770e-01
5.699512803999999377e+00 -4.245073552975000553e-01
5.713652149999999708e+00 -3.592524141187052322e-01
5.727791494999999955e+00 -3.295306818820531447e-01
5.741930841000000285e+00 -3.431528725904158250e-01
5.756070187000000615e+00 -3.743975070343932288e-01
5.770209532999999169e+00 -3.888872830784162460e-01
5.784348878999999499e+00 -3.750726741933227970e-01
5.798488223999999747e+00 -3.535058231091916525e-01
5.812627570000000077e+00 -3.591665829282657540e-01
5.826766916000000407e+00 -4.109256993466878782e-01
5.840906262000000737e+00 -4.967572145252727722e-01
5.855045606999999208e+00 -5.850942206382825361e-01
5.869184952999999538e+00 -6.449950647116313718e-01
5.883324298999999868e+00 -6.617674247520284325e-01
5.897463645000000199e+00 -6.419059929366213169e-01
5.911602991000000529e+00 -6.057479244668417806e-01
5.925742336000000776e+00 -5.789065963845185792e-01
5.939881681999999330e+00 -5.795123219092825906e-01
5.954021027999999660e+00 -6.105663033058075229e-01
5.968160373999999990e+00 -6.537293412026823347e-01
5.982299720000000320e+00 -6.809255898971340315e-01
5.996439065000000568e+00 -6.759472093980374297e-01
6.010578410999999122e+00 -6.458874104077629852e-01
6.024717756999999452e+00 -6.231933742863660086e-01
6.038857102999999782e+00 -6.418634004351666533e-01
6.052996449000000112e+00 -7.123483019233205482e-01
6.067135794000000359e+00 -8.094716175319263129e-01
6.081275140000000690e+00 -8.862487364125648526e-01
6.095414485999999243e+00 -9.086196941807038741e-01
6.109553831999999574e+00 -8.754374354607463715e-01
6.123693177999999904e+00 -8.161401449957619292e-01
6.137832523000000151e+00 -7.682451625958908181e-01
6.151971869000000481e+00 -7.465028406993905463e-01
6.166111215000000811e+00 -7.386599143372016840e-01
6.180250560999999365e+00 -7.251971765813962634e-01
6.194389906999999695e+00 -6.985918728799926924e-01
6.208529251999999943e+00 -6.686203021354781839e-01
6.222668598000000273e+00 -6.480052968457812312e-01
6.236807944000000603e+00 -6.365053117786843018e-01
6.250947289999999157e+00 -6.191629313559587899e-01
6.265086635999999487e+00 -5.827947323745572561e-01
6.279225980999999734e+00 -5.280811225055348501e-01
6.293365327000000065e+00 -4.726830139827402633e-01
6.307504673000000395e+00 -4.397561393741522551e-01
6.321644019000000725e+00 -4.369653783559019899e-01
6.335783363999999196e+00 -4.530733070674894947e-01
6.349922709999999526e+00 -4.634574077887165799e-01
6.364062055999999856e+00 -4.489203011978695201e-01
6.378201402000000186e+00 -4.117024714980761502e-01
6.392340748000000517e+00 -3.727061610727613328e-01
6.406480093000000764e+00 -3.563528505993378559e-01
6.420619438999999318e+00 -3.667909346721209829e-01
6.434758784999999648e+00 -3.790272785417467816e-01
6.448898130999999978e+00 -3.610249338868740665e-01
6.463037477000000308e+00 -2.982287718560510115e-01
6.477176822000000556e+00 -2.061918109243592312e-01
6.491316168000000886e+00 -1.202752802575908220e-01
6.505455513999999440e+00 -6.494680064538371767e-02
6.519594859999999770e+00 -3.608439995050893856e-02
6.533734206000000100e+00 -1.046453550491222018e-02
6.547873551000000347e+00 3.151562512941197269e-02
6.562012897000000677e+00 9.293797466787445671e-02
6.576152242999999231e+00 1.598343832345161530e-01
6.590291588999999561e+00 2.238782416222218075e-01
6.604430934999999891e+00 2.890236492199260709e-01
6.618570280000000139e+00 3.608690477668758945e-01
6.632709626000000469e+00 4.382971976671878878e-01
6.646848972000000799e+00 5.046593606047817815e-01
6.660988317999999353e+00 5.460785369969727299e-01
6.675127663999999683e+00 5.675810465029993424e-01
6.689267008999999931e+00 5.911635124224279281e-01
6.703406355000000261e+00 6.398293473652323371e-01
6.717545701000000591e+00 7.112108497375206895e-01
6.731685046999999145e+00 7.747714037756043837e-01
6.745824392999999475e+00 7.970047026358262343e-01
6.759963737999999722e+00 7.627610427919879754e-01
6.774103084000000052e+00 6.826276793834988865e-01
6.788242430000000383e+00 5.835288304428640771e-01
6.802381776000000713e+00 4.831860807668295621e-01
6.816521120999999184e+00 3.862395722386064989e-01
6.830660466999999514e+00 2.947101283444286679e-01
6.844799812999999844e+00 2.161162261089515368e-01
6.858939159000000174e+00 1.666892938709612082e-01
6.873078505000000504e+00 1.583269814711414369e-01
6.887217850000000752e+00 1.872397956154934207e-01
6.901357195999999306e+00 2.314713287730292279e-01
6.915496541999999636e+00 2.642178824352416910e-01
6.929635887999999966e+00 2.671752532787525780e-01
6.943775234000000296e+00 2.370493401279087919e-01
6.957914579000000543e+00 1.879662812527236326e-01
6.972053925000000874e+00 1.400028532672159542e-01
6.986193270999999427e+00 1.049537260016073503e-01
7.000332616999999757e+00 8.231101963256826082e-02
7.014471963000000088e+00 6.002488003353967372e-02
7.028611308000000335e+00 2.633125284591564252e-02
7.042750654000000665e+00 -1.811830891230847840e-02
7.056889999999999219e+00 -6.160340223255822423e-02
7.071029345999999549e+00 -8.917860924366571851e-02
7.085168691999999879e+00 -1.007896241189794040e-01
7.099308037000000127e+00 -1.094733648125689740e-01
7.113447383000000457e+00 -1.335834586757691511e-01
7.127586729000000787e+00 -1.823184759723837089e-01
7.141726074999999341e+00 -2.461007901681178112e-01
7.155865420999999671e+00 -3.103974980628798619e-01
7.170004765999999918e+00 -3.631061737859777594e-01
7.184144112000000248e+00 -4.060012311862362111e-01
7.198283458000000579e+00 -4.469587954118789952e-01
7.212422803999999132e+00 -4.903069899743037752e-01
7.226562149999999463e+00 -5.325069068797692040e-01
7.240701494999999710e+00 -5.638186993351954612e-01
7.254840841000000040e+00 -5.808024160731495300e-01
7.268980187000000370e+00 -5.866013284157460816e-01
7.283119533000000700e+00 -5.851614470160111381e-01
7.297258878999999254e+00 -5.793272955373289790e-01
7.311398223999999502e+00 -5.652639865859754309e-01
7.325537569999999832e+00 -5.364621282935608804e-01
7.339676916000000162e+00 -4.952115446068852123e-01
7.353816262000000492e+00 -4.492820027071502409e-01
7.367955607000000740e+00 -4.101631997844741306e-01
7.382094952999999293e+00 -3.815748256181432652e-01
7.396234298999999623e+00 -3.549544199960621427e-01
7.410373644999999954e+00 -3.182445007466974118e-01
7.424512991000000284e+00 -2.633947519335873011e-01
7.438652336000000531e+00 -1.984296549507771346e-01
7.452791682000000861e+00 -1.406841180074120956e-01
7.466931027999999415e+00 -1.025452531920638677e-01
7.481070373999999745e+00 -8.133539031127412500e-02
7.495209720000000075e+00 -6.222197701896270416e-02
7.509349065000000323e+00 -3.058409120307459261e-02
7.523488411000000653e+00 1.933215920785258390e-02
7.537627756999999207e+00 7.865448079309089735e-02
7.551767102999999537e+00 1.361157104784620486e-01
7.565906448999999867e+00 1.865239144397961013e-01
7.580045794000000114e+00 2.298856531347173160e-01
7.594185140000000445e+00 2.709047169805618438e-01
7.608324486000000775e+00 3.068463431607000302e-01
7.622463831999999329e+00 3.259557746889090168e-01
7.636603177999999659e+00 3.157331525392415017e-01
7.650742522999999906e+00 2.749879480963013378e-01
7.664881869000000236e+00 2.228527488337093132e-01
7.679021215000000566e+00 1.894643706041794218e-01
7.693160560999999120e+00 1.976798689618100013e-01
7.707299906999999450e+00 2.451573764537933187e-01
7.721439251999999698e+00 3.062478315214676172e-01
7.735578598000000028e+00 3.529249983728988127e-01
7.749717944000000358e+00 3.758210492727958041e-01
7.763857290000000688e+00 3.834468371549988319e-01
7.777996635999999242e+00 3.882777925921789830e-01
7.792135980999999489e+00 3.940497504379525395e-01
7.806275326999999820e+00 3.921207584097281540e-01
7.820414673000000150e+00 3.738977806687984184e-01
7.834554019000000480e+00 3.433585497559654698e-01
7.848693364000000727e+00 3.137796465912323640e-01
7.862832709999999281e+00 3.011480724096529116e-01
7.876972055999999611e+00 3.144650481160837785e-01
7.891111401999999941e+00 3.508100175425692413e-01
7.905250748000000272e+00 3.998820879674482853e-01
7.919390093000000519e+00 4.484024770785257630e-01
7.933529439000000849e+00 4.853632457504666320e-01
7.947668784999999403e+00 5.069858458181979444e-01
7.961808130999999733e+00 5.165660823664062207e-01
7.975947477000000063e+00 5.226445148943632546e-01
7.990086822000000311e+00 5.352317565363318153e-01
8.004226167999998864e+00 5.644828555491905320e-01
8.018365513999999195e+00 6.249597395373065467e-01
8.032504859999999525e+00 7.386285874193188050e-01
8.046644205999999855e+00 9.329465160773828813e-01
8.060783551000000102e+00 1.232017491189647984e+00
8.074922897000000432e+00 1.640180973234569350e+00
8.089062243000000763e+00 2.137884123651117463e+00
8.103201589000001093e+00 2.693286405515106452e+00
8.117340935000001423e+00 3.282560179221251317e+00
8.131480280000001670e+00 3.910092542669650229e+00
8.145619625999998448e+00 4.601707870496449360e+00
8.159758971999998778e+00 5.383490967975868458e+00
8.173898317999999108e+00 6.260742410728624918e+00
8.188037663999999438e+00 7.217235642985192712e+00
8.202177008999999686e+00 8.233139535835993783e+00
8.216316355000000016e+00 9.308719968720653881e+00
8.230455701000000346e+00 1.047258610300731263e+01
8.244595047000000676e+00 1.176007017395899723e+01
8.258734393000001006e+00 1.319105196577158701e+01
8.272873738000001254e+00 1.475661150853288106e+01
8.287013084000001584e+00 1.642469498842208608e+01
8.301152429999998361e+00 1.816435779935348904e+01
8.315291775999998691e+00 1.996048600684756025e+01
8.329431120999998939e+00 2.181575742803065765e+01
8.343570466999999269e+00 2.373995811324826732e+01
8.357709812999999599e+00 2.573475768090363403e+01
8.371849158999999929e+00 2.779247766135937781e+01
8.385988505000000259e+00 2.990142410584738997e+01
8.400127850000000507e+00 3.204800924826517416e+01
8.414267196000000837e+00 3.420766811634401705e+01
8.428406542000001167e+00 3.632842626296985600e+01
8.442545888000001497e+00 3.832307248589120974e+01
8.456685233999998275e+00 4.008576652533928097e+01
8.470824578999998522e+00 4.152574786614609792e+01
8.484963924999998852e+00 4.259910319536479761e+01
8.499103270999999182e+00 4.332392976552587527e+01
8.513242616999999512e+00 4.376521863821593428e+01
8.527381962999999843e+00 4.400588669073056991e+01
8.541521308000000090e+00 4.412325356786914199e+01
8.555660654000000420e+00 4.417434194536205894e+01
8.569800000000000750e+00 3.314317327243470857e+01
