# r_minus_2Rs_A, PMF_over_kBT
-9.749999999999999778e-01 nan
-9.250000000000000444e-01 nan
-8.750000000000000000e-01 nan
-8.249999999999999556e-01 nan
-7.750000000000000222e-01 nan
-7.249999999999999778e-01 nan
-6.749999999999999334e-01 nan
-6.250000000000000000e-01 nan
-5.749999999999999556e-01 nan
-5.250000000000000222e-01 nan
-4.749999999999999778e-01 nan
-4.249999999999999334e-01 nan
-3.750000000000000000e-01 nan
-3.249999999999999556e-01 nan
-2.749999999999999112e-01 nan
-2.249999999999999778e-01 nan
-1.749999999999999334e-01 1.786951088803464760e+00
-1.250000000000000000e-01 -6.734727795188089061e-02
-7.499999999999995559e-02 -8.571126060072358221e-01
-2.499999999999991118e-02 -1.148659878602703355e+00
2.499999999999991118e-02 -1.076244185176981727e+00
7.500000000000017764e-02 -9.270643552472490612e-01
1.250000000000000000e-01 -6.922031266822590290e-01
1.750000000000002665e-01 -5.668303664420624166e-01
2.250000000000000888e-01 -5.522786671722443863e-01
2.749999999999999112e-01 -4.256985263790746821e-01
3.250000000000001776e-01 -3.216839865982077384e-01
3.750000000000000000e-01 -1.968357268743199384e-01
4.250000000000002665e-01 -1.619403178316591863e-01
4.750000000000000888e-01 -2.397165670228553758e-01
5.249999999999999112e-01 -1.578150385839496295e-01
5.750000000000001776e-01 -4.193818903799240161e-02
6.250000000000000000e-01 -1.389540091084837670e-01
6.750000000000002665e-01 -1.899955995545870024e-01
7.250000000000000888e-01 -1.480943944244006438e-01
7.749999999999999112e-01 -1.842151630547532726e-01
8.250000000000001776e-01 -2.303557478395834579e-01
8.750000000000000000e-01 -2.390611437501819481e-01
9.250000000000002665e-01 -2.037202722284963130e-01
9.750000000000000888e-01 -1.517634576406332592e-01
1.025000000000000355e+00 -1.260317976357323566e-01
1.075000000000000178e+00 -8.453126419415735171e-02
1.125000000000000000e+00 -8.014861481020352230e-02
1.174999999999999822e+00 -6.712288347756656393e-02
1.225000000000000089e+00 1.067305085735226200e-02
1.275000000000000355e+00 1.188839006632935735e-02
1.325000000000000178e+00 -9.087798215719367079e-03
1.375000000000000000e+00 -3.185877663574476770e-03
1.425000000000000266e+00 1.621067077681104251e-02
1.475000000000000089e+00 4.138345459013814676e-02
1.525000000000000355e+00 8.559494254102517630e-03
1.575000000000000178e+00 -2.328267287625251925e-02
1.625000000000000000e+00 -1.022296546351908475e-02
1.675000000000000266e+00 -3.347564122696633504e-02
1.725000000000000089e+00 -3.359165510348471884e-02
1.775000000000000355e+00 -5.101291488397752261e-02
1.825000000000000178e+00 -6.800373990968955340e-02
1.875000000000000000e+00 -5.091607646882945204e-02
1.925000000000000266e+00 -3.817438683693286094e-02
1.975000000000000089e+00 -4.242737421115938545e-02
2.025000000000000355e+00 -4.833115270992927037e-02
2.075000000000000178e+00 -1.757838490253904595e-02
2.125000000000000000e+00 3.491459138452057687e-03
2.175000000000000266e+00 5.127033935799385489e-03
2.225000000000000089e+00 2.943068103967050320e-02
2.275000000000000355e+00 5.900416120399043507e-03
2.325000000000000178e+00 -3.227846990045879494e-02
2.375000000000000000e+00 6.814734795838273129e-03
2.425000000000000266e+00 1.773437567824043271e-02
2.475000000000000089e+00 -3.447662418604391377e-03
2.525000000000000355e+00 2.616277039494185885e-03
2.575000000000000178e+00 2.486776359721609708e-03
2.625000000000000000e+00 -3.113019319960086406e-02
2.675000000000000266e+00 -7.580381198704966295e-03
2.725000000000000089e+00 1.271341306052020670e-02
2.775000000000000355e+00 1.027407610604580412e-02
2.825000000000000178e+00 -2.097978273533174232e-02
2.875000000000000000e+00 -2.755825926855193231e-02
2.925000000000000266e+00 5.818797130908937021e-03
2.975000000000000089e+00 -9.883830219705735942e-03
3.025000000000000355e+00 1.161550146675915940e-02
3.075000000000000178e+00 -5.109653232235444875e-03
3.125000000000000000e+00 -4.197785794509600876e-02
3.175000000000000711e+00 -8.620366826077141553e-03
3.224999999999999645e+00 1.981692283019276246e-02
3.275000000000000355e+00 2.838710532791788310e-02
3.325000000000000178e+00 2.096715710228247431e-02
3.375000000000000000e+00 2.259711711569245551e-03
3.425000000000000711e+00 -8.546770306924855731e-03
3.474999999999999645e+00 -2.981547076275958830e-03
3.525000000000000355e+00 7.411026583880708785e-03
3.575000000000000178e+00 9.426392687952311888e-03
3.625000000000000000e+00 1.190596373772123684e-02
3.675000000000000711e+00 1.153125246500241730e-03
3.724999999999999645e+00 -1.849337398274331079e-02
3.775000000000000355e+00 -2.360992537224637644e-02
3.825000000000001066e+00 -1.115931540720227488e-02
3.875000000000000000e+00 9.943277456742283249e-03
3.925000000000000711e+00 1.443265266463100716e-04
3.974999999999999645e+00 -1.200820170521410546e-02
4.025000000000000355e+00 -2.536621359551460841e-03
4.075000000000001066e+00 9.481914366153088025e-03
4.125000000000000000e+00 1.928551238156694936e-02
4.175000000000000711e+00 1.632474692239149761e-03
4.224999999999999645e+00 -6.983632029270658848e-03
4.275000000000000355e+00 -2.941723387236638843e-03
4.325000000000001066e+00 5.732502872529465776e-03
4.375000000000000000e+00 4.715289736130667819e-03
4.425000000000000711e+00 -3.803917874820150757e-03
4.474999999999999645e+00 4.353789029486687667e-03
4.525000000000000355e+00 -2.827359725595890438e-03
4.575000000000001066e+00 7.810825158259149248e-03
4.625000000000000000e+00 1.363250850200259379e-02
4.675000000000000711e+00 -9.693124888259685434e-03
4.724999999999999645e+00 -1.348328391032493911e-02
4.775000000000000355e+00 -1.129613239350257814e-02
4.825000000000001066e+00 -4.931988557595357037e-03
4.875000000000000000e+00 -3.975027370498374069e-03
4.925000000000000711e+00 -1.283861937861319191e-02
4.974999999999999645e+00 -8.828494277413057034e-05
5.025000000000000355e+00 3.714048934978730898e-03
5.075000000000001066e+00 -5.185302938428559827e-03
5.125000000000000000e+00 1.187289617758224836e-02
5.175000000000000711e+00 2.737178612127477706e-02
5.224999999999999645e+00 1.624988747548616885e-02
5.275000000000000355e+00 1.606014542488320984e-03
5.325000000000001066e+00 7.463708475712316215e-04
5.375000000000000000e+00 -9.639572499744009093e-03
5.425000000000000711e+00 -2.244110098382146035e-02
5.474999999999999645e+00 -2.132523097313221427e-02
5.525000000000000355e+00 -1.641199517515756767e-02
5.575000000000001066e+00 -1.142919818522880604e-02
5.625000000000000000e+00 -5.640857132196863688e-03
5.675000000000000711e+00 -1.171267948398391212e-03
5.724999999999999645e+00 -5.949046511789291003e-03
5.775000000000000355e+00 -3.116031627859783271e-03
5.825000000000001066e+00 -2.933975190681170631e-03
5.875000000000000000e+00 -3.862289972512922276e-03
5.925000000000000711e+00 -3.932225172368131183e-03
5.974999999999999645e+00 -1.654478692828975639e-02
6.025000000000000355e+00 6.814614186488299197e-02
6.075000000000001066e+00 6.080351552514402513e-01
6.125000000000000000e+00 1.967972528791251285e+00
6.175000000000000711e+00 4.189416018053068846e+00
6.224999999999999645e+00 7.098333554938413670e+00
6.275000000000000355e+00 nan
6.325000000000001066e+00 nan
6.375000000000000000e+00 nan
6.425000000000000711e+00 nan
6.474999999999999645e+00 nan
6.525000000000000355e+00 nan
6.575000000000001066e+00 nan
6.625000000000000000e+00 nan
6.675000000000000711e+00 nan
6.724999999999999645e+00 nan
6.775000000000000355e+00 nan
6.825000000000001066e+00 nan
6.875000000000000000e+00 nan
6.925000000000000711e+00 nan
6.974999999999999645e+00 nan
7.025000000000000355e+00 nan
7.074999999999999289e+00 nan
7.125000000000000000e+00 nan
7.175000000000000711e+00 nan
7.225000000000001421e+00 nan
7.275000000000000355e+00 nan
7.324999999999999289e+00 nan
7.375000000000000000e+00 nan
7.425000000000000711e+00 nan
7.475000000000001421e+00 nan
7.525000000000000355e+00 nan
7.574999999999999289e+00 nan
7.625000000000000000e+00 nan
7.675000000000000711e+00 nan
7.725000000000001421e+00 nan
7.775000000000000355e+00 nan
7.824999999999999289e+00 nan
7.875000000000000000e+00 nan
7.925000000000000711e+00 nan
7.975000000000001421e+00 nan
8.025000000000000355e+00 nan
8.074999999999999289e+00 nan
8.125000000000000000e+00 nan
8.175000000000000711e+00 nan
8.225000000000001421e+00 nan
8.275000000000000355e+00 nan
8.324999999999999289e+00 nan
8.375000000000000000e+00 nan
8.425000000000000711e+00 nan
8.475000000000001421e+00 nan
8.525000000000000355e+00 nan
8.575000000000001066e+00 nan
8.625000000000000000e+00 nan
8.675000000000000711e+00 nan
8.725000000000001421e+00 nan
8.775000000000000355e+00 nan
8.825000000000001066e+00 nan
8.875000000000000000e+00 nan
8.925000000000000711e+00 nan
8.975000000000001421e+00 nan
9.025000000000000355e+00 nan
9.075000000000001066e+00 nan
9.125000000000000000e+00 nan
9.175000000000000711e+00 nan
9.225000000000001421e+00 nan
9.275000000000000355e+00 nan
9.325000000000001066e+00 nan
9.375000000000000000e+00 nan
9.425000000000000711e+00 nan
9.475000000000001421e+00 nan
9.525000000000000355e+00 nan
9.575000000000001066e+00 nan
9.625000000000000000e+00 nan
9.675000000000000711e+00 nan
9.725000000000001421e+00 nan
9.775000000000000355e+00 nan
9.825000000000001066e+00 nan
9.875000000000000000e+00 nan
9.925000000000000711e+00 nan
9.975000000000001421e+00 nan
1.002500000000000036e+01 nan
1.007500000000000107e+01 nan
1.012500000000000000e+01 nan
1.017500000000000071e+01 nan
1.022500000000000142e+01 nan
1.027500000000000036e+01 nan
1.032500000000000107e+01 nan
1.037500000000000000e+01 nan
1.042500000000000071e+01 nan
1.047500000000000142e+01 nan
1.052500000000000036e+01 nan
1.057500000000000107e+01 nan
1.062500000000000000e+01 nan
1.067500000000000071e+01 nan
1.072500000000000142e+01 nan
1.077500000000000036e+01 nan
1.082500000000000107e+01 nan
1.087500000000000000e+01 nan
1.092500000000000071e+01 nan
1.097500000000000142e+01 nan
1.102500000000000036e+01 nan
1.107500000000000107e+01 nan
1.112500000000000000e+01 nan
1.117500000000000071e+01 nan
1.122500000000000142e+01 nan
1.127500000000000036e+01 nan
1.132500000000000107e+01 nan
1.137500000000000000e+01 nan
1.142500000000000071e+01 nan
1.147500000000000142e+01 nan
1.152500000000000036e+01 nan
1.157500000000000107e+01 nan
1.162500000000000000e+01 nan
1.167500000000000071e+01 nan
1.172500000000000142e+01 nan
1.177500000000000036e+01 nan
1.182500000000000107e+01 nan
1.187500000000000000e+01 nan
1.192500000000000071e+01 nan
1.197500000000000142e+01 nan
1.202500000000000036e+01 nan
1.207500000000000107e+01 nan
1.212500000000000000e+01 nan
1.217500000000000071e+01 nan
1.222500000000000142e+01 nan
1.227500000000000036e+01 nan
1.232500000000000107e+01 nan
1.237500000000000000e+01 nan
1.242500000000000071e+01 nan
1.247500000000000142e+01 nan
1.252500000000000036e+01 nan
1.257500000000000107e+01 nan
1.262500000000000000e+01 nan
1.267500000000000071e+01 nan
1.272500000000000142e+01 nan
1.277500000000000036e+01 nan
1.282500000000000107e+01 nan
1.287500000000000000e+01 nan
1.292500000000000071e+01 nan
1.297500000000000142e+01 nan
1.302500000000000036e+01 nan
1.307500000000000107e+01 nan
1.312500000000000000e+01 nan
1.317500000000000071e+01 nan
1.322500000000000142e+01 nan
1.327500000000000036e+01 nan
1.332500000000000107e+01 nan
1.337500000000000000e+01 nan
1.342500000000000071e+01 nan
1.347500000000000142e+01 nan
1.352500000000000036e+01 nan
1.357500000000000107e+01 nan
1.362500000000000000e+01 nan
1.367500000000000071e+01 nan
1.372500000000000142e+01 nan
1.377500000000000036e+01 nan
1.382500000000000107e+01 nan
1.387500000000000000e+01 nan
1.392500000000000071e+01 nan
1.397500000000000142e+01 nan
1.402500000000000036e+01 nan
1.407500000000000107e+01 nan
1.412500000000000000e+01 nan
1.417500000000000071e+01 nan
1.422500000000000142e+01 nan
1.427500000000000036e+01 nan
1.432500000000000107e+01 nan
1.437500000000000000e+01 nan
1.442500000000000071e+01 nan
1.447500000000000142e+01 nan
1.452500000000000036e+01 nan
1.457500000000000107e+01 nan
1.462500000000000000e+01 nan
1.467500000000000071e+01 nan
1.472500000000000142e+01 nan
1.477500000000000036e+01 nan
1.482500000000000107e+01 nan
1.487500000000000000e+01 nan
1.492500000000000071e+01 nan
1.497500000000000142e+01 nan
1.502499999999999858e+01 nan
1.507500000000000284e+01 nan
1.512500000000000000e+01 nan
1.517500000000000071e+01 nan
1.522500000000000142e+01 nan
1.527499999999999858e+01 nan
1.532500000000000284e+01 nan
1.537500000000000000e+01 nan
1.542500000000000071e+01 nan
1.547500000000000142e+01 nan
1.552499999999999858e+01 nan
1.557500000000000284e+01 nan
1.562500000000000000e+01 nan
1.567500000000000071e+01 nan
1.572500000000000142e+01 nan
1.577499999999999858e+01 nan
1.582500000000000284e+01 nan
1.587500000000000000e+01 nan
1.592500000000000071e+01 nan
1.597500000000000142e+01 nan
1.602499999999999858e+01 nan
1.607500000000000284e+01 nan
1.612500000000000000e+01 nan
1.617500000000000071e+01 nan
1.622500000000000142e+01 nan
1.627499999999999858e+01 nan
1.632500000000000284e+01 nan
1.637500000000000000e+01 nan
1.642500000000000071e+01 nan
1.647500000000000142e+01 nan
1.652499999999999858e+01 nan
1.657500000000000284e+01 nan
1.662500000000000000e+01 nan
1.667500000000000071e+01 nan
1.672500000000000142e+01 nan
1.677499999999999858e+01 nan
1.682500000000000284e+01 nan
1.687500000000000000e+01 nan
1.692500000000000071e+01 nan
1.697500000000000142e+01 nan
1.702499999999999858e+01 nan
1.707500000000000284e+01 nan
1.712500000000000000e+01 nan
1.717500000000000071e+01 nan
1.722500000000000142e+01 nan
1.727499999999999858e+01 nan
1.732500000000000284e+01 nan
1.737500000000000000e+01 nan
1.742500000000000071e+01 nan
1.747500000000000142e+01 nan
1.752499999999999858e+01 nan
1.757500000000000284e+01 nan
1.762500000000000000e+01 nan
1.767500000000000071e+01 nan
1.772500000000000142e+01 nan
1.777499999999999858e+01 nan
1.782500000000000284e+01 nan
1.787500000000000000e+01 nan
1.792500000000000071e+01 nan
1.797500000000000142e+01 nan
1.802499999999999858e+01 nan
1.807500000000000284e+01 nan
1.812500000000000000e+01 nan
1.817500000000000426e+01 nan
1.822500000000000142e+01 nan
1.827499999999999858e+01 nan
1.832500000000000284e+01 nan
1.837500000000000000e+01 nan
1.842500000000000426e+01 nan
1.847500000000000142e+01 nan
1.852499999999999858e+01 nan
1.857500000000000284e+01 nan
1.862500000000000000e+01 nan
1.867500000000000426e+01 nan
1.872500000000000142e+01 nan
1.877499999999999858e+01 nan
1.882500000000000284e+01 nan
1.887500000000000000e+01 nan
1.892500000000000426e+01 nan
1.897500000000000142e+01 nan
