# r_minus_2Rs_A, PMF_over_kBT
-1.175000000000000044e+00 nan
-1.125000000000000000e+00 nan
-1.074999999999999956e+00 nan
-1.024999999999999911e+00 nan
-9.749999999999999778e-01 nan
-9.249999999999999334e-01 nan
-8.749999999999998890e-01 nan
-8.249999999999999556e-01 nan
-7.749999999999999112e-01 nan
-7.249999999999999778e-01 nan
-6.749999999999999334e-01 nan
-6.249999999999998890e-01 nan
-5.749999999999999556e-01 nan
-5.249999999999999112e-01 nan
-4.749999999999998668e-01 nan
-4.249999999999999334e-01 nan
-3.749999999999998890e-01 nan
-3.249999999999999556e-01 nan
-2.749999999999999112e-01 nan
-2.249999999999998668e-01 nan
-1.750000000000000444e-01 nan
-1.249999999999997780e-01 1.156513022386617351e+00
-7.499999999999995559e-02 3.442726289358248870e-01
-2.499999999999968914e-02 -8.194109485362544021e-02
2.500000000000013323e-02 -1.221937148858960320e-01
7.499999999999995559e-02 2.026200002484479512e-02
1.250000000000002220e-01 9.690865031367490445e-02
1.750000000000000444e-01 2.504340373787128371e-01
2.250000000000003109e-01 3.827566848754329065e-01
2.750000000000001332e-01 4.441429261601643752e-01
3.249999999999999556e-01 4.670946311326571454e-01
3.750000000000002220e-01 4.559226998679783982e-01
4.250000000000000444e-01 4.580578504460217637e-01
4.750000000000003109e-01 3.619185420181114665e-01
5.250000000000001332e-01 2.643604786092086378e-01
5.749999999999999556e-01 1.723925790808609193e-01
6.250000000000002220e-01 8.070156356399360575e-02
6.750000000000000444e-01 -1.761044221118313047e-02
7.250000000000003109e-01 -9.240771376331569087e-02
7.750000000000001332e-01 -1.027255473298001043e-01
8.250000000000003997e-01 -1.302484325106103569e-01
8.750000000000002220e-01 -1.426651670006409134e-01
9.250000000000000444e-01 -1.467896588884451958e-01
9.749999999999998668e-01 -1.865055097987067256e-01
1.025000000000000133e+00 -1.495221369921986287e-01
1.075000000000000400e+00 -6.808229059479309342e-02
1.125000000000000222e+00 2.547916811925166058e-02
1.175000000000000044e+00 6.067000826034174565e-02
1.225000000000000311e+00 4.485497675055949429e-02
1.275000000000000133e+00 1.067016075066251624e-01
1.325000000000000400e+00 1.384138992662058421e-01
1.375000000000000222e+00 1.152498396123813329e-01
1.425000000000000044e+00 9.037464701428765679e-02
1.475000000000000311e+00 4.458048034488237832e-02
1.525000000000000133e+00 3.879616837937138740e-02
1.575000000000000400e+00 1.459775844963129288e-02
1.625000000000000222e+00 -1.346011407394165360e-02
1.675000000000000044e+00 -4.682401094057286883e-02
1.725000000000000311e+00 -8.279605793550226522e-02
1.775000000000000133e+00 -7.372427216524757299e-02
1.825000000000000400e+00 -8.864399984695481294e-02
1.875000000000000222e+00 -1.068749712994829792e-01
1.925000000000000044e+00 -1.091515269717309167e-01
1.975000000000000311e+00 -8.350213183826182828e-02
2.025000000000000355e+00 -4.801791365676955081e-02
2.075000000000000178e+00 -3.711409986906843983e-02
2.125000000000000000e+00 -2.671140828220863739e-02
2.174999999999999822e+00 -1.303758146774125493e-02
2.225000000000000533e+00 -8.886364210126007634e-03
2.275000000000000355e+00 1.665817508314315631e-02
2.325000000000000178e+00 3.190861659509991455e-03
2.375000000000000000e+00 -2.332304852783773086e-02
2.424999999999999822e+00 -2.468676488531773572e-02
2.475000000000000533e+00 -4.000649025954094995e-02
2.525000000000000355e+00 -5.796813731971894867e-02
2.575000000000000178e+00 -5.869038484631472485e-02
2.625000000000000000e+00 -4.118086209511861995e-02
2.674999999999999822e+00 -5.669653505046179376e-02
2.725000000000000533e+00 -7.125989124686027409e-02
2.775000000000000355e+00 -7.020105951073185580e-02
2.825000000000000178e+00 -7.224192303477883215e-02
2.875000000000000000e+00 -5.151692006979891048e-02
2.924999999999999822e+00 -2.148612884422629321e-02
2.975000000000000533e+00 -1.750933878338223337e-02
3.024999999999999467e+00 -5.487684633366862741e-02
3.075000000000000178e+00 -3.387992068453549166e-02
3.125000000000000000e+00 2.554954623503302713e-03
3.174999999999999822e+00 -5.031623093162185256e-03
3.225000000000000533e+00 -9.798540542134137610e-03
3.274999999999999467e+00 -3.160838545021693591e-03
3.325000000000000178e+00 2.149104298928738999e-02
3.375000000000000000e+00 9.504303880268238913e-03
3.424999999999999822e+00 -2.160606135996490096e-02
3.475000000000000533e+00 -2.432806672370091405e-02
3.524999999999999467e+00 -1.130817125707750392e-02
3.575000000000000178e+00 -3.557926157183644023e-03
3.625000000000000888e+00 -1.679625249462857184e-02
3.674999999999999822e+00 -2.921244498133734879e-02
3.725000000000000533e+00 -3.619702396437585179e-02
3.774999999999999467e+00 -3.541768229902597653e-02
3.825000000000000178e+00 -1.214565364651276624e-02
3.875000000000000888e+00 -3.146978535265798627e-03
3.924999999999999822e+00 1.230633863890329138e-03
3.975000000000000533e+00 4.032226322103316107e-03
4.024999999999999467e+00 -7.202187735795728685e-03
4.075000000000000178e+00 5.447486790175926075e-03
4.125000000000000888e+00 2.017363046819031780e-02
4.174999999999999822e+00 1.016046178682916690e-02
4.225000000000000533e+00 5.472807575549687442e-03
4.274999999999999467e+00 6.255785282156089977e-03
4.325000000000000178e+00 -6.349155655493987638e-04
4.375000000000000888e+00 8.542064497543577772e-03
4.424999999999999822e+00 9.309550949705425182e-04
4.475000000000000533e+00 -1.250595663605524877e-02
4.524999999999999467e+00 -1.161951579855990957e-02
4.575000000000000178e+00 -8.972939642635680002e-03
4.625000000000000888e+00 -9.589322108596309846e-03
4.674999999999999822e+00 -1.092373488366904510e-02
4.725000000000000533e+00 -1.558839695672764591e-02
4.774999999999999467e+00 -7.148108867853331105e-03
4.825000000000000178e+00 1.380332249451710069e-02
4.875000000000000888e+00 7.521567091774095104e-03
4.924999999999999822e+00 7.336334372682884464e-04
4.975000000000000533e+00 1.623374581730452348e-03
5.024999999999999467e+00 -4.908132927005759427e-03
5.075000000000000178e+00 -3.311836361073794421e-03
5.125000000000000888e+00 1.811802500708514785e-02
5.174999999999999822e+00 1.398975928300449922e-02
5.225000000000000533e+00 1.748053892296042022e-03
5.274999999999999467e+00 -3.599089441101543940e-03
5.325000000000000178e+00 -4.057486452946346134e-03
5.375000000000000888e+00 5.629874974589110792e-03
5.424999999999999822e+00 4.250650052731064221e-03
5.475000000000000533e+00 -6.179396017473415270e-03
5.524999999999999467e+00 -6.558030428019279157e-03
5.575000000000000178e+00 -7.785533996901516929e-03
5.625000000000000888e+00 -1.196566794853382021e-02
5.674999999999999822e+00 -2.866386782444330095e-03
5.725000000000000533e+00 -9.382136625050829792e-03
5.774999999999999467e+00 -1.228429420395915628e-02
5.825000000000000178e+00 9.192988818673919482e-02
5.875000000000000888e+00 6.995674442621275801e-01
5.924999999999999822e+00 2.236662905402945434e+00
5.975000000000000533e+00 4.868919147331300934e+00
6.024999999999999467e+00 nan
6.075000000000000178e+00 nan
6.125000000000000888e+00 nan
6.174999999999999822e+00 nan
6.225000000000000533e+00 nan
6.274999999999999467e+00 nan
6.325000000000000178e+00 nan
6.375000000000000888e+00 nan
6.424999999999999822e+00 nan
6.475000000000000533e+00 nan
6.524999999999999467e+00 nan
6.575000000000000178e+00 nan
6.625000000000000888e+00 nan
6.674999999999999822e+00 nan
6.725000000000000533e+00 nan
6.774999999999999467e+00 nan
6.825000000000000178e+00 nan
6.874999999999999112e+00 nan
6.924999999999999822e+00 nan
6.975000000000000533e+00 nan
7.025000000000001243e+00 nan
7.075000000000000178e+00 nan
7.124999999999999112e+00 nan
7.174999999999999822e+00 nan
7.225000000000000533e+00 nan
7.275000000000001243e+00 nan
7.325000000000000178e+00 nan
7.374999999999999112e+00 nan
7.424999999999999822e+00 nan
7.475000000000000533e+00 nan
7.525000000000001243e+00 nan
7.575000000000000178e+00 nan
7.624999999999999112e+00 nan
7.674999999999999822e+00 nan
7.725000000000000533e+00 nan
7.775000000000001243e+00 nan
7.825000000000000178e+00 nan
7.874999999999999112e+00 nan
7.924999999999999822e+00 nan
7.975000000000000533e+00 nan
8.025000000000002132e+00 nan
8.075000000000001066e+00 nan
8.125000000000000000e+00 nan
8.175000000000000711e+00 nan
8.225000000000001421e+00 nan
8.275000000000002132e+00 nan
8.325000000000001066e+00 nan
8.375000000000001776e+00 nan
8.425000000000000711e+00 nan
8.475000000000001421e+00 nan
8.525000000000002132e+00 nan
8.575000000000001066e+00 nan
8.625000000000001776e+00 nan
8.675000000000000711e+00 nan
8.725000000000001421e+00 nan
8.775000000000002132e+00 nan
8.825000000000001066e+00 nan
8.875000000000001776e+00 nan
8.925000000000000711e+00 nan
8.975000000000001421e+00 nan
9.025000000000002132e+00 nan
9.075000000000001066e+00 nan
9.125000000000001776e+00 nan
9.175000000000000711e+00 nan
9.225000000000001421e+00 nan
9.275000000000002132e+00 nan
9.325000000000001066e+00 nan
9.375000000000001776e+00 nan
9.425000000000000711e+00 nan
9.475000000000001421e+00 nan
9.525000000000002132e+00 nan
9.575000000000001066e+00 nan
9.625000000000001776e+00 nan
9.675000000000000711e+00 nan
9.725000000000001421e+00 nan
9.775000000000002132e+00 nan
9.825000000000001066e+00 nan
9.875000000000001776e+00 nan
9.925000000000000711e+00 nan
9.975000000000001421e+00 nan
1.002500000000000213e+01 nan
1.007500000000000107e+01 nan
1.012500000000000178e+01 nan
1.017500000000000071e+01 nan
1.022500000000000142e+01 nan
1.027500000000000213e+01 nan
1.032500000000000107e+01 nan
1.037500000000000178e+01 nan
1.042500000000000071e+01 nan
1.047500000000000142e+01 nan
1.052500000000000213e+01 nan
1.057500000000000107e+01 nan
1.062500000000000178e+01 nan
1.067500000000000071e+01 nan
1.072500000000000142e+01 nan
1.077500000000000213e+01 nan
1.082500000000000107e+01 nan
1.087500000000000178e+01 nan
1.092500000000000071e+01 nan
1.097500000000000142e+01 nan
1.102500000000000213e+01 nan
1.107500000000000107e+01 nan
1.112500000000000178e+01 nan
1.117500000000000071e+01 nan
1.122500000000000142e+01 nan
1.127500000000000213e+01 nan
1.132500000000000107e+01 nan
1.137500000000000178e+01 nan
1.142500000000000071e+01 nan
1.147500000000000142e+01 nan
1.152500000000000213e+01 nan
1.157500000000000107e+01 nan
1.162500000000000178e+01 nan
1.167500000000000071e+01 nan
1.172500000000000142e+01 nan
1.177500000000000213e+01 nan
1.182500000000000107e+01 nan
1.187500000000000178e+01 nan
1.192500000000000071e+01 nan
1.197500000000000142e+01 nan
1.202500000000000213e+01 nan
1.207500000000000107e+01 nan
1.212500000000000178e+01 nan
1.217500000000000071e+01 nan
1.222500000000000142e+01 nan
1.227500000000000213e+01 nan
1.232500000000000107e+01 nan
1.237500000000000178e+01 nan
1.242500000000000071e+01 nan
1.247500000000000142e+01 nan
1.252500000000000213e+01 nan
1.257500000000000107e+01 nan
1.262500000000000178e+01 nan
1.267500000000000071e+01 nan
1.272500000000000142e+01 nan
1.277500000000000213e+01 nan
1.282500000000000107e+01 nan
1.287500000000000178e+01 nan
1.292500000000000071e+01 nan
1.297500000000000142e+01 nan
1.302500000000000213e+01 nan
1.307500000000000107e+01 nan
1.312500000000000178e+01 nan
1.317500000000000071e+01 nan
1.322500000000000142e+01 nan
1.327500000000000213e+01 nan
1.332500000000000107e+01 nan
1.337500000000000178e+01 nan
1.342500000000000071e+01 nan
1.347500000000000142e+01 nan
1.352500000000000213e+01 nan
1.357500000000000107e+01 nan
1.362500000000000178e+01 nan
1.367500000000000071e+01 nan
1.372500000000000142e+01 nan
1.377500000000000213e+01 nan
1.382500000000000107e+01 nan
1.387500000000000178e+01 nan
1.392500000000000071e+01 nan
1.397500000000000142e+01 nan
1.402500000000000213e+01 nan
1.407500000000000107e+01 nan
1.412500000000000178e+01 nan
1.417500000000000071e+01 nan
1.422500000000000142e+01 nan
1.427500000000000213e+01 nan
1.432500000000000107e+01 nan
1.437500000000000178e+01 nan
1.442500000000000071e+01 nan
1.447500000000000142e+01 nan
1.452500000000000213e+01 nan
1.457500000000000107e+01 nan
1.462500000000000178e+01 nan
1.467500000000000071e+01 nan
1.472500000000000142e+01 nan
1.477500000000000213e+01 nan
1.482499999999999929e+01 nan
1.487500000000000355e+01 nan
1.492500000000000071e+01 nan
1.497500000000000142e+01 nan
1.502500000000000213e+01 nan
1.507499999999999929e+01 nan
1.512500000000000355e+01 nan
1.517500000000000071e+01 nan
1.522500000000000142e+01 nan
1.527500000000000213e+01 nan
1.532499999999999929e+01 nan
1.537500000000000355e+01 nan
1.542500000000000071e+01 nan
1.547500000000000142e+01 nan
1.552500000000000213e+01 nan
1.557499999999999929e+01 nan
1.562500000000000355e+01 nan
1.567500000000000071e+01 nan
1.572500000000000142e+01 nan
1.577500000000000213e+01 nan
1.582499999999999929e+01 nan
1.587500000000000355e+01 nan
1.592500000000000071e+01 nan
1.597500000000000142e+01 nan
1.602500000000000213e+01 nan
1.607499999999999929e+01 nan
1.612500000000000355e+01 nan
1.617500000000000071e+01 nan
1.622500000000000142e+01 nan
1.627500000000000213e+01 nan
1.632499999999999929e+01 nan
1.637500000000000355e+01 nan
1.642500000000000071e+01 nan
1.647500000000000142e+01 nan
1.652500000000000213e+01 nan
1.657499999999999929e+01 nan
1.662500000000000355e+01 nan
1.667500000000000071e+01 nan
1.672500000000000142e+01 nan
1.677500000000000213e+01 nan
1.682499999999999929e+01 nan
1.687500000000000355e+01 nan
1.692500000000000071e+01 nan
1.697500000000000142e+01 nan
1.702500000000000213e+01 nan
1.707499999999999929e+01 nan
1.712500000000000355e+01 nan
1.717500000000000071e+01 nan
1.722500000000000142e+01 nan
1.727500000000000213e+01 nan
1.732499999999999929e+01 nan
1.737500000000000355e+01 nan
1.742500000000000071e+01 nan
1.747500000000000142e+01 nan
1.752500000000000213e+01 nan
1.757499999999999929e+01 nan
1.762500000000000355e+01 nan
1.767500000000000071e+01 nan
1.772500000000000142e+01 nan
1.777500000000000213e+01 nan
1.782499999999999929e+01 nan
1.787500000000000355e+01 nan
1.792500000000000071e+01 nan
1.797500000000000497e+01 nan
1.802500000000000213e+01 nan
1.807499999999999929e+01 nan
1.812500000000000355e+01 nan
1.817500000000000071e+01 nan
1.822500000000000497e+01 nan
1.827500000000000213e+01 nan
1.832499999999999929e+01 nan
1.837500000000000355e+01 nan
1.842500000000000071e+01 nan
1.847500000000000497e+01 nan
1.852500000000000213e+01 nan
1.857499999999999929e+01 nan
1.862500000000000355e+01 nan
1.867500000000000071e+01 nan
1.872500000000000497e+01 nan
1.877500000000000213e+01 nan
