# r_minus_2Rs_A, PMF_over_kBT
-1.375000000000000000e+00 nan
-1.324999999999999956e+00 nan
-1.274999999999999911e+00 nan
-1.224999999999999867e+00 nan
-1.174999999999999822e+00 nan
-1.125000000000000000e+00 nan
-1.074999999999999734e+00 nan
-1.024999999999999911e+00 nan
-9.749999999999998668e-01 nan
-9.249999999999999334e-01 nan
-8.749999999999998890e-01 nan
-8.249999999999998446e-01 nan
-7.749999999999999112e-01 nan
-7.249999999999998668e-01 nan
-6.749999999999998224e-01 nan
-6.249999999999998890e-01 nan
-5.749999999999998446e-01 nan
-5.249999999999999112e-01 nan
-4.749999999999998668e-01 nan
-4.249999999999998224e-01 nan
-3.750000000000000000e-01 nan
-3.249999999999997335e-01 nan
-2.749999999999999112e-01 nan
-2.249999999999996447e-01 nan
-1.749999999999998224e-01 4.922733726842332125e-01
-1.250000000000000000e-01 -1.569574418743294508e+00
-7.499999999999973355e-02 -2.221871775607914490e+00
-2.499999999999991118e-02 -2.431795020275670627e+00
2.500000000000035527e-02 -2.397390010759289147e+00
7.500000000000017764e-02 -2.164556445604353119e+00
1.250000000000000000e-01 -1.890640785504041244e+00
1.750000000000002665e-01 -1.681208353119824306e+00
2.250000000000000888e-01 -1.516989425958838122e+00
2.750000000000003553e-01 -1.334366370883757646e+00
3.250000000000001776e-01 -1.169240043468910972e+00
3.750000000000000000e-01 -1.013199411640835823e+00
4.250000000000002665e-01 -8.973205260744028244e-01
4.750000000000000888e-01 -7.773348130260777644e-01
5.250000000000003553e-01 -6.943975614312258848e-01
5.750000000000001776e-01 -5.747700729084814775e-01
6.250000000000004441e-01 -4.991238374435078562e-01
6.750000000000002665e-01 -5.174042678848316257e-01
7.250000000000000888e-01 -4.659890553696222071e-01
7.749999999999999112e-01 -4.125542050391319826e-01
8.250000000000001776e-01 -3.600775208809132710e-01
8.750000000000004441e-01 -3.725930095236142936e-01
9.250000000000002665e-01 -4.289670048260321167e-01
9.750000000000000888e-01 -3.685076493511580953e-01
1.025000000000000355e+00 -2.932363989917350366e-01
1.075000000000000178e+00 -2.636913423463533857e-01
1.125000000000000444e+00 -2.028721819707106633e-01
1.175000000000000266e+00 -1.858670573530105674e-01
1.225000000000000089e+00 -8.701960837895184042e-02
1.275000000000000355e+00 -1.165438880019364909e-02
1.325000000000000178e+00 -7.154330851510581901e-02
1.375000000000000444e+00 -3.185788841407166672e-02
1.425000000000000266e+00 3.848023071175421528e-02
1.475000000000000089e+00 2.541026054461692496e-02
1.525000000000000355e+00 4.275186993306934191e-02
1.575000000000000178e+00 2.780729100443579682e-02
1.625000000000000444e+00 -8.597665995650860538e-02
1.675000000000000266e+00 -1.261063182729682541e-01
1.725000000000000089e+00 -3.015048300312872520e-02
1.775000000000000355e+00 -8.675139517615448881e-03
1.825000000000000178e+00 -5.321619380033748570e-02
1.875000000000000444e+00 -6.414732044591930915e-02
1.925000000000000266e+00 -8.670621345678841685e-02
1.975000000000000089e+00 -9.709257036542506825e-02
2.025000000000000355e+00 -7.670372224695021224e-02
2.075000000000000178e+00 2.629640281519129985e-03
2.125000000000000444e+00 5.197175387492380949e-02
2.175000000000000266e+00 5.002966426913624254e-02
2.225000000000000089e+00 8.569551959621568571e-02
2.275000000000000355e+00 1.225597425477578106e-01
2.325000000000000178e+00 1.142429255446588687e-01
2.375000000000000444e+00 9.122642340234610181e-02
2.425000000000000266e+00 6.957051624435406367e-02
2.475000000000000089e+00 2.620304843091925129e-02
2.525000000000000355e+00 2.957091113382159797e-02
2.575000000000000178e+00 1.400823639327142267e-02
2.625000000000000444e+00 -2.818666117145474104e-02
2.675000000000000266e+00 3.183526332923847235e-02
2.725000000000000089e+00 4.553553124977582911e-02
2.775000000000000799e+00 5.258517480569735447e-02
2.824999999999999734e+00 5.811499277760390214e-02
2.875000000000000444e+00 7.331680617341573836e-03
2.925000000000000266e+00 -1.256601703639970147e-02
2.975000000000000089e+00 -8.493780311409793171e-03
3.025000000000000799e+00 1.555034909392416509e-02
3.074999999999999734e+00 2.432417484029469890e-02
3.125000000000000444e+00 7.350694939610313838e-02
3.175000000000000266e+00 1.260614480324040443e-01
3.225000000000000089e+00 1.001510261392206669e-01
3.275000000000000799e+00 5.833991908268520987e-02
3.324999999999999734e+00 3.717524541270322835e-02
3.375000000000000444e+00 4.915474388218710189e-03
3.425000000000001155e+00 -4.576900704752029370e-03
3.475000000000000089e+00 3.963672846380883463e-02
3.525000000000000799e+00 3.146153215027913674e-02
3.574999999999999734e+00 1.414039167401459629e-02
3.625000000000000444e+00 5.318306072162504172e-02
3.675000000000001155e+00 3.982831049851554006e-02
3.725000000000000089e+00 4.059156321086887509e-02
3.775000000000000799e+00 7.064942896847115072e-02
3.824999999999999734e+00 9.458134451652666641e-03
3.875000000000000444e+00 -1.476032141643468520e-02
3.925000000000001155e+00 2.273301358660195781e-02
3.975000000000000089e+00 9.192616495966587919e-03
4.025000000000000355e+00 1.563161981489002983e-02
4.074999999999999289e+00 2.273257434236564123e-03
4.125000000000000000e+00 -1.725900218871578851e-02
4.175000000000000711e+00 -2.727978615642223659e-03
4.224999999999999645e+00 -7.306911437308549750e-03
4.275000000000000355e+00 4.110707710266225945e-03
4.324999999999999289e+00 -2.527587340487524870e-03
4.375000000000000000e+00 -2.314995732943803119e-03
4.425000000000000711e+00 1.364999392003585221e-02
4.474999999999999645e+00 -1.578782031444192491e-02
4.525000000000000355e+00 -7.462106854168037984e-03
4.574999999999999289e+00 -3.764038784406231741e-04
4.625000000000000000e+00 -1.324938903236927423e-02
4.675000000000000711e+00 1.624046568698789272e-02
4.724999999999999645e+00 1.189081246128487201e-02
4.775000000000000355e+00 1.230439926612336698e-02
4.824999999999999289e+00 2.253945057581341338e-02
4.875000000000000000e+00 -2.095644754565340051e-02
4.925000000000000711e+00 -3.211590604799630100e-02
4.974999999999999645e+00 7.234815989500376077e-03
5.025000000000000355e+00 1.623226876312200417e-02
5.074999999999999289e+00 -1.524651279595556908e-02
5.125000000000000000e+00 -7.138960156852602879e-02
5.175000000000000711e+00 -6.616505974989062011e-02
5.224999999999999645e+00 -2.181166330594463965e-02
5.275000000000000355e+00 3.894709487020531213e-03
5.324999999999999289e+00 4.338828195498578566e-03
5.375000000000000000e+00 9.097354110042976671e-03
5.425000000000000711e+00 6.857522181386466187e-03
5.474999999999999645e+00 6.715754837158804946e-03
5.525000000000000355e+00 3.432455401694833874e-02
5.574999999999999289e+00 2.365331364579636997e-02
5.625000000000000000e+00 -1.188788848858979286e-02
5.675000000000000711e+00 -4.185120204479519934e-02
5.724999999999999645e+00 -1.695400254976364707e-02
5.775000000000000355e+00 1.736889198888791341e-02
5.824999999999999289e+00 1.788872253835505077e-02
5.875000000000000000e+00 1.825650020877112034e-02
5.925000000000000711e+00 3.678869659586858631e-04
5.974999999999999645e+00 -3.573584675471064287e-02
6.025000000000000355e+00 -2.916948989752521371e-02
6.074999999999999289e+00 8.150575233195844760e-03
6.125000000000000000e+00 5.845821656139671418e-03
6.175000000000000711e+00 1.995000098398791444e-02
6.224999999999999645e+00 -3.845963281668307587e-03
6.275000000000000355e+00 7.233926954479885651e-03
6.324999999999999289e+00 7.200228863773805443e-03
6.375000000000000000e+00 -2.784195530466138102e-02
6.425000000000000711e+00 -8.128193694836971517e-03
6.474999999999999645e+00 1.171217907513200096e-02
6.525000000000000355e+00 3.431203339840549482e-02
6.574999999999999289e+00 2.496499088525250265e-02
6.625000000000000000e+00 7.322724197384555822e-03
6.674999999999998934e+00 1.871055864959991766e-02
6.724999999999999645e+00 2.865979085961400941e-02
6.775000000000000355e+00 2.460605886934752462e-03
6.825000000000001066e+00 -9.024046949305475351e-03
6.875000000000000000e+00 1.451345995722208571e-02
6.924999999999998934e+00 1.321179316779952373e-02
6.974999999999999645e+00 -3.392905781850918956e-03
7.025000000000000355e+00 -6.994507004469019407e-03
7.075000000000001066e+00 1.066287968982670975e-02
7.125000000000000000e+00 3.001445541083502810e-02
7.174999999999998934e+00 9.495714861963211462e-03
7.224999999999999645e+00 6.781631290633249876e-03
7.275000000000000355e+00 -3.282749614496260904e-03
7.325000000000001066e+00 -1.493125762206459761e-02
7.375000000000000000e+00 -3.760121241398683978e-03
7.424999999999998934e+00 1.593985085426763426e-02
7.474999999999999645e+00 1.813399436486839988e-03
7.525000000000000355e+00 -1.680885965396594628e-02
7.575000000000001066e+00 6.397402646122651859e-03
7.625000000000000000e+00 -5.848482018652623182e-03
7.674999999999998934e+00 -2.384921658402716638e-02
7.724999999999999645e+00 -6.063846102007053318e-03
7.775000000000000355e+00 -1.624027864834087787e-02
7.825000000000001066e+00 -3.444976294749668710e-02
7.875000000000000000e+00 -2.130483333680155411e-02
7.924999999999998934e+00 -7.169963205536866724e-03
7.974999999999999645e+00 -1.335402062597945694e-02
8.025000000000000355e+00 -1.369360938847541398e-02
8.075000000000001066e+00 -2.350437788142545337e-02
8.125000000000000000e+00 -5.166509195910218288e-02
8.175000000000000711e+00 -2.024888487986409302e-02
8.224999999999999645e+00 -4.623555934710754656e-03
8.275000000000000355e+00 -2.622362422671087323e-02
8.325000000000001066e+00 -1.493977031890758589e-02
8.375000000000000000e+00 -2.653826623633603887e-02
8.425000000000000711e+00 -4.331666276148582462e-02
8.474999999999999645e+00 -1.612617876547717266e-02
8.525000000000000355e+00 -1.689127143820767785e-02
8.575000000000001066e+00 -2.981338238144881636e-02
8.625000000000000000e+00 4.616142029539171965e-02
8.675000000000000711e+00 5.773779232293398955e-01
8.724999999999999645e+00 1.940827138652328365e+00
8.775000000000000355e+00 4.141717059413025481e+00
8.825000000000001066e+00 nan
8.875000000000000000e+00 nan
8.925000000000000711e+00 nan
8.974999999999999645e+00 nan
9.025000000000000355e+00 nan
9.075000000000001066e+00 nan
9.125000000000000000e+00 nan
9.175000000000000711e+00 nan
9.224999999999999645e+00 nan
9.275000000000000355e+00 nan
9.325000000000001066e+00 nan
9.375000000000000000e+00 nan
9.425000000000000711e+00 nan
9.474999999999999645e+00 nan
9.525000000000000355e+00 nan
9.575000000000001066e+00 nan
9.625000000000000000e+00 nan
9.675000000000000711e+00 nan
9.724999999999999645e+00 nan
9.775000000000000355e+00 nan
9.825000000000001066e+00 nan
9.875000000000000000e+00 nan
9.925000000000000711e+00 nan
9.974999999999999645e+00 nan
1.002500000000000036e+01 nan
1.007500000000000107e+01 nan
1.012500000000000000e+01 nan
1.017500000000000071e+01 nan
1.022499999999999964e+01 nan
1.027500000000000036e+01 nan
1.032500000000000107e+01 nan
1.037500000000000000e+01 nan
1.042500000000000071e+01 nan
1.047499999999999964e+01 nan
1.052500000000000036e+01 nan
1.057500000000000107e+01 nan
1.062500000000000000e+01 nan
1.067500000000000071e+01 nan
1.072499999999999964e+01 nan
1.077500000000000036e+01 nan
1.082500000000000107e+01 nan
1.087500000000000000e+01 nan
1.092500000000000071e+01 nan
1.097499999999999964e+01 nan
1.102500000000000036e+01 nan
1.107500000000000107e+01 nan
1.112500000000000000e+01 nan
1.117500000000000071e+01 nan
1.122499999999999964e+01 nan
1.127500000000000036e+01 nan
1.132500000000000107e+01 nan
1.137500000000000000e+01 nan
1.142500000000000071e+01 nan
1.147499999999999964e+01 nan
1.152500000000000036e+01 nan
1.157500000000000107e+01 nan
1.162500000000000000e+01 nan
1.167500000000000071e+01 nan
1.172499999999999964e+01 nan
1.177500000000000036e+01 nan
1.182500000000000107e+01 nan
1.187500000000000000e+01 nan
1.192500000000000071e+01 nan
1.197499999999999964e+01 nan
1.202500000000000036e+01 nan
1.207500000000000107e+01 nan
1.212500000000000000e+01 nan
1.217500000000000071e+01 nan
1.222499999999999964e+01 nan
1.227500000000000036e+01 nan
1.232500000000000107e+01 nan
1.237500000000000000e+01 nan
1.242500000000000071e+01 nan
1.247499999999999964e+01 nan
1.252500000000000036e+01 nan
1.257500000000000107e+01 nan
1.262500000000000000e+01 nan
1.267500000000000071e+01 nan
1.272499999999999964e+01 nan
1.277500000000000036e+01 nan
1.282500000000000107e+01 nan
1.287500000000000000e+01 nan
1.292500000000000071e+01 nan
1.297499999999999964e+01 nan
1.302500000000000036e+01 nan
1.307500000000000107e+01 nan
1.312500000000000000e+01 nan
1.317500000000000071e+01 nan
1.322499999999999964e+01 nan
1.327500000000000036e+01 nan
1.332500000000000107e+01 nan
1.337500000000000000e+01 nan
1.342500000000000071e+01 nan
1.347499999999999964e+01 nan
1.352500000000000036e+01 nan
1.357500000000000107e+01 nan
1.362500000000000000e+01 nan
1.367500000000000071e+01 nan
1.372499999999999964e+01 nan
1.377500000000000036e+01 nan
1.382500000000000107e+01 nan
1.387500000000000000e+01 nan
1.392500000000000071e+01 nan
1.397499999999999964e+01 nan
1.402500000000000036e+01 nan
1.407500000000000107e+01 nan
1.412500000000000000e+01 nan
1.417500000000000071e+01 nan
1.422499999999999964e+01 nan
1.427500000000000036e+01 nan
1.432500000000000107e+01 nan
1.437500000000000000e+01 nan
1.442500000000000071e+01 nan
1.447499999999999964e+01 nan
1.452500000000000036e+01 nan
1.457500000000000107e+01 nan
1.462499999999999822e+01 nan
1.467500000000000249e+01 nan
1.472499999999999964e+01 nan
1.477500000000000036e+01 nan
1.482500000000000107e+01 nan
1.487499999999999822e+01 nan
1.492500000000000249e+01 nan
1.497499999999999964e+01 nan
1.502500000000000036e+01 nan
1.507500000000000107e+01 nan
1.512499999999999822e+01 nan
1.517500000000000249e+01 nan
1.522499999999999964e+01 nan
1.527500000000000036e+01 nan
1.532500000000000107e+01 nan
1.537499999999999822e+01 nan
1.542500000000000249e+01 nan
1.547499999999999964e+01 nan
1.552500000000000036e+01 nan
1.557500000000000107e+01 nan
1.562499999999999822e+01 nan
1.567500000000000249e+01 nan
1.572499999999999964e+01 nan
1.577500000000000036e+01 nan
1.582500000000000107e+01 nan
1.587499999999999822e+01 nan
1.592500000000000249e+01 nan
1.597499999999999964e+01 nan
1.602500000000000213e+01 nan
1.607500000000000284e+01 nan
1.612500000000000000e+01 nan
1.617500000000000426e+01 nan
1.622500000000000142e+01 nan
1.627500000000000213e+01 nan
1.632500000000000284e+01 nan
1.637500000000000000e+01 nan
1.642500000000000426e+01 nan
1.647500000000000142e+01 nan
1.652500000000000213e+01 nan
1.657500000000000284e+01 nan
1.662500000000000000e+01 nan
1.667500000000000426e+01 nan
1.672500000000000142e+01 nan
1.677500000000000213e+01 nan
1.682500000000000284e+01 nan
1.687500000000000000e+01 nan
1.692500000000000426e+01 nan
1.697500000000000142e+01 nan
1.702500000000000213e+01 nan
1.707500000000000284e+01 nan
1.712500000000000000e+01 nan
1.717500000000000426e+01 nan
1.722500000000000142e+01 nan
1.727500000000000213e+01 nan
1.732500000000000284e+01 nan
1.737500000000000000e+01 nan
1.742500000000000426e+01 nan
1.747500000000000142e+01 nan
1.752500000000000213e+01 nan
1.757500000000000284e+01 nan
1.762500000000000000e+01 nan
1.767500000000000426e+01 nan
1.772500000000000142e+01 nan
1.777500000000000568e+01 nan
1.782500000000000284e+01 nan
1.787500000000000000e+01 nan
1.792500000000000426e+01 nan
1.797500000000000142e+01 nan
1.802500000000000568e+01 nan
1.807500000000000284e+01 nan
1.812500000000000000e+01 nan
1.817500000000000426e+01 nan
1.822500000000000142e+01 nan
1.827500000000000568e+01 nan
1.832500000000000284e+01 nan
1.837500000000000000e+01 nan
1.842500000000000426e+01 nan
1.847500000000000142e+01 nan
1.852500000000000568e+01 nan
1.857500000000000284e+01 nan
