# r_minus_2Rs_A, PMF_over_kBT
-1.975000000000000089e+00 nan
-1.925000000000000044e+00 nan
-1.875000000000000000e+00 nan
-1.824999999999999956e+00 nan
-1.774999999999999911e+00 nan
-1.725000000000000089e+00 nan
-1.674999999999999822e+00 nan
-1.625000000000000000e+00 nan
-1.574999999999999956e+00 nan
-1.524999999999999911e+00 nan
-1.475000000000000089e+00 nan
-1.424999999999999822e+00 nan
-1.375000000000000000e+00 nan
-1.324999999999999956e+00 nan
-1.274999999999999911e+00 nan
-1.225000000000000089e+00 nan
-1.174999999999999822e+00 nan
-1.125000000000000000e+00 nan
-1.074999999999999956e+00 nan
-1.024999999999999911e+00 nan
-9.750000000000000888e-01 nan
-9.249999999999998224e-01 nan
-8.750000000000000000e-01 nan
-8.249999999999997335e-01 nan
-7.749999999999999112e-01 nan
-7.250000000000000888e-01 nan
-6.749999999999998224e-01 nan
-6.250000000000000000e-01 nan
-5.749999999999997335e-01 nan
-5.249999999999999112e-01 nan
-4.750000000000000888e-01 nan
-4.249999999999998224e-01 nan
-3.750000000000000000e-01 nan
-3.249999999999997335e-01 nan
-2.749999999999999112e-01 nan
-2.250000000000000888e-01 nan
-1.749999999999998224e-01 -1.112081148581270940e+00
-1.250000000000000000e-01 -2.991688730547571673e+00
-7.499999999999973355e-02 -3.831379341765269064e+00
-2.499999999999991118e-02 -4.062223596628108169e+00
2.500000000000035527e-02 -3.976440074887394260e+00
7.500000000000017764e-02 -3.779188673008663457e+00
1.250000000000000000e-01 -3.537150908121871051e+00
1.749999999999998224e-01 -3.310087567258864105e+00
2.250000000000000888e-01 -3.116783492642651865e+00
2.750000000000003553e-01 -2.913762868240286519e+00
3.250000000000001776e-01 -2.730595054059982818e+00
3.750000000000000000e-01 -2.539220589054639099e+00
4.250000000000002665e-01 -2.355709194088369429e+00
4.750000000000000888e-01 -2.219178873508426797e+00
5.250000000000003553e-01 -2.049942908583235024e+00
5.750000000000001776e-01 -1.874186488775360981e+00
6.250000000000000000e-01 -1.740663259432399190e+00
6.750000000000002665e-01 -1.617724984095535223e+00
7.250000000000000888e-01 -1.527350685649392137e+00
7.750000000000003553e-01 -1.444350205519881580e+00
8.250000000000001776e-01 -1.337352188869619596e+00
8.750000000000000000e-01 -1.250311129684447131e+00
9.250000000000002665e-01 -1.165204127905930864e+00
9.750000000000000888e-01 -1.094241644456978246e+00
1.025000000000000355e+00 -1.024024123295952382e+00
1.075000000000000178e+00 -9.211817173468808129e-01
1.125000000000000000e+00 -8.344921692872109276e-01
1.175000000000000266e+00 -7.598775968066875386e-01
1.225000000000000089e+00 -7.034748348341208768e-01
1.275000000000000355e+00 -6.641593806559038526e-01
1.325000000000000178e+00 -5.769918553467463518e-01
1.375000000000000000e+00 -5.122390303624517749e-01
1.425000000000000266e+00 -4.853676715187238422e-01
1.475000000000000089e+00 -4.615262296782951523e-01
1.525000000000000355e+00 -3.876549029775264721e-01
1.575000000000000178e+00 -2.836873209635673021e-01
1.625000000000000000e+00 -2.924809670793022676e-01
1.675000000000000266e+00 -3.102894979904018413e-01
1.725000000000000089e+00 -2.708010058577006163e-01
1.775000000000000355e+00 -2.401662621259994523e-01
1.825000000000000178e+00 -2.342771993731158631e-01
1.875000000000000000e+00 -2.184807325518129950e-01
1.925000000000000266e+00 -1.899133101483951869e-01
1.975000000000000089e+00 -1.745731657142806093e-01
2.025000000000000355e+00 -1.841573155863156508e-01
2.075000000000000178e+00 -1.919799167290383579e-01
2.125000000000000000e+00 -1.793444401246984121e-01
2.175000000000000711e+00 -1.825394305269560924e-01
2.224999999999999645e+00 -1.388752687791503515e-01
2.275000000000000355e+00 -8.433695069946756107e-02
2.325000000000000178e+00 -9.880935411288871428e-02
2.375000000000000000e+00 -1.033092799193791045e-01
2.425000000000000711e+00 -4.433157689794953171e-02
2.474999999999999645e+00 -5.709628866400628944e-02
2.525000000000000355e+00 -9.768934544895846450e-02
2.575000000000000178e+00 -6.640060335535058478e-02
2.625000000000000000e+00 -9.072868722138749398e-02
2.675000000000000711e+00 -9.471443966283388249e-02
2.724999999999999645e+00 -3.475889238072449317e-02
2.775000000000000355e+00 -1.725193951298598094e-02
2.825000000000001066e+00 -2.639873914950618961e-02
2.875000000000000000e+00 1.288909979945196405e-02
2.925000000000000711e+00 -3.131131109265838930e-02
2.974999999999999645e+00 -5.583391051732933263e-02
3.025000000000000355e+00 1.011070645793887834e-02
3.075000000000001066e+00 -9.211062640660738765e-03
3.125000000000000000e+00 -4.218640880606994159e-02
3.175000000000000711e+00 -6.612615285048173419e-02
3.224999999999999645e+00 -8.253151236583611272e-02
3.275000000000000355e+00 -5.986289181038517704e-02
3.325000000000001066e+00 -2.395434418798791931e-02
3.375000000000000000e+00 -5.174587534568564351e-03
3.425000000000000711e+00 -1.206752640337072080e-02
3.474999999999999645e+00 -1.557743039840131516e-02
3.525000000000000355e+00 -3.063967140567802616e-02
3.575000000000001066e+00 -1.535666216758624358e-02
3.625000000000000000e+00 3.647367147452218461e-02
3.675000000000000711e+00 3.119612444304942223e-02
3.724999999999999645e+00 1.545367935932584480e-02
3.775000000000000355e+00 1.036893319942211455e-02
3.825000000000001066e+00 -1.343377409214174811e-02
3.875000000000000000e+00 1.672166730958823955e-02
3.925000000000000711e+00 9.023389256682667892e-03
3.974999999999999645e+00 -5.282541823746589316e-02
4.025000000000000355e+00 -3.236431155491370504e-02
4.075000000000001066e+00 7.236621090908057496e-03
4.125000000000000000e+00 6.248835284976328452e-03
4.175000000000000711e+00 4.725916434056287585e-04
4.224999999999999645e+00 1.531522790550043922e-02
4.275000000000000355e+00 1.892358384310699471e-02
4.325000000000001066e+00 6.005932967867000372e-03
4.375000000000000000e+00 -1.215246014075810344e-02
4.425000000000000711e+00 -1.563495860749641864e-02
4.474999999999999645e+00 -4.565851272366305835e-03
4.525000000000000355e+00 9.245739891357240836e-03
4.575000000000001066e+00 -3.894549104482614155e-03
4.625000000000000000e+00 -1.526821891857688129e-02
4.675000000000000711e+00 1.902179907480539001e-02
4.724999999999999645e+00 1.023419024639404817e-02
4.775000000000000355e+00 -1.516276986745257460e-02
4.825000000000001066e+00 1.304125637172592889e-02
4.875000000000000000e+00 -1.642555906002929333e-03
4.925000000000000711e+00 -9.306333465807004046e-03
4.974999999999999645e+00 -8.236409361159990894e-03
5.025000000000000355e+00 -2.478631899710892483e-02
5.075000000000001066e+00 -3.052826897747884516e-03
5.125000000000000000e+00 -2.351016092839053329e-03
5.175000000000000711e+00 -3.359257087622236071e-02
5.224999999999999645e+00 -2.689208788442076781e-02
5.275000000000000355e+00 1.900909504614944900e-02
5.325000000000001066e+00 2.113403848893113945e-02
5.375000000000000000e+00 -1.646407311870268231e-03
5.425000000000000711e+00 -4.100857098523036370e-03
5.474999999999999645e+00 -2.918321311660143635e-03
5.525000000000000355e+00 -2.353637115682483127e-03
5.575000000000001066e+00 -1.218653448027784414e-02
5.625000000000000000e+00 -2.652571634690059632e-02
5.675000000000000711e+00 -3.021673255178725093e-02
5.724999999999999645e+00 -4.484516628671775251e-03
5.775000000000000355e+00 6.224713071870446868e-03
5.825000000000001066e+00 -9.053835564431178540e-03
5.875000000000000000e+00 -3.179203896144322528e-02
5.925000000000000711e+00 -7.913602668504937654e-03
5.974999999999999645e+00 1.893127965510288391e-02
6.025000000000000355e+00 -1.953927406159738922e-02
6.074999999999999289e+00 -1.686935680487144928e-02
6.125000000000000000e+00 4.268748436448976946e-03
6.175000000000000711e+00 8.414439519521810240e-04
6.225000000000001421e+00 -9.524439025990760754e-03
6.275000000000000355e+00 -1.801083581591056415e-02
6.324999999999999289e+00 -1.086688503511989978e-02
6.375000000000000000e+00 -9.939556030623020177e-03
6.425000000000000711e+00 -1.348925730033445625e-02
6.475000000000001421e+00 -2.170649053926010374e-02
6.525000000000000355e+00 -7.996755836396918227e-03
6.574999999999999289e+00 -9.817414568048299373e-03
6.625000000000000000e+00 -3.012563590776085043e-02
6.675000000000000711e+00 -1.494152540877369262e-04
6.725000000000001421e+00 2.089352415854750511e-02
6.775000000000000355e+00 1.598239576203486223e-02
6.824999999999999289e+00 2.101477739182167070e-02
6.875000000000000000e+00 1.024689463727757044e-02
6.925000000000000711e+00 -1.295173374525759868e-02
6.975000000000001421e+00 -7.069760607354869109e-03
7.025000000000000355e+00 -5.324423166198188895e-03
7.074999999999999289e+00 -6.171752777037742277e-03
7.125000000000000000e+00 1.130200361850519641e-02
7.175000000000000711e+00 1.283834324778831970e-02
7.225000000000001421e+00 6.640163386911313026e-03
7.275000000000000355e+00 8.032834148721024192e-03
7.324999999999999289e+00 -6.649770302738611250e-03
7.375000000000000000e+00 5.669701228876000698e-03
7.425000000000000711e+00 -4.028362002334917591e-03
7.475000000000001421e+00 -1.626036043704459644e-02
7.525000000000000355e+00 -1.085330152806363024e-02
7.575000000000001066e+00 -3.107082033155017520e-02
7.625000000000000000e+00 -3.805901881817264076e-02
7.675000000000000711e+00 -1.970969122600130241e-02
7.725000000000001421e+00 4.357768419547269900e-04
7.775000000000000355e+00 -8.421616042567192650e-03
7.825000000000001066e+00 -1.796795929118411017e-02
7.875000000000000000e+00 -2.503881350173253750e-02
7.925000000000000711e+00 -1.456578597994218072e-02
7.975000000000001421e+00 -2.001468730342303992e-02
8.025000000000000355e+00 -2.819194593486717970e-02
8.075000000000001066e+00 -1.541477037972782682e-02
8.125000000000000000e+00 -6.990403122614008424e-03
8.175000000000000711e+00 -5.960688428637395120e-03
8.225000000000001421e+00 -1.796730390851597470e-02
8.275000000000000355e+00 -3.783416583756249452e-03
8.325000000000001066e+00 1.011168927717420729e-02
8.375000000000000000e+00 4.788587718369541335e-03
8.425000000000000711e+00 9.450170811708957785e-04
8.475000000000001421e+00 -6.190752382612574323e-03
8.525000000000000355e+00 -1.007711104480635278e-02
8.575000000000001066e+00 -2.017439918551033884e-02
8.625000000000000000e+00 -1.992588894569879976e-02
8.675000000000000711e+00 -3.966359514605111158e-03
8.725000000000001421e+00 1.644068462670711384e-02
8.775000000000000355e+00 1.524116065550917831e-02
8.825000000000001066e+00 1.996882925616727533e-04
8.875000000000000000e+00 9.437612852960297616e-03
8.925000000000000711e+00 1.025620692337092521e-02
8.975000000000001421e+00 1.545385321623404806e-03
9.025000000000000355e+00 3.970366105311651239e-03
9.075000000000001066e+00 1.035897915206596132e-02
9.125000000000000000e+00 5.177327578766766081e-03
9.175000000000000711e+00 1.471756743145480328e-04
9.225000000000001421e+00 2.409897838314023488e-03
9.275000000000000355e+00 -7.749203520259539957e-03
9.325000000000001066e+00 -1.264906320392955585e-02
9.375000000000000000e+00 -1.656682698970768364e-02
9.425000000000000711e+00 -4.202714163429988048e-03
9.475000000000001421e+00 1.769330509362609938e-02
9.525000000000000355e+00 -1.107716182377815883e-03
9.575000000000001066e+00 -1.800500660337434056e-02
9.625000000000000000e+00 4.074675067637922865e-04
9.675000000000000711e+00 4.519729926483417870e-03
9.725000000000001421e+00 1.430130915202498798e-03
9.775000000000000355e+00 9.586607292943805092e-03
9.825000000000001066e+00 -1.203538503330214837e-03
9.875000000000000000e+00 -3.061548721206008850e-03
9.925000000000000711e+00 7.896084903032285496e-03
9.975000000000001421e+00 1.120322499054915433e-02
1.002500000000000036e+01 9.246819800636130182e-03
1.007500000000000107e+01 2.862895882263183367e-03
1.012500000000000000e+01 2.209397602726426157e-03
1.017500000000000071e+01 2.805419224813920920e-03
1.022500000000000142e+01 -1.578619838482619997e-04
1.027500000000000036e+01 -8.053511868175933230e-03
1.032500000000000107e+01 -7.932330180921098872e-03
1.037500000000000000e+01 -7.008300600755301701e-03
1.042500000000000071e+01 1.296856300122994909e-03
1.047500000000000142e+01 -3.342971281798945427e-04
1.052500000000000036e+01 -1.179049889407912666e-02
1.057500000000000107e+01 -3.914135741856172857e-03
1.062500000000000000e+01 1.992308545195831115e-03
1.067500000000000071e+01 -1.415877900153716951e-02
1.072500000000000142e+01 -5.193470045246062483e-03
1.077500000000000036e+01 1.999822650739169205e-02
1.082500000000000107e+01 3.640668365379551297e-02
1.087500000000000000e+01 5.483468641309352520e-02
1.092500000000000071e+01 7.233652676403545811e-02
1.097500000000000142e+01 8.850097284666502695e-02
1.102500000000000036e+01 9.032244349158924379e-02
1.107500000000000107e+01 9.766899873036072321e-02
1.112500000000000000e+01 1.162551464263175127e-01
1.117500000000000071e+01 1.359310684376457967e-01
1.122500000000000142e+01 1.440857538885589317e-01
1.127500000000000036e+01 1.565297362253617042e-01
1.132500000000000107e+01 1.566618220035889131e-01
1.137500000000000000e+01 1.648516268786375250e-01
1.142500000000000071e+01 1.945187545559059483e-01
1.147500000000000142e+01 2.066742974020066015e-01
1.152500000000000036e+01 2.110792227783204744e-01
1.157500000000000107e+01 2.218290690275441790e-01
1.162500000000000000e+01 2.287331487374790751e-01
1.167500000000000071e+01 2.432064125781197017e-01
1.172500000000000142e+01 2.524873298411347555e-01
1.177500000000000036e+01 2.722963444770136743e-01
1.182500000000000107e+01 3.008861450905211399e-01
1.187500000000000000e+01 3.067927011826749872e-01
1.192500000000000071e+01 3.165487903238932699e-01
1.197500000000000142e+01 3.335832768249065161e-01
1.202500000000000036e+01 4.104860713690066110e-01
1.207500000000000107e+01 9.147091538400398125e-01
1.212500000000000000e+01 2.308948434121610660e+00
1.217500000000000071e+01 4.655105641689248230e+00
1.222500000000000142e+01 7.365746223084444821e+00
1.227500000000000036e+01 nan
1.232500000000000107e+01 nan
1.237500000000000000e+01 nan
1.242500000000000071e+01 nan
1.247500000000000142e+01 nan
1.252500000000000036e+01 nan
1.257500000000000107e+01 nan
1.262500000000000000e+01 nan
1.267500000000000071e+01 nan
1.272500000000000142e+01 nan
1.277500000000000036e+01 nan
1.282500000000000107e+01 nan
1.287500000000000000e+01 nan
1.292500000000000071e+01 nan
1.297500000000000142e+01 nan
1.302500000000000036e+01 nan
1.307500000000000107e+01 nan
1.312500000000000000e+01 nan
1.317500000000000071e+01 nan
1.322500000000000142e+01 nan
1.327500000000000036e+01 nan
1.332500000000000107e+01 nan
1.337500000000000000e+01 nan
1.342500000000000071e+01 nan
1.347500000000000142e+01 nan
1.352500000000000036e+01 nan
1.357500000000000107e+01 nan
1.362500000000000000e+01 nan
1.367500000000000071e+01 nan
1.372500000000000142e+01 nan
1.377500000000000036e+01 nan
1.382500000000000107e+01 nan
1.387500000000000000e+01 nan
1.392500000000000071e+01 nan
1.397500000000000142e+01 nan
1.402499999999999858e+01 nan
1.407500000000000284e+01 nan
1.412500000000000000e+01 nan
1.417500000000000071e+01 nan
1.422500000000000142e+01 nan
1.427499999999999858e+01 nan
1.432500000000000284e+01 nan
1.437500000000000000e+01 nan
1.442500000000000071e+01 nan
1.447500000000000142e+01 nan
1.452499999999999858e+01 nan
1.457500000000000284e+01 nan
1.462500000000000000e+01 nan
1.467500000000000071e+01 nan
1.472500000000000142e+01 nan
1.477499999999999858e+01 nan
1.482500000000000284e+01 nan
1.487500000000000000e+01 nan
1.492500000000000071e+01 nan
1.497500000000000142e+01 nan
1.502499999999999858e+01 nan
1.507500000000000284e+01 nan
1.512500000000000000e+01 nan
1.517500000000000071e+01 nan
1.522500000000000142e+01 nan
1.527499999999999858e+01 nan
1.532500000000000284e+01 nan
1.537500000000000000e+01 nan
1.542500000000000071e+01 nan
1.547500000000000142e+01 nan
1.552499999999999858e+01 nan
1.557500000000000284e+01 nan
1.562500000000000000e+01 nan
1.567500000000000071e+01 nan
1.572500000000000142e+01 nan
1.577499999999999858e+01 nan
1.582500000000000284e+01 nan
1.587500000000000000e+01 nan
1.592500000000000071e+01 nan
1.597500000000000142e+01 nan
1.602499999999999858e+01 nan
1.607500000000000284e+01 nan
1.612500000000000000e+01 nan
1.617500000000000071e+01 nan
1.622500000000000142e+01 nan
1.627499999999999858e+01 nan
1.632500000000000284e+01 nan
1.637500000000000000e+01 nan
1.642500000000000071e+01 nan
1.647500000000000142e+01 nan
1.652499999999999858e+01 nan
1.657500000000000284e+01 nan
1.662500000000000000e+01 nan
1.667500000000000071e+01 nan
1.672500000000000142e+01 nan
1.677499999999999858e+01 nan
1.682500000000000284e+01 nan
1.687500000000000000e+01 nan
1.692500000000000071e+01 nan
1.697500000000000142e+01 nan
1.702499999999999858e+01 nan
1.707500000000000284e+01 nan
1.712500000000000000e+01 nan
1.717500000000000426e+01 nan
1.722500000000000142e+01 nan
1.727499999999999858e+01 nan
1.732500000000000284e+01 nan
1.737500000000000000e+01 nan
1.742500000000000426e+01 nan
1.747500000000000142e+01 nan
1.752499999999999858e+01 nan
1.757500000000000284e+01 nan
1.762500000000000000e+01 nan
1.767500000000000426e+01 nan
1.772500000000000142e+01 nan
1.777499999999999858e+01 nan
1.782500000000000284e+01 nan
1.787500000000000000e+01 nan
1.792500000000000426e+01 nan
1.797500000000000142e+01 nan
