# r_minus_2Rs_A,    PMF_over_kBT
-5.974999999999999645e+00 2.147354474261778989e+01
-5.924999999999999822e+00 2.863139299015705319e+01
-5.875000000000000000e+00 3.578924123769631649e+01
-5.825000000000000178e+00 3.578924123769631649e+01
-5.775000000000000355e+00 3.578924123769631649e+01
-5.724999999999999645e+00 3.578924123769631649e+01
-5.674999999999999822e+00 3.578924123769631649e+01
-5.625000000000000000e+00 3.578924123769631649e+01
-5.575000000000000178e+00 3.578924123769631649e+01
-5.525000000000000355e+00 3.578924123769631649e+01
-5.474999999999999645e+00 3.578924123769631649e+01
-5.424999999999999822e+00 3.578924123769631649e+01
-5.375000000000000000e+00 3.578924123769631649e+01
-5.325000000000000178e+00 3.578924123769631649e+01
-5.275000000000000355e+00 3.578924123769631649e+01
-5.224999999999999645e+00 3.578924123769631649e+01
-5.174999999999999822e+00 3.578924123769631649e+01
-5.125000000000000000e+00 3.578924123769631649e+01
-5.075000000000000178e+00 3.578924123769631649e+01
-5.025000000000000355e+00 3.578924123769631649e+01
-4.974999999999999645e+00 3.578924123769631649e+01
-4.924999999999999822e+00 3.578924123769631649e+01
-4.875000000000000000e+00 3.578924123769631649e+01
-4.824999999999999289e+00 3.578924123769631649e+01
-4.775000000000000355e+00 3.578924123769631649e+01
-4.724999999999999645e+00 3.578924123769631649e+01
-4.674999999999999822e+00 3.578924123769631649e+01
-4.625000000000000000e+00 3.578924123769631649e+01
-4.574999999999999289e+00 3.578924123769631649e+01
-4.525000000000000355e+00 3.578924123769631649e+01
-4.474999999999999645e+00 3.578924123769631649e+01
-4.424999999999999822e+00 3.578924123769631649e+01
-4.375000000000000000e+00 3.578924123769631649e+01
-4.324999999999999289e+00 3.578924123769631649e+01
-4.275000000000000355e+00 3.578924123769631649e+01
-4.224999999999999645e+00 3.578924123769631649e+01
-4.174999999999999822e+00 3.578924123769631649e+01
-4.125000000000000000e+00 3.578924123769631649e+01
-4.074999999999999289e+00 3.578924123769631649e+01
-4.025000000000000355e+00 3.578924123769631649e+01
-3.974999999999999645e+00 3.578924123769631649e+01
-3.924999999999999822e+00 3.578924123769631649e+01
-3.875000000000000000e+00 3.578924123769631649e+01
-3.825000000000000178e+00 3.578924123769631649e+01
-3.774999999999999911e+00 3.578924123769631649e+01
-3.724999999999999645e+00 3.578924123769631649e+01
-3.674999999999999822e+00 3.578924123769631649e+01
-3.625000000000000000e+00 3.578924123769631649e+01
-3.574999999999999734e+00 3.578924123769631649e+01
-3.524999999999999911e+00 3.578924123769631649e+01
-3.474999999999999645e+00 3.578924123769631649e+01
-3.424999999999999822e+00 3.578924123769631649e+01
-3.375000000000000000e+00 3.578924123769631649e+01
-3.324999999999999734e+00 3.578924123769631649e+01
-3.274999999999999911e+00 3.578924123769631649e+01
-3.224999999999999645e+00 3.578924123769631649e+01
-3.174999999999999822e+00 3.578924123769631649e+01
-3.125000000000000000e+00 3.578924123769631649e+01
-3.074999999999999734e+00 3.578924123769631649e+01
-3.024999999999999911e+00 3.578924123769631649e+01
-2.974999999999999645e+00 3.578924123769631649e+01
-2.924999999999999822e+00 3.578924123769631649e+01
-2.875000000000000000e+00 3.578924123769631649e+01
-2.824999999999999734e+00 3.578924123769631649e+01
-2.774999999999999911e+00 3.578924123769631649e+01
-2.724999999999999645e+00 3.578924123769631649e+01
-2.674999999999999822e+00 3.578924123769631649e+01
-2.625000000000000000e+00 3.578924123769631649e+01
-2.574999999999999734e+00 3.578924123769631649e+01
-2.524999999999999911e+00 3.578924123769631649e+01
-2.474999999999999645e+00 3.578924123769631649e+01
-2.424999999999999822e+00 3.578924123769631649e+01
-2.375000000000000000e+00 3.578924123769631649e+01
-2.324999999999999734e+00 3.578924123769631649e+01
-2.274999999999999911e+00 3.578924123769631649e+01
-2.224999999999999645e+00 3.578924123769631649e+01
-2.174999999999999822e+00 3.578924123769631649e+01
-2.125000000000000000e+00 3.578924123769631649e+01
-2.074999999999999734e+00 3.578924123769631649e+01
-2.024999999999999911e+00 3.578924123769631649e+01
-1.974999999999999645e+00 3.578924123769631649e+01
-1.924999999999999822e+00 3.578924123769631649e+01
-1.875000000000000000e+00 3.578924123769631649e+01
-1.824999999999999289e+00 3.578924123769631649e+01
-1.775000000000000355e+00 3.578924123769631649e+01
-1.724999999999999645e+00 3.578924123769631649e+01
-1.674999999999999822e+00 3.578924123769631649e+01
-1.625000000000000000e+00 3.578924123769631649e+01
-1.574999999999999289e+00 3.578924123769631649e+01
-1.525000000000000355e+00 3.578924123769631649e+01
-1.474999999999999645e+00 3.578924123769631649e+01
-1.424999999999999822e+00 3.578924123769631649e+01
-1.375000000000000000e+00 3.578924123769631649e+01
-1.324999999999999289e+00 3.578924123769631649e+01
-1.275000000000000355e+00 3.578924123769631649e+01
-1.224999999999999645e+00 3.578924123769631649e+01
-1.174999999999998934e+00 3.578924123769631649e+01
-1.125000000000000000e+00 3.578924123769631649e+01
-1.074999999999999289e+00 3.578924123769631649e+01
-1.025000000000000355e+00 3.578924123769631649e+01
-9.749999999999996447e-01 3.578924123769631649e+01
-9.249999999999989342e-01 3.578924123769631649e+01
-8.750000000000000000e-01 3.578924123769631649e+01
-8.249999999999992895e-01 3.578924123769631649e+01
-7.750000000000003553e-01 3.578924123769631649e+01
-7.249999999999996447e-01 3.578924123769631649e+01
-6.749999999999989342e-01 3.578924123769631649e+01
-6.250000000000000000e-01 3.578924123769631649e+01
-5.749999999999992895e-01 3.578924123769631649e+01
-5.250000000000003553e-01 3.578924123769631649e+01
-4.749999999999996447e-01 3.578924123769631649e+01
-4.249999999999989342e-01 2.935002303753657671e+01
-3.750000000000000000e-01 2.266696110637618489e+01
-3.249999999999992895e-01 1.575616358926423821e+01
-2.750000000000003553e-01 8.727679523450873944e+00
-2.249999999999996447e-01 1.598684115323568689e+00
-1.749999999999989342e-01 8.715943093976747935e-01
-1.250000000000000000e-01 3.825155965834518557e-01
-7.499999999999928946e-02 1.222084135470183075e-01
-2.500000000000035527e-02 -3.995563796560830903e-03
2.500000000000035527e-02 -3.202108250356019287e-02
7.500000000000106581e-02 -1.762886212977150813e-02
1.250000000000000000e-01 1.424125740066699460e-02
1.750000000000007105e-01 3.564533099916004921e-02
2.249999999999996447e-01 5.616028629547820811e-02
2.750000000000003553e-01 7.032634167196577524e-02
3.250000000000010658e-01 7.837775765976857933e-02
3.750000000000000000e-01 7.333330567710519277e-02
4.250000000000007105e-01 8.179840241412678070e-02
4.749999999999996447e-01 7.160462568230414881e-02
5.250000000000003553e-01 7.263633182612673489e-02
5.750000000000010658e-01 6.520309114992280108e-02
6.250000000000000000e-01 5.702215695010472846e-02
6.750000000000007105e-01 4.683684885838702155e-02
7.249999999999996447e-01 3.363159045300215255e-02
7.750000000000003553e-01 7.300295456461470232e-03
8.250000000000010658e-01 -2.459935867151941298e-03
8.750000000000000000e-01 -9.553824413979228325e-03
9.250000000000007105e-01 -2.730840207176079767e-02
9.749999999999996447e-01 -4.707666020413299457e-02
1.025000000000000355e+00 -6.062997084157829147e-02
1.075000000000001066e+00 -8.273997730887182323e-02
1.125000000000000000e+00 -1.043851141985623343e-01
1.175000000000000711e+00 -1.325607305797063817e-01
1.224999999999999645e+00 -1.456664343388698879e-01
1.275000000000000355e+00 -1.740764020667750767e-01
1.325000000000001066e+00 -1.930991384863610105e-01
1.375000000000000000e+00 -2.276293758892986852e-01
1.425000000000000711e+00 -2.341458082084383330e-01
1.474999999999999645e+00 -2.495600178595968055e-01
1.525000000000000355e+00 -2.515143921971894625e-01
1.575000000000001066e+00 -2.689756228848008135e-01
1.625000000000000000e+00 -2.803622415382445721e-01
1.675000000000000711e+00 -2.926789831001936903e-01
1.724999999999999645e+00 -3.132780449009207047e-01
1.775000000000000355e+00 -3.283990535364094132e-01
1.825000000000001066e+00 -3.194657793432931214e-01
1.875000000000000000e+00 -3.097212966865882655e-01
1.925000000000000711e+00 -3.157476713364470999e-01
1.974999999999999645e+00 -3.107794572247204457e-01
2.025000000000000355e+00 -2.990625349186715187e-01
2.074999999999999289e+00 -3.046922167312282048e-01
2.125000000000000000e+00 -3.018365930985787426e-01
2.175000000000000711e+00 -2.887885610526765845e-01
2.225000000000001421e+00 -2.772503896796411627e-01
2.275000000000000355e+00 -2.650164243264577224e-01
2.324999999999999289e+00 -2.508672736176411067e-01
2.375000000000000000e+00 -2.243034783518510489e-01
2.425000000000000711e+00 -1.868008242484762993e-01
2.475000000000001421e+00 -1.547068188827022961e-01
2.525000000000000355e+00 -1.150168385761603101e-01
2.574999999999999289e+00 -7.508417604580551463e-02
2.625000000000000000e+00 -2.474988852706055259e-02
2.675000000000000711e+00 1.054212325782977536e-02
2.725000000000001421e+00 5.993604792265116998e-02
2.775000000000000355e+00 1.026247175797806305e-01
2.824999999999999289e+00 1.443293450925402510e-01
2.875000000000000000e+00 1.817469473275810654e-01
2.925000000000000711e+00 2.103729762950966031e-01
2.975000000000001421e+00 2.380196078017881856e-01
3.025000000000000355e+00 2.752799512304672791e-01
3.074999999999999289e+00 3.045601937458560227e-01
3.125000000000000000e+00 3.223134270745653951e-01
3.175000000000000711e+00 3.499126394034004495e-01
3.225000000000001421e+00 3.766589735246921311e-01
3.275000000000000355e+00 3.881571384334382424e-01
3.324999999999999289e+00 4.099778406699638444e-01
3.375000000000000000e+00 4.297700419223460799e-01
3.425000000000000711e+00 4.472765944462306908e-01
3.475000000000001421e+00 4.777491310838030691e-01
3.525000000000000355e+00 5.051319027094759440e-01
3.575000000000001066e+00 5.175093061925153393e-01
3.625000000000000000e+00 5.261782987266088174e-01
3.675000000000000711e+00 5.284959863426839100e-01
3.725000000000001421e+00 5.144902140931428836e-01
3.775000000000000355e+00 5.070333358658526413e-01
3.825000000000001066e+00 5.098898569735080821e-01
3.875000000000000000e+00 5.207401586541579031e-01
3.925000000000000711e+00 5.255433824932439490e-01
3.975000000000001421e+00 5.191199630375873397e-01
4.025000000000000355e+00 5.100273171315248266e-01
4.075000000000001066e+00 4.925808812139557680e-01
4.125000000000000000e+00 4.692463087522171228e-01
4.175000000000000711e+00 4.525153316837862705e-01
4.225000000000001421e+00 4.356522290108131301e-01
4.275000000000000355e+00 3.989519053792054959e-01
4.325000000000001066e+00 3.689797107163194645e-01
4.375000000000000000e+00 3.314265562482983651e-01
4.425000000000000711e+00 2.887236766492606299e-01
4.475000000000001421e+00 2.417091555142626413e-01
4.525000000000000355e+00 2.046647300365709299e-01
4.575000000000001066e+00 1.509882542877075962e-01
4.625000000000000000e+00 1.029446591459926424e-01
4.675000000000000711e+00 5.009096713974870579e-02
4.725000000000001421e+00 5.381811568371833339e-03
4.775000000000000355e+00 -4.314489840174325075e-02
4.825000000000001066e+00 -7.798831143654504083e-02
4.875000000000000000e+00 -1.279660401907083411e-01
4.925000000000000711e+00 -1.560741832896528625e-01
4.975000000000001421e+00 -1.829108536972096632e-01
5.025000000000000355e+00 -2.059423029253320547e-01
5.075000000000001066e+00 -2.279026488538210826e-01
5.125000000000000000e+00 -2.389720258719173207e-01
5.175000000000000711e+00 -2.501759035345358928e-01
5.225000000000001421e+00 -2.625015105842610774e-01
5.275000000000000355e+00 -2.673443186939252758e-01
5.325000000000001066e+00 -2.648816964142803321e-01
5.375000000000000000e+00 -2.619962662434058842e-01
5.425000000000000711e+00 -2.685421949894227223e-01
5.475000000000001421e+00 -2.640421064647537341e-01
5.525000000000000355e+00 -2.511106594079297594e-01
5.575000000000001066e+00 -2.372035963194889518e-01
5.625000000000000000e+00 -2.265112080750419921e-01
5.675000000000000711e+00 -2.079251035522016733e-01
5.725000000000001421e+00 -1.903386727897331265e-01
5.775000000000000355e+00 -1.780466555628898162e-01
5.825000000000001066e+00 -1.687934346949948317e-01
5.875000000000000000e+00 -1.500895560442355448e-01
5.925000000000000711e+00 -1.357027891269250996e-01
5.975000000000001421e+00 -1.196221892948873405e-01
6.025000000000000355e+00 -1.035049904284704725e-01
6.075000000000001066e+00 -8.499147547548631387e-02
6.125000000000000000e+00 -6.978889078280055280e-02
6.175000000000000711e+00 -5.419687144929490746e-02
6.225000000000001421e+00 -3.998199045695010473e-02
6.275000000000000355e+00 -3.036434973466271142e-02
6.325000000000001066e+00 -2.324154733503860579e-02
6.375000000000000000e+00 -1.292573316633642902e-02
6.425000000000000711e+00 -3.406391984382750159e-03
6.475000000000001421e+00 9.640105935376654112e-03
6.525000000000000355e+00 2.019468575394185381e-02
6.575000000000001066e+00 2.810027254336553565e-02
6.625000000000000000e+00 3.808702677983646923e-02
6.675000000000000711e+00 4.784163056375163869e-02
6.725000000000001421e+00 5.251059895386803178e-02
6.775000000000000355e+00 6.144952754513575283e-02
6.825000000000001066e+00 7.229934787515120143e-02
6.875000000000000000e+00 7.474465610724580211e-02
6.925000000000000711e+00 7.415314601365247116e-02
6.975000000000001421e+00 7.738370655177213842e-02
7.025000000000000355e+00 7.965759319182197373e-02
7.075000000000001066e+00 8.265756562522809381e-02
7.125000000000000000e+00 8.829511151058683227e-02
7.175000000000000711e+00 9.682369247727430628e-02
7.225000000000001421e+00 9.522261722228222980e-02
7.275000000000000355e+00 9.110436305206769114e-02
7.325000000000001066e+00 8.368614664661748470e-02
7.375000000000000000e+00 7.485356765919526367e-02
7.425000000000000711e+00 7.492392966457543657e-02
7.475000000000001421e+00 6.979258371331766020e-02
7.525000000000000355e+00 6.505782934289322528e-02
7.575000000000001066e+00 7.105561852401506839e-02
7.625000000000000000e+00 7.193570986382198662e-02
7.675000000000000711e+00 5.314395583997751082e-02
7.725000000000001421e+00 4.969589688759654816e-02
7.775000000000000355e+00 4.887143851743189910e-02
7.825000000000001066e+00 4.225821629369832383e-02
7.875000000000000000e+00 3.469660009135147605e-02
7.925000000000000711e+00 3.390839810312300945e-02
7.975000000000001421e+00 2.995724753031296997e-02
8.025000000000000355e+00 1.852630171940745918e-02
8.075000000000001066e+00 1.599906427542663713e-03
8.125000000000000000e+00 -4.398585678506706544e-03
8.175000000000000711e+00 -5.007482964390420552e-03
8.225000000000001421e+00 -1.032992393603855523e-02
8.275000000000000355e+00 -1.553770132133039036e-02
8.325000000000001066e+00 -1.800605318441803743e-02
8.375000000000000000e+00 -2.021855835841926061e-02
8.425000000000000711e+00 -2.676009675000266125e-02
8.475000000000001421e+00 -3.157471822061062167e-02
8.525000000000000355e+00 -3.392975735544858512e-02
8.575000000000001066e+00 -3.617739559389079179e-02
8.625000000000000000e+00 -4.003475793729229654e-02
8.675000000000000711e+00 -3.500561099718062230e-02
8.725000000000001421e+00 -3.924456219489407677e-02
8.775000000000000355e+00 -3.469062109175382463e-02
8.825000000000001066e+00 -2.819321927329845531e-02
8.875000000000000000e+00 -3.228397649177594531e-02
8.925000000000000711e+00 -3.939483463220199572e-02
8.975000000000001421e+00 -3.584803071059639024e-02
9.025000000000000355e+00 -3.863312215224751905e-02
9.075000000000001066e+00 -3.643402843031857269e-02
9.125000000000000000e+00 -2.873408431900728588e-02
9.175000000000000711e+00 -1.990893089891301523e-02
9.225000000000001421e+00 -1.893826169562018435e-02
9.275000000000000355e+00 -1.615366082610840762e-02
9.325000000000001066e+00 -1.882931457138390524e-02
9.375000000000000000e+00 -1.841092403038935288e-02
9.425000000000000711e+00 -2.111382338246734630e-02
9.475000000000001421e+00 -9.789703269050065507e-03
9.525000000000000355e+00 -2.971985161681446781e-03
9.575000000000001066e+00 -4.340086373924378384e-03
9.625000000000000000e+00 3.851334990833877280e-03
9.675000000000000711e+00 1.526216446335481322e-03
9.725000000000001421e+00 -5.614375980526986436e-03
9.775000000000000355e+00 -5.041611147768065675e-03
9.825000000000001066e+00 9.046375388228255696e-03
9.875000000000000000e+00 5.673144842204180284e-03
9.925000000000000711e+00 1.281331860218273486e-02
9.975000000000001421e+00 2.038187309021530919e-02
1.002499999999999858e+01 2.221301121818548829e-02
1.007500000000000284e+01 1.994856264200315504e-02
1.012500000000000000e+01 2.411726382725696421e-02
1.017500000000000071e+01 2.795931572034717968e-02
1.022500000000000142e+01 2.382031895230838497e-02
1.027499999999999858e+01 2.801141111552958585e-02
1.032500000000000284e+01 2.760101547552729073e-02
1.037500000000000000e+01 2.604434442945375780e-02
1.042500000000000071e+01 2.554946881478699014e-02
1.047500000000000142e+01 2.422922322930567279e-02
1.052499999999999858e+01 2.031682137938375238e-02
1.057500000000000284e+01 2.100292367397500748e-02
1.062500000000000000e+01 2.340696012310168259e-02
1.067500000000000071e+01 2.127981089441349088e-02
1.072500000000000142e+01 2.184872030514491137e-02
1.077499999999999858e+01 2.136565123693223711e-02
1.082500000000000284e+01 2.377758714672779938e-02
1.087500000000000000e+01 2.751399573174353672e-02
1.092500000000000071e+01 2.616408839418085316e-02
1.097500000000000142e+01 2.920022301383760205e-02
1.102499999999999858e+01 2.797806248286320921e-02
1.107500000000000284e+01 1.927506553752067822e-02
1.112500000000000000e+01 1.017611978666330824e-02
1.117500000000000071e+01 1.042442486771442273e-02
1.122500000000000142e+01 6.923445236004966731e-03
1.127499999999999858e+01 5.695339832908175373e-03
1.132500000000000284e+01 7.030794018056951700e-03
1.137500000000000000e+01 4.360284307982809256e-03
1.142500000000000071e+01 -2.593631522245232190e-03
1.147500000000000142e+01 -6.710719530888554010e-03
1.152499999999999858e+01 -8.544402228467263757e-03
1.157500000000000284e+01 -8.623338529006830885e-03
1.162500000000000000e+01 -6.136431466489966798e-03
1.167500000000000071e+01 -3.766514726407876553e-04
1.172500000000000142e+01 7.869905711750391220e-04
1.177499999999999858e+01 6.179525507473470963e-04
1.182500000000000284e+01 -2.128213330782458175e-03
1.187500000000000000e+01 -2.949159483580033030e-03
1.192500000000000071e+01 -2.068575972935704672e-03
1.197500000000000142e+01 5.363562689844060235e-04
1.202499999999999858e+01 4.529852139220480640e-03
1.207500000000000284e+01 9.011022812996215964e-03
1.212500000000000000e+01 8.371510878513177545e-03
1.217500000000000071e+01 5.198541279082392712e-03
1.222500000000000142e+01 6.280196168568253148e-03
1.227499999999999858e+01 -2.601485797688951520e-03
1.232500000000000284e+01 -9.000709390719308436e-03
1.237500000000000000e+01 -9.416727169575977996e-03
1.242500000000000071e+01 -1.162756849654194083e-02
1.247500000000000142e+01 -1.791274581054480564e-02
1.252499999999999858e+01 -1.059555231253668170e-02
1.257500000000000284e+01 -4.092332802915166386e-03
1.262500000000000000e+01 -2.008163186122758573e-03
1.267500000000000071e+01 1.221989908962939570e-03
1.272500000000000142e+01 2.769534949043617710e-03
1.277499999999999858e+01 -1.633240744287434197e-03
1.282500000000000284e+01 -4.961740324777963278e-03
1.287500000000000000e+01 -7.061806265103599128e-03
1.292500000000000071e+01 -7.545908526454070918e-03
1.297500000000000142e+01 -1.442794769152655693e-03
1.302499999999999858e+01 1.836861903158393521e-03
1.307500000000000284e+01 4.717456160468458913e-03
1.312500000000000000e+01 6.457480693258333369e-03
1.317500000000000426e+01 1.336726070308849081e-02
1.322500000000000142e+01 5.907795370597313661e-03
1.327499999999999858e+01 7.591695645852425227e-03
1.332500000000000284e+01 5.935069752466760190e-03
1.337500000000000000e+01 3.390230299145713562e-03
1.342500000000000426e+01 -3.311482344077628617e-04
1.347500000000000142e+01 5.380850532947434837e-03
1.352499999999999858e+01 4.258208473685698610e-03
1.357500000000000284e+01 -2.606868934909200870e-03
1.362500000000000000e+01 -1.968550624610188125e-03
1.367500000000000426e+01 -5.052190383248601063e-03
1.372500000000000142e+01 -7.943944456998509873e-03
1.377499999999999858e+01 -7.940284772617900791e-03
1.382500000000000284e+01 -2.000822271408253701e-03
1.387500000000000000e+01 2.236025374508088161e-03
1.392500000000000426e+01 4.725594061164422460e-02
1.397500000000000142e+01 3.168132106430825434e-01
1.402499999999999858e+01 1.065862790716116226e+00
1.407500000000000284e+01 2.548441733148873567e+00
1.412500000000000000e+01 9.703810518325935774e+00
1.417500000000000426e+01 1.681720792943087872e+01
1.422500000000000142e+01 2.370623428455778736e+01
1.427499999999999858e+01 3.011355926694441010e+01
1.432500000000000284e+01 3.578924123769631649e+01
1.437500000000000000e+01 3.578924123769631649e+01
1.442500000000000426e+01 3.578924123769631649e+01
1.447500000000000142e+01 3.578924123769631649e+01
1.452499999999999858e+01 3.578924123769631649e+01
1.457500000000000284e+01 3.578924123769631649e+01
1.462500000000000000e+01 3.578924123769631649e+01
1.467500000000000426e+01 3.578924123769631649e+01
1.472500000000000142e+01 3.578924123769631649e+01
1.477499999999999858e+01 3.578924123769631649e+01
1.482500000000000284e+01 3.578924123769631649e+01
1.487500000000000000e+01 3.578924123769631649e+01
1.492500000000000426e+01 3.578924123769631649e+01
1.497500000000000142e+01 3.578924123769631649e+01
1.502499999999999858e+01 3.578924123769631649e+01
1.507500000000000284e+01 3.578924123769631649e+01
1.512500000000000000e+01 3.578924123769631649e+01
1.517500000000000426e+01 3.578924123769631649e+01
1.522500000000000142e+01 3.578924123769631649e+01
1.527499999999999858e+01 3.578924123769631649e+01
1.532500000000000284e+01 3.578924123769631649e+01
1.537500000000000000e+01 3.578924123769631649e+01
1.542500000000000426e+01 3.578924123769631649e+01
1.547500000000000142e+01 3.578924123769631649e+01
1.552499999999999858e+01 3.578924123769631649e+01
1.557500000000000284e+01 3.578924123769631649e+01
1.562500000000000000e+01 3.578924123769631649e+01
1.567500000000000426e+01 3.578924123769631649e+01
1.572500000000000142e+01 3.578924123769631649e+01
1.577499999999999858e+01 3.578924123769631649e+01
1.582500000000000284e+01 3.578924123769631649e+01
1.587500000000000000e+01 3.578924123769631649e+01
1.592500000000000426e+01 3.578924123769631649e+01
1.597500000000000142e+01 3.578924123769631649e+01
1.602499999999999858e+01 3.578924123769631649e+01
1.607500000000000284e+01 3.578924123769631649e+01
1.612500000000000000e+01 3.578924123769631649e+01
1.617500000000000426e+01 3.578924123769631649e+01
1.622500000000000142e+01 3.578924123769631649e+01
1.627499999999999858e+01 3.578924123769631649e+01
1.632500000000000284e+01 3.578924123769631649e+01
1.637500000000000000e+01 3.578924123769631649e+01
1.642500000000000426e+01 3.578924123769631649e+01
1.647500000000000142e+01 3.578924123769631649e+01
1.652499999999999858e+01 3.578924123769631649e+01
1.657500000000000284e+01 3.578924123769631649e+01
1.662500000000000000e+01 3.578924123769631649e+01
1.667500000000000426e+01 3.578924123769631649e+01
1.672500000000000142e+01 3.578924123769631649e+01
1.677499999999999858e+01 3.578924123769631649e+01
1.682500000000000284e+01 3.578924123769631649e+01
1.687500000000000000e+01 3.578924123769631649e+01
1.692500000000000426e+01 3.578924123769631649e+01
1.697500000000000142e+01 3.578924123769631649e+01
1.702499999999999858e+01 3.578924123769631649e+01
1.707500000000000284e+01 3.578924123769631649e+01
1.712500000000000000e+01 3.578924123769631649e+01
1.717500000000000426e+01 3.578924123769631649e+01
1.722500000000000142e+01 3.578924123769631649e+01
1.727499999999999858e+01 3.578924123769631649e+01
1.732500000000000284e+01 3.578924123769631649e+01
1.737500000000000000e+01 3.578924123769631649e+01
1.742500000000000426e+01 3.578924123769631649e+01
1.747500000000000142e+01 3.578924123769631649e+01
1.752499999999999858e+01 3.578924123769631649e+01
1.757500000000000284e+01 3.578924123769631649e+01
1.762500000000000000e+01 3.578924123769631649e+01
1.767500000000000426e+01 3.578924123769631649e+01
1.772500000000000142e+01 3.578924123769631649e+01
1.777499999999999858e+01 3.578924123769631649e+01
1.782500000000000284e+01 3.578924123769631649e+01
1.787500000000000000e+01 3.578924123769631649e+01
1.792500000000000426e+01 3.578924123769631649e+01
1.797500000000000142e+01 3.578924123769631649e+01
1.802499999999999858e+01 3.578924123769631649e+01
1.807500000000000284e+01 3.578924123769631649e+01
1.812500000000000000e+01 3.578924123769631649e+01
1.817500000000000426e+01 3.578924123769631649e+01
1.822500000000000142e+01 3.578924123769631649e+01
1.827499999999999858e+01 3.578924123769631649e+01
1.832500000000000284e+01 3.578924123769631649e+01
1.837500000000000000e+01 3.578924123769631649e+01
1.842500000000000426e+01 3.578924123769631649e+01
1.847500000000000142e+01 3.578924123769631649e+01
1.852499999999999858e+01 3.578924123769631649e+01
1.857500000000000284e+01 3.578924123769631649e+01
1.862500000000000000e+01 3.578924123769631649e+01
1.867500000000000426e+01 3.578924123769631649e+01
1.872500000000000142e+01 3.578924123769631649e+01
1.877499999999999858e+01 3.578924123769631649e+01
1.882500000000000284e+01 3.578924123769631649e+01
1.887500000000000000e+01 3.578924123769631649e+01
1.892500000000000426e+01 3.578924123769631649e+01
1.897500000000000142e+01 3.578924123769631649e+01
1.902499999999999858e+01 3.578924123769631649e+01
1.907500000000000284e+01 3.578924123769631649e+01
1.912500000000000000e+01 3.578924123769631649e+01
1.917500000000000426e+01 3.578924123769631649e+01
1.922500000000000142e+01 3.578924123769631649e+01
1.927499999999999858e+01 3.578924123769631649e+01
1.932500000000000284e+01 3.578924123769631649e+01
1.937500000000000000e+01 3.578924123769631649e+01
1.942500000000000426e+01 3.578924123769631649e+01
1.947500000000000142e+01 3.578924123769631649e+01
1.952499999999999858e+01 3.578924123769631649e+01
1.957500000000000284e+01 3.578924123769631649e+01
1.962500000000000000e+01 3.578924123769631649e+01
1.967500000000000426e+01 3.578924123769631649e+01
1.972500000000000142e+01 3.578924123769631649e+01
1.977499999999999858e+01 3.578924123769631649e+01
1.982500000000000284e+01 3.578924123769631649e+01
1.987500000000000000e+01 3.578924123769631649e+01
1.992500000000000426e+01 3.578924123769631649e+01
1.997500000000000142e+01 3.578924123769631649e+01
2.002499999999999858e+01 3.578924123769631649e+01
2.007500000000000284e+01 3.578924123769631649e+01
2.012500000000000000e+01 3.578924123769631649e+01
2.017500000000000426e+01 3.578924123769631649e+01
2.022500000000000142e+01 3.578924123769631649e+01
2.027499999999999858e+01 3.578924123769631649e+01
2.032500000000000284e+01 3.578924123769631649e+01
2.037500000000000000e+01 3.578924123769631649e+01
2.042500000000000426e+01 3.578924123769631649e+01
2.047500000000000142e+01 3.578924123769631649e+01
2.052499999999999858e+01 3.578924123769631649e+01
2.057500000000000284e+01 3.578924123769631649e+01
2.062500000000000000e+01 3.578924123769631649e+01
2.067500000000000426e+01 3.578924123769631649e+01
2.072500000000000142e+01 3.578924123769631649e+01
2.077499999999999858e+01 3.578924123769631649e+01
2.082500000000000284e+01 3.578924123769631649e+01
2.087500000000000000e+01 3.578924123769631649e+01
2.092500000000000426e+01 3.578924123769631649e+01
2.097500000000000142e+01 3.578924123769631649e+01
2.102499999999999858e+01 3.578924123769631649e+01
2.107500000000000284e+01 3.578924123769631649e+01
2.112500000000000000e+01 3.578924123769631649e+01
2.117500000000000426e+01 3.578924123769631649e+01
2.122500000000000142e+01 3.578924123769631649e+01
2.127499999999999858e+01 3.578924123769631649e+01
2.132500000000000284e+01 3.578924123769631649e+01
2.137500000000000000e+01 3.578924123769631649e+01
2.142500000000000426e+01 3.578924123769631649e+01
2.147500000000000142e+01 3.578924123769631649e+01
2.152499999999999858e+01 3.578924123769631649e+01
2.157500000000000284e+01 3.578924123769631649e+01
2.162500000000000000e+01 3.578924123769631649e+01
2.167500000000000426e+01 3.578924123769631649e+01
2.172500000000000142e+01 3.578924123769631649e+01
2.177499999999999858e+01 3.578924123769631649e+01
2.182500000000000284e+01 3.578924123769631649e+01
2.187500000000000000e+01 3.578924123769631649e+01
2.192500000000000426e+01 3.578924123769631649e+01
2.197500000000000142e+01 3.578924123769631649e+01
2.202499999999999858e+01 3.578924123769631649e+01
2.207500000000000284e+01 3.578924123769631649e+01
2.212500000000000000e+01 3.578924123769631649e+01
2.217500000000000426e+01 3.578924123769631649e+01
2.222500000000000142e+01 3.578924123769631649e+01
2.227499999999999858e+01 3.578924123769631649e+01
2.232500000000000284e+01 3.578924123769631649e+01
2.237500000000000000e+01 3.578924123769631649e+01
2.242500000000000426e+01 3.578924123769631649e+01
2.247500000000000142e+01 3.578924123769631649e+01
2.252499999999999858e+01 3.578924123769631649e+01
2.257500000000000284e+01 3.578924123769631649e+01
2.262500000000000000e+01 3.578924123769631649e+01
2.267500000000000426e+01 3.578924123769631649e+01
2.272500000000000142e+01 3.578924123769631649e+01
2.277499999999999858e+01 3.578924123769631649e+01
2.282500000000000284e+01 3.578924123769631649e+01
2.287500000000000000e+01 3.578924123769631649e+01
2.292500000000000426e+01 3.578924123769631649e+01
2.297500000000000142e+01 3.578924123769631649e+01
2.302499999999999858e+01 3.578924123769631649e+01
2.307500000000000284e+01 3.578924123769631649e+01
2.312500000000000000e+01 3.578924123769631649e+01
2.317500000000000426e+01 3.578924123769631649e+01
2.322500000000000142e+01 3.578924123769631649e+01
2.327499999999999858e+01 3.578924123769631649e+01
2.332500000000000284e+01 3.578924123769631649e+01
2.337500000000000000e+01 3.578924123769631649e+01
2.342500000000000426e+01 3.578924123769631649e+01
2.347500000000000142e+01 3.578924123769631649e+01
2.352499999999999858e+01 3.578924123769631649e+01
2.357500000000000284e+01 3.578924123769631649e+01
2.362500000000000000e+01 3.578924123769631649e+01
2.367500000000000426e+01 3.578924123769631649e+01
2.372500000000000142e+01 3.578924123769631649e+01
2.377499999999999858e+01 3.578924123769631649e+01
2.382500000000000284e+01 3.578924123769631649e+01
2.387500000000000000e+01 3.578924123769631649e+01
2.392500000000000426e+01 2.863139299015705319e+01
2.397500000000000142e+01 2.147354474261778989e+01
