# r_minus_2Rs_A,    PMF_over_kBT
-3.975000000000000089e+00 2.171423157919371505e+01
-3.924999999999999822e+00 2.895230877225828792e+01
-3.875000000000000000e+00 3.619038596532286078e+01
-3.825000000000000178e+00 3.619038596532286078e+01
-3.774999999999999911e+00 3.619038596532286078e+01
-3.725000000000000089e+00 3.619038596532286078e+01
-3.674999999999999822e+00 3.619038596532286078e+01
-3.625000000000000000e+00 3.619038596532286078e+01
-3.575000000000000178e+00 3.619038596532286078e+01
-3.524999999999999911e+00 3.619038596532286078e+01
-3.475000000000000089e+00 3.619038596532286078e+01
-3.424999999999999822e+00 3.619038596532286078e+01
-3.375000000000000000e+00 3.619038596532286078e+01
-3.325000000000000178e+00 3.619038596532286078e+01
-3.274999999999999911e+00 3.619038596532286078e+01
-3.225000000000000089e+00 3.619038596532286078e+01
-3.174999999999999822e+00 3.619038596532286078e+01
-3.125000000000000000e+00 3.619038596532286078e+01
-3.075000000000000178e+00 3.619038596532286078e+01
-3.024999999999999911e+00 3.619038596532286078e+01
-2.975000000000000089e+00 3.619038596532286078e+01
-2.924999999999999822e+00 3.619038596532286078e+01
-2.875000000000000000e+00 3.619038596532286078e+01
-2.824999999999999734e+00 3.619038596532286078e+01
-2.774999999999999911e+00 3.619038596532286078e+01
-2.725000000000000089e+00 3.619038596532286078e+01
-2.674999999999999822e+00 3.619038596532286078e+01
-2.625000000000000000e+00 3.619038596532286078e+01
-2.574999999999999734e+00 3.619038596532286078e+01
-2.524999999999999911e+00 3.619038596532286078e+01
-2.475000000000000089e+00 3.619038596532286078e+01
-2.424999999999999822e+00 3.619038596532286078e+01
-2.375000000000000000e+00 3.619038596532286078e+01
-2.324999999999999734e+00 3.619038596532286078e+01
-2.274999999999999911e+00 3.619038596532286078e+01
-2.225000000000000089e+00 3.619038596532286078e+01
-2.174999999999999822e+00 3.619038596532286078e+01
-2.125000000000000000e+00 3.619038596532286078e+01
-2.074999999999999734e+00 3.619038596532286078e+01
-2.024999999999999911e+00 3.619038596532286078e+01
-1.974999999999999645e+00 3.619038596532286078e+01
-1.924999999999999822e+00 3.619038596532286078e+01
-1.875000000000000000e+00 3.619038596532286078e+01
-1.825000000000000178e+00 3.619038596532286078e+01
-1.774999999999999911e+00 3.619038596532286078e+01
-1.724999999999999645e+00 3.619038596532286078e+01
-1.674999999999999822e+00 3.619038596532286078e+01
-1.625000000000000000e+00 3.619038596532286078e+01
-1.574999999999999734e+00 3.619038596532286078e+01
-1.524999999999999911e+00 3.619038596532286078e+01
-1.474999999999999645e+00 3.619038596532286078e+01
-1.424999999999999822e+00 3.619038596532286078e+01
-1.375000000000000000e+00 3.619038596532286078e+01
-1.324999999999999734e+00 3.619038596532286078e+01
-1.274999999999999911e+00 3.619038596532286078e+01
-1.224999999999999645e+00 3.619038596532286078e+01
-1.174999999999999822e+00 3.619038596532286078e+01
-1.125000000000000000e+00 3.619038596532286078e+01
-1.074999999999999734e+00 3.619038596532286078e+01
-1.024999999999999911e+00 3.619038596532286078e+01
-9.749999999999996447e-01 3.619038596532286078e+01
-9.249999999999998224e-01 3.619038596532286078e+01
-8.750000000000000000e-01 3.619038596532286078e+01
-8.249999999999997335e-01 3.619038596532286078e+01
-7.749999999999999112e-01 3.619038596532286078e+01
-7.249999999999996447e-01 3.619038596532286078e+01
-6.749999999999998224e-01 3.619038596532286078e+01
-6.250000000000000000e-01 3.619038596532286078e+01
-5.749999999999997335e-01 3.619038596532286078e+01
-5.249999999999999112e-01 3.619038596532286078e+01
-4.749999999999996447e-01 3.001132617060602925e+01
-4.249999999999998224e-01 2.346338547825214604e+01
-3.750000000000000000e-01 1.663604333574440375e+01
-3.249999999999997335e-01 9.616484666413191107e+00
-2.749999999999999112e-01 2.454130439115852269e+00
-2.249999999999996447e-01 1.382606646839813269e+00
-1.749999999999998224e-01 6.584888684104925893e-01
-1.250000000000000000e-01 1.989223797307911046e-01
-7.499999999999973355e-02 -5.130259265645697314e-02
-2.499999999999991118e-02 -1.314055207422288873e-01
2.500000000000035527e-02 -1.207176081128718548e-01
7.500000000000017764e-02 -6.227912711956557629e-02
1.250000000000000000e-01 -9.863563404292457690e-03
1.750000000000007105e-01 4.015431148467172445e-02
2.249999999999996447e-01 9.958263107307595285e-02
2.750000000000003553e-01 1.395116186525353075e-01
3.250000000000001776e-01 1.602261815598790828e-01
3.750000000000000000e-01 2.271929131495557808e-01
4.250000000000007105e-01 2.969407274907187033e-01
4.749999999999996447e-01 3.212833662032000825e-01
5.250000000000003553e-01 3.886615296093826055e-01
5.750000000000001776e-01 4.219279011777036237e-01
6.250000000000000000e-01 4.508245176410781707e-01
6.750000000000007105e-01 4.496693392919990928e-01
7.249999999999996447e-01 4.434266781421755121e-01
7.750000000000003553e-01 4.282811273603645552e-01
8.250000000000010658e-01 4.455792566938452381e-01
8.750000000000000000e-01 4.335772722421940006e-01
9.250000000000007105e-01 4.406083912479865083e-01
9.749999999999996447e-01 4.291699062597683079e-01
1.025000000000000355e+00 4.253755416000558620e-01
1.075000000000001066e+00 3.956999327482400020e-01
1.125000000000000000e+00 3.549093240430462037e-01
1.175000000000000711e+00 3.233730422004875149e-01
1.224999999999999645e+00 3.057950766131948828e-01
1.275000000000000355e+00 2.547530653876795004e-01
1.325000000000001066e+00 2.238568893599168774e-01
1.375000000000000000e+00 1.877011000727250578e-01
1.425000000000000711e+00 1.281734426619440259e-01
1.474999999999999645e+00 7.331505704876413454e-02
1.525000000000000355e+00 2.123052140221589126e-02
1.575000000000001066e+00 -2.329497743785360550e-02
1.625000000000000000e+00 -6.215850918100969402e-02
1.675000000000000711e+00 -1.006190995833584761e-01
1.724999999999999645e+00 -1.377747857128362452e-01
1.775000000000000355e+00 -1.704944285257777858e-01
1.825000000000001066e+00 -2.162296339648879517e-01
1.875000000000000000e+00 -2.687327486619605077e-01
1.925000000000000711e+00 -2.992676651258200926e-01
1.974999999999999645e+00 -3.127636704967781123e-01
2.025000000000000355e+00 -3.426246831272756754e-01
2.075000000000001066e+00 -3.677637787824452054e-01
2.125000000000000000e+00 -3.815104365399584196e-01
2.175000000000000711e+00 -3.983575555882030717e-01
2.224999999999999645e+00 -4.222290272933769129e-01
2.275000000000000355e+00 -4.235503044914888937e-01
2.325000000000001066e+00 -4.267582838094774456e-01
2.375000000000000000e+00 -4.062895001758001223e-01
2.425000000000000711e+00 -3.996345657427419207e-01
2.474999999999999645e+00 -3.828335468582036438e-01
2.525000000000000355e+00 -3.718451736801995366e-01
2.575000000000001066e+00 -3.557327060223663406e-01
2.625000000000000000e+00 -3.371866846480660596e-01
2.675000000000000711e+00 -3.132857941548728986e-01
2.724999999999999645e+00 -2.960717051431295821e-01
2.775000000000000355e+00 -2.770738595071272070e-01
2.825000000000001066e+00 -2.539508394902174615e-01
2.875000000000000000e+00 -2.370192616939640340e-01
2.925000000000000711e+00 -2.156683924640919459e-01
2.974999999999999645e+00 -1.942561757293720659e-01
3.025000000000000355e+00 -1.666418753053165169e-01
3.075000000000001066e+00 -1.494584332833049922e-01
3.125000000000000000e+00 -1.217413305521009986e-01
3.175000000000000711e+00 -1.025407378911342704e-01
3.224999999999999645e+00 -7.271752617452520440e-02
3.275000000000000355e+00 -4.264411339758743952e-02
3.325000000000001066e+00 -9.826171986431831915e-03
3.375000000000000000e+00 1.802367703609597527e-02
3.425000000000000711e+00 4.463406194295061608e-02
3.474999999999999645e+00 6.379062018684855673e-02
3.525000000000000355e+00 8.182829665208403436e-02
3.575000000000001066e+00 1.041383944889133911e-01
3.625000000000000000e+00 1.277048286357157503e-01
3.675000000000000711e+00 1.449565771255144908e-01
3.724999999999999645e+00 1.643678907432406244e-01
3.775000000000000355e+00 1.784331547237225923e-01
3.825000000000001066e+00 1.906118845833546516e-01
3.875000000000000000e+00 1.955284774672364501e-01
3.925000000000000711e+00 2.070394333340143389e-01
3.974999999999999645e+00 2.184475894030995791e-01
4.025000000000000355e+00 2.322464698926911264e-01
4.074999999999999289e+00 2.341674159843442904e-01
4.125000000000000000e+00 2.408726755241531181e-01
4.175000000000000711e+00 2.458973122606405437e-01
4.225000000000001421e+00 2.407019193460556150e-01
4.275000000000000355e+00 2.239003015038076028e-01
4.324999999999999289e+00 2.196974066303933881e-01
4.375000000000000000e+00 2.050787208234989833e-01
4.425000000000000711e+00 1.899409440647844005e-01
4.475000000000001421e+00 1.755016050115770498e-01
4.525000000000000355e+00 1.657111348418741636e-01
4.574999999999999289e+00 1.519265639040561777e-01
4.625000000000000000e+00 1.338827388631060045e-01
4.675000000000000711e+00 1.126940866247899409e-01
4.725000000000001421e+00 8.924334983490246620e-02
4.775000000000000355e+00 6.156200431562872805e-02
4.824999999999999289e+00 3.651153133696957709e-02
4.875000000000000000e+00 1.725439600536695858e-02
4.925000000000000711e+00 2.777648358616604911e-04
4.975000000000001421e+00 -1.843763618336282870e-02
5.025000000000000355e+00 -2.898772531843469766e-02
5.074999999999999289e+00 -4.197859947127789010e-02
5.125000000000000000e+00 -5.756204384174630484e-02
5.175000000000000711e+00 -7.302235002544321674e-02
5.225000000000001421e+00 -8.196033195442922747e-02
5.275000000000000355e+00 -9.800439526243601152e-02
5.324999999999999289e+00 -1.152955619171287249e-01
5.375000000000000000e+00 -1.236682924723005866e-01
5.425000000000000711e+00 -1.367705615955909226e-01
5.475000000000001421e+00 -1.478604330786733867e-01
5.525000000000000355e+00 -1.441986584872971544e-01
5.575000000000001066e+00 -1.458629883437378705e-01
5.625000000000000000e+00 -1.456750545835557853e-01
5.675000000000000711e+00 -1.449760762878913312e-01
5.725000000000001421e+00 -1.423641106511525090e-01
5.775000000000000355e+00 -1.417119387018434817e-01
5.825000000000001066e+00 -1.319252766227720086e-01
5.875000000000000000e+00 -1.317987011611094772e-01
5.925000000000000711e+00 -1.214039420411278658e-01
5.975000000000001421e+00 -1.042063274429370495e-01
6.025000000000000355e+00 -9.468614302701965080e-02
6.075000000000001066e+00 -8.793071536380524245e-02
6.125000000000000000e+00 -8.060461379052377695e-02
6.175000000000000711e+00 -7.630781173607274759e-02
6.225000000000001421e+00 -7.980814117774102934e-02
6.275000000000000355e+00 -7.397092525957164877e-02
6.325000000000001066e+00 -6.432040477473713325e-02
6.375000000000000000e+00 -4.917507344590319601e-02
6.425000000000000711e+00 -3.841440295466647808e-02
6.475000000000001421e+00 -2.625348578508415395e-02
6.525000000000000355e+00 -1.346844561551137007e-02
6.575000000000001066e+00 -1.000134240474217714e-02
6.625000000000000000e+00 -9.851926386774678690e-03
6.675000000000000711e+00 -2.176609973158250520e-03
6.725000000000001421e+00 1.120896833722220300e-02
6.775000000000000355e+00 6.100410393980838092e-03
6.825000000000001066e+00 9.744891184393367212e-03
6.875000000000000000e+00 1.389119470596362690e-02
6.925000000000000711e+00 2.080216084969208762e-02
6.975000000000001421e+00 1.583700211584151279e-02
7.025000000000000355e+00 2.315641941816046906e-02
7.075000000000001066e+00 3.204053521415418243e-02
7.125000000000000000e+00 3.496809774295570744e-02
7.175000000000000711e+00 3.702363408725339866e-02
7.225000000000001421e+00 4.202339122779576858e-02
7.275000000000000355e+00 4.574299341414196640e-02
7.325000000000001066e+00 4.382315010125772958e-02
7.375000000000000000e+00 4.958140227894781288e-02
7.425000000000000711e+00 4.694314303652084852e-02
7.475000000000001421e+00 4.265460937599847846e-02
7.525000000000000355e+00 4.433048765901724531e-02
7.575000000000001066e+00 4.192446116236503428e-02
7.625000000000000000e+00 4.109899597935112031e-02
7.675000000000000711e+00 4.123742885068325259e-02
7.725000000000001421e+00 3.675051614775669273e-02
7.775000000000000355e+00 3.056588402780881925e-02
7.825000000000001066e+00 3.021082039300040240e-02
7.875000000000000000e+00 2.192902173147360037e-02
7.925000000000000711e+00 1.539861574819454543e-02
7.975000000000001421e+00 1.815403123279360140e-02
8.025000000000000355e+00 1.698223093172366444e-02
8.075000000000001066e+00 1.614346266126176488e-02
8.125000000000000000e+00 1.475902173163419311e-02
8.175000000000000711e+00 1.603137023552996324e-02
8.225000000000001421e+00 1.494534248237258320e-02
8.275000000000000355e+00 1.042247196371874976e-02
8.325000000000001066e+00 2.903856413844963305e-03
8.375000000000000000e+00 -6.222570336618126515e-05
8.425000000000000711e+00 -6.503633036088985082e-03
8.475000000000001421e+00 -1.018648747790003133e-02
8.525000000000000355e+00 -1.689995781086182230e-02
8.575000000000001066e+00 -1.734737995510116093e-02
8.625000000000000000e+00 -1.833203722171319536e-02
8.675000000000000711e+00 -2.120984792063822580e-02
8.725000000000001421e+00 -2.921629939318393446e-02
8.775000000000000355e+00 -3.466593789230323214e-02
8.825000000000001066e+00 -3.791826066483174745e-02
8.875000000000000000e+00 -4.328472737726940522e-02
8.925000000000000711e+00 -4.457835983128362323e-02
8.975000000000001421e+00 -4.581983236014543909e-02
9.025000000000000355e+00 -3.726303072507839570e-02
9.075000000000001066e+00 -3.816259393508403264e-02
9.125000000000000000e+00 -3.642737503963111578e-02
9.175000000000000711e+00 -3.056156376792245125e-02
9.225000000000001421e+00 -2.719549746027496648e-02
9.275000000000000355e+00 -2.547465922281020798e-02
9.325000000000001066e+00 -2.274477955507983248e-02
9.375000000000000000e+00 -2.377041631488730281e-02
9.425000000000000711e+00 -2.372045617924349939e-02
9.475000000000001421e+00 -2.023244349711284321e-02
9.525000000000000355e+00 -2.099507543981218513e-02
9.575000000000001066e+00 -2.204515906699349229e-02
9.625000000000000000e+00 -1.497207388672236981e-02
9.675000000000000711e+00 -1.441670553990448411e-02
9.725000000000001421e+00 -8.625615043325750644e-03
9.775000000000000355e+00 -1.291502349801341293e-02
9.825000000000001066e+00 -9.050906927670609656e-03
9.875000000000000000e+00 -8.098224817264210521e-03
9.925000000000000711e+00 -3.461147854470425760e-03
9.975000000000001421e+00 -7.372462347090902660e-03
1.002500000000000036e+01 3.483376241700142373e-03
1.007500000000000107e+01 8.532247914737568426e-03
1.012500000000000000e+01 8.628582573891919322e-03
1.017500000000000071e+01 4.592007002660736595e-03
1.022500000000000142e+01 8.648087825825712116e-03
1.027500000000000036e+01 3.771389087114941120e-03
1.032500000000000107e+01 3.880279835491507075e-03
1.037500000000000000e+01 6.253425757748232172e-03
1.042500000000000071e+01 1.153828407316943687e-02
1.047500000000000142e+01 1.398167393288645387e-02
1.052500000000000036e+01 2.295691869178462588e-02
1.057500000000000107e+01 2.545228705986026657e-02
1.062500000000000000e+01 2.049893520388579304e-02
1.067500000000000071e+01 1.999135253415076571e-02
1.072500000000000142e+01 1.567424135988169237e-02
1.077500000000000036e+01 1.306679669826707121e-02
1.082500000000000107e+01 1.161664641138315801e-02
1.087500000000000000e+01 1.610140706546694250e-02
1.092500000000000071e+01 1.770039121029221008e-02
1.097500000000000142e+01 1.868671824509320414e-02
1.102500000000000036e+01 1.483894849349738469e-02
1.107500000000000107e+01 2.043232931205345507e-02
1.112500000000000000e+01 2.132226103094687908e-02
1.117500000000000071e+01 1.967266897002026976e-02
1.122500000000000142e+01 2.045091072676541791e-02
1.127500000000000036e+01 2.371831715086685291e-02
1.132500000000000107e+01 1.249296089473439682e-02
1.137500000000000000e+01 1.219847334200849925e-02
1.142500000000000071e+01 1.010855862660591312e-02
1.147500000000000142e+01 7.761346939931712888e-03
1.152500000000000036e+01 2.538255819717605537e-03
1.157500000000000107e+01 6.950971824887730403e-03
1.162500000000000000e+01 2.273894040977708902e-03
1.167500000000000071e+01 -4.079218331899171247e-04
1.172500000000000142e+01 -3.811946028621449479e-03
1.177500000000000036e+01 -2.080146490731138616e-03
1.182500000000000107e+01 -4.017308678093911567e-03
1.187500000000000000e+01 -4.661402273285375486e-03
1.192500000000000071e+01 -4.241431060104262213e-03
1.197500000000000142e+01 -1.847850283451535304e-03
1.202499999999999858e+01 -4.524782145011840839e-03
1.207500000000000284e+01 -8.125301188601241967e-03
1.212500000000000000e+01 -5.138439314018227941e-03
1.217500000000000071e+01 -5.759798029977858738e-03
1.222500000000000142e+01 -7.731912769967763666e-03
1.227499999999999858e+01 -8.326290696956561987e-03
1.232500000000000284e+01 -7.282029061738626990e-03
1.237500000000000000e+01 -1.068252582229085521e-02
1.242500000000000071e+01 -1.138814145442736993e-02
1.247500000000000142e+01 -1.046528798064905175e-02
1.252499999999999858e+01 -3.524368952701807580e-03
1.257500000000000284e+01 -1.998009120656973805e-03
1.262500000000000000e+01 1.966258409989763735e-04
1.267500000000000071e+01 4.496168797561849936e-03
1.272500000000000142e+01 4.301142356579745751e-03
1.277499999999999858e+01 1.451377539255460604e-03
1.282500000000000284e+01 4.613871082913336428e-04
1.287500000000000000e+01 -8.680588641091448090e-04
1.292500000000000071e+01 6.144373081585997789e-04
1.297500000000000142e+01 2.767281106467578584e-03
1.302499999999999858e+01 2.122031539558477675e-03
1.307500000000000284e+01 3.719989279828795053e-03
1.312500000000000000e+01 -4.894432594472423320e-04
1.317500000000000071e+01 -3.000041905987771516e-03
1.322500000000000142e+01 -2.964091340785302182e-03
1.327499999999999858e+01 -4.300153138162344547e-03
1.332500000000000284e+01 -4.136505676405022661e-03
1.337500000000000000e+01 -9.913422766896220432e-04
1.342500000000000071e+01 2.677082619371162222e-04
1.347500000000000142e+01 2.489029725983726935e-03
1.352499999999999858e+01 3.271833688961223174e-03
1.357500000000000284e+01 2.053558179997949738e-03
1.362500000000000000e+01 3.244217859642262516e-03
1.367500000000000071e+01 4.583921337303564769e-03
1.372500000000000142e+01 5.409077861045830105e-03
1.377499999999999858e+01 8.263530576959611865e-03
1.382500000000000284e+01 1.216843841112371684e-02
1.387500000000000000e+01 1.472896583592167054e-02
1.392500000000000071e+01 5.103282235106477299e-02
1.397500000000000142e+01 3.171578096107918188e-01
1.402499999999999858e+01 1.027396457352339754e+00
1.407500000000000284e+01 2.508779947971069735e+00
1.412500000000000000e+01 9.745538004847960067e+00
1.417500000000000071e+01 1.694423128381249910e+01
1.422500000000000142e+01 2.391286769265253653e+01
1.427499999999999858e+01 3.043648080691758651e+01
1.432500000000000284e+01 3.619038596532286078e+01
1.437500000000000000e+01 3.619038596532286078e+01
1.442500000000000071e+01 3.619038596532286078e+01
1.447500000000000142e+01 3.619038596532286078e+01
1.452499999999999858e+01 3.619038596532286078e+01
1.457500000000000284e+01 3.619038596532286078e+01
1.462500000000000000e+01 3.619038596532286078e+01
1.467500000000000071e+01 3.619038596532286078e+01
1.472500000000000142e+01 3.619038596532286078e+01
1.477499999999999858e+01 3.619038596532286078e+01
1.482500000000000284e+01 3.619038596532286078e+01
1.487500000000000000e+01 3.619038596532286078e+01
1.492500000000000071e+01 3.619038596532286078e+01
1.497500000000000142e+01 3.619038596532286078e+01
1.502499999999999858e+01 3.619038596532286078e+01
1.507500000000000284e+01 3.619038596532286078e+01
1.512500000000000000e+01 3.619038596532286078e+01
1.517500000000000426e+01 3.619038596532286078e+01
1.522500000000000142e+01 3.619038596532286078e+01
1.527499999999999858e+01 3.619038596532286078e+01
1.532500000000000284e+01 3.619038596532286078e+01
1.537500000000000000e+01 3.619038596532286078e+01
1.542500000000000426e+01 3.619038596532286078e+01
1.547500000000000142e+01 3.619038596532286078e+01
1.552499999999999858e+01 3.619038596532286078e+01
1.557500000000000284e+01 3.619038596532286078e+01
1.562500000000000000e+01 3.619038596532286078e+01
1.567500000000000426e+01 3.619038596532286078e+01
1.572500000000000142e+01 3.619038596532286078e+01
1.577499999999999858e+01 3.619038596532286078e+01
1.582500000000000284e+01 3.619038596532286078e+01
1.587500000000000000e+01 3.619038596532286078e+01
1.592500000000000426e+01 3.619038596532286078e+01
1.597500000000000142e+01 3.619038596532286078e+01
1.602499999999999858e+01 3.619038596532286078e+01
1.607500000000000284e+01 3.619038596532286078e+01
1.612500000000000000e+01 3.619038596532286078e+01
1.617500000000000426e+01 3.619038596532286078e+01
1.622500000000000142e+01 3.619038596532286078e+01
1.627499999999999858e+01 3.619038596532286078e+01
1.632500000000000284e+01 3.619038596532286078e+01
1.637500000000000000e+01 3.619038596532286078e+01
1.642500000000000426e+01 3.619038596532286078e+01
1.647500000000000142e+01 3.619038596532286078e+01
1.652499999999999858e+01 3.619038596532286078e+01
1.657500000000000284e+01 3.619038596532286078e+01
1.662500000000000000e+01 3.619038596532286078e+01
1.667500000000000426e+01 3.619038596532286078e+01
1.672500000000000142e+01 3.619038596532286078e+01
1.677499999999999858e+01 3.619038596532286078e+01
1.682500000000000284e+01 3.619038596532286078e+01
1.687500000000000000e+01 3.619038596532286078e+01
1.692500000000000426e+01 3.619038596532286078e+01
1.697500000000000142e+01 3.619038596532286078e+01
1.702499999999999858e+01 3.619038596532286078e+01
1.707500000000000284e+01 3.619038596532286078e+01
1.712500000000000000e+01 3.619038596532286078e+01
1.717500000000000426e+01 3.619038596532286078e+01
1.722500000000000142e+01 3.619038596532286078e+01
1.727499999999999858e+01 3.619038596532286078e+01
1.732500000000000284e+01 3.619038596532286078e+01
1.737500000000000000e+01 3.619038596532286078e+01
1.742500000000000426e+01 3.619038596532286078e+01
1.747500000000000142e+01 3.619038596532286078e+01
1.752499999999999858e+01 3.619038596532286078e+01
1.757500000000000284e+01 3.619038596532286078e+01
1.762500000000000000e+01 3.619038596532286078e+01
1.767500000000000426e+01 3.619038596532286078e+01
1.772500000000000142e+01 3.619038596532286078e+01
1.777499999999999858e+01 3.619038596532286078e+01
1.782500000000000284e+01 3.619038596532286078e+01
1.787500000000000000e+01 3.619038596532286078e+01
1.792500000000000426e+01 3.619038596532286078e+01
1.797500000000000142e+01 3.619038596532286078e+01
1.802499999999999858e+01 3.619038596532286078e+01
1.807500000000000284e+01 3.619038596532286078e+01
1.812500000000000000e+01 3.619038596532286078e+01
1.817500000000000426e+01 3.619038596532286078e+01
1.822500000000000142e+01 3.619038596532286078e+01
1.827499999999999858e+01 3.619038596532286078e+01
1.832500000000000284e+01 3.619038596532286078e+01
1.837500000000000000e+01 3.619038596532286078e+01
1.842500000000000426e+01 3.619038596532286078e+01
1.847500000000000142e+01 3.619038596532286078e+01
1.852499999999999858e+01 3.619038596532286078e+01
1.857500000000000284e+01 3.619038596532286078e+01
1.862500000000000000e+01 3.619038596532286078e+01
1.867500000000000426e+01 3.619038596532286078e+01
1.872500000000000142e+01 3.619038596532286078e+01
1.877499999999999858e+01 3.619038596532286078e+01
1.882500000000000284e+01 3.619038596532286078e+01
1.887500000000000000e+01 3.619038596532286078e+01
1.892500000000000426e+01 3.619038596532286078e+01
1.897500000000000142e+01 3.619038596532286078e+01
1.902499999999999858e+01 3.619038596532286078e+01
1.907500000000000284e+01 3.619038596532286078e+01
1.912500000000000000e+01 3.619038596532286078e+01
1.917500000000000426e+01 3.619038596532286078e+01
1.922500000000000142e+01 3.619038596532286078e+01
1.927499999999999858e+01 3.619038596532286078e+01
1.932500000000000284e+01 3.619038596532286078e+01
1.937500000000000000e+01 3.619038596532286078e+01
1.942500000000000426e+01 3.619038596532286078e+01
1.947500000000000142e+01 3.619038596532286078e+01
1.952499999999999858e+01 3.619038596532286078e+01
1.957500000000000284e+01 3.619038596532286078e+01
1.962500000000000000e+01 3.619038596532286078e+01
1.967500000000000426e+01 3.619038596532286078e+01
1.972500000000000142e+01 3.619038596532286078e+01
1.977499999999999858e+01 3.619038596532286078e+01
1.982500000000000284e+01 3.619038596532286078e+01
1.987500000000000000e+01 3.619038596532286078e+01
1.992500000000000426e+01 3.619038596532286078e+01
1.997500000000000142e+01 3.619038596532286078e+01
2.002499999999999858e+01 3.619038596532286078e+01
2.007500000000000284e+01 3.619038596532286078e+01
2.012500000000000000e+01 3.619038596532286078e+01
2.017500000000000426e+01 3.619038596532286078e+01
2.022500000000000142e+01 3.619038596532286078e+01
2.027499999999999858e+01 3.619038596532286078e+01
2.032500000000000284e+01 3.619038596532286078e+01
2.037500000000000000e+01 3.619038596532286078e+01
2.042500000000000426e+01 3.619038596532286078e+01
2.047500000000000142e+01 3.619038596532286078e+01
2.052499999999999858e+01 3.619038596532286078e+01
2.057500000000000284e+01 3.619038596532286078e+01
2.062500000000000000e+01 3.619038596532286078e+01
2.067500000000000426e+01 3.619038596532286078e+01
2.072500000000000142e+01 3.619038596532286078e+01
2.077499999999999858e+01 3.619038596532286078e+01
2.082500000000000284e+01 3.619038596532286078e+01
2.087500000000000000e+01 3.619038596532286078e+01
2.092500000000000426e+01 3.619038596532286078e+01
2.097500000000000142e+01 3.619038596532286078e+01
2.102499999999999858e+01 3.619038596532286078e+01
2.107500000000000284e+01 3.619038596532286078e+01
2.112500000000000000e+01 3.619038596532286078e+01
2.117500000000000426e+01 3.619038596532286078e+01
2.122500000000000142e+01 3.619038596532286078e+01
2.127499999999999858e+01 3.619038596532286078e+01
2.132500000000000284e+01 3.619038596532286078e+01
2.137500000000000000e+01 3.619038596532286078e+01
2.142500000000000426e+01 3.619038596532286078e+01
2.147500000000000142e+01 3.619038596532286078e+01
2.152499999999999858e+01 3.619038596532286078e+01
2.157500000000000284e+01 3.619038596532286078e+01
2.162500000000000000e+01 3.619038596532286078e+01
2.167500000000000426e+01 3.619038596532286078e+01
2.172500000000000142e+01 3.619038596532286078e+01
2.177499999999999858e+01 3.619038596532286078e+01
2.182500000000000284e+01 3.619038596532286078e+01
2.187500000000000000e+01 3.619038596532286078e+01
2.192500000000000426e+01 3.619038596532286078e+01
2.197500000000000142e+01 3.619038596532286078e+01
2.202499999999999858e+01 3.619038596532286078e+01
2.207500000000000284e+01 3.619038596532286078e+01
2.212500000000000000e+01 3.619038596532286078e+01
2.217500000000000426e+01 3.619038596532286078e+01
2.222500000000000142e+01 3.619038596532286078e+01
2.227499999999999858e+01 3.619038596532286078e+01
2.232500000000000284e+01 3.619038596532286078e+01
2.237500000000000000e+01 3.619038596532286078e+01
2.242500000000000426e+01 3.619038596532286078e+01
2.247500000000000142e+01 3.619038596532286078e+01
2.252499999999999858e+01 3.619038596532286078e+01
2.257500000000000284e+01 3.619038596532286078e+01
2.262500000000000000e+01 3.619038596532286078e+01
2.267500000000000426e+01 3.619038596532286078e+01
2.272500000000000142e+01 3.619038596532286078e+01
2.277499999999999858e+01 3.619038596532286078e+01
2.282500000000000284e+01 3.619038596532286078e+01
2.287500000000000000e+01 3.619038596532286078e+01
2.292500000000000426e+01 3.619038596532286078e+01
2.297500000000000142e+01 3.619038596532286078e+01
2.302499999999999858e+01 3.619038596532286078e+01
2.307500000000000284e+01 3.619038596532286078e+01
2.312500000000000000e+01 3.619038596532286078e+01
2.317500000000000426e+01 3.619038596532286078e+01
2.322500000000000142e+01 3.619038596532286078e+01
2.327499999999999858e+01 3.619038596532286078e+01
2.332500000000000284e+01 3.619038596532286078e+01
2.337500000000000000e+01 3.619038596532286078e+01
2.342500000000000426e+01 3.619038596532286078e+01
2.347500000000000142e+01 3.619038596532286078e+01
2.352499999999999858e+01 3.619038596532286078e+01
2.357500000000000284e+01 3.619038596532286078e+01
2.362500000000000000e+01 3.619038596532286078e+01
2.367500000000000426e+01 3.619038596532286078e+01
2.372500000000000142e+01 3.619038596532286078e+01
2.377499999999999858e+01 3.619038596532286078e+01
2.382500000000000284e+01 3.619038596532286078e+01
2.387500000000000000e+01 3.619038596532286078e+01
2.392500000000000426e+01 3.619038596532286078e+01
2.397500000000000142e+01 3.619038596532286078e+01
2.402499999999999858e+01 3.619038596532286078e+01
2.407500000000000284e+01 3.619038596532286078e+01
2.412500000000000000e+01 3.619038596532286078e+01
2.417500000000000426e+01 3.619038596532286078e+01
2.422500000000000142e+01 3.619038596532286078e+01
2.427499999999999858e+01 3.619038596532286078e+01
2.432500000000000284e+01 3.619038596532286078e+01
2.437500000000000000e+01 3.619038596532286078e+01
2.442500000000000426e+01 3.619038596532286078e+01
2.447500000000000142e+01 3.619038596532286078e+01
2.452499999999999858e+01 3.619038596532286078e+01
2.457500000000000284e+01 3.619038596532286078e+01
2.462500000000000000e+01 3.619038596532286078e+01
2.467500000000000426e+01 3.619038596532286078e+01
2.472500000000000142e+01 3.619038596532286078e+01
2.477499999999999858e+01 3.619038596532286078e+01
2.482500000000000284e+01 3.619038596532286078e+01
2.487500000000000000e+01 3.619038596532286078e+01
2.492500000000000426e+01 3.619038596532286078e+01
2.497500000000000142e+01 3.619038596532286078e+01
2.502499999999999858e+01 3.619038596532286078e+01
2.507500000000000284e+01 3.619038596532286078e+01
2.512500000000000000e+01 3.619038596532286078e+01
2.517500000000000426e+01 3.619038596532286078e+01
2.522500000000000142e+01 3.619038596532286078e+01
2.527499999999999858e+01 3.619038596532286078e+01
2.532500000000000284e+01 3.619038596532286078e+01
2.537500000000000000e+01 3.619038596532286078e+01
2.542500000000000426e+01 3.619038596532286078e+01
2.547500000000000142e+01 3.619038596532286078e+01
2.552499999999999858e+01 3.619038596532286078e+01
2.557500000000000284e+01 3.619038596532286078e+01
2.562500000000000000e+01 3.619038596532286078e+01
2.567500000000000426e+01 3.619038596532286078e+01
2.572500000000000142e+01 3.619038596532286078e+01
2.577499999999999858e+01 3.619038596532286078e+01
2.582500000000000284e+01 3.619038596532286078e+01
2.587500000000000000e+01 3.619038596532286078e+01
2.592500000000000426e+01 2.895230877225828792e+01
2.597500000000000142e+01 2.171423157919371505e+01
