# r_minus_2Rs_A,    PMF_over_kBT
-5.974999999999999645e+00 2.138114315143403843e+01
-5.924999999999999822e+00 2.850819086857871909e+01
-5.875000000000000000e+00 3.563523858572339975e+01
-5.825000000000000178e+00 3.563523858572339975e+01
-5.775000000000000355e+00 3.563523858572339975e+01
-5.724999999999999645e+00 3.563523858572339975e+01
-5.674999999999999822e+00 3.563523858572339975e+01
-5.625000000000000000e+00 3.563523858572339975e+01
-5.575000000000000178e+00 3.563523858572339975e+01
-5.525000000000000355e+00 3.563523858572339975e+01
-5.474999999999999645e+00 3.563523858572339975e+01
-5.424999999999999822e+00 3.563523858572339975e+01
-5.375000000000000000e+00 3.563523858572339975e+01
-5.325000000000000178e+00 3.563523858572339975e+01
-5.275000000000000355e+00 3.563523858572339975e+01
-5.224999999999999645e+00 3.563523858572339975e+01
-5.174999999999999822e+00 3.563523858572339975e+01
-5.125000000000000000e+00 3.563523858572339975e+01
-5.075000000000000178e+00 3.563523858572339975e+01
-5.025000000000000355e+00 3.563523858572339975e+01
-4.974999999999999645e+00 3.563523858572339975e+01
-4.924999999999999822e+00 3.563523858572339975e+01
-4.875000000000000000e+00 3.563523858572339975e+01
-4.824999999999999289e+00 3.563523858572339975e+01
-4.775000000000000355e+00 3.563523858572339975e+01
-4.724999999999999645e+00 3.563523858572339975e+01
-4.674999999999999822e+00 3.563523858572339975e+01
-4.625000000000000000e+00 3.563523858572339975e+01
-4.574999999999999289e+00 3.563523858572339975e+01
-4.525000000000000355e+00 3.563523858572339975e+01
-4.474999999999999645e+00 3.563523858572339975e+01
-4.424999999999999822e+00 3.563523858572339975e+01
-4.375000000000000000e+00 3.563523858572339975e+01
-4.324999999999999289e+00 3.563523858572339975e+01
-4.275000000000000355e+00 3.563523858572339975e+01
-4.224999999999999645e+00 3.563523858572339975e+01
-4.174999999999999822e+00 3.563523858572339975e+01
-4.125000000000000000e+00 3.563523858572339975e+01
-4.074999999999999289e+00 3.563523858572339975e+01
-4.025000000000000355e+00 3.563523858572339975e+01
-3.974999999999999645e+00 3.563523858572339975e+01
-3.924999999999999822e+00 3.563523858572339975e+01
-3.875000000000000000e+00 3.563523858572339975e+01
-3.825000000000000178e+00 3.563523858572339975e+01
-3.774999999999999911e+00 3.563523858572339975e+01
-3.724999999999999645e+00 3.563523858572339975e+01
-3.674999999999999822e+00 3.563523858572339975e+01
-3.625000000000000000e+00 3.563523858572339975e+01
-3.574999999999999734e+00 3.563523858572339975e+01
-3.524999999999999911e+00 3.563523858572339975e+01
-3.474999999999999645e+00 3.563523858572339975e+01
-3.424999999999999822e+00 3.563523858572339975e+01
-3.375000000000000000e+00 3.563523858572339975e+01
-3.324999999999999734e+00 3.563523858572339975e+01
-3.274999999999999911e+00 3.563523858572339975e+01
-3.224999999999999645e+00 3.563523858572339975e+01
-3.174999999999999822e+00 3.563523858572339975e+01
-3.125000000000000000e+00 3.563523858572339975e+01
-3.074999999999999734e+00 3.563523858572339975e+01
-3.024999999999999911e+00 3.563523858572339975e+01
-2.974999999999999645e+00 3.563523858572339975e+01
-2.924999999999999822e+00 3.563523858572339975e+01
-2.875000000000000000e+00 3.563523858572339975e+01
-2.824999999999999734e+00 3.563523858572339975e+01
-2.774999999999999911e+00 3.563523858572339975e+01
-2.724999999999999645e+00 3.563523858572339975e+01
-2.674999999999999822e+00 3.563523858572339975e+01
-2.625000000000000000e+00 3.563523858572339975e+01
-2.574999999999999734e+00 3.563523858572339975e+01
-2.524999999999999911e+00 3.563523858572339975e+01
-2.474999999999999645e+00 3.563523858572339975e+01
-2.424999999999999822e+00 3.563523858572339975e+01
-2.375000000000000000e+00 3.563523858572339975e+01
-2.324999999999999734e+00 3.563523858572339975e+01
-2.274999999999999911e+00 3.563523858572339975e+01
-2.224999999999999645e+00 3.563523858572339975e+01
-2.174999999999999822e+00 3.563523858572339975e+01
-2.125000000000000000e+00 3.563523858572339975e+01
-2.074999999999999734e+00 3.563523858572339975e+01
-2.024999999999999911e+00 3.563523858572339975e+01
-1.974999999999999645e+00 3.563523858572339975e+01
-1.924999999999999822e+00 3.563523858572339975e+01
-1.875000000000000000e+00 3.563523858572339975e+01
-1.824999999999999289e+00 3.563523858572339975e+01
-1.775000000000000355e+00 3.563523858572339975e+01
-1.724999999999999645e+00 3.563523858572339975e+01
-1.674999999999999822e+00 3.563523858572339975e+01
-1.625000000000000000e+00 3.563523858572339975e+01
-1.574999999999999289e+00 3.563523858572339975e+01
-1.525000000000000355e+00 3.563523858572339975e+01
-1.474999999999999645e+00 3.563523858572339975e+01
-1.424999999999999822e+00 3.563523858572339975e+01
-1.375000000000000000e+00 3.563523858572339975e+01
-1.324999999999999289e+00 3.563523858572339975e+01
-1.275000000000000355e+00 3.563523858572339975e+01
-1.224999999999999645e+00 3.563523858572339975e+01
-1.174999999999998934e+00 3.563523858572339975e+01
-1.125000000000000000e+00 3.563523858572339975e+01
-1.074999999999999289e+00 3.563523858572339975e+01
-1.025000000000000355e+00 3.563523858572339975e+01
-9.749999999999996447e-01 3.563523858572339975e+01
-9.249999999999989342e-01 3.563523858572339975e+01
-8.750000000000000000e-01 3.563523858572339975e+01
-8.249999999999992895e-01 3.563523858572339975e+01
-7.750000000000003553e-01 3.563523858572339975e+01
-7.249999999999996447e-01 3.563523858572339975e+01
-6.749999999999989342e-01 3.563523858572339975e+01
-6.250000000000000000e-01 3.563523858572339975e+01
-5.749999999999992895e-01 3.563523858572339975e+01
-5.250000000000003553e-01 3.563523858572339975e+01
-4.749999999999996447e-01 2.929097583647242331e+01
-4.249999999999989342e-01 2.248792594762944574e+01
-3.750000000000000000e-01 1.537421172568603467e+01
-3.249999999999992895e-01 8.060501297815408250e+00
-2.750000000000003553e-01 6.268692818604822969e-01
-2.249999999999996447e-01 -5.295960559903768461e-01
-1.749999999999989342e-01 -1.256205774397147090e+00
-1.250000000000000000e-01 -1.659990787928297795e+00
-7.499999999999928946e-02 -1.849030675526759371e+00
-2.500000000000035527e-02 -1.892461496175175117e+00
2.500000000000035527e-02 -1.843777474578597086e+00
7.500000000000106581e-02 -1.751499472833923710e+00
1.250000000000000000e-01 -1.653530685738433537e+00
1.750000000000007105e-01 -1.549914393417483716e+00
2.249999999999996447e-01 -1.449501858041524649e+00
2.750000000000003553e-01 -1.360296048053040385e+00
3.250000000000010658e-01 -1.269887950265911281e+00
3.750000000000000000e-01 -1.174072086174700047e+00
4.250000000000007105e-01 -1.083866591917168165e+00
4.749999999999996447e-01 -9.898468491405157943e-01
5.250000000000003553e-01 -9.107152589996887482e-01
5.750000000000010658e-01 -8.310943640895659401e-01
6.250000000000000000e-01 -7.560686288603343241e-01
6.750000000000007105e-01 -6.789884014774106857e-01
7.249999999999996447e-01 -6.124165010665912900e-01
7.750000000000003553e-01 -5.473029478995879993e-01
8.250000000000010658e-01 -4.837696114891330001e-01
8.750000000000000000e-01 -4.270132993024173818e-01
9.250000000000007105e-01 -3.697335806789421864e-01
9.749999999999996447e-01 -3.205781531351245550e-01
1.025000000000000355e+00 -2.772208873194959011e-01
1.075000000000001066e+00 -2.234800503232886315e-01
1.125000000000000000e+00 -1.736112081123938056e-01
1.175000000000000711e+00 -1.369139903698581573e-01
1.224999999999999645e+00 -1.051423882772091756e-01
1.275000000000000355e+00 -6.858971497137247852e-02
1.325000000000001066e+00 -3.745132033352263634e-02
1.375000000000000000e+00 -2.788510768572507667e-02
1.425000000000000711e+00 -3.206356788596061158e-02
1.474999999999999645e+00 -2.471283044422598399e-02
1.525000000000000355e+00 3.113790759300624506e-04
1.575000000000001066e+00 2.789850863846511219e-03
1.625000000000000000e+00 6.572215086900356877e-03
1.675000000000000711e+00 2.363590526477104409e-02
1.724999999999999645e+00 2.765569519021227399e-02
1.775000000000000355e+00 1.115296665967058405e-02
1.825000000000001066e+00 8.361714953374033490e-03
1.875000000000000000e+00 1.361013280123337874e-02
1.925000000000000711e+00 3.268069349794800946e-03
1.974999999999999645e+00 -1.840335352881439148e-03
2.025000000000000355e+00 -6.117710315776747794e-03
2.074999999999999289e+00 -3.324000034437979423e-02
2.125000000000000000e+00 -5.711240416631079009e-02
2.175000000000000711e+00 -7.109817500882016639e-02
2.225000000000001421e+00 -9.431654848726758744e-02
2.275000000000000355e+00 -1.063276263104874914e-01
2.324999999999999289e+00 -1.046151693188157733e-01
2.375000000000000000e+00 -1.067024731085609857e-01
2.425000000000000711e+00 -1.054601827843594519e-01
2.475000000000001421e+00 -1.131118899872419203e-01
2.525000000000000355e+00 -1.045888535002891390e-01
2.574999999999999289e+00 -1.013052467195929979e-01
2.625000000000000000e+00 -9.024754187819822304e-02
2.675000000000000711e+00 -7.495298456138677068e-02
2.725000000000001421e+00 -4.250369256459229916e-02
2.775000000000000355e+00 -2.423352803279712336e-02
2.824999999999999289e+00 -3.713878363275569233e-03
2.875000000000000000e+00 1.558446587710662391e-02
2.925000000000000711e+00 3.769097272931816456e-02
2.975000000000001421e+00 5.867446953129658305e-02
3.025000000000000355e+00 7.206855653160885999e-02
3.074999999999999289e+00 8.297033940783471451e-02
3.125000000000000000e+00 1.100180452633598149e-01
3.175000000000000711e+00 1.358752479092160681e-01
3.225000000000001421e+00 1.567356681418808073e-01
3.275000000000000355e+00 1.624109031655571467e-01
3.324999999999999289e+00 1.829074134677448060e-01
3.375000000000000000e+00 1.937640742421873341e-01
3.425000000000000711e+00 2.104285595866482728e-01
3.475000000000001421e+00 2.203618361816065685e-01
3.525000000000000355e+00 2.559611633692142618e-01
3.575000000000001066e+00 2.778279443874275834e-01
3.625000000000000000e+00 3.034508498528101228e-01
3.675000000000000711e+00 3.146655512209399208e-01
3.725000000000001421e+00 3.373435843693705638e-01
3.775000000000000355e+00 3.472627186965368540e-01
3.825000000000001066e+00 3.718447996621634388e-01
3.875000000000000000e+00 3.797533240219376771e-01
3.925000000000000711e+00 3.915686774954391103e-01
3.975000000000001421e+00 3.866747482872206487e-01
4.025000000000000355e+00 3.936601366882979125e-01
4.075000000000001066e+00 3.893986736802574344e-01
4.125000000000000000e+00 3.912250607525827317e-01
4.175000000000000711e+00 3.783259985571174044e-01
4.225000000000001421e+00 3.796718285248069091e-01
4.275000000000000355e+00 3.702606056700158410e-01
4.325000000000001066e+00 3.591127086260083590e-01
4.375000000000000000e+00 3.518679928504696020e-01
4.425000000000000711e+00 3.403656597523345151e-01
4.475000000000001421e+00 3.334555878330193179e-01
4.525000000000000355e+00 3.181516949893776758e-01
4.575000000000001066e+00 2.914894214674778050e-01
4.625000000000000000e+00 2.507956609155431726e-01
4.675000000000000711e+00 2.273712308668631721e-01
4.725000000000001421e+00 1.841142619370305933e-01
4.775000000000000355e+00 1.490820411684392610e-01
4.825000000000001066e+00 1.097987916992259616e-01
4.875000000000000000e+00 7.896743195258260073e-02
4.925000000000000711e+00 3.160529269813210085e-02
4.975000000000001421e+00 1.970786023242968293e-03
5.025000000000000355e+00 -3.333131708054040687e-02
5.075000000000001066e+00 -5.200871461316829841e-02
5.125000000000000000e+00 -7.918996117209360641e-02
5.175000000000000711e+00 -8.700336999982916097e-02
5.225000000000001421e+00 -1.117465299046521976e-01
5.275000000000000355e+00 -1.237323635088774521e-01
5.325000000000001066e+00 -1.352061206516363967e-01
5.375000000000000000e+00 -1.527689345887903727e-01
5.425000000000000711e+00 -1.703876426782972853e-01
5.475000000000001421e+00 -1.732532519329332554e-01
5.525000000000000355e+00 -1.822614001367412473e-01
5.575000000000001066e+00 -2.035988485182382846e-01
5.625000000000000000e+00 -2.068326392604252217e-01
5.675000000000000711e+00 -2.137358051178573359e-01
5.725000000000001421e+00 -2.153401115914548025e-01
5.775000000000000355e+00 -2.198779997063223524e-01
5.825000000000001066e+00 -2.094130402479113251e-01
5.875000000000000000e+00 -1.993036133350870043e-01
5.925000000000000711e+00 -1.856892273296729678e-01
5.975000000000001421e+00 -1.797466270184710224e-01
6.025000000000000355e+00 -1.726656747768437472e-01
6.075000000000001066e+00 -1.640997772965167856e-01
6.125000000000000000e+00 -1.572390041740014677e-01
6.175000000000000711e+00 -1.500209214898070853e-01
6.225000000000001421e+00 -1.424258198238430029e-01
6.275000000000000355e+00 -1.304804368117931657e-01
6.325000000000001066e+00 -1.244749295902234931e-01
6.375000000000000000e+00 -1.061258409477204567e-01
6.425000000000000711e+00 -9.987101873556625264e-02
6.475000000000001421e+00 -8.751850634501502635e-02
6.525000000000000355e+00 -8.125216182647676533e-02
6.575000000000001066e+00 -6.151767233520928635e-02
6.625000000000000000e+00 -6.276374332859760430e-02
6.675000000000000711e+00 -5.525834781439513399e-02
6.725000000000001421e+00 -4.615204103569148231e-02
6.775000000000000355e+00 -3.910388215626880992e-02
6.825000000000001066e+00 -3.729468960362503083e-02
6.875000000000000000e+00 -2.796585685236472468e-02
6.925000000000000711e+00 -1.309548721195916664e-02
6.975000000000001421e+00 -9.854078805067344876e-03
7.025000000000000355e+00 1.074617019360211284e-02
7.075000000000001066e+00 1.477155111162993181e-02
7.125000000000000000e+00 1.310750384268537586e-02
7.175000000000000711e+00 6.784938335630030619e-03
7.225000000000001421e+00 1.182586508684302547e-02
7.275000000000000355e+00 1.244015558852709299e-02
7.325000000000001066e+00 2.123157069979484529e-02
7.375000000000000000e+00 3.587190047078614441e-02
7.425000000000000711e+00 4.397954939657218454e-02
7.475000000000001421e+00 4.806212303819137888e-02
7.525000000000000355e+00 4.241303040708750000e-02
7.575000000000001066e+00 3.691500351013096703e-02
7.625000000000000000e+00 4.115395929640648653e-02
7.675000000000000711e+00 4.559504365050699726e-02
7.725000000000001421e+00 4.736539527869929739e-02
7.775000000000000355e+00 4.897400473932620596e-02
7.825000000000001066e+00 5.007961042058965695e-02
7.875000000000000000e+00 4.047385605834250694e-02
7.925000000000000711e+00 3.949880346913232920e-02
7.975000000000001421e+00 3.064915719761281132e-02
8.025000000000000355e+00 2.545932457716873140e-02
8.075000000000001066e+00 1.763321825823567501e-02
8.125000000000000000e+00 1.134248928710448502e-02
8.175000000000000711e+00 2.553110217018430498e-04
8.225000000000001421e+00 1.414969410463129277e-03
8.275000000000000355e+00 -4.119942466296325147e-04
8.325000000000001066e+00 -2.939145435617262960e-03
8.375000000000000000e+00 -1.365034531730984282e-02
8.425000000000000711e+00 -1.128460523425047803e-02
8.475000000000001421e+00 -1.574201607836443056e-02
8.525000000000000355e+00 -2.415272135820814223e-02
8.575000000000001066e+00 -3.091243982812948154e-02
8.625000000000000000e+00 -2.519815136283298784e-02
8.675000000000000711e+00 -3.263186536670694554e-02
8.725000000000001421e+00 -3.776115489119433871e-02
8.775000000000000355e+00 -3.487290339555322582e-02
8.825000000000001066e+00 -3.525783082267359980e-02
8.875000000000000000e+00 -4.425099334809382001e-02
8.925000000000000711e+00 -4.831544510045944485e-02
8.975000000000001421e+00 -5.742464854592627121e-02
9.025000000000000355e+00 -6.281114859674340190e-02
9.075000000000001066e+00 -5.781617150242546188e-02
9.125000000000000000e+00 -5.975892712088324427e-02
9.175000000000000711e+00 -5.730161586296950854e-02
9.225000000000001421e+00 -5.373776921875012685e-02
9.275000000000000355e+00 -5.352401687089240745e-02
9.325000000000001066e+00 -5.711607374168892193e-02
9.375000000000000000e+00 -4.411772183712479867e-02
9.425000000000000711e+00 -4.411664377566851258e-02
9.475000000000001421e+00 -3.736757658978149405e-02
9.525000000000000355e+00 -4.062098855730163216e-02
9.575000000000001066e+00 -3.783141154264129530e-02
9.625000000000000000e+00 -4.471373613293146143e-02
9.675000000000000711e+00 -4.461223770164437358e-02
9.725000000000001421e+00 -4.253018376701511727e-02
9.775000000000000355e+00 -3.154502256194185311e-02
9.825000000000001066e+00 -2.985263161895091236e-02
9.875000000000000000e+00 -2.261630089377852926e-02
9.925000000000000711e+00 -2.603646039233886711e-02
9.975000000000001421e+00 -2.475808594973507790e-02
1.002499999999999858e+01 -2.913381138494379810e-02
1.007500000000000284e+01 -2.923636768901296396e-02
1.012500000000000000e+01 -2.605509107210224329e-02
1.017500000000000071e+01 -1.783082335066090915e-02
1.022500000000000142e+01 -1.955447541358594499e-02
1.027499999999999858e+01 -1.382767591715819075e-02
1.032500000000000284e+01 -7.350705898544518217e-03
1.037500000000000000e+01 -8.929279559855630641e-03
1.042500000000000071e+01 -1.550913095567451857e-03
1.047500000000000142e+01 4.147802114083986962e-03
1.052499999999999858e+01 1.892273343328909879e-03
1.057500000000000284e+01 1.081675475462518139e-03
1.062500000000000000e+01 4.936938504271282807e-03
1.067500000000000071e+01 2.268816342847657271e-03
1.072500000000000142e+01 -2.951727232361278999e-03
1.077499999999999858e+01 4.966365153705965202e-04
1.082500000000000284e+01 2.682383427869439087e-03
1.087500000000000000e+01 2.248025509470252727e-03
1.092500000000000071e+01 5.679270341587994153e-03
1.097500000000000142e+01 1.479911564246094886e-02
1.102499999999999858e+01 1.427752743465511391e-02
1.107500000000000284e+01 1.998056202999371964e-02
1.112500000000000000e+01 1.472985483752786880e-02
1.117500000000000071e+01 1.383051053628712307e-02
1.122500000000000142e+01 1.219721518526100182e-02
1.127499999999999858e+01 1.012618670849541047e-02
1.132500000000000284e+01 1.786804973912836571e-03
1.137500000000000000e+01 5.960278380709027081e-03
1.142500000000000071e+01 1.403813655070252015e-03
1.147500000000000142e+01 -3.781723525691305012e-03
1.152499999999999858e+01 -5.383877901447675640e-03
1.157500000000000284e+01 -3.871279868219446030e-03
1.162500000000000000e+01 -6.536219989052938738e-03
1.167500000000000071e+01 -8.030985033564520120e-03
1.172500000000000142e+01 -6.738325321319038955e-03
1.177499999999999858e+01 -5.589324446239629998e-03
1.182500000000000284e+01 -7.626129242900248247e-03
1.187500000000000000e+01 -2.709903786690403844e-03
1.192500000000000071e+01 6.285621161861595875e-04
1.197500000000000142e+01 -1.334967976669432666e-03
1.202499999999999858e+01 -1.031725810855377463e-03
1.207500000000000284e+01 -2.211263229877147036e-03
1.212500000000000000e+01 -6.430612914668643390e-03
1.217500000000000071e+01 -8.476835183266829069e-03
1.222500000000000142e+01 -6.816888784682718222e-03
1.227499999999999858e+01 -9.928458754398405972e-03
1.232500000000000284e+01 -3.705271292851365118e-03
1.237500000000000000e+01 -3.608218708259869865e-03
1.242500000000000071e+01 -5.848617090300934230e-04
1.247500000000000142e+01 -1.230901467124567933e-03
1.252499999999999858e+01 3.414568762871184396e-03
1.257500000000000284e+01 -2.053411413206873877e-03
1.262500000000000000e+01 -6.270995371099630754e-03
1.267500000000000071e+01 -6.698775215982877111e-03
1.272500000000000142e+01 -9.259071006540154497e-03
1.277499999999999858e+01 -1.298514922400997515e-02
1.282500000000000284e+01 -1.257890326701378500e-02
1.287500000000000000e+01 -6.795278429413543000e-03
1.292500000000000071e+01 -1.035746947620914613e-02
1.297500000000000142e+01 -6.511083060726718767e-03
1.302499999999999858e+01 1.121623365314402756e-04
1.307500000000000284e+01 -1.048015096817067615e-03
1.312500000000000000e+01 -5.445619255115019888e-03
1.317500000000000426e+01 -3.984699799941537890e-03
1.322500000000000142e+01 -3.627481344629757565e-03
1.327499999999999858e+01 -8.127153980272795036e-03
1.332500000000000284e+01 -2.976653449514188570e-03
1.337500000000000000e+01 1.735345888839390444e-03
1.342500000000000426e+01 5.356306551522038890e-03
1.347500000000000142e+01 6.821191392767644683e-03
1.352499999999999858e+01 1.200994453927109115e-02
1.357500000000000284e+01 1.329738224163534883e-02
1.362500000000000000e+01 1.586475703701388865e-02
1.367500000000000426e+01 1.934084951929584267e-02
1.372500000000000142e+01 1.740717067333541826e-02
1.377499999999999858e+01 1.645279813091065149e-02
1.382500000000000284e+01 1.211253018809195330e-02
1.387500000000000000e+01 1.095062175270804586e-02
1.392500000000000426e+01 5.136391074119437544e-02
1.397500000000000142e+01 3.189185007929573601e-01
1.402499999999999858e+01 1.015167229099244173e+00
1.407500000000000284e+01 2.399146719898353375e+00
1.412500000000000000e+01 9.524200983350390004e+00
1.417500000000000426e+01 1.660449673318561636e+01
1.422500000000000142e+01 2.346334761741606911e+01
1.427499999999999858e+01 2.989226216764724597e+01
1.432500000000000284e+01 3.563523858572339975e+01
1.437500000000000000e+01 3.563523858572339975e+01
1.442500000000000426e+01 3.563523858572339975e+01
1.447500000000000142e+01 3.563523858572339975e+01
1.452499999999999858e+01 3.563523858572339975e+01
1.457500000000000284e+01 3.563523858572339975e+01
1.462500000000000000e+01 3.563523858572339975e+01
1.467500000000000426e+01 3.563523858572339975e+01
1.472500000000000142e+01 3.563523858572339975e+01
1.477499999999999858e+01 3.563523858572339975e+01
1.482500000000000284e+01 3.563523858572339975e+01
1.487500000000000000e+01 3.563523858572339975e+01
1.492500000000000426e+01 3.563523858572339975e+01
1.497500000000000142e+01 3.563523858572339975e+01
1.502499999999999858e+01 3.563523858572339975e+01
1.507500000000000284e+01 3.563523858572339975e+01
1.512500000000000000e+01 3.563523858572339975e+01
1.517500000000000426e+01 3.563523858572339975e+01
1.522500000000000142e+01 3.563523858572339975e+01
1.527499999999999858e+01 3.563523858572339975e+01
1.532500000000000284e+01 3.563523858572339975e+01
1.537500000000000000e+01 3.563523858572339975e+01
1.542500000000000426e+01 3.563523858572339975e+01
1.547500000000000142e+01 3.563523858572339975e+01
1.552499999999999858e+01 3.563523858572339975e+01
1.557500000000000284e+01 3.563523858572339975e+01
1.562500000000000000e+01 3.563523858572339975e+01
1.567500000000000426e+01 3.563523858572339975e+01
1.572500000000000142e+01 3.563523858572339975e+01
1.577499999999999858e+01 3.563523858572339975e+01
1.582500000000000284e+01 3.563523858572339975e+01
1.587500000000000000e+01 3.563523858572339975e+01
1.592500000000000426e+01 3.563523858572339975e+01
1.597500000000000142e+01 3.563523858572339975e+01
1.602499999999999858e+01 3.563523858572339975e+01
1.607500000000000284e+01 3.563523858572339975e+01
1.612500000000000000e+01 3.563523858572339975e+01
1.617500000000000426e+01 3.563523858572339975e+01
1.622500000000000142e+01 3.563523858572339975e+01
1.627499999999999858e+01 3.563523858572339975e+01
1.632500000000000284e+01 3.563523858572339975e+01
1.637500000000000000e+01 3.563523858572339975e+01
1.642500000000000426e+01 3.563523858572339975e+01
1.647500000000000142e+01 3.563523858572339975e+01
1.652499999999999858e+01 3.563523858572339975e+01
1.657500000000000284e+01 3.563523858572339975e+01
1.662500000000000000e+01 3.563523858572339975e+01
1.667500000000000426e+01 3.563523858572339975e+01
1.672500000000000142e+01 3.563523858572339975e+01
1.677499999999999858e+01 3.563523858572339975e+01
1.682500000000000284e+01 3.563523858572339975e+01
1.687500000000000000e+01 3.563523858572339975e+01
1.692500000000000426e+01 3.563523858572339975e+01
1.697500000000000142e+01 3.563523858572339975e+01
1.702499999999999858e+01 3.563523858572339975e+01
1.707500000000000284e+01 3.563523858572339975e+01
1.712500000000000000e+01 3.563523858572339975e+01
1.717500000000000426e+01 3.563523858572339975e+01
1.722500000000000142e+01 3.563523858572339975e+01
1.727499999999999858e+01 3.563523858572339975e+01
1.732500000000000284e+01 3.563523858572339975e+01
1.737500000000000000e+01 3.563523858572339975e+01
1.742500000000000426e+01 3.563523858572339975e+01
1.747500000000000142e+01 3.563523858572339975e+01
1.752499999999999858e+01 3.563523858572339975e+01
1.757500000000000284e+01 3.563523858572339975e+01
1.762500000000000000e+01 3.563523858572339975e+01
1.767500000000000426e+01 3.563523858572339975e+01
1.772500000000000142e+01 3.563523858572339975e+01
1.777499999999999858e+01 3.563523858572339975e+01
1.782500000000000284e+01 3.563523858572339975e+01
1.787500000000000000e+01 3.563523858572339975e+01
1.792500000000000426e+01 3.563523858572339975e+01
1.797500000000000142e+01 3.563523858572339975e+01
1.802499999999999858e+01 3.563523858572339975e+01
1.807500000000000284e+01 3.563523858572339975e+01
1.812500000000000000e+01 3.563523858572339975e+01
1.817500000000000426e+01 3.563523858572339975e+01
1.822500000000000142e+01 3.563523858572339975e+01
1.827499999999999858e+01 3.563523858572339975e+01
1.832500000000000284e+01 3.563523858572339975e+01
1.837500000000000000e+01 3.563523858572339975e+01
1.842500000000000426e+01 3.563523858572339975e+01
1.847500000000000142e+01 3.563523858572339975e+01
1.852499999999999858e+01 3.563523858572339975e+01
1.857500000000000284e+01 3.563523858572339975e+01
1.862500000000000000e+01 3.563523858572339975e+01
1.867500000000000426e+01 3.563523858572339975e+01
1.872500000000000142e+01 3.563523858572339975e+01
1.877499999999999858e+01 3.563523858572339975e+01
1.882500000000000284e+01 3.563523858572339975e+01
1.887500000000000000e+01 3.563523858572339975e+01
1.892500000000000426e+01 3.563523858572339975e+01
1.897500000000000142e+01 3.563523858572339975e+01
1.902499999999999858e+01 3.563523858572339975e+01
1.907500000000000284e+01 3.563523858572339975e+01
1.912500000000000000e+01 3.563523858572339975e+01
1.917500000000000426e+01 3.563523858572339975e+01
1.922500000000000142e+01 3.563523858572339975e+01
1.927499999999999858e+01 3.563523858572339975e+01
1.932500000000000284e+01 3.563523858572339975e+01
1.937500000000000000e+01 3.563523858572339975e+01
1.942500000000000426e+01 3.563523858572339975e+01
1.947500000000000142e+01 3.563523858572339975e+01
1.952499999999999858e+01 3.563523858572339975e+01
1.957500000000000284e+01 3.563523858572339975e+01
1.962500000000000000e+01 3.563523858572339975e+01
1.967500000000000426e+01 3.563523858572339975e+01
1.972500000000000142e+01 3.563523858572339975e+01
1.977499999999999858e+01 3.563523858572339975e+01
1.982500000000000284e+01 3.563523858572339975e+01
1.987500000000000000e+01 3.563523858572339975e+01
1.992500000000000426e+01 3.563523858572339975e+01
1.997500000000000142e+01 3.563523858572339975e+01
2.002499999999999858e+01 3.563523858572339975e+01
2.007500000000000284e+01 3.563523858572339975e+01
2.012500000000000000e+01 3.563523858572339975e+01
2.017500000000000426e+01 3.563523858572339975e+01
2.022500000000000142e+01 3.563523858572339975e+01
2.027499999999999858e+01 3.563523858572339975e+01
2.032500000000000284e+01 3.563523858572339975e+01
2.037500000000000000e+01 3.563523858572339975e+01
2.042500000000000426e+01 3.563523858572339975e+01
2.047500000000000142e+01 3.563523858572339975e+01
2.052499999999999858e+01 3.563523858572339975e+01
2.057500000000000284e+01 3.563523858572339975e+01
2.062500000000000000e+01 3.563523858572339975e+01
2.067500000000000426e+01 3.563523858572339975e+01
2.072500000000000142e+01 3.563523858572339975e+01
2.077499999999999858e+01 3.563523858572339975e+01
2.082500000000000284e+01 3.563523858572339975e+01
2.087500000000000000e+01 3.563523858572339975e+01
2.092500000000000426e+01 3.563523858572339975e+01
2.097500000000000142e+01 3.563523858572339975e+01
2.102499999999999858e+01 3.563523858572339975e+01
2.107500000000000284e+01 3.563523858572339975e+01
2.112500000000000000e+01 3.563523858572339975e+01
2.117500000000000426e+01 3.563523858572339975e+01
2.122500000000000142e+01 3.563523858572339975e+01
2.127499999999999858e+01 3.563523858572339975e+01
2.132500000000000284e+01 3.563523858572339975e+01
2.137500000000000000e+01 3.563523858572339975e+01
2.142500000000000426e+01 3.563523858572339975e+01
2.147500000000000142e+01 3.563523858572339975e+01
2.152499999999999858e+01 3.563523858572339975e+01
2.157500000000000284e+01 3.563523858572339975e+01
2.162500000000000000e+01 3.563523858572339975e+01
2.167500000000000426e+01 3.563523858572339975e+01
2.172500000000000142e+01 3.563523858572339975e+01
2.177499999999999858e+01 3.563523858572339975e+01
2.182500000000000284e+01 3.563523858572339975e+01
2.187500000000000000e+01 3.563523858572339975e+01
2.192500000000000426e+01 3.563523858572339975e+01
2.197500000000000142e+01 3.563523858572339975e+01
2.202499999999999858e+01 3.563523858572339975e+01
2.207500000000000284e+01 3.563523858572339975e+01
2.212500000000000000e+01 3.563523858572339975e+01
2.217500000000000426e+01 3.563523858572339975e+01
2.222500000000000142e+01 3.563523858572339975e+01
2.227499999999999858e+01 3.563523858572339975e+01
2.232500000000000284e+01 3.563523858572339975e+01
2.237500000000000000e+01 3.563523858572339975e+01
2.242500000000000426e+01 3.563523858572339975e+01
2.247500000000000142e+01 3.563523858572339975e+01
2.252499999999999858e+01 3.563523858572339975e+01
2.257500000000000284e+01 3.563523858572339975e+01
2.262500000000000000e+01 3.563523858572339975e+01
2.267500000000000426e+01 3.563523858572339975e+01
2.272500000000000142e+01 3.563523858572339975e+01
2.277499999999999858e+01 3.563523858572339975e+01
2.282500000000000284e+01 3.563523858572339975e+01
2.287500000000000000e+01 3.563523858572339975e+01
2.292500000000000426e+01 3.563523858572339975e+01
2.297500000000000142e+01 3.563523858572339975e+01
2.302499999999999858e+01 3.563523858572339975e+01
2.307500000000000284e+01 3.563523858572339975e+01
2.312500000000000000e+01 3.563523858572339975e+01
2.317500000000000426e+01 3.563523858572339975e+01
2.322500000000000142e+01 3.563523858572339975e+01
2.327499999999999858e+01 3.563523858572339975e+01
2.332500000000000284e+01 3.563523858572339975e+01
2.337500000000000000e+01 3.563523858572339975e+01
2.342500000000000426e+01 3.563523858572339975e+01
2.347500000000000142e+01 3.563523858572339975e+01
2.352499999999999858e+01 3.563523858572339975e+01
2.357500000000000284e+01 3.563523858572339975e+01
2.362500000000000000e+01 3.563523858572339975e+01
2.367500000000000426e+01 3.563523858572339975e+01
2.372500000000000142e+01 3.563523858572339975e+01
2.377499999999999858e+01 3.563523858572339975e+01
2.382500000000000284e+01 3.563523858572339975e+01
2.387500000000000000e+01 3.563523858572339975e+01
2.392500000000000426e+01 2.850819086857871909e+01
2.397500000000000142e+01 2.138114315143403843e+01
