# r_minus_2Rs_A,    PMF_over_kBT
-5.974999999999999645e+00 2.162397777980823932e+01
-5.924999999999999822e+00 2.883197037307765243e+01
-5.875000000000000000e+00 3.603996296634706198e+01
-5.825000000000000178e+00 3.603996296634706198e+01
-5.775000000000000355e+00 3.603996296634706198e+01
-5.724999999999999645e+00 3.603996296634706198e+01
-5.674999999999999822e+00 3.603996296634706198e+01
-5.625000000000000000e+00 3.603996296634706198e+01
-5.575000000000000178e+00 3.603996296634706198e+01
-5.525000000000000355e+00 3.603996296634706198e+01
-5.474999999999999645e+00 3.603996296634706198e+01
-5.424999999999999822e+00 3.603996296634706198e+01
-5.375000000000000000e+00 3.603996296634706198e+01
-5.325000000000000178e+00 3.603996296634706198e+01
-5.275000000000000355e+00 3.603996296634706198e+01
-5.224999999999999645e+00 3.603996296634706198e+01
-5.174999999999999822e+00 3.603996296634706198e+01
-5.125000000000000000e+00 3.603996296634706198e+01
-5.075000000000000178e+00 3.603996296634706198e+01
-5.025000000000000355e+00 3.603996296634706198e+01
-4.974999999999999645e+00 3.603996296634706198e+01
-4.924999999999999822e+00 3.603996296634706198e+01
-4.875000000000000000e+00 3.603996296634706198e+01
-4.824999999999999289e+00 3.603996296634706198e+01
-4.775000000000000355e+00 3.603996296634706198e+01
-4.724999999999999645e+00 3.603996296634706198e+01
-4.674999999999999822e+00 3.603996296634706198e+01
-4.625000000000000000e+00 3.603996296634706198e+01
-4.574999999999999289e+00 3.603996296634706198e+01
-4.525000000000000355e+00 3.603996296634706198e+01
-4.474999999999999645e+00 3.603996296634706198e+01
-4.424999999999999822e+00 3.603996296634706198e+01
-4.375000000000000000e+00 3.603996296634706198e+01
-4.324999999999999289e+00 3.603996296634706198e+01
-4.275000000000000355e+00 3.603996296634706198e+01
-4.224999999999999645e+00 3.603996296634706198e+01
-4.174999999999999822e+00 3.603996296634706198e+01
-4.125000000000000000e+00 3.603996296634706198e+01
-4.074999999999999289e+00 3.603996296634706198e+01
-4.025000000000000355e+00 3.603996296634706198e+01
-3.974999999999999645e+00 3.603996296634706198e+01
-3.924999999999999822e+00 3.603996296634706198e+01
-3.875000000000000000e+00 3.603996296634706198e+01
-3.825000000000000178e+00 3.603996296634706198e+01
-3.774999999999999911e+00 3.603996296634706198e+01
-3.724999999999999645e+00 3.603996296634706198e+01
-3.674999999999999822e+00 3.603996296634706198e+01
-3.625000000000000000e+00 3.603996296634706198e+01
-3.574999999999999734e+00 3.603996296634706198e+01
-3.524999999999999911e+00 3.603996296634706198e+01
-3.474999999999999645e+00 3.603996296634706198e+01
-3.424999999999999822e+00 3.603996296634706198e+01
-3.375000000000000000e+00 3.603996296634706198e+01
-3.324999999999999734e+00 3.603996296634706198e+01
-3.274999999999999911e+00 3.603996296634706198e+01
-3.224999999999999645e+00 3.603996296634706198e+01
-3.174999999999999822e+00 3.603996296634706198e+01
-3.125000000000000000e+00 3.603996296634706198e+01
-3.074999999999999734e+00 3.603996296634706198e+01
-3.024999999999999911e+00 3.603996296634706198e+01
-2.974999999999999645e+00 3.603996296634706198e+01
-2.924999999999999822e+00 3.603996296634706198e+01
-2.875000000000000000e+00 3.603996296634706198e+01
-2.824999999999999734e+00 3.603996296634706198e+01
-2.774999999999999911e+00 3.603996296634706198e+01
-2.724999999999999645e+00 3.603996296634706198e+01
-2.674999999999999822e+00 3.603996296634706198e+01
-2.625000000000000000e+00 3.603996296634706198e+01
-2.574999999999999734e+00 3.603996296634706198e+01
-2.524999999999999911e+00 3.603996296634706198e+01
-2.474999999999999645e+00 3.603996296634706198e+01
-2.424999999999999822e+00 3.603996296634706198e+01
-2.375000000000000000e+00 3.603996296634706198e+01
-2.324999999999999734e+00 3.603996296634706198e+01
-2.274999999999999911e+00 3.603996296634706198e+01
-2.224999999999999645e+00 3.603996296634706198e+01
-2.174999999999999822e+00 3.603996296634706198e+01
-2.125000000000000000e+00 3.603996296634706198e+01
-2.074999999999999734e+00 3.603996296634706198e+01
-2.024999999999999911e+00 3.603996296634706198e+01
-1.974999999999999645e+00 3.603996296634706198e+01
-1.924999999999999822e+00 3.603996296634706198e+01
-1.875000000000000000e+00 3.603996296634706198e+01
-1.824999999999999289e+00 3.603996296634706198e+01
-1.775000000000000355e+00 3.603996296634706198e+01
-1.724999999999999645e+00 3.603996296634706198e+01
-1.674999999999999822e+00 3.603996296634706198e+01
-1.625000000000000000e+00 3.603996296634706198e+01
-1.574999999999999289e+00 3.603996296634706198e+01
-1.525000000000000355e+00 3.603996296634706198e+01
-1.474999999999999645e+00 3.603996296634706198e+01
-1.424999999999999822e+00 3.603996296634706198e+01
-1.375000000000000000e+00 3.603996296634706198e+01
-1.324999999999999289e+00 3.603996296634706198e+01
-1.275000000000000355e+00 3.603996296634706198e+01
-1.224999999999999645e+00 3.603996296634706198e+01
-1.174999999999998934e+00 3.603996296634706198e+01
-1.125000000000000000e+00 3.603996296634706198e+01
-1.074999999999999289e+00 3.603996296634706198e+01
-1.025000000000000355e+00 3.603996296634706198e+01
-9.749999999999996447e-01 3.603996296634706198e+01
-9.249999999999989342e-01 3.603996296634706198e+01
-8.750000000000000000e-01 3.603996296634706198e+01
-8.249999999999992895e-01 3.603996296634706198e+01
-7.750000000000003553e-01 3.603996296634706198e+01
-7.249999999999996447e-01 3.603996296634706198e+01
-6.749999999999989342e-01 3.603996296634706198e+01
-6.250000000000000000e-01 3.603996296634706198e+01
-5.749999999999992895e-01 3.603996296634706198e+01
-5.250000000000003553e-01 3.017170781935804413e+01
-4.749999999999996447e-01 2.398513654217992297e+01
-4.249999999999989342e-01 1.718942692670703565e+01
-3.750000000000000000e-01 1.008847065233868712e+01
-3.249999999999992895e-01 2.764210646607537125e+00
-2.750000000000003553e-01 1.182898322166573868e+00
-2.249999999999996447e-01 -1.529459759896007465e-01
-1.749999999999989342e-01 -9.115709916980248018e-01
-1.250000000000000000e-01 -1.368048739774510025e+00
-7.499999999999928946e-02 -1.582301138465707302e+00
-2.500000000000035527e-02 -1.650063312719774800e+00
2.500000000000035527e-02 -1.632331507851752628e+00
7.500000000000106581e-02 -1.559623928188199837e+00
1.250000000000000000e-01 -1.472394762557558856e+00
1.750000000000007105e-01 -1.389652906741459804e+00
2.249999999999996447e-01 -1.310366255385185363e+00
2.750000000000003553e-01 -1.225926734314962019e+00
3.250000000000010658e-01 -1.147508485174962400e+00
3.750000000000000000e-01 -1.065823581857627156e+00
4.250000000000007105e-01 -9.869422377617297348e-01
4.749999999999996447e-01 -9.141221720337874279e-01
5.250000000000003553e-01 -8.404585843070162543e-01
5.750000000000010658e-01 -7.761417519165988432e-01
6.250000000000000000e-01 -7.085007510092332650e-01
6.750000000000007105e-01 -6.403610994240288568e-01
7.249999999999996447e-01 -5.813495568336425334e-01
7.750000000000003553e-01 -5.224709722539302437e-01
8.250000000000010658e-01 -4.715134840730648702e-01
8.750000000000000000e-01 -4.139873631799314557e-01
9.250000000000007105e-01 -3.657334869461877358e-01
9.749999999999996447e-01 -3.275350447658603725e-01
1.025000000000000355e+00 -2.958653196991946621e-01
1.075000000000001066e+00 -2.461342732462324101e-01
1.125000000000000000e+00 -2.228864035235471053e-01
1.175000000000000711e+00 -1.954412508467647802e-01
1.224999999999999645e+00 -1.485931506907700872e-01
1.275000000000000355e+00 -1.120712126069669662e-01
1.325000000000001066e+00 -8.405101322655889051e-02
1.375000000000000000e+00 -5.281458175991602527e-02
1.425000000000000711e+00 -2.988628055736555073e-02
1.474999999999999645e+00 -1.090440617467898152e-02
1.525000000000000355e+00 5.107578088849607130e-03
1.575000000000001066e+00 1.292976035880997326e-02
1.625000000000000000e+00 1.950885925238807911e-02
1.675000000000000711e+00 2.265821169461332968e-02
1.724999999999999645e+00 3.523441911432492052e-02
1.775000000000000355e+00 4.125066600555520741e-02
1.825000000000001066e+00 3.325451564845707114e-02
1.875000000000000000e+00 3.135221108236656978e-02
1.925000000000000711e+00 2.414044366305248546e-02
1.974999999999999645e+00 8.136511143195690465e-03
2.025000000000000355e+00 -1.141653335430241681e-02
2.074999999999999289e+00 -1.396970765491651993e-02
2.125000000000000000e+00 -2.620017010534674701e-02
2.175000000000000711e+00 -3.658676750868466304e-02
2.225000000000001421e+00 -4.813218744819600797e-02
2.275000000000000355e+00 -4.638514517185825942e-02
2.324999999999999289e+00 -5.853789042583380092e-02
2.375000000000000000e+00 -6.251937028154480602e-02
2.425000000000000711e+00 -5.296850460938138522e-02
2.475000000000001421e+00 -4.879868250841781774e-02
2.525000000000000355e+00 -4.212828310393952613e-02
2.574999999999999289e+00 -2.683144606141638425e-02
2.625000000000000000e+00 -1.480131508067223864e-02
2.675000000000000711e+00 -6.789621585351573009e-04
2.725000000000001421e+00 1.669430842279276059e-02
2.775000000000000355e+00 2.679338900164225656e-02
2.824999999999999289e+00 5.313468779187680013e-02
2.875000000000000000e+00 8.830564065511765925e-02
2.925000000000000711e+00 9.749103456848579041e-02
2.975000000000001421e+00 1.150450718344625811e-01
3.025000000000000355e+00 1.474444262369882519e-01
3.074999999999999289e+00 1.637844172556825184e-01
3.125000000000000000e+00 1.699653890885468310e-01
3.175000000000000711e+00 2.076013093232731421e-01
3.225000000000001421e+00 2.298079109858381652e-01
3.275000000000000355e+00 2.369103666481507664e-01
3.324999999999999289e+00 2.439025296143509103e-01
3.375000000000000000e+00 2.665507009395614579e-01
3.425000000000000711e+00 2.717823365680509529e-01
3.475000000000001421e+00 2.899394204260488661e-01
3.525000000000000355e+00 3.039485996519478150e-01
3.575000000000001066e+00 3.277889105290864302e-01
3.625000000000000000e+00 3.459799397233687679e-01
3.675000000000000711e+00 3.670683938838994465e-01
3.725000000000001421e+00 3.769037468886196618e-01
3.775000000000000355e+00 3.993068910847750175e-01
3.825000000000001066e+00 4.113950009269103925e-01
3.875000000000000000e+00 4.150685593567260967e-01
3.925000000000000711e+00 4.106224375949388272e-01
3.975000000000001421e+00 4.133446861999174882e-01
4.025000000000000355e+00 4.189389556304849993e-01
4.075000000000001066e+00 4.245607974395629314e-01
4.125000000000000000e+00 4.242213445705101393e-01
4.175000000000000711e+00 4.347433294518449620e-01
4.225000000000001421e+00 4.265372166085942829e-01
4.275000000000000355e+00 4.049595023114928583e-01
4.325000000000001066e+00 3.934924741730644326e-01
4.375000000000000000e+00 3.724368457258244169e-01
4.425000000000000711e+00 3.454952938387410577e-01
4.475000000000001421e+00 3.239071966592494412e-01
4.525000000000000355e+00 3.015681710808923444e-01
4.575000000000001066e+00 2.722712107124561354e-01
4.625000000000000000e+00 2.491104551978757520e-01
4.675000000000000711e+00 2.260945156172855519e-01
4.725000000000001421e+00 2.027182212488636281e-01
4.775000000000000355e+00 1.826066127378982995e-01
4.825000000000001066e+00 1.466210308048275235e-01
4.875000000000000000e+00 1.120447344612024720e-01
4.925000000000000711e+00 7.931598867795308649e-02
4.975000000000001421e+00 4.371394214176015092e-02
5.025000000000000355e+00 7.791432583464800825e-03
5.075000000000001066e+00 -1.774434071246666633e-02
5.125000000000000000e+00 -4.159954045107703419e-02
5.175000000000000711e+00 -6.628315307744543639e-02
5.225000000000001421e+00 -8.277528946864123882e-02
5.275000000000000355e+00 -1.018976035823435239e-01
5.325000000000001066e+00 -1.151413405388236749e-01
5.375000000000000000e+00 -1.244787403994145475e-01
5.425000000000000711e+00 -1.322525512554893479e-01
5.475000000000001421e+00 -1.438630592230904226e-01
5.525000000000000355e+00 -1.517960434753028720e-01
5.575000000000001066e+00 -1.541625317460997846e-01
5.625000000000000000e+00 -1.554182204984496107e-01
5.675000000000000711e+00 -1.576239883034080691e-01
5.725000000000001421e+00 -1.505665088414186725e-01
5.775000000000000355e+00 -1.399612894890456261e-01
5.825000000000001066e+00 -1.377736565789877965e-01
5.875000000000000000e+00 -1.348274075512073122e-01
5.925000000000000711e+00 -1.316079152794760176e-01
5.975000000000001421e+00 -1.281113540309533616e-01
6.025000000000000355e+00 -1.252988909210554225e-01
6.075000000000001066e+00 -1.184122732922134047e-01
6.125000000000000000e+00 -1.088713689252852473e-01
6.175000000000000711e+00 -1.007328129913077075e-01
6.225000000000001421e+00 -9.646884077483300346e-02
6.275000000000000355e+00 -9.345145243893854259e-02
6.325000000000001066e+00 -8.649054843040850094e-02
6.375000000000000000e+00 -8.579360115018488941e-02
6.425000000000000711e+00 -8.024744843901246427e-02
6.475000000000001421e+00 -6.696930425381993068e-02
6.525000000000000355e+00 -5.181139965160105887e-02
6.575000000000001066e+00 -4.827123382922202804e-02
6.625000000000000000e+00 -4.015160835402547396e-02
6.675000000000000711e+00 -2.694330839780257128e-02
6.725000000000001421e+00 -2.339629801692133873e-02
6.775000000000000355e+00 -2.024588816685515477e-02
6.825000000000001066e+00 -1.895762022968481989e-03
6.875000000000000000e+00 1.032607326038039765e-02
6.925000000000000711e+00 1.538617331804985680e-02
6.975000000000001421e+00 2.659080717107578304e-02
7.025000000000000355e+00 3.483520329258702614e-02
7.075000000000001066e+00 3.082362378275504966e-02
7.125000000000000000e+00 3.278690092383058918e-02
7.175000000000000711e+00 3.646552235618934212e-02
7.225000000000001421e+00 3.913725882072860429e-02
7.275000000000000355e+00 3.900529908404593016e-02
7.325000000000001066e+00 5.302483205830555574e-02
7.375000000000000000e+00 5.579901765136732056e-02
7.425000000000000711e+00 5.716239399127829440e-02
7.475000000000001421e+00 5.219322323662325264e-02
7.525000000000000355e+00 5.190675002085357037e-02
7.575000000000001066e+00 4.456587902062025819e-02
7.625000000000000000e+00 4.936054508384089129e-02
7.675000000000000711e+00 4.865044140284240787e-02
7.725000000000001421e+00 5.237382898263263920e-02
7.775000000000000355e+00 5.186823078374126067e-02
7.825000000000001066e+00 4.876474420167653534e-02
7.875000000000000000e+00 4.063516053659164268e-02
7.925000000000000711e+00 3.877082550775341752e-02
7.975000000000001421e+00 3.509938477515959360e-02
8.025000000000000355e+00 3.271109868516824254e-02
8.075000000000001066e+00 3.042139928034615429e-02
8.125000000000000000e+00 2.742162395322047391e-02
8.175000000000000711e+00 2.470790972473047020e-02
8.225000000000001421e+00 1.618501709782513634e-02
8.275000000000000355e+00 1.206023425201436725e-02
8.325000000000001066e+00 6.074242994610302634e-03
8.375000000000000000e+00 3.288703300502149665e-03
8.425000000000000711e+00 -6.455266819464711668e-03
8.475000000000001421e+00 -6.689322935825004444e-03
8.525000000000000355e+00 -7.235150730091888076e-03
8.575000000000001066e+00 -1.317509672492427411e-02
8.625000000000000000e+00 -2.003349842491744179e-02
8.675000000000000711e+00 -1.576546674604912754e-02
8.725000000000001421e+00 -1.655820970963297820e-02
8.775000000000000355e+00 -2.015995830452723889e-02
8.825000000000001066e+00 -2.035315257380823292e-02
8.875000000000000000e+00 -1.769590730096730694e-02
8.925000000000000711e+00 -2.284692668678580535e-02
8.975000000000001421e+00 -2.802597823977386743e-02
9.025000000000000355e+00 -2.794877161076847472e-02
9.075000000000001066e+00 -2.691688223033423741e-02
9.125000000000000000e+00 -3.261884317038053066e-02
9.175000000000000711e+00 -3.380537479745449048e-02
9.225000000000001421e+00 -3.065997757315060135e-02
9.275000000000000355e+00 -3.446912069272124041e-02
9.325000000000001066e+00 -4.140358870115328632e-02
9.375000000000000000e+00 -4.047025423765866770e-02
9.425000000000000711e+00 -3.859387461831077087e-02
9.475000000000001421e+00 -3.872436018241778161e-02
9.525000000000000355e+00 -3.712468016853130021e-02
9.575000000000001066e+00 -3.075453775065994932e-02
9.625000000000000000e+00 -2.730490023654717074e-02
9.675000000000000711e+00 -2.773641463648992764e-02
9.725000000000001421e+00 -2.231887044648317442e-02
9.775000000000000355e+00 -1.936887560926159671e-02
9.825000000000001066e+00 -1.367758870718454103e-02
9.875000000000000000e+00 -1.628632403018244121e-02
9.925000000000000711e+00 -1.473902729146949961e-02
9.975000000000001421e+00 -1.894384143050622735e-02
1.002499999999999858e+01 -1.179685177980793753e-02
1.007500000000000284e+01 -1.292095123417737884e-02
1.012500000000000000e+01 -6.245474351659297159e-03
1.017500000000000071e+01 -6.347115017259600828e-04
1.022500000000000142e+01 -6.451530998273116539e-04
1.027499999999999858e+01 -2.968149087961435666e-03
1.032500000000000284e+01 -1.671948371125609226e-04
1.037500000000000000e+01 3.983798548386730323e-03
1.042500000000000071e+01 4.585210726350653389e-03
1.047500000000000142e+01 8.896294743757594478e-03
1.052499999999999858e+01 7.183579853661827691e-03
1.057500000000000284e+01 8.368832420527640148e-03
1.062500000000000000e+01 4.900878024666966391e-03
1.067500000000000071e+01 2.773095846529116931e-03
1.072500000000000142e+01 6.372646094608924901e-03
1.077499999999999858e+01 1.107620774353002165e-02
1.082500000000000284e+01 1.187605898837418295e-02
1.087500000000000000e+01 1.355049828501648720e-02
1.092500000000000071e+01 1.954911637419130127e-02
1.097500000000000142e+01 1.709466928258720347e-02
1.102499999999999858e+01 1.745430844991418054e-02
1.107500000000000284e+01 1.601571087160778145e-02
1.112500000000000000e+01 1.632955668140034788e-02
1.117500000000000071e+01 1.418502532610155242e-02
1.122500000000000142e+01 1.655999925874702614e-02
1.127499999999999858e+01 1.739914236987800955e-02
1.132500000000000284e+01 1.463690679718325678e-02
1.137500000000000000e+01 1.534627466510087718e-02
1.142500000000000071e+01 1.503554198090881547e-02
1.147500000000000142e+01 1.218172753351787208e-02
1.152499999999999858e+01 8.234852394398473052e-03
1.157500000000000284e+01 7.934869133192990268e-03
1.162500000000000000e+01 6.684590638543142643e-03
1.167500000000000071e+01 7.973865496101951306e-03
1.172500000000000142e+01 8.260501947821553836e-03
1.177499999999999858e+01 6.392300650347237934e-03
1.182500000000000284e+01 8.486371469085795746e-03
1.187500000000000000e+01 3.292090075926878620e-03
1.192500000000000071e+01 -2.071329885671602256e-03
1.197500000000000142e+01 -1.794248444819856970e-03
1.202499999999999858e+01 -1.941829660437477444e-03
1.207500000000000284e+01 -6.111420755105357802e-03
1.212500000000000000e+01 -2.211175344356419801e-03
1.217500000000000071e+01 -3.153618802068791985e-03
1.222500000000000142e+01 -3.046793678352343812e-03
1.227499999999999858e+01 2.548948820955843336e-03
1.232500000000000284e+01 1.200313574125644106e-03
1.237500000000000000e+01 -1.436724765754960210e-03
1.242500000000000071e+01 5.226395057184874890e-03
1.247500000000000142e+01 2.683822797547819224e-03
1.252499999999999858e+01 -3.845439341430533994e-03
1.257500000000000284e+01 -2.102974986761552319e-03
1.262500000000000000e+01 2.674945853554788668e-03
1.267500000000000071e+01 -7.561588971103819050e-04
1.272500000000000142e+01 2.261049361402101172e-03
1.277499999999999858e+01 1.852027306573234043e-03
1.282500000000000284e+01 3.502614864220277621e-03
1.287500000000000000e+01 9.729542565501957422e-04
1.292500000000000071e+01 2.243583577131502693e-03
1.297500000000000142e+01 -4.339177249158865900e-03
1.302499999999999858e+01 1.435456817867475452e-03
1.307500000000000284e+01 3.966346293108813197e-03
1.312500000000000000e+01 2.278455972537685344e-03
1.317500000000000426e+01 -1.352670225319130585e-03
1.322500000000000142e+01 3.033451644041563512e-03
1.327499999999999858e+01 -1.288500147239804048e-04
1.332500000000000284e+01 -1.708754509439813730e-03
1.337500000000000000e+01 2.311261404389952732e-03
1.342500000000000426e+01 5.733300424739340255e-03
1.347500000000000142e+01 4.912614256451065288e-03
1.352499999999999858e+01 3.439364588496119333e-03
1.357500000000000284e+01 8.531873244734808955e-04
1.362500000000000000e+01 1.507974388423605379e-03
1.367500000000000426e+01 1.268887506370221805e-04
1.372500000000000142e+01 -5.864432535886974270e-04
1.377499999999999858e+01 1.003004498195991887e-03
1.382500000000000284e+01 4.392518684695190072e-03
1.387500000000000000e+01 2.301834387734658181e-03
1.392500000000000426e+01 3.967598193738695184e-02
1.397500000000000142e+01 3.060922341344056719e-01
1.402499999999999858e+01 1.016578547367708696e+00
1.407500000000000284e+01 2.429653961217373315e+00
1.412500000000000000e+01 9.636710031148554734e+00
1.417500000000000426e+01 1.680673731349466493e+01
1.422500000000000142e+01 2.374985131453411213e+01
1.427499999999999858e+01 3.024672366261473044e+01
1.432500000000000284e+01 3.603996296634706198e+01
1.437500000000000000e+01 3.603996296634706198e+01
1.442500000000000426e+01 3.603996296634706198e+01
1.447500000000000142e+01 3.603996296634706198e+01
1.452499999999999858e+01 3.603996296634706198e+01
1.457500000000000284e+01 3.603996296634706198e+01
1.462500000000000000e+01 3.603996296634706198e+01
1.467500000000000426e+01 3.603996296634706198e+01
1.472500000000000142e+01 3.603996296634706198e+01
1.477499999999999858e+01 3.603996296634706198e+01
1.482500000000000284e+01 3.603996296634706198e+01
1.487500000000000000e+01 3.603996296634706198e+01
1.492500000000000426e+01 3.603996296634706198e+01
1.497500000000000142e+01 3.603996296634706198e+01
1.502499999999999858e+01 3.603996296634706198e+01
1.507500000000000284e+01 3.603996296634706198e+01
1.512500000000000000e+01 3.603996296634706198e+01
1.517500000000000426e+01 3.603996296634706198e+01
1.522500000000000142e+01 3.603996296634706198e+01
1.527499999999999858e+01 3.603996296634706198e+01
1.532500000000000284e+01 3.603996296634706198e+01
1.537500000000000000e+01 3.603996296634706198e+01
1.542500000000000426e+01 3.603996296634706198e+01
1.547500000000000142e+01 3.603996296634706198e+01
1.552499999999999858e+01 3.603996296634706198e+01
1.557500000000000284e+01 3.603996296634706198e+01
1.562500000000000000e+01 3.603996296634706198e+01
1.567500000000000426e+01 3.603996296634706198e+01
1.572500000000000142e+01 3.603996296634706198e+01
1.577499999999999858e+01 3.603996296634706198e+01
1.582500000000000284e+01 3.603996296634706198e+01
1.587500000000000000e+01 3.603996296634706198e+01
1.592500000000000426e+01 3.603996296634706198e+01
1.597500000000000142e+01 3.603996296634706198e+01
1.602499999999999858e+01 3.603996296634706198e+01
1.607500000000000284e+01 3.603996296634706198e+01
1.612500000000000000e+01 3.603996296634706198e+01
1.617500000000000426e+01 3.603996296634706198e+01
1.622500000000000142e+01 3.603996296634706198e+01
1.627499999999999858e+01 3.603996296634706198e+01
1.632500000000000284e+01 3.603996296634706198e+01
1.637500000000000000e+01 3.603996296634706198e+01
1.642500000000000426e+01 3.603996296634706198e+01
1.647500000000000142e+01 3.603996296634706198e+01
1.652499999999999858e+01 3.603996296634706198e+01
1.657500000000000284e+01 3.603996296634706198e+01
1.662500000000000000e+01 3.603996296634706198e+01
1.667500000000000426e+01 3.603996296634706198e+01
1.672500000000000142e+01 3.603996296634706198e+01
1.677499999999999858e+01 3.603996296634706198e+01
1.682500000000000284e+01 3.603996296634706198e+01
1.687500000000000000e+01 3.603996296634706198e+01
1.692500000000000426e+01 3.603996296634706198e+01
1.697500000000000142e+01 3.603996296634706198e+01
1.702499999999999858e+01 3.603996296634706198e+01
1.707500000000000284e+01 3.603996296634706198e+01
1.712500000000000000e+01 3.603996296634706198e+01
1.717500000000000426e+01 3.603996296634706198e+01
1.722500000000000142e+01 3.603996296634706198e+01
1.727499999999999858e+01 3.603996296634706198e+01
1.732500000000000284e+01 3.603996296634706198e+01
1.737500000000000000e+01 3.603996296634706198e+01
1.742500000000000426e+01 3.603996296634706198e+01
1.747500000000000142e+01 3.603996296634706198e+01
1.752499999999999858e+01 3.603996296634706198e+01
1.757500000000000284e+01 3.603996296634706198e+01
1.762500000000000000e+01 3.603996296634706198e+01
1.767500000000000426e+01 3.603996296634706198e+01
1.772500000000000142e+01 3.603996296634706198e+01
1.777499999999999858e+01 3.603996296634706198e+01
1.782500000000000284e+01 3.603996296634706198e+01
1.787500000000000000e+01 3.603996296634706198e+01
1.792500000000000426e+01 3.603996296634706198e+01
1.797500000000000142e+01 3.603996296634706198e+01
1.802499999999999858e+01 3.603996296634706198e+01
1.807500000000000284e+01 3.603996296634706198e+01
1.812500000000000000e+01 3.603996296634706198e+01
1.817500000000000426e+01 3.603996296634706198e+01
1.822500000000000142e+01 3.603996296634706198e+01
1.827499999999999858e+01 3.603996296634706198e+01
1.832500000000000284e+01 3.603996296634706198e+01
1.837500000000000000e+01 3.603996296634706198e+01
1.842500000000000426e+01 3.603996296634706198e+01
1.847500000000000142e+01 3.603996296634706198e+01
1.852499999999999858e+01 3.603996296634706198e+01
1.857500000000000284e+01 3.603996296634706198e+01
1.862500000000000000e+01 3.603996296634706198e+01
1.867500000000000426e+01 3.603996296634706198e+01
1.872500000000000142e+01 3.603996296634706198e+01
1.877499999999999858e+01 3.603996296634706198e+01
1.882500000000000284e+01 3.603996296634706198e+01
1.887500000000000000e+01 3.603996296634706198e+01
1.892500000000000426e+01 3.603996296634706198e+01
1.897500000000000142e+01 3.603996296634706198e+01
1.902499999999999858e+01 3.603996296634706198e+01
1.907500000000000284e+01 3.603996296634706198e+01
1.912500000000000000e+01 3.603996296634706198e+01
1.917500000000000426e+01 3.603996296634706198e+01
1.922500000000000142e+01 3.603996296634706198e+01
1.927499999999999858e+01 3.603996296634706198e+01
1.932500000000000284e+01 3.603996296634706198e+01
1.937500000000000000e+01 3.603996296634706198e+01
1.942500000000000426e+01 3.603996296634706198e+01
1.947500000000000142e+01 3.603996296634706198e+01
1.952499999999999858e+01 3.603996296634706198e+01
1.957500000000000284e+01 3.603996296634706198e+01
1.962500000000000000e+01 3.603996296634706198e+01
1.967500000000000426e+01 3.603996296634706198e+01
1.972500000000000142e+01 3.603996296634706198e+01
1.977499999999999858e+01 3.603996296634706198e+01
1.982500000000000284e+01 3.603996296634706198e+01
1.987500000000000000e+01 3.603996296634706198e+01
1.992500000000000426e+01 3.603996296634706198e+01
1.997500000000000142e+01 3.603996296634706198e+01
2.002499999999999858e+01 3.603996296634706198e+01
2.007500000000000284e+01 3.603996296634706198e+01
2.012500000000000000e+01 3.603996296634706198e+01
2.017500000000000426e+01 3.603996296634706198e+01
2.022500000000000142e+01 3.603996296634706198e+01
2.027499999999999858e+01 3.603996296634706198e+01
2.032500000000000284e+01 3.603996296634706198e+01
2.037500000000000000e+01 3.603996296634706198e+01
2.042500000000000426e+01 3.603996296634706198e+01
2.047500000000000142e+01 3.603996296634706198e+01
2.052499999999999858e+01 3.603996296634706198e+01
2.057500000000000284e+01 3.603996296634706198e+01
2.062500000000000000e+01 3.603996296634706198e+01
2.067500000000000426e+01 3.603996296634706198e+01
2.072500000000000142e+01 3.603996296634706198e+01
2.077499999999999858e+01 3.603996296634706198e+01
2.082500000000000284e+01 3.603996296634706198e+01
2.087500000000000000e+01 3.603996296634706198e+01
2.092500000000000426e+01 3.603996296634706198e+01
2.097500000000000142e+01 3.603996296634706198e+01
2.102499999999999858e+01 3.603996296634706198e+01
2.107500000000000284e+01 3.603996296634706198e+01
2.112500000000000000e+01 3.603996296634706198e+01
2.117500000000000426e+01 3.603996296634706198e+01
2.122500000000000142e+01 3.603996296634706198e+01
2.127499999999999858e+01 3.603996296634706198e+01
2.132500000000000284e+01 3.603996296634706198e+01
2.137500000000000000e+01 3.603996296634706198e+01
2.142500000000000426e+01 3.603996296634706198e+01
2.147500000000000142e+01 3.603996296634706198e+01
2.152499999999999858e+01 3.603996296634706198e+01
2.157500000000000284e+01 3.603996296634706198e+01
2.162500000000000000e+01 3.603996296634706198e+01
2.167500000000000426e+01 3.603996296634706198e+01
2.172500000000000142e+01 3.603996296634706198e+01
2.177499999999999858e+01 3.603996296634706198e+01
2.182500000000000284e+01 3.603996296634706198e+01
2.187500000000000000e+01 3.603996296634706198e+01
2.192500000000000426e+01 3.603996296634706198e+01
2.197500000000000142e+01 3.603996296634706198e+01
2.202499999999999858e+01 3.603996296634706198e+01
2.207500000000000284e+01 3.603996296634706198e+01
2.212500000000000000e+01 3.603996296634706198e+01
2.217500000000000426e+01 3.603996296634706198e+01
2.222500000000000142e+01 3.603996296634706198e+01
2.227499999999999858e+01 3.603996296634706198e+01
2.232500000000000284e+01 3.603996296634706198e+01
2.237500000000000000e+01 3.603996296634706198e+01
2.242500000000000426e+01 3.603996296634706198e+01
2.247500000000000142e+01 3.603996296634706198e+01
2.252499999999999858e+01 3.603996296634706198e+01
2.257500000000000284e+01 3.603996296634706198e+01
2.262500000000000000e+01 3.603996296634706198e+01
2.267500000000000426e+01 3.603996296634706198e+01
2.272500000000000142e+01 3.603996296634706198e+01
2.277499999999999858e+01 3.603996296634706198e+01
2.282500000000000284e+01 3.603996296634706198e+01
2.287500000000000000e+01 3.603996296634706198e+01
2.292500000000000426e+01 3.603996296634706198e+01
2.297500000000000142e+01 3.603996296634706198e+01
2.302499999999999858e+01 3.603996296634706198e+01
2.307500000000000284e+01 3.603996296634706198e+01
2.312500000000000000e+01 3.603996296634706198e+01
2.317500000000000426e+01 3.603996296634706198e+01
2.322500000000000142e+01 3.603996296634706198e+01
2.327499999999999858e+01 3.603996296634706198e+01
2.332500000000000284e+01 3.603996296634706198e+01
2.337500000000000000e+01 3.603996296634706198e+01
2.342500000000000426e+01 3.603996296634706198e+01
2.347500000000000142e+01 3.603996296634706198e+01
2.352499999999999858e+01 3.603996296634706198e+01
2.357500000000000284e+01 3.603996296634706198e+01
2.362500000000000000e+01 3.603996296634706198e+01
2.367500000000000426e+01 3.603996296634706198e+01
2.372500000000000142e+01 3.603996296634706198e+01
2.377499999999999858e+01 3.603996296634706198e+01
2.382500000000000284e+01 3.603996296634706198e+01
2.387500000000000000e+01 3.603996296634706198e+01
2.392500000000000426e+01 2.883197037307765243e+01
2.397500000000000142e+01 2.162397777980823932e+01
