# r_minus_2Rs_A,    PMF_over_kBT
-4.974999999999999645e+00 2.172469555329850266e+01
-4.924999999999999822e+00 2.896626073773133569e+01
-4.875000000000000000e+00 3.620782592216416873e+01
-4.825000000000000178e+00 3.620782592216416873e+01
-4.775000000000000355e+00 3.620782592216416873e+01
-4.724999999999999645e+00 3.620782592216416873e+01
-4.674999999999999822e+00 3.620782592216416873e+01
-4.625000000000000000e+00 3.620782592216416873e+01
-4.575000000000000178e+00 3.620782592216416873e+01
-4.525000000000000355e+00 3.620782592216416873e+01
-4.474999999999999645e+00 3.620782592216416873e+01
-4.424999999999999822e+00 3.620782592216416873e+01
-4.375000000000000000e+00 3.620782592216416873e+01
-4.325000000000000178e+00 3.620782592216416873e+01
-4.275000000000000355e+00 3.620782592216416873e+01
-4.224999999999999645e+00 3.620782592216416873e+01
-4.174999999999999822e+00 3.620782592216416873e+01
-4.125000000000000000e+00 3.620782592216416873e+01
-4.075000000000000178e+00 3.620782592216416873e+01
-4.025000000000000355e+00 3.620782592216416873e+01
-3.975000000000000089e+00 3.620782592216416873e+01
-3.924999999999999822e+00 3.620782592216416873e+01
-3.875000000000000000e+00 3.620782592216416873e+01
-3.824999999999999734e+00 3.620782592216416873e+01
-3.774999999999999911e+00 3.620782592216416873e+01
-3.725000000000000089e+00 3.620782592216416873e+01
-3.674999999999999822e+00 3.620782592216416873e+01
-3.625000000000000000e+00 3.620782592216416873e+01
-3.574999999999999734e+00 3.620782592216416873e+01
-3.524999999999999911e+00 3.620782592216416873e+01
-3.475000000000000089e+00 3.620782592216416873e+01
-3.424999999999999822e+00 3.620782592216416873e+01
-3.375000000000000000e+00 3.620782592216416873e+01
-3.324999999999999734e+00 3.620782592216416873e+01
-3.274999999999999911e+00 3.620782592216416873e+01
-3.225000000000000089e+00 3.620782592216416873e+01
-3.174999999999999822e+00 3.620782592216416873e+01
-3.125000000000000000e+00 3.620782592216416873e+01
-3.074999999999999734e+00 3.620782592216416873e+01
-3.024999999999999911e+00 3.620782592216416873e+01
-2.974999999999999645e+00 3.620782592216416873e+01
-2.924999999999999822e+00 3.620782592216416873e+01
-2.875000000000000000e+00 3.620782592216416873e+01
-2.825000000000000178e+00 3.620782592216416873e+01
-2.774999999999999911e+00 3.620782592216416873e+01
-2.724999999999999645e+00 3.620782592216416873e+01
-2.674999999999999822e+00 3.620782592216416873e+01
-2.625000000000000000e+00 3.620782592216416873e+01
-2.574999999999999734e+00 3.620782592216416873e+01
-2.524999999999999911e+00 3.620782592216416873e+01
-2.474999999999999645e+00 3.620782592216416873e+01
-2.424999999999999822e+00 3.620782592216416873e+01
-2.375000000000000000e+00 3.620782592216416873e+01
-2.324999999999999734e+00 3.620782592216416873e+01
-2.274999999999999911e+00 3.620782592216416873e+01
-2.224999999999999645e+00 3.620782592216416873e+01
-2.174999999999999822e+00 3.620782592216416873e+01
-2.125000000000000000e+00 3.620782592216416873e+01
-2.074999999999999734e+00 3.620782592216416873e+01
-2.024999999999999911e+00 3.620782592216416873e+01
-1.974999999999999645e+00 3.620782592216416873e+01
-1.924999999999999822e+00 3.620782592216416873e+01
-1.875000000000000000e+00 3.620782592216416873e+01
-1.824999999999999734e+00 3.620782592216416873e+01
-1.774999999999999911e+00 3.620782592216416873e+01
-1.724999999999999645e+00 3.620782592216416873e+01
-1.674999999999999822e+00 3.620782592216416873e+01
-1.625000000000000000e+00 3.620782592216416873e+01
-1.574999999999999734e+00 3.620782592216416873e+01
-1.524999999999999911e+00 3.620782592216416873e+01
-1.474999999999999645e+00 3.620782592216416873e+01
-1.424999999999999822e+00 3.620782592216416873e+01
-1.375000000000000000e+00 3.620782592216416873e+01
-1.324999999999999734e+00 3.620782592216416873e+01
-1.274999999999999911e+00 3.620782592216416873e+01
-1.224999999999999645e+00 3.620782592216416873e+01
-1.174999999999999822e+00 3.620782592216416873e+01
-1.125000000000000000e+00 3.620782592216416873e+01
-1.074999999999999734e+00 3.620782592216416873e+01
-1.024999999999999911e+00 3.620782592216416873e+01
-9.749999999999996447e-01 3.620782592216416873e+01
-9.249999999999998224e-01 3.620782592216416873e+01
-8.750000000000000000e-01 3.620782592216416873e+01
-8.249999999999992895e-01 3.620782592216416873e+01
-7.750000000000003553e-01 3.620782592216416873e+01
-7.249999999999996447e-01 3.620782592216416873e+01
-6.749999999999998224e-01 3.620782592216416873e+01
-6.250000000000000000e-01 3.620782592216416873e+01
-5.749999999999992895e-01 3.620782592216416873e+01
-5.250000000000003553e-01 3.620782592216416873e+01
-4.749999999999996447e-01 2.994295681413560928e+01
-4.249999999999998224e-01 2.316333788142618388e+01
-3.750000000000000000e-01 1.608354328235953190e+01
-3.249999999999992895e-01 8.788236790754053729e+00
-2.750000000000003553e-01 1.363080621966088701e+00
-2.249999999999996447e-01 1.294118275859269529e-01
-1.749999999999989342e-01 -6.191435151509097068e-01
-1.250000000000000000e-01 -1.078040212910700069e+00
-7.499999999999928946e-02 -1.306966675292310365e+00
-2.500000000000035527e-02 -1.383314164434243043e+00
2.500000000000035527e-02 -1.374385236176185465e+00
7.500000000000106581e-02 -1.314268008031958646e+00
1.250000000000000000e-01 -1.228071429822808147e+00
1.750000000000007105e-01 -1.142612657982498892e+00
2.249999999999996447e-01 -1.060960374474444468e+00
2.750000000000003553e-01 -9.850138807415398379e-01
3.250000000000010658e-01 -9.067790687164714036e-01
3.750000000000000000e-01 -8.445885148200891201e-01
4.250000000000007105e-01 -7.788815433429019386e-01
4.749999999999996447e-01 -7.247200547528273029e-01
5.250000000000003553e-01 -6.461012428379249162e-01
5.750000000000010658e-01 -5.817927988991351551e-01
6.250000000000000000e-01 -5.212716689412548732e-01
6.750000000000007105e-01 -4.638016925889616449e-01
7.249999999999996447e-01 -4.055099266553071624e-01
7.750000000000003553e-01 -3.736196751507801506e-01
8.250000000000010658e-01 -3.346120148985914367e-01
8.750000000000000000e-01 -2.876787615987879687e-01
9.250000000000007105e-01 -2.425398042850233360e-01
9.749999999999996447e-01 -2.117946242474865182e-01
1.025000000000000355e+00 -1.649609677403429397e-01
1.075000000000001066e+00 -1.350202511191082033e-01
1.125000000000000000e+00 -1.059823154230827152e-01
1.175000000000000711e+00 -8.629303805138484329e-02
1.224999999999999645e+00 -5.957733960572753062e-02
1.275000000000000355e+00 -4.082990629753311534e-02
1.325000000000001066e+00 -2.479714044719259075e-02
1.375000000000000000e+00 -1.416958952460554109e-02
1.425000000000000711e+00 -1.439397285148125150e-02
1.474999999999999645e+00 -1.816916863367979990e-03
1.525000000000000355e+00 5.095102804840939779e-04
1.575000000000001066e+00 2.949715361348381228e-03
1.625000000000000000e+00 2.909599130029861137e-03
1.675000000000000711e+00 5.977774663528733629e-03
1.724999999999999645e+00 5.167253299947561704e-03
1.775000000000000355e+00 -5.174269704155421909e-03
1.825000000000001066e+00 -1.895865308029343055e-02
1.875000000000000000e+00 -2.917375671891733399e-02
1.925000000000000711e+00 -4.411814109618461544e-02
1.974999999999999645e+00 -6.515246585275030755e-02
2.025000000000000355e+00 -8.063721614791710679e-02
2.075000000000001066e+00 -9.262772413837901120e-02
2.125000000000000000e+00 -1.081132401922460101e-01
2.175000000000000711e+00 -1.149499629544433188e-01
2.224999999999999645e+00 -1.200355260429603332e-01
2.275000000000000355e+00 -1.266871801442721879e-01
2.325000000000001066e+00 -1.363311119792736947e-01
2.375000000000000000e+00 -1.339816019115392665e-01
2.425000000000000711e+00 -1.346265606829472883e-01
2.474999999999999645e+00 -1.366465673649312207e-01
2.525000000000000355e+00 -1.376254101703256738e-01
2.575000000000001066e+00 -1.308822025876139605e-01
2.625000000000000000e+00 -1.274080679590291199e-01
2.675000000000000711e+00 -1.093197010521436280e-01
2.724999999999999645e+00 -9.341765475325872203e-02
2.775000000000000355e+00 -8.244943340811516919e-02
2.825000000000001066e+00 -6.462142652175728585e-02
2.875000000000000000e+00 -5.877873138115178447e-02
2.925000000000000711e+00 -4.974309922114771021e-02
2.974999999999999645e+00 -2.921401264904090883e-02
3.025000000000000355e+00 -7.949594900606624798e-03
3.074999999999999289e+00 7.983505517185209704e-03
3.125000000000000000e+00 2.967901189136235018e-02
3.175000000000000711e+00 4.325089310940626042e-02
3.225000000000001421e+00 4.568391187062169345e-02
3.275000000000000355e+00 5.851187544140046964e-02
3.324999999999999289e+00 8.190342009980967897e-02
3.375000000000000000e+00 1.101110305451282328e-01
3.425000000000000711e+00 1.340161330233843873e-01
3.475000000000001421e+00 1.584783745944321198e-01
3.525000000000000355e+00 1.814618220071583521e-01
3.574999999999999289e+00 1.827286700802748520e-01
3.625000000000000000e+00 1.909620890024925077e-01
3.675000000000000711e+00 2.022040135059732791e-01
3.725000000000001421e+00 2.083232397026673621e-01
3.775000000000000355e+00 2.107693554697060989e-01
3.824999999999999289e+00 2.232547782460425623e-01
3.875000000000000000e+00 2.260079756891052449e-01
3.925000000000000711e+00 2.298267392070457160e-01
3.975000000000001421e+00 2.505871496894823136e-01
4.025000000000000355e+00 2.642690441087374720e-01
4.074999999999999289e+00 2.890669528223238638e-01
4.125000000000000000e+00 3.067188134106469954e-01
4.175000000000000711e+00 3.181619342215178392e-01
4.225000000000001421e+00 3.112937508078811311e-01
4.275000000000000355e+00 3.113298982370625856e-01
4.324999999999999289e+00 2.944213874787916518e-01
4.375000000000000000e+00 2.916176276933044043e-01
4.425000000000000711e+00 2.747293392112798438e-01
4.475000000000001421e+00 2.633034673041777518e-01
4.525000000000000355e+00 2.501866565108880613e-01
4.575000000000001066e+00 2.352672665517960837e-01
4.625000000000000000e+00 2.039010890256776065e-01
4.675000000000000711e+00 1.975127865240633440e-01
4.725000000000001421e+00 1.813848735615714580e-01
4.775000000000000355e+00 1.604884272096732956e-01
4.825000000000001066e+00 1.473418035516150526e-01
4.875000000000000000e+00 1.328343571812158896e-01
4.925000000000000711e+00 1.083621094665776496e-01
4.975000000000001421e+00 8.760514618732706538e-02
5.025000000000000355e+00 5.901577959882225999e-02
5.075000000000001066e+00 3.377635849111477323e-02
5.125000000000000000e+00 1.519749668465522272e-02
5.175000000000000711e+00 -1.768686896754801058e-03
5.225000000000001421e+00 -1.841846273423506514e-02
5.275000000000000355e+00 -2.629962567169421769e-02
5.325000000000001066e+00 -3.874977909988892855e-02
5.375000000000000000e+00 -4.814950950901959736e-02
5.425000000000000711e+00 -6.749303956035745955e-02
5.475000000000001421e+00 -8.232818368004331255e-02
5.525000000000000355e+00 -9.286616637132852348e-02
5.575000000000001066e+00 -9.943872918126360483e-02
5.625000000000000000e+00 -1.042505201406339066e-01
5.675000000000000711e+00 -1.034837702006381616e-01
5.725000000000001421e+00 -1.073900993444592417e-01
5.775000000000000355e+00 -1.046469610862161004e-01
5.825000000000001066e+00 -1.094755078720933000e-01
5.875000000000000000e+00 -1.105582115698514056e-01
5.925000000000000711e+00 -1.045237488606208243e-01
5.975000000000001421e+00 -9.901465721653224250e-02
6.025000000000000355e+00 -9.660840634246987968e-02
6.075000000000001066e+00 -9.387331121949671342e-02
6.125000000000000000e+00 -9.020141806973355769e-02
6.175000000000000711e+00 -9.173327895104073371e-02
6.225000000000001421e+00 -8.846910063144548808e-02
6.275000000000000355e+00 -8.293412319303820890e-02
6.325000000000001066e+00 -6.844335204848235599e-02
6.375000000000000000e+00 -6.776835024781818761e-02
6.425000000000000711e+00 -6.289953848179266616e-02
6.475000000000001421e+00 -5.675519859597315253e-02
6.525000000000000355e+00 -5.501122160416720835e-02
6.575000000000001066e+00 -5.390094049085938921e-02
6.625000000000000000e+00 -4.695850246915078685e-02
6.675000000000000711e+00 -3.975031871833145658e-02
6.725000000000001421e+00 -3.353257621410641459e-02
6.775000000000000355e+00 -2.288353210342748342e-02
6.825000000000001066e+00 -1.334097932301787914e-02
6.875000000000000000e+00 -3.860060759249251804e-03
6.925000000000000711e+00 6.426300653922824117e-03
6.975000000000001421e+00 1.092691013943287819e-02
7.025000000000000355e+00 1.608443459597204070e-02
7.075000000000001066e+00 2.028337843310375199e-02
7.125000000000000000e+00 2.827584113902226540e-02
7.175000000000000711e+00 2.153345715584187650e-02
7.225000000000001421e+00 3.505689159986289521e-02
7.275000000000000355e+00 4.299549365344362134e-02
7.325000000000001066e+00 3.900629523068772919e-02
7.375000000000000000e+00 4.390942847229624413e-02
7.425000000000000711e+00 5.912094765811346658e-02
7.475000000000001421e+00 5.833858762756456706e-02
7.525000000000000355e+00 5.290632220985962836e-02
7.575000000000001066e+00 5.449681029172880053e-02
7.625000000000000000e+00 6.074467968630301723e-02
7.675000000000000711e+00 5.234143825790056603e-02
7.725000000000001421e+00 4.993516397900563814e-02
7.775000000000000355e+00 5.673022221715876001e-02
7.825000000000001066e+00 5.933188494292310905e-02
7.875000000000000000e+00 4.497395262711556541e-02
7.925000000000000711e+00 4.664492380527925086e-02
7.975000000000001421e+00 4.451016292452045220e-02
8.025000000000000355e+00 4.125723280571876039e-02
8.075000000000001066e+00 3.617213932916100994e-02
8.125000000000000000e+00 4.246340687431313793e-02
8.175000000000000711e+00 4.621814852947245950e-02
8.225000000000001421e+00 4.805883271431880821e-02
8.275000000000000355e+00 4.481570756513023057e-02
8.325000000000001066e+00 5.187923135403380709e-02
8.375000000000000000e+00 4.149938509435067285e-02
8.425000000000000711e+00 3.924131636048074079e-02
8.475000000000001421e+00 3.267800030371042358e-02
8.525000000000000355e+00 2.342880710929869104e-02
8.575000000000001066e+00 1.245489742814030049e-02
8.625000000000000000e+00 1.518315086297796802e-02
8.675000000000000711e+00 9.037222472328210535e-03
8.725000000000001421e+00 3.792419320857476003e-03
8.775000000000000355e+00 1.006680825256864829e-02
8.825000000000001066e+00 1.351027080236555551e-02
8.875000000000000000e+00 7.959301398403085051e-03
8.925000000000000711e+00 4.001377416168949534e-03
8.975000000000001421e+00 5.622881818891300836e-03
9.025000000000000355e+00 4.193908450970341463e-03
9.075000000000001066e+00 -1.568593266129525605e-03
9.125000000000000000e+00 -2.748793626493295419e-03
9.175000000000000711e+00 -2.605921736674688023e-03
9.225000000000001421e+00 -5.407300827466698760e-03
9.275000000000000355e+00 -1.538285707416733351e-02
9.325000000000001066e+00 -1.612975472530884385e-02
9.375000000000000000e+00 -1.622067674303693391e-02
9.425000000000000711e+00 -1.831224816141698714e-02
9.475000000000001421e+00 -1.537481009700911519e-02
9.525000000000000355e+00 -1.126945871394013921e-02
9.575000000000001066e+00 -9.564058850175171864e-03
9.625000000000000000e+00 -6.408293273550570018e-03
9.675000000000000711e+00 -5.573248730992830767e-03
9.725000000000001421e+00 -2.315642474558289501e-03
9.775000000000000355e+00 3.928386513539550151e-03
9.825000000000001066e+00 5.531518066522878377e-03
9.875000000000000000e+00 8.786300881332210697e-03
9.925000000000000711e+00 7.863902925304346037e-03
9.975000000000001421e+00 1.137253642788138433e-03
1.002500000000000036e+01 1.628124787519880578e-03
1.007500000000000107e+01 6.009349036173009017e-04
1.012500000000000000e+01 -3.313458973935113142e-03
1.017500000000000071e+01 -8.526570828092164527e-04
1.022500000000000142e+01 1.860105833457481768e-03
1.027500000000000036e+01 2.678599613815890734e-03
1.032500000000000107e+01 4.267981176042923847e-03
1.037500000000000000e+01 4.261812111775497951e-03
1.042500000000000071e+01 8.142483115647891276e-03
1.047500000000000142e+01 8.831777033855204087e-03
1.052500000000000036e+01 4.648527295360339005e-03
1.057500000000000107e+01 2.922778192741759627e-03
1.062500000000000000e+01 4.545246724001472671e-03
1.067500000000000071e+01 4.879391224681839390e-03
1.072500000000000142e+01 9.516878588012644968e-03
1.077500000000000036e+01 1.205206964528109451e-02
1.082500000000000107e+01 1.226510453960578777e-02
1.087500000000000000e+01 1.158802113646153695e-02
1.092500000000000071e+01 1.313560339771377948e-02
1.097500000000000142e+01 1.101393824175609347e-02
1.102499999999999858e+01 1.395649647990602170e-02
1.107500000000000284e+01 1.940079806737493584e-02
1.112500000000000000e+01 1.876289182197190750e-02
1.117500000000000071e+01 1.331339693408466716e-02
1.122500000000000142e+01 1.258481156902924343e-02
1.127499999999999858e+01 1.020977169536045961e-02
1.132500000000000284e+01 4.285472605853258427e-03
1.137500000000000000e+01 4.568356675331486025e-03
1.142500000000000071e+01 8.069384563905402166e-03
1.147500000000000142e+01 1.260601041654041410e-02
1.152499999999999858e+01 1.379051296365503207e-02
1.157500000000000284e+01 1.456389051766819945e-02
1.162500000000000000e+01 1.944155517004411346e-02
1.167500000000000071e+01 2.101258527061133918e-02
1.172500000000000142e+01 1.532393108881358219e-02
1.177499999999999858e+01 1.017698226169407895e-02
1.182500000000000284e+01 1.414285473955558849e-02
1.187500000000000000e+01 7.679736966042583976e-03
1.192500000000000071e+01 5.441095478220603701e-03
1.197500000000000142e+01 5.692672705673019334e-03
1.202499999999999858e+01 5.633879602341452381e-03
1.207500000000000284e+01 4.231305040676147655e-03
1.212500000000000000e+01 2.286026127569584700e-03
1.217500000000000071e+01 1.613119308657218589e-03
1.222500000000000142e+01 2.827424445186468919e-05
1.227499999999999858e+01 -3.501935916318646468e-04
1.232500000000000284e+01 6.556074449299846736e-04
1.237500000000000000e+01 -2.920038344591092765e-04
1.242500000000000071e+01 -1.056079041425661644e-03
1.247500000000000142e+01 2.019677022099486408e-03
1.252499999999999858e+01 -3.782677646057665071e-04
1.257500000000000284e+01 -3.466041488051630360e-03
1.262500000000000000e+01 -1.231243391537972971e-03
1.267500000000000071e+01 -2.261572398727906916e-03
1.272500000000000142e+01 -3.263702266074020725e-03
1.277499999999999858e+01 -1.163610675568804709e-03
1.282500000000000284e+01 9.639692154049585857e-04
1.287500000000000000e+01 1.225751109679151254e-04
1.292500000000000071e+01 3.708833179945259136e-03
1.297500000000000142e+01 3.560643044910705417e-03
1.302499999999999858e+01 5.327540511412821346e-03
1.307500000000000284e+01 2.613858111991263205e-03
1.312500000000000000e+01 6.206235109069169545e-03
1.317500000000000071e+01 3.771855044731964833e-03
1.322500000000000142e+01 4.407428566610249732e-03
1.327499999999999858e+01 3.013838009835012165e-03
1.332500000000000284e+01 2.969050408117012829e-03
1.337500000000000000e+01 -7.299997107079296294e-04
1.342500000000000071e+01 -5.641612242791183701e-03
1.347500000000000142e+01 -6.691921827622238951e-03
1.352499999999999858e+01 -4.917739589258119694e-03
1.357500000000000284e+01 -1.662443932394453523e-03
1.362500000000000000e+01 1.662298456905375935e-03
1.367500000000000071e+01 4.995707051113384631e-03
1.372500000000000142e+01 8.428161010243685877e-04
1.377499999999999858e+01 -6.228233940937851626e-04
1.382500000000000284e+01 -4.632377846892411256e-03
1.387500000000000000e+01 -8.023887867800639020e-03
1.392500000000000071e+01 -6.062728140463492267e-03
1.397500000000000142e+01 -3.060699576463221834e-03
1.402499999999999858e+01 -1.637181777886098557e-03
1.407500000000000284e+01 -2.657868582778277755e-03
1.412500000000000000e+01 -2.561247657799726150e-03
1.417500000000000426e+01 -5.472599344994223160e-03
1.422500000000000142e+01 -4.494170328105796461e-03
1.427499999999999858e+01 -3.136424686616835072e-03
1.432500000000000284e+01 -1.658974165351523398e-03
1.437500000000000000e+01 -2.646404801865289542e-04
1.442500000000000426e+01 9.951243024740820311e-04
1.447500000000000142e+01 -1.980373669206869722e-03
1.452499999999999858e+01 -5.167068123463636371e-03
1.457500000000000284e+01 -4.190744890830800339e-03
1.462500000000000000e+01 -5.641117985926769225e-03
1.467500000000000426e+01 -7.957773520491073435e-03
1.472500000000000142e+01 -1.101983637118060348e-02
1.477499999999999858e+01 -9.536584818807727210e-03
1.482500000000000284e+01 -1.111300113988598209e-02
1.487500000000000000e+01 -6.993938677657495981e-03
1.492500000000000426e+01 3.190556269565192338e-02
1.497500000000000142e+01 3.006111946741903407e-01
1.502499999999999858e+01 1.014313014250421530e+00
1.507500000000000284e+01 2.390835774541111292e+00
1.512500000000000000e+01 9.630748362449612188e+00
1.517500000000000426e+01 1.683572115229892674e+01
1.522500000000000142e+01 2.381352848268150879e+01
1.527499999999999858e+01 3.034104166240677358e+01
1.532500000000000284e+01 3.620782592216416873e+01
1.537500000000000000e+01 3.620782592216416873e+01
1.542500000000000426e+01 3.620782592216416873e+01
1.547500000000000142e+01 3.620782592216416873e+01
1.552499999999999858e+01 3.620782592216416873e+01
1.557500000000000284e+01 3.620782592216416873e+01
1.562500000000000000e+01 3.620782592216416873e+01
1.567500000000000426e+01 3.620782592216416873e+01
1.572500000000000142e+01 3.620782592216416873e+01
1.577499999999999858e+01 3.620782592216416873e+01
1.582500000000000284e+01 3.620782592216416873e+01
1.587500000000000000e+01 3.620782592216416873e+01
1.592500000000000426e+01 3.620782592216416873e+01
1.597500000000000142e+01 3.620782592216416873e+01
1.602499999999999858e+01 3.620782592216416873e+01
1.607500000000000284e+01 3.620782592216416873e+01
1.612500000000000000e+01 3.620782592216416873e+01
1.617500000000000426e+01 3.620782592216416873e+01
1.622500000000000142e+01 3.620782592216416873e+01
1.627499999999999858e+01 3.620782592216416873e+01
1.632500000000000284e+01 3.620782592216416873e+01
1.637500000000000000e+01 3.620782592216416873e+01
1.642500000000000426e+01 3.620782592216416873e+01
1.647500000000000142e+01 3.620782592216416873e+01
1.652499999999999858e+01 3.620782592216416873e+01
1.657500000000000284e+01 3.620782592216416873e+01
1.662500000000000000e+01 3.620782592216416873e+01
1.667500000000000426e+01 3.620782592216416873e+01
1.672500000000000142e+01 3.620782592216416873e+01
1.677499999999999858e+01 3.620782592216416873e+01
1.682500000000000284e+01 3.620782592216416873e+01
1.687500000000000000e+01 3.620782592216416873e+01
1.692500000000000426e+01 3.620782592216416873e+01
1.697500000000000142e+01 3.620782592216416873e+01
1.702499999999999858e+01 3.620782592216416873e+01
1.707500000000000284e+01 3.620782592216416873e+01
1.712500000000000000e+01 3.620782592216416873e+01
1.717500000000000426e+01 3.620782592216416873e+01
1.722500000000000142e+01 3.620782592216416873e+01
1.727499999999999858e+01 3.620782592216416873e+01
1.732500000000000284e+01 3.620782592216416873e+01
1.737500000000000000e+01 3.620782592216416873e+01
1.742500000000000426e+01 3.620782592216416873e+01
1.747500000000000142e+01 3.620782592216416873e+01
1.752499999999999858e+01 3.620782592216416873e+01
1.757500000000000284e+01 3.620782592216416873e+01
1.762500000000000000e+01 3.620782592216416873e+01
1.767500000000000426e+01 3.620782592216416873e+01
1.772500000000000142e+01 3.620782592216416873e+01
1.777499999999999858e+01 3.620782592216416873e+01
1.782500000000000284e+01 3.620782592216416873e+01
1.787500000000000000e+01 3.620782592216416873e+01
1.792500000000000426e+01 3.620782592216416873e+01
1.797500000000000142e+01 3.620782592216416873e+01
1.802499999999999858e+01 3.620782592216416873e+01
1.807500000000000284e+01 3.620782592216416873e+01
1.812500000000000000e+01 3.620782592216416873e+01
1.817500000000000426e+01 3.620782592216416873e+01
1.822500000000000142e+01 3.620782592216416873e+01
1.827499999999999858e+01 3.620782592216416873e+01
1.832500000000000284e+01 3.620782592216416873e+01
1.837500000000000000e+01 3.620782592216416873e+01
1.842500000000000426e+01 3.620782592216416873e+01
1.847500000000000142e+01 3.620782592216416873e+01
1.852499999999999858e+01 3.620782592216416873e+01
1.857500000000000284e+01 3.620782592216416873e+01
1.862500000000000000e+01 3.620782592216416873e+01
1.867500000000000426e+01 3.620782592216416873e+01
1.872500000000000142e+01 3.620782592216416873e+01
1.877499999999999858e+01 3.620782592216416873e+01
1.882500000000000284e+01 3.620782592216416873e+01
1.887500000000000000e+01 3.620782592216416873e+01
1.892500000000000426e+01 3.620782592216416873e+01
1.897500000000000142e+01 3.620782592216416873e+01
1.902499999999999858e+01 3.620782592216416873e+01
1.907500000000000284e+01 3.620782592216416873e+01
1.912500000000000000e+01 3.620782592216416873e+01
1.917500000000000426e+01 3.620782592216416873e+01
1.922500000000000142e+01 3.620782592216416873e+01
1.927499999999999858e+01 3.620782592216416873e+01
1.932500000000000284e+01 3.620782592216416873e+01
1.937500000000000000e+01 3.620782592216416873e+01
1.942500000000000426e+01 3.620782592216416873e+01
1.947500000000000142e+01 3.620782592216416873e+01
1.952499999999999858e+01 3.620782592216416873e+01
1.957500000000000284e+01 3.620782592216416873e+01
1.962500000000000000e+01 3.620782592216416873e+01
1.967500000000000426e+01 3.620782592216416873e+01
1.972500000000000142e+01 3.620782592216416873e+01
1.977499999999999858e+01 3.620782592216416873e+01
1.982500000000000284e+01 3.620782592216416873e+01
1.987500000000000000e+01 3.620782592216416873e+01
1.992500000000000426e+01 3.620782592216416873e+01
1.997500000000000142e+01 3.620782592216416873e+01
2.002499999999999858e+01 3.620782592216416873e+01
2.007500000000000284e+01 3.620782592216416873e+01
2.012500000000000000e+01 3.620782592216416873e+01
2.017500000000000426e+01 3.620782592216416873e+01
2.022500000000000142e+01 3.620782592216416873e+01
2.027499999999999858e+01 3.620782592216416873e+01
2.032500000000000284e+01 3.620782592216416873e+01
2.037500000000000000e+01 3.620782592216416873e+01
2.042500000000000426e+01 3.620782592216416873e+01
2.047500000000000142e+01 3.620782592216416873e+01
2.052499999999999858e+01 3.620782592216416873e+01
2.057500000000000284e+01 3.620782592216416873e+01
2.062500000000000000e+01 3.620782592216416873e+01
2.067500000000000426e+01 3.620782592216416873e+01
2.072500000000000142e+01 3.620782592216416873e+01
2.077499999999999858e+01 3.620782592216416873e+01
2.082500000000000284e+01 3.620782592216416873e+01
2.087500000000000000e+01 3.620782592216416873e+01
2.092500000000000426e+01 3.620782592216416873e+01
2.097500000000000142e+01 3.620782592216416873e+01
2.102499999999999858e+01 3.620782592216416873e+01
2.107500000000000284e+01 3.620782592216416873e+01
2.112500000000000000e+01 3.620782592216416873e+01
2.117500000000000426e+01 3.620782592216416873e+01
2.122500000000000142e+01 3.620782592216416873e+01
2.127499999999999858e+01 3.620782592216416873e+01
2.132500000000000284e+01 3.620782592216416873e+01
2.137500000000000000e+01 3.620782592216416873e+01
2.142500000000000426e+01 3.620782592216416873e+01
2.147500000000000142e+01 3.620782592216416873e+01
2.152499999999999858e+01 3.620782592216416873e+01
2.157500000000000284e+01 3.620782592216416873e+01
2.162500000000000000e+01 3.620782592216416873e+01
2.167500000000000426e+01 3.620782592216416873e+01
2.172500000000000142e+01 3.620782592216416873e+01
2.177499999999999858e+01 3.620782592216416873e+01
2.182500000000000284e+01 3.620782592216416873e+01
2.187500000000000000e+01 3.620782592216416873e+01
2.192500000000000426e+01 3.620782592216416873e+01
2.197500000000000142e+01 3.620782592216416873e+01
2.202499999999999858e+01 3.620782592216416873e+01
2.207500000000000284e+01 3.620782592216416873e+01
2.212500000000000000e+01 3.620782592216416873e+01
2.217500000000000426e+01 3.620782592216416873e+01
2.222500000000000142e+01 3.620782592216416873e+01
2.227499999999999858e+01 3.620782592216416873e+01
2.232500000000000284e+01 3.620782592216416873e+01
2.237500000000000000e+01 3.620782592216416873e+01
2.242500000000000426e+01 3.620782592216416873e+01
2.247500000000000142e+01 3.620782592216416873e+01
2.252499999999999858e+01 3.620782592216416873e+01
2.257500000000000284e+01 3.620782592216416873e+01
2.262500000000000000e+01 3.620782592216416873e+01
2.267500000000000426e+01 3.620782592216416873e+01
2.272500000000000142e+01 3.620782592216416873e+01
2.277499999999999858e+01 3.620782592216416873e+01
2.282500000000000284e+01 3.620782592216416873e+01
2.287500000000000000e+01 3.620782592216416873e+01
2.292500000000000426e+01 3.620782592216416873e+01
2.297500000000000142e+01 3.620782592216416873e+01
2.302499999999999858e+01 3.620782592216416873e+01
2.307500000000000284e+01 3.620782592216416873e+01
2.312500000000000000e+01 3.620782592216416873e+01
2.317500000000000426e+01 3.620782592216416873e+01
2.322500000000000142e+01 3.620782592216416873e+01
2.327499999999999858e+01 3.620782592216416873e+01
2.332500000000000284e+01 3.620782592216416873e+01
2.337500000000000000e+01 3.620782592216416873e+01
2.342500000000000426e+01 3.620782592216416873e+01
2.347500000000000142e+01 3.620782592216416873e+01
2.352499999999999858e+01 3.620782592216416873e+01
2.357500000000000284e+01 3.620782592216416873e+01
2.362500000000000000e+01 3.620782592216416873e+01
2.367500000000000426e+01 3.620782592216416873e+01
2.372500000000000142e+01 3.620782592216416873e+01
2.377499999999999858e+01 3.620782592216416873e+01
2.382500000000000284e+01 3.620782592216416873e+01
2.387500000000000000e+01 3.620782592216416873e+01
2.392500000000000426e+01 3.620782592216416873e+01
2.397500000000000142e+01 3.620782592216416873e+01
2.402499999999999858e+01 3.620782592216416873e+01
2.407500000000000284e+01 3.620782592216416873e+01
2.412500000000000000e+01 3.620782592216416873e+01
2.417500000000000426e+01 3.620782592216416873e+01
2.422500000000000142e+01 3.620782592216416873e+01
2.427499999999999858e+01 3.620782592216416873e+01
2.432500000000000284e+01 3.620782592216416873e+01
2.437500000000000000e+01 3.620782592216416873e+01
2.442500000000000426e+01 3.620782592216416873e+01
2.447500000000000142e+01 3.620782592216416873e+01
2.452499999999999858e+01 3.620782592216416873e+01
2.457500000000000284e+01 3.620782592216416873e+01
2.462500000000000000e+01 3.620782592216416873e+01
2.467500000000000426e+01 3.620782592216416873e+01
2.472500000000000142e+01 3.620782592216416873e+01
2.477499999999999858e+01 3.620782592216416873e+01
2.482500000000000284e+01 3.620782592216416873e+01
2.487500000000000000e+01 3.620782592216416873e+01
2.492500000000000426e+01 2.896626073773133569e+01
2.497500000000000142e+01 2.172469555329850266e+01
