# r_minus_2Rs_A,    PMF_over_kBT
-8.388999999999988688e-01 3.304323329202750159e+01
-8.247645679999990875e-01 4.405109148431079547e+01
-8.106291359999993063e-01 5.504070309253010151e+01
-7.964937039999995250e-01 6.598496052699378822e+01
-7.823582719999997437e-01 6.581459485169732204e+01
-7.682228399999999624e-01 6.545061466031563668e+01
-7.540874070000000984e-01 6.475089479170004836e+01
-7.399519750000003171e-01 6.352919186212735525e+01
-7.258165430000005358e-01 6.158246079648949234e+01
-7.116811110000007545e-01 5.873914849682567052e+01
-6.975456790000009732e-01 5.491726825896358122e+01
-6.834102470000011920e-01 5.017004119270643514e+01
-6.692748150000014107e-01 4.469436880533584855e+01
-6.551393830000016294e-01 3.879993527423641098e+01
-6.410039509999982954e-01 3.284105424502373438e+01
-6.268685189999985141e-01 2.713425418643682718e+01
-6.127330859999986501e-01 2.189592271942459334e+01
-5.985976539999988688e-01 1.721387265891905471e+01
-5.844622219999990875e-01 1.306564151982640887e+01
-5.703267899999993062e-01 9.364482660787457391e+00
-5.561913579999995250e-01 6.015803950369351227e+00
-5.420559259999997437e-01 2.953194607540869487e+00
-5.279204939999999624e-01 1.471090051617049699e-01
-5.137850620000001811e-01 -2.407644406911523927e+00
-4.996496300000003998e-01 -4.710837260497666712e+00
-4.855141980000006185e-01 -6.769124118826050029e+00
-4.713787650000007545e-01 -8.602257125554803707e+00
-4.572433330000009732e-01 -1.023887425153454878e+01
-4.431079010000011920e-01 -1.170778210153052434e+01
-4.289724690000014107e-01 -1.303073529008597475e+01
-4.148370370000016294e-01 -1.421967529894244642e+01
-4.007016049999982954e-01 -1.527860430844634010e+01
-3.865661729999985141e-01 -1.621189312128043269e+01
-3.724307409999987328e-01 -1.702683905074377790e+01
-3.582953089999989515e-01 -1.773471596106247716e+01
-3.441598769999991703e-01 -1.834874734596494505e+01
-3.300244439999993062e-01 -1.887980281189053500e+01
-3.158890119999995250e-01 -1.933889356036676332e+01
-3.017535799999997437e-01 -1.973620466042549282e+01
-2.876181479999999624e-01 -2.007909487520461767e+01
-2.734827160000001811e-01 -2.036968728215122937e+01
-2.593472840000003998e-01 -2.060726107085177006e+01
-2.452118520000006185e-01 -2.079398177453944996e+01
-2.310764200000008373e-01 -2.093548736264602184e+01
-2.169409880000010560e-01 -2.103809050853389095e+01
-2.028055560000012747e-01 -2.110715229738845622e+01
-1.886701230000014107e-01 -2.114457833277172583e+01
-1.745346910000016294e-01 -2.115165802895610980e+01
-1.603992589999982954e-01 -2.113143813858010844e+01
-1.462638269999985141e-01 -2.109011286736610558e+01
-1.321283949999987328e-01 -2.103134310944425067e+01
-1.179929629999989515e-01 -2.095564309616765541e+01
-1.038575309999991703e-01 -2.086418671015839621e+01
-8.972209899999938898e-02 -2.075861381760335789e+01
-7.558666699999960770e-02 -2.064033448805964710e+01
-6.145123499999982641e-02 -2.051034275433829634e+01
-4.731580199999996239e-02 -2.036912038960292648e+01
-3.318037000000018111e-02 -2.021613210490766477e+01
-1.904493800000039982e-02 -2.005248846529001483e+01
-4.909506000000618542e-03 -1.988045061184075024e+01
9.225925999999162741e-03 -1.970381664601023530e+01
2.336135799999894402e-02 -1.952520200061939448e+01
3.749678999999872531e-02 -1.934519452446083321e+01
5.163222199999850659e-02 -1.916455203768727245e+01
6.576765399999828787e-02 -1.898364608126521347e+01
7.990308600000162187e-02 -1.880456123781863198e+01
9.403851900000148589e-02 -1.862921306856745218e+01
1.081739510000012672e-01 -1.845553410204610501e+01
1.223093830000010485e-01 -1.828097744978370542e+01
1.364448150000008297e-01 -1.810407946411054780e+01
1.505802470000006110e-01 -1.792789268980533990e+01
1.647156790000003923e-01 -1.775628483644477740e+01
1.788511110000001736e-01 -1.758913366446316218e+01
1.929865429999999549e-01 -1.742153200444463579e+01
2.071219749999997362e-01 -1.724988200250625781e+01
2.212574069999995174e-01 -1.707496559397308999e+01
2.353928399999993815e-01 -1.689983603316422744e+01
2.495282719999991627e-01 -1.672687507205208846e+01
2.636637039999989440e-01 -1.655606138981679365e+01
2.777991359999987253e-01 -1.638654761477584998e+01
2.919345679999985066e-01 -1.621744848702568831e+01
3.060699999999982879e-01 -1.604991951950653473e+01
3.202054320000016219e-01 -1.588497488170278160e+01
3.343408640000014032e-01 -1.572361592553995635e+01
3.484762960000011844e-01 -1.556479285368489052e+01
3.626117280000009657e-01 -1.540938490036061026e+01
3.767471600000007470e-01 -1.525670814774569450e+01
3.908825930000006110e-01 -1.510326216671787058e+01
4.050180250000003923e-01 -1.494736492215150570e+01
4.191534570000001736e-01 -1.478822031571414009e+01
4.332888889999999549e-01 -1.462886575342299089e+01
4.474243209999997362e-01 -1.447098068624128331e+01
4.615597529999995174e-01 -1.431580143469833999e+01
4.756951849999992987e-01 -1.416334678237975986e+01
4.898306169999990800e-01 -1.401254069495020360e+01
5.039660489999988613e-01 -1.386131851456379316e+01
5.181014809999986426e-01 -1.370772776586983888e+01
5.322369139999985066e-01 -1.355061328717714453e+01
5.463723459999982879e-01 -1.339074812588253138e+01
5.605077780000016219e-01 -1.323070487948373675e+01
5.746432100000014032e-01 -1.307229883133426540e+01
5.887786420000011844e-01 -1.291586428121421370e+01
6.029140740000009657e-01 -1.275799343296470845e+01
6.170495060000007470e-01 -1.259759196247972923e+01
6.311849380000005283e-01 -1.243910578907855857e+01
6.453203700000003096e-01 -1.228952145545954977e+01
6.594558020000000909e-01 -1.214980787273864848e+01
6.735912349999999549e-01 -1.201331195631533966e+01
6.877266669999997362e-01 -1.187298973069130881e+01
7.018620989999995174e-01 -1.172618329894896938e+01
7.159975309999992987e-01 -1.157648310267511960e+01
7.301329629999990800e-01 -1.142700183100554234e+01
7.442683949999988613e-01 -1.127935698552246357e+01
7.584038269999986426e-01 -1.113114208592516974e+01
7.725392589999984239e-01 -1.098033644743821213e+01
7.866746910000017579e-01 -1.082892407429507919e+01
8.008101230000015391e-01 -1.067991580372313365e+01
8.149455560000014032e-01 -1.053571728094819981e+01
8.290809880000011844e-01 -1.039536285095494250e+01
8.432164200000009657e-01 -1.025738934454860107e+01
8.573518520000007470e-01 -1.012214645447032169e+01
8.714872840000005283e-01 -9.990747242756031099e+00
8.856227160000003096e-01 -9.860751677226540224e+00
8.997581480000000909e-01 -9.728045082828613133e+00
9.138935799999998721e-01 -9.590883102744625077e+00
9.280290119999996534e-01 -9.450632720230760953e+00
9.421644439999994347e-01 -9.309774288249926144e+00
9.562998769999992987e-01 -9.167923642435257037e+00
9.704353089999990800e-01 -9.023775602754644964e+00
9.845707409999988613e-01 -8.877160309847795361e+00
9.987061729999986426e-01 -8.727738809999635805e+00
1.012841604999998424e+00 -8.577811550994416834e+00
1.026977037000001758e+00 -8.430903285573553063e+00
1.041112469000001539e+00 -8.288682723012323450e+00
1.055247901000001320e+00 -8.148600163417503595e+00
1.069383333000001102e+00 -8.008039092742315290e+00
1.083518765000000883e+00 -7.868709755190103294e+00
1.097654198000000747e+00 -7.734249467878171025e+00
1.111789630000000528e+00 -7.605820775567567082e+00
1.125925062000000310e+00 -7.481912691511934277e+00
1.140060494000000091e+00 -7.360402694455655315e+00
1.154195925999999872e+00 -7.239066435282766498e+00
1.168331357999999653e+00 -7.115978491532741756e+00
1.182466789999999435e+00 -6.990650475394531327e+00
1.196602221999999216e+00 -6.864104396394998808e+00
1.210737653999998997e+00 -6.737127887574295038e+00
1.224873085999998779e+00 -6.610560488546241231e+00
1.239008518999998643e+00 -6.484433080153015894e+00
1.253143950999998424e+00 -6.358988608634062345e+00
1.267279383000001758e+00 -6.234617335245284941e+00
1.281414815000001539e+00 -6.108529636221775583e+00
1.295550247000001320e+00 -5.978931169188224537e+00
1.309685679000001102e+00 -5.845644354037938584e+00
1.323821111000000883e+00 -5.708439744399933957e+00
1.337956543000000664e+00 -5.567986405873536881e+00
1.352091975000000446e+00 -5.428273226603542945e+00
1.366227407000000227e+00 -5.295006848481730977e+00
1.380362840000000091e+00 -5.170706071902834822e+00
1.394498271999999872e+00 -5.052108284462748955e+00
1.408633703999999653e+00 -4.935111727443493024e+00
1.422769135999999435e+00 -4.819075301588893190e+00
1.436904567999999216e+00 -4.704737138298199284e+00
1.451039999999998997e+00 -4.592885194109565639e+00
1.465175431999998779e+00 -4.481177496001639504e+00
1.479310863999998560e+00 -4.367791382093133556e+00
1.493446295999998341e+00 -4.251265402074141164e+00
1.507581728000001675e+00 -4.132509691408817076e+00
1.521717160000001456e+00 -4.011894134092428565e+00
1.535852593000001320e+00 -3.888839934502324791e+00
1.549988025000001102e+00 -3.764732072824171105e+00
1.564123457000000883e+00 -3.640467841823908035e+00
1.578258889000000664e+00 -3.520637546980360355e+00
1.592394321000000446e+00 -3.407031559673801446e+00
1.606529753000000227e+00 -3.298466072889048917e+00
1.620665185000000008e+00 -3.193691643022213977e+00
1.634800616999999789e+00 -3.091057586860647799e+00
1.648936048999999571e+00 -2.989886921978659906e+00
1.663071480999999352e+00 -2.889644796438175067e+00
1.677206913999999216e+00 -2.789721716287679953e+00
1.691342345999998997e+00 -2.690622920136564122e+00
1.705477777999998779e+00 -2.593208722800643962e+00
1.719613209999998560e+00 -2.496993545638845013e+00
1.733748641999998341e+00 -2.401387512738788477e+00
1.747884074000001675e+00 -2.304242504147769210e+00
1.762019506000001456e+00 -2.204590151253929431e+00
1.776154938000001238e+00 -2.103807702868314866e+00
1.790290370000001019e+00 -2.003599201934769702e+00
1.804425802000000800e+00 -1.904575244220374719e+00
1.818561235000000664e+00 -1.808188326642822030e+00
1.832696667000000446e+00 -1.716291195229036504e+00
1.846832099000000227e+00 -1.630005352828533205e+00
1.860967531000000008e+00 -1.548107982619558731e+00
1.875102962999999789e+00 -1.467817152097889988e+00
1.889238394999999571e+00 -1.387862607319307440e+00
1.903373826999999352e+00 -1.306414695070536425e+00
1.917509258999999133e+00 -1.219573096066825402e+00
1.931644690999998915e+00 -1.122416043059643043e+00
1.945780122999998696e+00 -1.014792973651650332e+00
1.959915555999998560e+00 -9.004144400394930026e-01
1.974050987999998341e+00 -7.862905853172286186e-01
1.988186420000001675e+00 -6.789649246186044707e-01
2.002321852000001456e+00 -5.817458918581953631e-01
2.016457284000001238e+00 -4.944879923496424690e-01
2.030592716000001019e+00 -4.124887683790762205e-01
2.044728148000000800e+00 -3.344483837185485697e-01
2.058863580000000582e+00 -2.594536475467741354e-01
2.072999012000000363e+00 -1.851826047146651888e-01
2.087134444000000144e+00 -1.077180557561921576e-01
2.101269877000000008e+00 -2.466535183961344677e-02
2.115405308999999789e+00 6.317886061736997794e-02
2.129540740999999571e+00 1.526393770209999445e-01
2.143676172999999352e+00 2.396608002365402112e-01
2.157811604999999133e+00 3.213184096239712351e-01
2.171947036999998915e+00 3.980824875753571912e-01
2.186082468999998696e+00 4.713671693559481346e-01
2.200217900999998477e+00 5.424732565144599894e-01
2.214353332999998258e+00 6.120106005039229746e-01
2.228488765000001592e+00 6.795667283539614800e-01
2.242624198000001456e+00 7.456296301693090545e-01
2.256759630000001238e+00 8.099562647845790497e-01
2.270895062000001019e+00 8.724869659224598895e-01
2.285030494000000800e+00 9.328075759524120381e-01
2.299165926000000582e+00 9.910583155003276357e-01
2.313301358000000363e+00 1.046197682114784699e+00
2.327436790000000144e+00 1.096128356038993390e+00
2.341572221999999925e+00 1.141120243742599571e+00
2.355707653999999707e+00 1.182934185908461444e+00
2.369843085999999488e+00 1.226131028593413053e+00
2.383978518999999352e+00 1.275339097934703236e+00
2.398113950999999133e+00 1.332356285253915473e+00
2.412249382999998915e+00 1.394950164155041250e+00
2.426384814999998696e+00 1.457415435921164404e+00
2.440520246999998477e+00 1.516650787544603363e+00
2.454655678999998258e+00 1.571285710199569197e+00
2.468791111000001592e+00 1.619644877894149460e+00
2.482926543000001374e+00 1.659688798048269520e+00
2.497061975000001155e+00 1.687333220560530922e+00
2.511197407000000936e+00 1.700384996412874106e+00
2.525332840000000800e+00 1.701708051233039587e+00
2.539468272000000582e+00 1.699618293270238611e+00
2.553603704000000363e+00 1.700366901850528079e+00
2.567739136000000144e+00 1.706515314794227578e+00
2.581874567999999925e+00 1.719059282157526125e+00
2.596009999999999707e+00 1.738763302264952015e+00
2.610145431999999488e+00 1.765746032477407912e+00
2.624280863999999269e+00 1.796126302232683436e+00
2.638416295999999051e+00 1.825921352676595832e+00
2.652551727999998832e+00 1.851879630126322951e+00
2.666687159999998613e+00 1.872288313379260272e+00
2.680822592999998477e+00 1.885736065124465455e+00
2.694958024999998258e+00 1.893314941300703769e+00
2.709093457000001592e+00 1.897417285352718697e+00
2.723228889000001374e+00 1.901225479798396067e+00
2.737364321000001155e+00 1.905791211723042666e+00
2.751499753000000936e+00 1.911718650879207448e+00
2.765635185000000718e+00 1.918845578129699136e+00
2.779770617000000499e+00 1.923506948710092646e+00
2.793906049000000280e+00 1.923325656368247705e+00
2.808041481000000061e+00 1.920625459328203277e+00
2.822176913999999925e+00 1.920315420364893555e+00
2.836312345999999707e+00 1.924687800082042433e+00
2.850447777999999488e+00 1.932314716685445743e+00
2.864583209999999269e+00 1.939179339972240568e+00
2.878718641999999051e+00 1.942708952696901692e+00
2.892854073999998832e+00 1.942975770903240917e+00
2.906989505999998613e+00 1.945655822135722079e+00
2.921124937999998394e+00 1.954597116427990500e+00
2.935260370000001728e+00 1.967116297582914397e+00
2.949395802000001510e+00 1.977947032504625779e+00
2.963531235000001374e+00 1.982584277691611163e+00
2.977666667000001155e+00 1.983136906818709688e+00
2.991802099000000936e+00 1.982125227000725687e+00
3.005937531000000718e+00 1.981470525071169275e+00
3.020072963000000499e+00 1.981053927223888733e+00
3.034208395000000280e+00 1.979712361731566173e+00
3.048343827000000061e+00 1.978763453221999979e+00
3.062479258999999843e+00 1.979665803564415683e+00
3.076614690999999624e+00 1.983143811971018522e+00
3.090750122999999405e+00 1.986526674449980989e+00
3.104885555999999269e+00 1.985619617575223428e+00
3.119020987999999051e+00 1.979917169105728902e+00
3.133156419999998832e+00 1.971415185172676443e+00
3.147291851999998613e+00 1.963779822292805566e+00
3.161427283999998394e+00 1.958931782693146717e+00
3.175562716000001728e+00 1.957133815851174408e+00
3.189698148000001510e+00 1.958069816075270753e+00
3.203833580000001291e+00 1.959392913835549477e+00
3.217969012000001072e+00 1.958433661889761090e+00
3.232104444000000854e+00 1.951865398976416976e+00
3.246239877000000718e+00 1.937837386727508715e+00
3.260375309000000499e+00 1.917588167112308950e+00
3.274510741000000280e+00 1.897100696345801252e+00
3.288646173000000061e+00 1.883416152201073945e+00
3.302781604999999843e+00 1.878675184099976692e+00
3.316917036999999624e+00 1.878994103355008605e+00
3.331052468999999405e+00 1.879677282071914535e+00
3.345187900999999187e+00 1.880363324220238441e+00
3.359323332999998968e+00 1.884755790337619974e+00
3.373458764999998749e+00 1.894449711778591450e+00
3.387594197999998613e+00 1.906670028338513845e+00
3.401729629999998394e+00 1.916813507701840225e+00
3.415865062000001728e+00 1.922053854359828229e+00
3.430000494000001510e+00 1.923584831827670261e+00
3.444135926000001291e+00 1.922290200498110613e+00
3.458271358000001072e+00 1.918829017595449216e+00
3.472406790000000854e+00 1.913364174495061576e+00
3.486542222000000635e+00 1.906579178165502153e+00
3.500677654000000416e+00 1.901926180070213634e+00
3.514813086000000197e+00 1.903817861788785537e+00
3.528948519000000061e+00 1.914265158940546829e+00
3.543083950999999843e+00 1.929885112553138216e+00
3.557219382999999624e+00 1.945973514533501092e+00
3.571354814999999405e+00 1.958134152606647582e+00
3.585490246999999187e+00 1.962250778175578914e+00
3.599625678999998968e+00 1.957394335000593566e+00
3.613761110999998749e+00 1.945972651603773640e+00
3.627896542999998530e+00 1.934537953819124967e+00
3.642031974999998312e+00 1.928320720745800854e+00
3.656167407000001646e+00 1.927594022532178375e+00
3.670302840000001510e+00 1.930371427884073343e+00
3.684438272000001291e+00 1.933337746952762393e+00
3.698573704000001072e+00 1.935804060972415419e+00
3.712709136000000854e+00 1.938068877289689906e+00
3.726844568000000635e+00 1.940701207799208960e+00
3.740980000000000416e+00 1.943506876584618626e+00
3.755115432000000197e+00 1.943326767899501650e+00
3.769250863999999979e+00 1.939032609508962279e+00
3.783386295999999760e+00 1.933456436189519678e+00
3.797521727999999541e+00 1.930631938642396905e+00
3.811657159999999323e+00 1.930804067089592735e+00
3.825792592999999187e+00 1.931270174575060228e+00
3.839928024999998968e+00 1.930894736344079377e+00
3.854063456999998749e+00 1.929546740575089903e+00
3.868198888999998530e+00 1.926352016864716576e+00
3.882334320999998312e+00 1.919672449611031340e+00
3.896469753000001646e+00 1.909691164616553749e+00
3.910605185000001427e+00 1.898170387335714082e+00
3.924740617000001208e+00 1.886460405721503975e+00
3.938876049000000990e+00 1.874496649155986461e+00
3.953011481000000771e+00 1.861883691864041568e+00
3.967146914000000635e+00 1.849842315441318163e+00
3.981282346000000416e+00 1.840778108764205001e+00
3.995417778000000197e+00 1.836785552195370430e+00
4.009553209999999979e+00 1.839362929437399430e+00
4.023688641999999760e+00 1.845742554885964948e+00
4.037824073999999541e+00 1.850066808997877787e+00
4.051959505999999323e+00 1.847385588178579896e+00
4.066094937999999104e+00 1.835640627336908581e+00
4.080230369999998885e+00 1.817189721514829159e+00
4.094365801999998666e+00 1.794083742042842378e+00
4.108501234999998530e+00 1.767627782146081961e+00
4.122636666999998312e+00 1.739494491097934858e+00
4.136772099000001646e+00 1.712978666315310594e+00
4.150907531000001427e+00 1.691463396206164704e+00
4.165042963000001208e+00 1.676904687935545812e+00
4.179178395000000990e+00 1.669904316328224780e+00
4.193313827000000771e+00 1.669057163136745459e+00
4.207449259000000552e+00 1.671708608642089589e+00
4.221584691000000333e+00 1.673469781370383380e+00
4.235720123000000115e+00 1.672108921466881615e+00
4.249855555999999979e+00 1.667021308528396251e+00
4.263990987999999760e+00 1.658533206038727004e+00
4.278126419999999541e+00 1.647366254583213507e+00
4.292261851999999323e+00 1.634451090221750835e+00
4.306397283999999104e+00 1.620595927977761308e+00
4.320532715999998885e+00 1.604343221394177732e+00
4.334668147999998666e+00 1.584319953704525830e+00
4.348803579999998448e+00 1.560632836479993957e+00
4.362939011999998229e+00 1.537261145833860754e+00
4.377074444000001563e+00 1.517335352234814083e+00
4.391209877000001427e+00 1.500027380139866695e+00
4.405345309000001208e+00 1.482340431683260018e+00
4.419480741000000990e+00 1.461799690554218101e+00
4.433616173000000771e+00 1.438061589398220264e+00
4.447751605000000552e+00 1.411970223898999510e+00
4.461887037000000333e+00 1.385587312276451488e+00
4.476022469000000115e+00 1.359532464812177155e+00
4.490157900999999896e+00 1.333064690617066672e+00
4.504293332999999677e+00 1.305910562765050686e+00
4.518428764999999458e+00 1.279619991589002526e+00
4.532564197999999323e+00 1.256181006330191252e+00
4.546699629999999104e+00 1.234016639502191648e+00
4.560835061999998885e+00 1.209555764252011389e+00
4.574970493999998666e+00 1.181454145713380033e+00
4.589105925999998448e+00 1.150704677670798759e+00
4.603241357999998229e+00 1.120797064515000274e+00
4.617376790000001563e+00 1.093724496834761029e+00
4.631512222000001344e+00 1.068756707336863343e+00
4.645647654000001125e+00 1.045096477892116127e+00
4.659783086000000907e+00 1.022944877053685531e+00
4.673918519000000771e+00 1.003379421133583804e+00
4.688053951000000552e+00 9.864121579618038149e-01
4.702189383000000333e+00 9.711585686222730107e-01
4.716324815000000115e+00 9.543967944593040320e-01
4.730460246999999896e+00 9.327202658643933830e-01
4.744595678999999677e+00 9.035443433110696976e-01
4.758731110999999458e+00 8.653779949386652959e-01
4.772866542999999240e+00 8.197479127985983771e-01
4.787001974999999021e+00 7.706775978574166297e-01
4.801137406999998802e+00 7.242282355570897057e-01
4.815272839999998666e+00 6.835951848258249308e-01
4.829408271999998448e+00 6.454087905702199368e-01
4.843543703999998229e+00 6.060426715635370831e-01
4.857679136000001563e+00 5.632473076102718634e-01
4.871814568000001344e+00 5.189278434499453585e-01
4.885950000000001125e+00 4.767667788874897505e-01
4.900085432000000907e+00 4.388728378292784393e-01
4.914220864000000688e+00 4.070289273987341416e-01
4.928356296000000469e+00 3.804006688986695806e-01
4.942491728000000251e+00 3.586002510376372077e-01
4.956627160000000032e+00 3.376802423914604390e-01
4.970762592999999896e+00 3.131862787730774755e-01
4.984898024999999677e+00 2.824524131980510333e-01
4.999033456999999459e+00 2.441667317163679629e-01
5.013168888999999240e+00 1.983731747877364171e-01
5.027304320999999021e+00 1.453014871795967056e-01
5.041439752999998802e+00 8.799208427030791313e-02
5.055575184999998584e+00 3.236847089705582187e-02
5.069710616999998365e+00 -1.549854427276168602e-02
5.083846049000001699e+00 -5.193776376329376637e-02
5.097981481000001480e+00 -7.809612380483343941e-02
5.112116914000001344e+00 -9.880108537341669717e-02
5.126252346000001126e+00 -1.166064451558466719e-01
5.140387778000000907e+00 -1.320942015957745075e-01
5.154523210000000688e+00 -1.441099976334629107e-01
5.168658642000000469e+00 -1.540781391020378810e-01
5.182794074000000251e+00 -1.657526323949092273e-01
5.196929506000000032e+00 -1.832659385873292024e-01
5.211064937999999813e+00 -2.092949362896862342e-01
5.225200369999999594e+00 -2.419160075758407802e-01
5.239335801999999376e+00 -2.783672582418077468e-01
5.253471234999999240e+00 -3.137306628630192051e-01
5.267606666999999021e+00 -3.435438705657413716e-01
5.281742098999998802e+00 -3.652417037751037876e-01
5.295877530999998584e+00 -3.805221286310616624e-01
5.310012962999998365e+00 -3.920325929687085709e-01
5.324148395000001699e+00 -4.008138472508341876e-01
5.338283827000001480e+00 -4.050703784603631452e-01
5.352419259000001261e+00 -4.055674383373618075e-01
5.366554691000001043e+00 -4.065691914236163607e-01
5.380690123000000824e+00 -4.128222293883573868e-01
5.394825556000000688e+00 -4.266133439898507906e-01
5.408960988000000469e+00 -4.439285728553947763e-01
5.423096420000000251e+00 -4.621966290565744373e-01
5.437231852000000032e+00 -4.780831988587621040e-01
5.451367283999999813e+00 -4.911949405669050472e-01
5.465502715999999594e+00 -5.024167667791618053e-01
5.479638147999999376e+00 -5.148781621566010935e-01
5.493773579999999157e+00 -5.310972213856004487e-01
5.507909011999998938e+00 -5.484312889746512099e-01
5.522044443999998720e+00 -5.626198174338744584e-01
5.536179876999998584e+00 -5.691212340540184877e-01
5.550315308999998365e+00 -5.701825295720130971e-01
5.564450741000001699e+00 -5.730193383035324661e-01
5.578586173000001480e+00 -5.852611904281950217e-01
5.592721605000001261e+00 -6.069663530772757554e-01
5.606857037000001043e+00 -6.291697404519022152e-01
5.620992469000000824e+00 -6.406375099860389666e-01
5.635127901000000605e+00 -6.369260227760543680e-01
5.649263333000000387e+00 -6.209325480586542767e-01
5.663398765000000168e+00 -5.993483687293590378e-01
5.677534198000000032e+00 -5.792437719667885565e-01
5.691669629999999813e+00 -5.642711728536558002e-01
5.705805061999999594e+00 -5.586304379297098999e-01
5.719940493999999376e+00 -5.623836520823424223e-01
5.734075925999999157e+00 -5.731019786995013021e-01
5.748211357999998938e+00 -5.847024083181177057e-01
5.762346789999998720e+00 -5.927838187867056075e-01
5.776482221999998501e+00 -5.984209374438856921e-01
5.790617653999998282e+00 -6.040070619300644816e-01
5.804753086000001616e+00 -6.097297253187564658e-01
5.818888519000001480e+00 -6.131271309480924581e-01
5.833023951000001261e+00 -6.122106802103223222e-01
5.847159383000001043e+00 -6.072005810549067073e-01
5.861294815000000824e+00 -5.999068624723508103e-01
5.875430247000000605e+00 -5.937745608291606914e-01
5.889565679000000387e+00 -5.920334446387276461e-01
5.903701111000000168e+00 -5.970109434755954680e-01
5.917836542999999949e+00 -6.080597533297430468e-01
5.931971974999999730e+00 -6.204837728431252808e-01
5.946107406999999512e+00 -6.293784006002193232e-01
5.960242839999999376e+00 -6.294759918853547465e-01
5.974378271999999157e+00 -6.197473292295113678e-01
5.988513703999998938e+00 -6.025431669999788964e-01
6.002649135999998720e+00 -5.822915130624449764e-01
6.016784567999998501e+00 -5.624643553956308883e-01
6.030919999999998282e+00 -5.447010049108627072e-01
6.045055432000001616e+00 -5.317065435049789235e-01
6.059190864000001397e+00 -5.239291054600851982e-01
6.073326296000001179e+00 -5.185203558027330351e-01
6.087461728000000960e+00 -5.128727185227445196e-01
6.101597160000000741e+00 -5.078536907024636671e-01
6.115732593000000605e+00 -5.054210622739366832e-01
6.129868025000000387e+00 -5.057820273904051200e-01
6.144003457000000168e+00 -5.072273685446083702e-01
6.158138888999999949e+00 -5.080336835887966362e-01
6.172274320999999730e+00 -5.061226775803433497e-01
6.186409752999999512e+00 -4.999049342066269053e-01
6.200545184999999293e+00 -4.891179925183556931e-01
6.214680616999999074e+00 -4.745256505766507482e-01
6.228816048999998856e+00 -4.582727813682260787e-01
6.242951480999998637e+00 -4.427030229282233331e-01
6.257086913999998501e+00 -4.290664223734831917e-01
6.271222345999998282e+00 -4.166366856230207527e-01
6.285357778000001616e+00 -4.042321949030783235e-01
6.299493210000001397e+00 -3.903860905329921138e-01
6.313628642000001179e+00 -3.751450119708638620e-01
6.327764074000000960e+00 -3.583041867965922056e-01
6.341899506000000741e+00 -3.400428905567167703e-01
6.356034938000000523e+00 -3.237008844278032593e-01
6.370170370000000304e+00 -3.125469946254142428e-01
6.384305802000000085e+00 -3.086052009818398001e-01
6.398441234999999949e+00 -3.090949237077928458e-01
6.412576666999999730e+00 -3.099839274854805926e-01
6.426712098999999512e+00 -3.097118949835504509e-01
6.440847530999999293e+00 -3.082933334091736977e-01
6.454982962999999074e+00 -3.074974229597723929e-01
6.469118394999998856e+00 -3.073979464632637937e-01
6.483253826999998637e+00 -3.073692045646154725e-01
6.497389258999998418e+00 -3.065257175144573409e-01
6.511524691000001752e+00 -3.048571438093171659e-01
6.525660123000001533e+00 -3.040296610347361095e-01
6.539795556000001397e+00 -3.021169462929383376e-01
6.553930988000001179e+00 -2.987364768992316622e-01
6.568066420000000960e+00 -2.932803263810572214e-01
6.582201852000000741e+00 -2.868756061748278796e-01
6.596337284000000523e+00 -2.824284137608176204e-01
6.610472716000000304e+00 -2.797050723654900262e-01
6.624608148000000085e+00 -2.776686683818674339e-01
6.638743579999999866e+00 -2.724938845255107656e-01
6.652879011999999648e+00 -2.614773575396173166e-01
6.667014443999999429e+00 -2.466422305334556031e-01
6.681149876999999293e+00 -2.322074594723465280e-01
6.695285308999999074e+00 -2.218305101587946804e-01
6.709420740999998856e+00 -2.170655158240594462e-01
6.723556172999998637e+00 -2.146559862945510988e-01
6.737691604999998418e+00 -2.094992496313992092e-01
6.751827037000001752e+00 -1.978171835520908528e-01
6.765962469000001533e+00 -1.789032607541258812e-01
6.780097901000001315e+00 -1.576278580227672421e-01
6.794233333000001096e+00 -1.394961546778574479e-01
6.808368765000000877e+00 -1.282384463924704787e-01
6.822504198000000741e+00 -1.239134261534111658e-01
6.836639630000000523e+00 -1.233005437365264356e-01
6.850775062000000304e+00 -1.223805980793339215e-01
6.864910494000000085e+00 -1.175812482199667386e-01
6.879045925999999866e+00 -1.083300911070198963e-01
6.893181357999999648e+00 -9.800146751273193513e-02
6.907316789999999429e+00 -9.185301524061864620e-02
6.921452221999999210e+00 -9.168754411175090990e-02
6.935587653999998992e+00 -9.414217187400808484e-02
6.949723085999998773e+00 -9.378919707966559827e-02
6.963858518999998637e+00 -8.614379770949653903e-02
6.977993950999998418e+00 -6.990725292790973822e-02
6.992129383000001752e+00 -4.735066226576734039e-02
7.006264815000001533e+00 -2.313459910013548199e-02
7.020400247000001315e+00 -4.609539741286048341e-03
7.034535679000001096e+00 4.717609380993081913e-03
7.048671111000000877e+00 5.397814165769196024e-03
7.062806543000000659e+00 1.347528009735773349e-03
7.076941975000000440e+00 -3.901385431687979036e-03
7.091077407000000221e+00 -8.385750582980003656e-03
7.105212840000000085e+00 -1.089107299279608830e-02
7.119348271999999866e+00 -1.046011523940156528e-02
7.133483703999999648e+00 -8.557914996880336758e-03
7.147619135999999429e+00 -5.530926074349906685e-03
7.161754567999999210e+00 -8.487228968985980303e-04
7.175889999999998992e+00 6.355788286773152336e-03
7.190025431999998773e+00 1.814110402819579804e-02
7.204160863999998554e+00 3.413079176776297186e-02
7.218296295999998335e+00 5.214835947673061162e-02
7.232431728000001669e+00 6.745085980704719486e-02
7.246567160000001451e+00 7.696524571302276740e-02
7.260702593000001315e+00 8.273500941152178711e-02
7.274838025000001096e+00 9.030256543746872921e-02
7.288973457000000877e+00 1.004448202313040356e-01
7.303108889000000659e+00 1.083843891560126310e-01
7.317244321000000440e+00 1.077263391230095096e-01
7.331379753000000221e+00 9.789780693476639317e-02
7.345515185000000002e+00 8.564339588772303113e-02
7.359650616999999784e+00 7.714206279957971923e-02
7.373786048999999565e+00 7.549433609052749738e-02
7.387921480999999346e+00 7.989535377428443053e-02
7.402056913999999210e+00 8.830851437928424752e-02
7.416192345999998992e+00 9.874993986611239893e-02
7.430327777999998773e+00 1.104872092318274213e-01
7.444463209999998554e+00 1.225217810698341764e-01
7.458598641999998335e+00 1.337599593326395109e-01
7.472734074000001669e+00 1.438699551400510757e-01
7.486869506000001451e+00 1.552119049023588104e-01
7.501004938000001232e+00 1.703853014192222015e-01
7.515140370000001013e+00 1.865486457528575670e-01
7.529275802000000795e+00 1.986516676096670153e-01
7.543411235000000659e+00 2.047241161286924016e-01
7.557546667000000440e+00 2.090543247799949711e-01
7.571682099000000221e+00 2.168805054183226277e-01
7.585817531000000002e+00 2.302138466195735311e-01
7.599952962999999784e+00 2.477213345178862491e-01
7.614088394999999565e+00 2.653603594119667841e-01
7.628223826999999346e+00 2.807432246385357932e-01
7.642359258999999128e+00 2.944341930786127937e-01
7.656494690999998909e+00 3.077287448042878570e-01
7.670630122999998690e+00 3.192815929793629826e-01
7.684765555999998554e+00 3.244909969836496377e-01
7.698900987999998335e+00 3.199732013039546241e-01
7.713036420000001669e+00 3.088105119087802275e-01
7.727171852000001451e+00 2.960508227214901922e-01
7.741307284000001232e+00 2.851140678807150275e-01
7.755442716000001013e+00 2.780259440644243796e-01
7.769578148000000795e+00 2.745331612615871109e-01
7.783713580000000576e+00 2.744372675338482281e-01
7.797849012000000357e+00 2.743339368764097230e-01
7.811984444000000138e+00 2.730638491954356373e-01
7.826119877000000002e+00 2.716178175190672173e-01
7.840255308999999784e+00 2.701783947780734829e-01
7.854390740999999565e+00 2.702407349136256021e-01
7.868526172999999346e+00 2.737311926113363825e-01
7.882661604999999128e+00 2.807300243557039887e-01
7.896797036999998909e+00 2.886590905915251137e-01
7.910932468999998690e+00 2.934159493402089258e-01
7.925067900999998471e+00 2.917563674551312825e-01
7.939203332999998253e+00 2.818148274769771144e-01
7.953338765000001587e+00 2.650344026196561065e-01
7.967474198000001451e+00 2.469246200214717246e-01
7.981609630000001232e+00 2.319010421330212068e-01
7.995745062000001013e+00 2.231703456244543138e-01
8.009880494000000795e+00 2.186449950608040926e-01
8.024015926000000576e+00 2.155332906192744813e-01
8.038151358000000357e+00 2.116193004010445688e-01
8.052286790000000138e+00 2.071983614120007644e-01
8.066422221999999920e+00 2.052745776016161872e-01
8.080557653999999701e+00 2.062171052223137624e-01
8.094693085999999482e+00 2.099574079447054376e-01
8.108828518999999346e+00 2.140908618901977145e-01
8.122963950999999128e+00 2.166522615003134145e-01
8.137099382999998909e+00 2.176917357811542220e-01
8.151234814999998690e+00 2.168784874238684213e-01
8.165370246999998471e+00 2.125358002073850228e-01
8.179505678999998253e+00 2.055766977930571782e-01
8.193641111000001587e+00 1.981718331345767581e-01
8.207776543000001368e+00 1.935926967329126003e-01
8.221911975000001149e+00 1.924751481315886970e-01
8.236047407000000931e+00 1.903870713626585887e-01
8.250182840000000795e+00 1.814676469175680040e-01
8.264318272000000576e+00 1.629695153264319463e-01
8.278453704000000357e+00 1.367517720424586691e-01
8.292589136000000138e+00 1.058135511504995491e-01
8.306724567999999920e+00 7.430457199879705876e-02
8.320859999999999701e+00 4.857048508266714748e-02
8.334995431999999482e+00 3.568634395814029164e-02
8.349130863999999264e+00 3.667078100062918372e-02
8.363266295999999045e+00 4.899809181759451349e-02
8.377401727999998826e+00 6.593642799494621454e-02
8.391537159999998607e+00 8.050810910694632117e-02
8.405672592999998471e+00 8.828927478515662119e-02
8.419808024999998253e+00 8.982377476571792863e-02
8.433943457000001587e+00 8.978237201296579428e-02
8.448078889000001368e+00 9.015838936243862622e-02
8.462214321000001149e+00 9.085701848963385896e-02
8.476349753000000931e+00 8.947712198112729720e-02
8.490485185000000712e+00 8.634676873663119090e-02
8.504620617000000493e+00 8.316529763858444835e-02
8.518756049000000274e+00 8.010372304754298511e-02
8.532891481000000056e+00 7.849820551385751355e-02
8.547026913999999920e+00 8.009934046573856381e-02
8.561162345999999701e+00 8.460677395912814813e-02
8.575297777999999482e+00 8.932183076514732534e-02
8.589433209999999264e+00 9.100287822862776488e-02
8.603568641999999045e+00 8.801193655064665222e-02
8.617704073999998826e+00 8.047587738614699060e-02
8.631839505999998607e+00 7.028077181436268028e-02
8.645974937999998389e+00 6.066320924033282574e-02
8.660110370000001723e+00 5.304092072629747190e-02
8.674245802000001504e+00 4.631394759093154789e-02
8.688381235000001368e+00 4.073489507790620939e-02
8.702516667000001149e+00 3.634361026965511610e-02
8.716652099000000931e+00 3.469664823645383228e-02
8.730787531000000712e+00 3.727215796522287405e-02
8.744922963000000493e+00 4.478365355709593848e-02
8.759058395000000274e+00 5.731173338352135715e-02
8.773193827000000056e+00 7.137632173339743258e-02
8.787329258999999837e+00 8.408629207342954714e-02
8.801464690999999618e+00 9.341134429442139731e-02
8.815600122999999400e+00 9.878971555820588446e-02
8.829735555999999264e+00 1.005831387390294512e-01
8.843870987999999045e+00 9.805659474621226945e-02
8.858006419999998826e+00 9.243947211460223912e-02
8.872141851999998607e+00 8.330202040124015661e-02
8.886277283999998389e+00 7.130239227851002670e-02
8.900412716000001723e+00 5.751104808715604838e-02
8.914548148000001504e+00 4.369601588132947245e-02
8.928683580000001285e+00 3.246495647625143033e-02
8.942819012000001067e+00 2.518773243768161404e-02
8.956954444000000848e+00 2.296654884865508353e-02
8.971089877000000712e+00 2.437390420000084754e-02
8.985225309000000493e+00 2.617875579329501795e-02
8.999360741000000274e+00 2.472902605826850578e-02
9.013496173000000056e+00 1.841279832697395591e-02
9.027631604999999837e+00 9.506598424461996585e-03
9.041767036999999618e+00 2.549729053513989825e-03
9.055902468999999400e+00 -2.611591549014725196e-04
9.070037900999999181e+00 6.121531412712023562e-04
9.084173332999998962e+00 3.300117354858874471e-03
9.098308764999998743e+00 7.944468522888806575e-03
9.112444197999998607e+00 1.479482526016084876e-02
9.126579629999998389e+00 2.153217694160147744e-02
9.140715062000001723e+00 2.582788691015025159e-02
9.154850494000001504e+00 2.577732908432513528e-02
9.168985926000001285e+00 2.195609624241494015e-02
9.183121358000001067e+00 1.483242040717650846e-02
9.197256790000000848e+00 5.537185145216246170e-03
9.211392222000000629e+00 -2.513962899814240273e-03
9.225527654000000410e+00 -7.462867933287024684e-03
9.239663086000000192e+00 -7.940720832743625862e-03
9.253798519000000056e+00 -5.485066897551385892e-03
9.267933950999999837e+00 -3.868285338916403575e-03
9.282069382999999618e+00 -9.898150116965116069e-03
9.296204814999999400e+00 -2.588103518251235260e-02
9.310340246999999181e+00 -4.624540508342770556e-02
9.324475678999998962e+00 -6.170493285075787787e-02
9.338611110999998743e+00 -6.715254322655420105e-02
9.352746542999998525e+00 -6.594074690590663590e-02
9.366881974999998306e+00 -6.260034516193375975e-02
9.381017407000001640e+00 -6.039125098904800371e-02
9.395152840000001504e+00 -5.903514130239054941e-02
9.409288272000001285e+00 -5.721843141019533618e-02
9.423423704000001067e+00 -5.475548652173618802e-02
9.437559136000000848e+00 -5.115458937994196015e-02
9.451694568000000629e+00 -4.630331079461906529e-02
9.465830000000000410e+00 -3.837491181889163272e-02
9.479965432000000192e+00 -2.727373276523437085e-02
9.494100863999999973e+00 -1.634029065574438278e-02
9.508236295999999754e+00 -9.565197902066557845e-03
9.522371727999999536e+00 -6.601810130996217836e-03
9.536507159999999317e+00 -3.152863515529938723e-03
9.550642592999999181e+00 3.022807355949433741e-03
9.564778024999998962e+00 9.789596921474222682e-03
9.578913456999998743e+00 1.116650922520060797e-02
9.593048888999998525e+00 4.909379704409151841e-03
9.607184320999998306e+00 -6.071101266865497337e-03
9.621319753000001640e+00 -1.551681578549117015e-02
9.635455185000001421e+00 -1.982037770944463165e-02
9.649590617000001203e+00 -2.020259868760021504e-02
9.663726049000000984e+00 -1.820673836444441918e-02
9.677861481000000765e+00 -1.463543684953686787e-02
9.691996914000000629e+00 -9.958595954446517254e-03
9.706132346000000410e+00 -4.819519408160980248e-03
9.720267778000000192e+00 3.579870077257868476e-04
9.734403209999999973e+00 4.957511896578854944e-03
9.748538641999999754e+00 8.870645127810661279e-03
9.762674073999999536e+00 1.285699569102405175e-02
9.776809505999999317e+00 1.858918871790038105e-02
9.790944937999999098e+00 2.629994076533748171e-02
9.805080369999998879e+00 3.392138018576318359e-02
9.819215801999998661e+00 4.099067259024735677e-02
9.833351234999998525e+00 4.819688619340330160e-02
9.847486666999998306e+00 5.546212918178147072e-02
9.861622099000001640e+00 5.954058429046209244e-02
9.875757531000001421e+00 5.817716484313706360e-02
9.889892963000001203e+00 5.126030327992717878e-02
9.904028395000000984e+00 4.160421775997728833e-02
9.918163827000000765e+00 3.417160031469397563e-02
9.932299259000000546e+00 3.152528547324706665e-02
9.946434691000000328e+00 3.445175581988497993e-02
9.960570123000000109e+00 4.083462931119895972e-02
9.974705555999999973e+00 5.142728338077753869e-02
9.988840987999999754e+00 7.207564595615896519e-02
1.000297641999999954e+01 1.160725865128545281e-01
1.001711185199999932e+01 2.034106816950493057e-01
1.003124728399999910e+01 3.547786120510375563e-01
1.004538271599999888e+01 5.896360105993233569e-01
1.005951814799999866e+01 9.213256538938404683e-01
1.007365357999999844e+01 1.356073360938271577e+00
1.008778901200000178e+01 1.892543778354981443e+00
1.010192444400000156e+01 2.526399132576165218e+00
1.011605987700000142e+01 3.257028677602699762e+00
1.013019530900000120e+01 4.085482881354022489e+00
1.014433074100000098e+01 5.013033141636246803e+00
1.015846617300000077e+01 6.040373025433312115e+00
1.017260160500000055e+01 7.166823562459429198e+00
1.018673703700000033e+01 8.390796122770998622e+00
1.020087246900000011e+01 9.708359724887051456e+00
1.021500790099999989e+01 1.111748990205639664e+01
1.022914333299999967e+01 1.262305290036330163e+01
1.024327876499999945e+01 1.423509167620329308e+01
1.025741419799999932e+01 1.596359377284072956e+01
1.027154962999999910e+01 1.781129026870688392e+01
1.028568506199999888e+01 1.977137014067714560e+01
1.029982049399999866e+01 2.182885154048450360e+01
1.031395592599999844e+01 2.396789154685953704e+01
1.032809135800000178e+01 2.618367501874052650e+01
1.034222679000000156e+01 2.848372234577405138e+01
1.035636222200000134e+01 3.088357321215165996e+01
1.037049765400000112e+01 3.339814714098230297e+01
1.038463308600000090e+01 3.603755381389392198e+01
1.039876851900000077e+01 3.880725720311952642e+01
1.041290395100000055e+01 4.170223323389121362e+01
1.042703938300000033e+01 4.470936211461575027e+01
1.044117481500000011e+01 4.780143304205582666e+01
1.045531024699999989e+01 5.092874052110441596e+01
1.046944567899999967e+01 5.401182378700380582e+01
1.048358111099999945e+01 5.694217863931327628e+01
1.049771654299999923e+01 5.959833976917911258e+01
1.051185197499999902e+01 6.186779564720223590e+01
1.052598740699999880e+01 6.367702703580593493e+01
1.054012283999999866e+01 6.501014268283756792e+01
1.055425827199999844e+01 6.591066723526236615e+01
1.056839370400000178e+01 6.646425117626107237e+01
1.058252913600000156e+01 6.677143953468342374e+01
1.059666456800000134e+01 5.575307537423607585e+01
1.061080000000000112e+01 4.464914870377153022e+01
