# r_minus_2Rs_A,    PMF_over_kBT
-8.396000000000007901e-01 3.224555272422837504e+01
-8.254697799999988206e-01 4.297788744678652506e+01
-8.113395590000003210e-01 5.367197802861010558e+01
-7.972093389999983515e-01 6.427649798792074876e+01
-7.830791189999999347e-01 6.394828547308650002e+01
-7.689488980000014351e-01 6.329055258037581666e+01
-7.548186779999994656e-01 6.210429797053394907e+01
-7.406884580000010487e-01 6.016520113994215535e+01
-7.265582369999989965e-01 5.727300376053588593e+01
-7.124280170000005796e-01 5.331666090036875261e+01
-6.982977959999985273e-01 4.832849325225667769e+01
-6.841675760000001105e-01 4.250124207538382848e+01
-6.700373560000016937e-01 3.616036446062705778e+01
-6.559071349999996414e-01 2.968922001492915896e+01
-6.417769150000012246e-01 2.344193922207318792e+01
-6.276466949999992551e-01 1.766843872030854001e+01
-6.135164740000007555e-01 1.247953579523151291e+01
-5.993862539999987860e-01 7.860833180154974897e+00
-5.852560340000003691e-01 3.721326696192866823e+00
-5.711258129999983169e-01 -4.454047119253708165e-02
-5.569955929999999000e-01 -3.513114214861215778e+00
-5.428653730000014832e-01 -6.716069960205229172e+00
-5.287351519999994309e-01 -9.652411375333441512e+00
-5.146049320000010141e-01 -1.231377222139827765e+01
-5.004747109999989618e-01 -1.470371646642290919e+01
-4.863444910000005450e-01 -1.684405918896170462e+01
-4.722142709999985755e-01 -1.876648818891950654e+01
-4.580840500000000759e-01 -2.050051879288485779e+01
-4.439538300000016591e-01 -2.206905179664417815e+01
-4.298236099999996895e-01 -2.348555642130103038e+01
-4.156933890000011900e-01 -2.475928366805965197e+01
-4.015631689999992204e-01 -2.589937189913741022e+01
-3.874329490000008036e-01 -2.691486271378295569e+01
-3.733027279999987513e-01 -2.781728431625786513e+01
-3.591725080000003345e-01 -2.861756687797783982e+01
-3.450422879999983650e-01 -2.932642833191684417e+01
-3.309120669999998654e-01 -2.995329027995136073e+01
-3.167818470000014486e-01 -3.050596167134823844e+01
-3.026516259999993963e-01 -3.099152561532343597e+01
-2.885214060000009795e-01 -3.141571411875716180e+01
-2.743911859999990099e-01 -3.178306748915758106e+01
-2.602609650000005104e-01 -3.209630991062586247e+01
-2.461307449999985408e-01 -3.235887329138149937e+01
-2.320005250000001240e-01 -3.257663733748120904e+01
-2.178703040000016244e-01 -3.275530070049795484e+01
-2.037400839999996549e-01 -3.289996334581189075e+01
-1.896098640000012381e-01 -3.301382219321727973e+01
-1.754796429999991858e-01 -3.310099937447308349e+01
-1.613494230000007690e-01 -3.316533440847791780e+01
-1.472192029999987994e-01 -3.320760923718831492e+01
-1.330889820000002999e-01 -3.322933629872503758e+01
-1.189587619999983303e-01 -3.323120186662051623e+01
-1.048285409999998308e-01 -3.321491782393239589e+01
-9.069832100000141395e-02 -3.318296848262910714e+01
-7.656810099999944441e-02 -3.313742340619916860e+01
-6.243788000000094485e-02 -3.307983317403474643e+01
-4.830765999999897531e-02 -3.300953813152908367e+01
-3.417744000000055848e-02 -3.292766184805772411e+01
-2.004721899999850621e-02 -3.283735244990366198e+01
-5.916999000000089382e-03 -3.274197122101548985e+01
8.213220999998327443e-03 -3.264342150305993329e+01
2.234344200000037972e-02 -3.254070700824628659e+01
3.647366199999879655e-02 -3.243412422742152756e+01
5.060388200000076608e-02 -3.232575178510578695e+01
6.473410299999926565e-02 -3.221702077152452404e+01
7.886432300000123519e-02 -3.210830461761145216e+01
9.299454399999973475e-02 -3.199991987114741576e+01
1.071247640000017043e-01 -3.189315358359631603e+01
1.212549840000001211e-01 -3.178824387044143762e+01
1.353852049999986207e-01 -3.168295049546748032e+01
1.495154250000005902e-01 -3.157753611978283814e+01
1.636456449999990070e-01 -3.147357401527792220e+01
1.777758660000010593e-01 -3.137104959145010596e+01
1.919060859999994761e-01 -3.126834743861791566e+01
2.060363060000014457e-01 -3.116361941000825553e+01
2.201665269999999452e-01 -3.105701321378811386e+01
2.342967469999983621e-01 -3.094931724303224740e+01
2.484269670000003316e-01 -3.084158044757086969e+01
2.625571879999988312e-01 -3.073478570756561012e+01
2.766874080000008007e-01 -3.062844985604049697e+01
2.908176289999993003e-01 -3.052129294291310302e+01
3.049478490000012698e-01 -3.041295745844369947e+01
3.190780689999996866e-01 -3.030535673110487949e+01
3.332082900000017389e-01 -3.019903550848480478e+01
3.473385100000001557e-01 -3.009238343606972421e+01
3.614687299999985726e-01 -2.998305962878526643e+01
3.755989510000006248e-01 -2.987227515511595399e+01
3.897291709999990417e-01 -2.976386223996718172e+01
4.038593910000010112e-01 -2.965804289332940868e+01
4.179896119999995108e-01 -2.955269230955487814e+01
4.321198320000014803e-01 -2.944636991261139158e+01
4.462500519999998971e-01 -2.933965287089871055e+01
4.603802729999983967e-01 -2.923403411989038148e+01
4.745104930000003662e-01 -2.912998216279594743e+01
4.886407139999988658e-01 -2.902683810501810768e+01
5.027709340000008353e-01 -2.892399064535281994e+01
5.169011539999992522e-01 -2.881931686780685453e+01
5.310313750000013044e-01 -2.871369899472879439e+01
5.451615949999997213e-01 -2.860909063539150665e+01
5.592918150000016908e-01 -2.850528511182863411e+01
5.734220360000001904e-01 -2.840218806804160678e+01
5.875522559999986072e-01 -2.829965441595465592e+01
6.016824760000005767e-01 -2.819902565164247932e+01
6.158126969999990763e-01 -2.810040973211813764e+01
6.299429170000010458e-01 -2.800223097310151488e+01
6.440731369999994627e-01 -2.790236008476455609e+01
6.582033580000015149e-01 -2.779969021488129499e+01
6.723335779999999318e-01 -2.769343368333011313e+01
6.864637989999984313e-01 -2.758473789552045830e+01
7.005940190000004009e-01 -2.747560805054246202e+01
7.147242389999988177e-01 -2.736666851471089146e+01
7.288544600000008700e-01 -2.725926339331182291e+01
7.429846799999992868e-01 -2.715416238244512925e+01
7.571149000000012563e-01 -2.705224257757236117e+01
7.712451209999997559e-01 -2.695288875694366126e+01
7.853753410000017254e-01 -2.685293000231695615e+01
7.995055610000001423e-01 -2.675023839126670211e+01
8.136357819999986418e-01 -2.664682700446871877e+01
8.277660020000006114e-01 -2.654422094554994871e+01
8.418962219999990282e-01 -2.644321470063114887e+01
8.560264430000010805e-01 -2.634144915675015852e+01
8.701566629999994973e-01 -2.623585802765304109e+01
8.842868840000015496e-01 -2.612859674868387216e+01
8.984171039999999664e-01 -2.602189358168645938e+01
9.125473239999983832e-01 -2.591742985570110491e+01
9.266775450000004355e-01 -2.581477189049559939e+01
9.408077649999988523e-01 -2.571268320932941265e+01
9.549379850000008219e-01 -2.561137371572304389e+01
9.690682059999993214e-01 -2.550964938650355407e+01
9.831984260000012910e-01 -2.540769718565520208e+01
9.973286459999997078e-01 -2.530636880478207473e+01
1.011458867000001760e+00 -2.520567822922252432e+01
1.025589087000000177e+00 -2.510516301895076552e+01
1.039719306999998594e+00 -2.500502012435807586e+01
1.053849528000000646e+00 -2.490660222484070374e+01
1.067979747999999063e+00 -2.480796809477772769e+01
1.082109969000001115e+00 -2.470726006559341315e+01
1.096240188999999532e+00 -2.460561936019572116e+01
1.110370409000001501e+00 -2.450517536879322833e+01
1.124500630000000001e+00 -2.440772416092142905e+01
1.138630849999998418e+00 -2.430982941567554434e+01
1.152761070000000387e+00 -2.420948552830461864e+01
1.166891290999998887e+00 -2.410626956994249426e+01
1.181021511000000856e+00 -2.400024442689223747e+01
1.195151730999999273e+00 -2.389403538288424400e+01
1.209281952000001326e+00 -2.378748432528843182e+01
1.223412171999999742e+00 -2.368133968511024889e+01
1.237542392000001712e+00 -2.357547527816982935e+01
1.251672613000000212e+00 -2.347099047464251242e+01
1.265802832999998628e+00 -2.337161220688125596e+01
1.279933054000000681e+00 -2.327569940911834578e+01
1.294063273999999097e+00 -2.317993964418341335e+01
1.308193494000001067e+00 -2.308222382896009606e+01
1.322323714999999567e+00 -2.298314833604315410e+01
1.336453935000001536e+00 -2.288564154254077820e+01
1.350584154999999953e+00 -2.278861627957980218e+01
1.364714375999998452e+00 -2.269264175990396737e+01
1.378844596000000422e+00 -2.259826887739063039e+01
1.392974815999998839e+00 -2.250471381707549057e+01
1.407105037000000891e+00 -2.241065564363965024e+01
1.421235256999999308e+00 -2.231407242571889071e+01
1.435365477000001277e+00 -2.221476262596431184e+01
1.449495697999999777e+00 -2.211254267586604882e+01
1.463625918000001747e+00 -2.200977526530251183e+01
1.477756139000000246e+00 -2.190893976450826841e+01
1.491886358999998663e+00 -2.181067913670325709e+01
1.506016579000000633e+00 -2.171399247610334626e+01
1.520146799999999132e+00 -2.161499384693234305e+01
1.534277020000001102e+00 -2.151230817306676357e+01
1.548407239999999518e+00 -2.140940236858635259e+01
1.562537461000001571e+00 -2.130884986444717910e+01
1.576667680999999988e+00 -2.121087835481305461e+01
1.590797900999998404e+00 -2.111238676880077492e+01
1.604928122000000457e+00 -2.101369469518436262e+01
1.619058341999998873e+00 -2.091717015657394185e+01
1.633188562000000843e+00 -2.082274538121439633e+01
1.647318782999999343e+00 -2.073031204231239144e+01
1.661449003000001312e+00 -2.063605571866608202e+01
1.675579223999999812e+00 -2.053773201983785057e+01
1.689709443999998228e+00 -2.043455173360638710e+01
1.703839664000000198e+00 -2.033052823060009118e+01
1.717969884999998698e+00 -2.023129034846607155e+01
1.732100105000000667e+00 -2.013746686445737666e+01
1.746230324999999084e+00 -2.004487993749295072e+01
1.760360546000001136e+00 -1.994756295563959014e+01
1.774490765999999553e+00 -1.984567113802521732e+01
1.788620986000001523e+00 -1.974497000012067005e+01
1.802751207000000022e+00 -1.964806704956821903e+01
1.816881426999998439e+00 -1.955302313834883776e+01
1.831011647000000409e+00 -1.945805979338112834e+01
1.845141867999998908e+00 -1.936139124406433254e+01
1.859272088000000878e+00 -1.926422904514969403e+01
1.873402307999999294e+00 -1.916660602607689157e+01
1.887532529000001347e+00 -1.906871838315181833e+01
1.901662748999999764e+00 -1.896933502043337327e+01
1.915792969999998263e+00 -1.886887229363569318e+01
1.929923190000000233e+00 -1.877234464765406230e+01
1.944053409999998649e+00 -1.868234626158596257e+01
1.958183631000000702e+00 -1.859553728021603192e+01
1.972313850999999119e+00 -1.850407372088871938e+01
1.986444071000001088e+00 -1.840532533426752693e+01
2.000574291999999588e+00 -1.830277064296988243e+01
2.014704512000001557e+00 -1.820336830535070405e+01
2.028834731999999974e+00 -1.810876667693799646e+01
2.042964952999998474e+00 -1.801510922017654437e+01
2.057095173000000443e+00 -1.791823530807626597e+01
2.071225392999998860e+00 -1.781822441857365646e+01
2.085355614000000912e+00 -1.771746984716972406e+01
2.099485833999999329e+00 -1.761826628522016236e+01
2.113616055000001381e+00 -1.752194507082586483e+01
2.127746274999999798e+00 -1.742631164943921362e+01
2.141876495000001768e+00 -1.733046638583840959e+01
2.156006716000000267e+00 -1.723465516708272816e+01
2.170136935999998684e+00 -1.714099091544887443e+01
2.184267156000000654e+00 -1.704979005877918397e+01
2.198397376999999153e+00 -1.695966053463911649e+01
2.212527597000001123e+00 -1.687049551960310367e+01
2.226657816999999540e+00 -1.678255074066106900e+01
2.240788038000001592e+00 -1.669476342801822355e+01
2.254918258000000009e+00 -1.660453836346549039e+01
2.269048477999998426e+00 -1.651029576746677918e+01
2.283178699000000478e+00 -1.641389424212194115e+01
2.297308918999998895e+00 -1.631762356237157618e+01
2.311439140000000947e+00 -1.622086726972943893e+01
2.325569359999999364e+00 -1.612312526629249732e+01
2.339699580000001333e+00 -1.602601467005083080e+01
2.353829800999999833e+00 -1.593161951961647027e+01
2.367960020999998250e+00 -1.584018641192734833e+01
2.382090241000000219e+00 -1.575208986401708700e+01
2.396220461999998719e+00 -1.566721916344823740e+01
2.410350682000000688e+00 -1.558320066493272371e+01
2.424480901999999105e+00 -1.549699416496783932e+01
2.438611123000001157e+00 -1.540584112239306513e+01
2.452741342999999574e+00 -1.530995976487992749e+01
2.466871563000001544e+00 -1.521200537839075828e+01
2.481001784000000043e+00 -1.511520047685961110e+01
2.495132003999998460e+00 -1.502228555897343831e+01
2.509262225000000512e+00 -1.493340897085525221e+01
2.523392444999998929e+00 -1.484690144574563675e+01
2.537522665000000899e+00 -1.476002454196415670e+01
2.551652885999999398e+00 -1.467095554964649118e+01
2.565783106000001368e+00 -1.457988846031300234e+01
2.579913325999999785e+00 -1.448550977731933109e+01
2.594043546999998284e+00 -1.438755442174805488e+01
2.608173767000000254e+00 -1.428963301259480900e+01
2.622303986999998671e+00 -1.419613786091782082e+01
2.636434208000000723e+00 -1.410898926306259149e+01
2.650564427999999140e+00 -1.402627285642107857e+01
2.664694648000001109e+00 -1.394390627147681094e+01
2.678824868999999609e+00 -1.385861491794224420e+01
2.692955089000001578e+00 -1.376941126054412123e+01
2.707085310000000078e+00 -1.367713139787082000e+01
2.721215529999998495e+00 -1.358183184690036782e+01
2.735345750000000464e+00 -1.348362412572235236e+01
2.749475970999998964e+00 -1.338597586993069655e+01
2.763606191000000933e+00 -1.329148886295916654e+01
2.777736410999999350e+00 -1.319904615793785041e+01
2.791866632000001403e+00 -1.310585274880511264e+01
2.805996851999999819e+00 -1.300883557301042082e+01
2.820127071999998236e+00 -1.290980411910123138e+01
2.834257293000000288e+00 -1.281215554093085451e+01
2.848387512999998705e+00 -1.272133441359840056e+01
2.862517733000000675e+00 -1.263744105547358920e+01
2.876647953999999174e+00 -1.255552478805410921e+01
2.890778174000001144e+00 -1.247155469302299302e+01
2.904908394999999643e+00 -1.238280078784016958e+01
2.919038615000001613e+00 -1.229337374726263121e+01
2.933168835000000030e+00 -1.220534022438227950e+01
2.947299055999998529e+00 -1.211764455442345323e+01
2.961429276000000499e+00 -1.202720834940251216e+01
2.975559495999998916e+00 -1.193399689656453333e+01
2.989689717000000968e+00 -1.184225372932890608e+01
3.003819936999999385e+00 -1.175353599765940160e+01
3.017950157000001354e+00 -1.166828675777268920e+01
3.032080377999999854e+00 -1.158376409023968456e+01
3.046210597999998271e+00 -1.149722939073254224e+01
3.060340818000000240e+00 -1.140828619370140906e+01
3.074471038999998740e+00 -1.131855788286675590e+01
3.088601259000000709e+00 -1.123010047636084074e+01
3.102731479999999209e+00 -1.114159813680818267e+01
3.116861700000001179e+00 -1.105194787222105290e+01
3.130991919999999595e+00 -1.096193987370753042e+01
3.145122141000001648e+00 -1.087255444868561227e+01
3.159252361000000064e+00 -1.078393584720489251e+01
3.173382580999998481e+00 -1.069517930695526786e+01
3.187512802000000534e+00 -1.060465734419347683e+01
3.201643021999998950e+00 -1.051331296577121499e+01
3.215773242000000920e+00 -1.042222703330810063e+01
3.229903462999999419e+00 -1.033318434355684623e+01
3.244033683000001389e+00 -1.024805816178973572e+01
3.258163902999999806e+00 -1.016637676208934415e+01
3.272294123999998305e+00 -1.008518679622964065e+01
3.286424344000000275e+00 -9.999937484077493721e+00
3.300554564999998775e+00 -9.909084277790332962e+00
3.314684785000000744e+00 -9.813267487585047633e+00
3.328815004999999161e+00 -9.715695338954343896e+00
3.342945226000001213e+00 -9.619623411705971350e+00
3.357075445999999630e+00 -9.528827633435868805e+00
3.371205666000001600e+00 -9.445172520126213556e+00
3.385335887000000099e+00 -9.366809078358501850e+00
3.399466106999998516e+00 -9.292282795529558825e+00
3.413596327000000485e+00 -9.217293642174858803e+00
3.427726547999998985e+00 -9.139446054340664816e+00
3.441856768000000955e+00 -9.058990353820272290e+00
3.455986987999999371e+00 -8.978049354184557629e+00
3.470117209000001424e+00 -8.899594634069970311e+00
3.484247428999999840e+00 -8.824553005960984464e+00
3.498377649999998340e+00 -8.751376875052766735e+00
3.512507870000000310e+00 -8.677037033646469055e+00
3.526638089999998726e+00 -8.598747743743071936e+00
3.540768311000000779e+00 -8.515860676782695649e+00
3.554898530999999196e+00 -8.430325785675883310e+00
3.569028751000001165e+00 -8.344206013462695637e+00
3.583158971999999665e+00 -8.256789003903875823e+00
3.597289192000001634e+00 -8.165891909857375452e+00
3.611419412000000051e+00 -8.070224975637701803e+00
3.625549632999998551e+00 -7.973148768931364039e+00
3.639679853000000520e+00 -7.878852392799458926e+00
3.653810072999998937e+00 -7.790027735645060680e+00
3.667940294000000989e+00 -7.708539210881265369e+00
3.682070513999999406e+00 -7.633286856040513157e+00
3.696200735000001458e+00 -7.563168694335099751e+00
3.710330954999999875e+00 -7.494267074993738120e+00
3.724461174999998292e+00 -7.425333434256083720e+00
3.738591396000000344e+00 -7.354791476506078673e+00
3.752721615999998761e+00 -7.282374558289764543e+00
3.766851836000000731e+00 -7.209447347089891878e+00
3.780982056999999230e+00 -7.134325059322606855e+00
3.795112277000001200e+00 -7.055406672863426820e+00
3.809242496999999616e+00 -6.969449243431784069e+00
3.823372718000001669e+00 -6.874799599424261665e+00
3.837502938000000086e+00 -6.774604198695567625e+00
3.851633157999998502e+00 -6.674581707630624194e+00
3.865763379000000555e+00 -6.580116687793210239e+00
3.879893598999998972e+00 -6.493428001811130557e+00
3.894023820000001024e+00 -6.414224321918359450e+00
3.908154039999999441e+00 -6.340032867972254849e+00
3.922284260000001410e+00 -6.265240928811489418e+00
3.936414480999999910e+00 -6.186451533593830376e+00
3.950544700999998327e+00 -6.104315426069902628e+00
3.964674921000000296e+00 -6.022266854269024527e+00
3.978805141999998796e+00 -5.944161151695320555e+00
3.992935362000000765e+00 -5.869033973013014993e+00
4.007065581999999182e+00 -5.794111778586916728e+00
4.021195803000001234e+00 -5.715406141272159068e+00
4.035326022999999651e+00 -5.633001798551821260e+00
4.049456243000001621e+00 -5.548957718942325812e+00
4.063586464000000120e+00 -5.465664155768605426e+00
4.077716683999998537e+00 -5.386405683110993436e+00
4.091846905000000589e+00 -5.311871364057195954e+00
4.105977124999999006e+00 -5.241360267192795241e+00
4.120107345000000976e+00 -5.174077221823219830e+00
4.134237565999999475e+00 -5.109848758994210094e+00
4.148367786000001445e+00 -5.045263618150905849e+00
4.162498005999999862e+00 -4.975250825533778176e+00
4.176628226999998361e+00 -4.897423989596991767e+00
4.190758447000000331e+00 -4.812509973634438332e+00
4.204888666999998748e+00 -4.724138232130717263e+00
4.219018888000000800e+00 -4.634249769173463207e+00
4.233149107999999217e+00 -4.543055745009027646e+00
4.247279328000001186e+00 -4.451895955282898498e+00
4.261409548999999686e+00 -4.362521190709161445e+00
4.275539769000001655e+00 -4.277412934761998464e+00
4.289669990000000155e+00 -4.195804855680033363e+00
4.303800209999998572e+00 -4.116873043040717661e+00
4.317930430000000541e+00 -4.038496754401564637e+00
4.332060650999999041e+00 -3.958811214665909350e+00
4.346190871000001010e+00 -3.879510717833411171e+00
4.360321090999999427e+00 -3.802717471229136503e+00
4.374451312000001479e+00 -3.729772702734914791e+00
4.388581531999999896e+00 -3.659355277124037631e+00
4.402711751999998313e+00 -3.590657734250186195e+00
4.416841973000000365e+00 -3.525509270946276086e+00
4.430972192999998782e+00 -3.463105910188046810e+00
4.445102413000000752e+00 -3.401470381614250638e+00
4.459232633999999251e+00 -3.337467737254036226e+00
4.473362854000001221e+00 -3.269971497037666097e+00
4.487493074999999720e+00 -3.199763243821949654e+00
4.501623295000001690e+00 -3.125273671540300224e+00
4.515753515000000107e+00 -3.047546783718483976e+00
4.529883735999998606e+00 -2.969682758587304683e+00
4.544013956000000576e+00 -2.893493820518728832e+00
4.558144175999998993e+00 -2.817693435966013737e+00
4.572274397000001045e+00 -2.740163690305299493e+00
4.586404616999999462e+00 -2.661342607235780200e+00
4.600534837000001431e+00 -2.582577771730358851e+00
4.614665057999999931e+00 -2.504457675456146948e+00
4.628795277999998348e+00 -2.427158020463693333e+00
4.642925498000000317e+00 -2.352619472342617257e+00
4.657055718999998817e+00 -2.282194913018364080e+00
4.671185939000000786e+00 -2.216120540206279799e+00
4.685316158999999203e+00 -2.153474000661175669e+00
4.699446380000001255e+00 -2.091008591440887354e+00
4.713576599999999672e+00 -2.026856893124723058e+00
4.727706821000001725e+00 -1.961417311217870774e+00
4.741837041000000141e+00 -1.897587419671033615e+00
4.755967260999998558e+00 -1.836446636397855769e+00
4.770097482000000610e+00 -1.773997654751230613e+00
4.784227701999999027e+00 -1.708078699237021825e+00
4.798357922000000997e+00 -1.641118815931836394e+00
4.812488142999999496e+00 -1.575931174349990416e+00
4.826618363000001466e+00 -1.512287505592271541e+00
4.840748582999999883e+00 -1.447962511926049300e+00
4.854878803999998382e+00 -1.382244662570207172e+00
4.869009024000000352e+00 -1.316198665196913309e+00
4.883139243999998769e+00 -1.252396201245007834e+00
4.897269465000000821e+00 -1.192961009559687202e+00
4.911399684999999238e+00 -1.139978339723346723e+00
4.925529906000001290e+00 -1.093353799928928227e+00
4.939660125999999707e+00 -1.050835190323193613e+00
4.953790346000001676e+00 -1.008338566409514359e+00
4.967920567000000176e+00 -9.602603801912993342e-01
4.982050786999998593e+00 -9.031033374501108435e-01
4.996181007000000562e+00 -8.380341940505620091e-01
5.010311227999999062e+00 -7.719987219371789999e-01
5.024441448000001031e+00 -7.138692554952967839e-01
5.038571667999999448e+00 -6.662809947939056787e-01
5.052701889000001501e+00 -6.238454430256332728e-01
5.066832108999999917e+00 -5.799139825838821594e-01
5.080962328999998334e+00 -5.324000106282310574e-01
5.095092550000000386e+00 -4.824676260215099433e-01
5.109222769999998803e+00 -4.309759587176493212e-01
5.123352991000000856e+00 -3.795074588958027850e-01
5.137483210999999272e+00 -3.293036273039149364e-01
5.151613431000001242e+00 -2.813752058510156084e-01
5.165743651999999742e+00 -2.372251916623918933e-01
5.179873872000001711e+00 -1.983137542594176350e-01
5.194004092000000128e+00 -1.655259508473901631e-01
5.208134312999998627e+00 -1.373450442954589623e-01
5.222264533000000597e+00 -1.115470760404342343e-01
5.236394752999999014e+00 -8.541945628244698718e-02
5.250524974000001066e+00 -5.622467439220930896e-02
5.264655193999999483e+00 -2.302993315273482722e-02
5.278785414000001452e+00 1.524416397546701600e-02
5.292915634999999952e+00 5.737738983362798001e-02
5.307045854999998369e+00 9.979293883665243947e-02
5.321176076000000421e+00 1.392331679823470836e-01
5.335306295999998838e+00 1.726817996213891038e-01
5.349436516000000807e+00 2.004606032747216493e-01
5.363566736999999307e+00 2.234448766164203737e-01
5.377696957000001277e+00 2.427058601034879359e-01
5.391827176999999693e+00 2.583846445292732885e-01
5.405957398000001746e+00 2.699323180274030287e-01
5.420087618000000163e+00 2.809891598541073843e-01
5.434217837999998579e+00 2.960453538556417352e-01
5.448348059000000632e+00 3.178210185314859770e-01
5.462478278999999048e+00 3.467720610687289318e-01
5.476608499000001018e+00 3.795879782922533252e-01
5.490738719999999518e+00 4.096253054176746677e-01
5.504868940000001487e+00 4.307780602926373770e-01
5.518999160999999987e+00 4.410326193444795706e-01
5.533129380999998403e+00 4.441350623485019189e-01
5.547259601000000373e+00 4.450977084278093798e-01
5.561389821999998873e+00 4.468344885861839089e-01
5.575520042000000842e+00 4.502618987665059080e-01
5.589650261999999259e+00 4.553710138346443448e-01
5.603780483000001311e+00 4.646890268344030517e-01
5.617910702999999728e+00 4.777312355750993333e-01
5.632040923000001698e+00 4.928192135315719313e-01
5.646171144000000197e+00 5.058087943301501355e-01
5.660301363999998614e+00 5.136690909679988426e-01
5.674431584000000584e+00 5.173686739366136766e-01
5.688561804999999083e+00 5.176222786043377377e-01
5.702692025000001053e+00 5.146475398721291894e-01
5.716822245999999552e+00 5.046192934431854571e-01
5.730952466000001522e+00 4.877764934344170911e-01
5.745082685999999939e+00 4.709028944478449996e-01
5.759212906999998438e+00 4.618155353603678459e-01
5.773343127000000408e+00 4.636454315895631173e-01
5.787473346999998824e+00 4.732366921834412210e-01
5.801603568000000877e+00 4.839064997002561763e-01
5.815733787999999294e+00 4.920379173254616489e-01
5.829864008000001263e+00 4.973521133281005868e-01
5.843994228999999763e+00 5.013852233238035305e-01
5.858124449000001732e+00 5.035652001564833169e-01
5.872254669000000149e+00 5.008261243314937605e-01
5.886384889999998649e+00 4.927720316626332808e-01
5.900515110000000618e+00 4.792633896689793005e-01
5.914645330999999118e+00 4.599344801739112532e-01
5.928775551000001087e+00 4.322133370351011195e-01
5.942905770999999504e+00 3.953371729921665856e-01
5.957035992000001556e+00 3.554669472194511015e-01
5.971166211999999973e+00 3.220947465418646516e-01
5.985296431999998390e+00 3.031833296066395178e-01
5.999426653000000442e+00 2.994755768061049261e-01
6.013556872999998859e+00 3.065487256730380361e-01
6.027687093000000829e+00 3.178550664881593657e-01
6.041817313999999328e+00 3.283387795685754895e-01
6.055947534000001298e+00 3.369687931435928485e-01
6.070077753999999715e+00 3.440211376602657078e-01
6.084207975000001767e+00 3.478563022067540089e-01
6.098338195000000184e+00 3.480390448479073195e-01
6.112468415999998683e+00 3.466862649386079909e-01
6.126598636000000653e+00 3.452820439282646703e-01
6.140728855999999070e+00 3.419892948318927206e-01
6.154859077000001122e+00 3.342581503716625102e-01
6.168989296999999539e+00 3.221387806637754925e-01
6.183119517000001508e+00 3.073640667233282220e-01
6.197249738000000008e+00 2.922952682326010465e-01
6.211379957999998425e+00 2.756232731286421545e-01
6.225510178000000394e+00 2.559842802826300390e-01
6.239640398999998894e+00 2.343611205316271373e-01
6.253770619000000863e+00 2.140190836024610521e-01
6.267900838999999280e+00 1.970028045329984823e-01
6.282031060000001332e+00 1.803372754489451502e-01
6.296161279999999749e+00 1.601709959561716801e-01
6.310291500999998249e+00 1.359093768663051094e-01
6.324421721000000218e+00 1.110539063208288296e-01
6.338551940999998635e+00 9.073291420447303357e-02
6.352682162000000687e+00 7.595706722729052285e-02
6.366812381999999104e+00 6.510014837852177993e-02
6.380942602000001074e+00 5.949561203123228392e-02
6.395072822999999573e+00 5.998044842662864085e-02
6.409203043000001543e+00 6.483163759832184792e-02
6.423333262999999960e+00 7.106294872992198475e-02
6.437463483999998459e+00 7.522239836377171696e-02
6.451593704000000429e+00 7.476609183641021172e-02
6.465723923999998846e+00 6.999622138259316284e-02
6.479854145000000898e+00 6.327472042589950274e-02
6.493984364999999315e+00 5.556930415387503069e-02
6.508114586000001367e+00 4.440991587858297146e-02
6.522244805999999784e+00 2.964055300194582548e-02
6.536375026000001753e+00 1.473020484555102351e-02
6.550505247000000253e+00 3.130144925391912473e-03
6.564635466999998670e+00 -4.246574056178786805e-03
6.578765687000000639e+00 -9.035181792490003944e-03
6.592895907999999139e+00 -1.165874763697279624e-02
6.607026128000001108e+00 -1.310677663833814850e-02
6.621156347999999525e+00 -1.563098328829563496e-02
6.635286569000001577e+00 -2.171377302906781284e-02
6.649416788999999994e+00 -3.116454314277087440e-02
6.663547008999998411e+00 -4.017130787400209624e-02
6.677677230000000463e+00 -4.504297548472872142e-02
6.691807449999998880e+00 -4.390654466343827528e-02
6.705937671000000933e+00 -3.826853271740777995e-02
6.720067890999999349e+00 -3.360001868969083455e-02
6.734198111000001319e+00 -3.425546650601063448e-02
6.748328331999999818e+00 -3.988300107585610738e-02
6.762458551999998235e+00 -4.670604821433717996e-02
6.776588772000000205e+00 -5.122928651227454111e-02
6.790718992999998704e+00 -5.220896024424348525e-02
6.804849213000000674e+00 -5.034484273223327477e-02
6.818979432999999091e+00 -4.816531637104877472e-02
6.833109654000001143e+00 -4.845705889524509757e-02
6.847239873999999560e+00 -5.381931803957110821e-02
6.861370094000001529e+00 -6.553123165401331107e-02
6.875500315000000029e+00 -8.136210154325003441e-02
6.889630534999998446e+00 -9.636419247492256090e-02
6.903760756000000498e+00 -1.059199329377982085e-01
6.917890975999998915e+00 -1.099079584854957548e-01
6.932021196000000884e+00 -1.129463239469726404e-01
6.946151416999999384e+00 -1.176585098704130417e-01
6.960281637000001353e+00 -1.243109266795805468e-01
6.974411856999999770e+00 -1.297572097575354633e-01
6.988542077999998270e+00 -1.318440323395672353e-01
7.002672298000000239e+00 -1.323615514856892050e-01
7.016802517999998656e+00 -1.333317896647763234e-01
7.030932739000000709e+00 -1.339282535743855362e-01
7.045062958999999125e+00 -1.283602223670404496e-01
7.059193179000001095e+00 -1.126535967390758231e-01
7.073323399999999594e+00 -8.935776543637292957e-02
7.087453620000001564e+00 -6.611389529840985824e-02
7.101583841000000064e+00 -4.913983066892414070e-02
7.115714060999998480e+00 -4.132758824727388730e-02
7.129844281000000450e+00 -4.294551645288417069e-02
7.143974501999998949e+00 -5.411290751270906446e-02
7.158104722000000919e+00 -7.347574473356861813e-02
7.172234941999999336e+00 -9.646613140192882019e-02
7.186365163000001388e+00 -1.156178701226468208e-01
7.200495382999999805e+00 -1.241454493290371774e-01
7.214625603000001774e+00 -1.208682436258771420e-01
7.228755824000000274e+00 -1.094226721067350638e-01
7.242886043999998691e+00 -9.770844519113570936e-02
7.257016264000000660e+00 -8.907526814981044094e-02
7.271146484999999160e+00 -8.220138039414828790e-02
7.285276705000001130e+00 -7.385226612455635109e-02
7.299406924999999546e+00 -6.199792961281858084e-02
7.313537146000001599e+00 -4.730341674926682310e-02
7.327667366000000015e+00 -2.922190527057940204e-02
7.341797586999998515e+00 -9.791726726798323510e-03
7.355927807000000485e+00 7.536296115967879017e-03
7.370058026999998901e+00 1.804317708296802533e-02
7.384188248000000954e+00 1.921101357127952269e-02
7.398318467999999370e+00 1.326531356747532621e-02
7.412448688000001340e+00 2.648910214783009934e-03
7.426578908999999840e+00 -9.007512702416656594e-03
7.440709128999998256e+00 -1.948607740757424267e-02
7.454839349000000226e+00 -2.905950725558288997e-02
7.468969569999998726e+00 -3.810717684070633743e-02
7.483099790000000695e+00 -4.836507838569067269e-02
7.497230009999999112e+00 -5.802592103301643794e-02
7.511360231000001164e+00 -6.239036014230710248e-02
7.525490450999999581e+00 -5.852853216481198467e-02
7.539620672000001633e+00 -4.653478197038533187e-02
7.553750892000000050e+00 -3.163596642966599870e-02
7.567881111999998467e+00 -1.927381217932240889e-02
7.582011333000000519e+00 -1.254449325661610541e-02
7.596141552999998936e+00 -1.202528654603322346e-02
7.610271773000000906e+00 -1.413102728398148503e-02
7.624401993999999405e+00 -1.623033491615188603e-02
7.638532214000001375e+00 -1.650901666033395554e-02
7.652662433999999791e+00 -1.516777090831903339e-02
7.666792654999998291e+00 -1.234979063627505806e-02
7.680922875000000261e+00 -8.376364099529355969e-03
7.695053094999998677e+00 -6.700973899462780992e-03
7.709183316000000730e+00 -8.902874183563131566e-03
7.723313535999999146e+00 -1.608949711224738274e-02
7.737443757000001199e+00 -2.664836853932328609e-02
7.751573976999999616e+00 -3.833955151075111450e-02
7.765704197000001585e+00 -4.905089920705189149e-02
7.779834418000000085e+00 -5.710514405129292481e-02
7.793964637999998502e+00 -6.222799744770668440e-02
7.808094858000000471e+00 -6.378057144640909837e-02
7.822225078999998971e+00 -6.046329944297568898e-02
7.836355299000000940e+00 -5.038189149054754512e-02
7.850485518999999357e+00 -3.220657858670013252e-02
7.864615740000001409e+00 -8.854226486968506948e-03
7.878745959999999826e+00 1.458508605501762645e-02
7.892876179999998243e+00 3.448338699247699424e-02
7.907006401000000295e+00 4.829375971782449289e-02
7.921136620999998712e+00 5.534119618366754173e-02
7.935266842000000764e+00 5.520337505691468027e-02
7.949397061999999181e+00 4.987039538163884345e-02
7.963527282000001151e+00 4.120174468327301304e-02
7.977657502999999650e+00 3.072691925713992231e-02
7.991787723000001620e+00 2.209042069393044733e-02
8.005917943000000037e+00 2.097443648476252781e-02
8.020048163999998536e+00 2.987470907022545322e-02
8.034178384000000506e+00 4.624745939438312803e-02
8.048308603999998923e+00 6.397704887725670642e-02
8.062438825000000975e+00 7.716989519819131282e-02
8.076569044999999392e+00 8.255223360839636371e-02
8.090699265000001361e+00 7.954068844409434291e-02
8.104829485999999861e+00 6.973106383648068618e-02
8.118959705999998278e+00 5.584513444748395034e-02
8.133089927000000330e+00 4.071074863028675134e-02
8.147220146999998747e+00 2.475217145353051512e-02
8.161350367000000716e+00 9.847222437767774381e-03
8.175480587999999216e+00 -2.454752640235352730e-03
8.189610808000001185e+00 -1.281197273960662034e-02
8.203741027999999602e+00 -2.342253415638495539e-02
8.217871249000001654e+00 -3.453181255648610920e-02
8.232001469000000071e+00 -4.248529900687358918e-02
8.246131688999998488e+00 -4.463497907693180639e-02
8.260261910000000540e+00 -4.103798433706865728e-02
8.274392129999998957e+00 -3.322634826292869548e-02
8.288522350000000927e+00 -2.255375576588273742e-02
8.302652570999999426e+00 -1.098376032100508576e-02
8.316782791000001396e+00 1.690739817175786479e-04
8.330913011999999895e+00 9.876771948324146108e-03
8.345043231999998312e+00 1.689875622134451305e-02
8.359173452000000282e+00 2.057804069223697144e-02
8.373303672999998781e+00 2.138904071700527612e-02
8.387433893000000751e+00 2.072340533102116217e-02
8.401564112999999168e+00 2.038920223902588452e-02
8.415694334000001220e+00 2.166836099471207075e-02
8.429824553999999637e+00 2.353359691351760222e-02
8.443954774000001606e+00 2.415090618356074970e-02
8.458084995000000106e+00 2.363952561668369520e-02
8.472215214999998523e+00 2.473390290103457193e-02
8.486345435000000492e+00 2.951228264716595356e-02
8.500475655999998992e+00 3.719960081770423699e-02
8.514605876000000961e+00 4.547814046507762248e-02
8.528736096999999461e+00 5.286005386228490727e-02
8.542866317000001430e+00 6.014555887724170463e-02
8.556996536999999847e+00 7.090872055277822050e-02
8.571126757999998347e+00 8.691723999766291786e-02
8.585256978000000316e+00 1.046010894514128181e-01
8.599387197999998733e+00 1.179293459124058502e-01
8.613517419000000785e+00 1.218544965202733865e-01
8.627647638999999202e+00 1.155921553533213880e-01
8.641777859000001172e+00 1.017535757860876799e-01
8.655908079999999671e+00 8.534806213548525033e-02
8.670038300000001641e+00 7.430207280118493463e-02
8.684168520000000058e+00 7.272144425615560681e-02
8.698298740999998557e+00 7.937310156319317411e-02
8.712428961000000527e+00 8.632352396292712615e-02
8.726559181999999026e+00 8.537547180535536018e-02
8.740689402000000996e+00 7.575118713461391484e-02
8.754819621999999413e+00 6.096613925453908678e-02
8.768949843000001465e+00 4.764677555414090909e-02
8.783080062999999882e+00 4.092431227269107546e-02
8.797210282999998299e+00 4.045482765615441428e-02
8.811340504000000351e+00 4.345305031664518230e-02
8.825470723999998768e+00 4.763253896646564567e-02
8.839600944000000737e+00 5.240803025735966264e-02
8.853731164999999237e+00 5.646563691846513688e-02
8.867861385000001206e+00 5.561527128051935165e-02
8.881991604999999623e+00 4.829778048501035675e-02
8.896121826000001676e+00 3.569444847351496003e-02
8.910252046000000092e+00 2.031448123976176481e-02
8.924382266999998592e+00 5.278914268038429128e-03
8.938512487000000561e+00 -5.809748771169391361e-03
8.952642706999998978e+00 -9.354634713310144151e-03
8.966772928000001031e+00 -4.861777882558961962e-03
8.980903147999999447e+00 5.868793581477404174e-03
8.995033368000001417e+00 1.811340731994448561e-02
9.009163588999999916e+00 2.659162576150583129e-02
9.023293808999998333e+00 2.900434352596074558e-02
9.037424029000000303e+00 2.604462006438150110e-02
9.051554249999998802e+00 2.304477631215107181e-02
9.065684470000000772e+00 2.296479733969529133e-02
9.079814689999999189e+00 2.556605028569810048e-02
9.093944911000001241e+00 3.042955343719573949e-02
9.108075130999999658e+00 3.644423989502717370e-02
9.122205352000001710e+00 4.141132809627260519e-02
9.136335572000000127e+00 4.253802798487645725e-02
9.150465791999998544e+00 3.956481383246194389e-02
9.164596013000000596e+00 3.643983376670926339e-02
9.178726232999999013e+00 3.660022061850180114e-02
9.192856453000000982e+00 3.862276012691386040e-02
9.206986673999999482e+00 4.061967885931849764e-02
9.221116894000001452e+00 4.082198948080181106e-02
9.235247113999999868e+00 3.936198506374803674e-02
9.249377334999998368e+00 3.786970982770654359e-02
9.263507555000000337e+00 3.663907279848999110e-02
9.277637774999998754e+00 3.444050838671230963e-02
9.291767996000000807e+00 3.113702597647834136e-02
9.305898215999999223e+00 2.893171021024443235e-02
9.320028437000001276e+00 3.131887476261970005e-02
9.334158656999999693e+00 3.771854706092506865e-02
9.348288877000001662e+00 4.209232395157869178e-02
9.362419098000000162e+00 3.944053334370897085e-02
9.376549317999998578e+00 2.968711526870274758e-02
9.390679538000000548e+00 1.765331888499114404e-02
9.404809758999999048e+00 8.674190319656105430e-03
9.418939979000001017e+00 3.938105510365849313e-03
9.433070198999999434e+00 1.936667967753417756e-03
9.447200420000001486e+00 2.382496250352991816e-03
9.461330639999999903e+00 5.032552624651742690e-03
9.475460859999998320e+00 1.045474888199630394e-02
9.489591081000000372e+00 1.846993913163904114e-02
9.503721300999998789e+00 2.650126533676555596e-02
9.517851522000000841e+00 3.216924115905091253e-02
9.531981741999999258e+00 3.393170212493738097e-02
9.546111962000001228e+00 3.088192731558810078e-02
9.560242182999999727e+00 2.353141901304075037e-02
9.574372403000001697e+00 1.356638910864778683e-02
9.588502623000000114e+00 5.003174460487260292e-03
9.602632843999998613e+00 1.930799756655924735e-03
9.616763064000000583e+00 4.072075139818071704e-03
9.630893283999998999e+00 9.284122225540867787e-03
9.645023505000001052e+00 1.481178754537992685e-02
9.659153724999999469e+00 1.967370288608213252e-02
9.673283945000001438e+00 2.527492464788968357e-02
9.687414165999999938e+00 3.168401257000752480e-02
9.701544385999998354e+00 3.868832697736834803e-02
9.715674607000000407e+00 4.401136261009359896e-02
9.729804826999998824e+00 4.569200959132638934e-02
9.743935047000000793e+00 4.307856049900611606e-02
9.758065267999999293e+00 3.707504089241926704e-02
9.772195488000001262e+00 2.996506088659956282e-02
9.786325707999999679e+00 2.286597142800654223e-02
9.800455929000001731e+00 1.546763322889551165e-02
9.814586149000000148e+00 5.722185254953159571e-03
9.828716368999998565e+00 -6.118671043054742936e-03
9.842846590000000617e+00 -1.851919622657997172e-02
9.856976809999999034e+00 -2.815010388963301580e-02
9.871107030000001004e+00 -3.373866370322886610e-02
9.885237250999999503e+00 -3.498698955411919803e-02
9.899367471000001473e+00 -3.050357985725682397e-02
9.913497691999999972e+00 -2.083116673436672880e-02
9.927627911999998389e+00 -6.096979217801389538e-03
9.941758132000000359e+00 1.072945205349640045e-02
9.955888352999998858e+00 2.516393659075669836e-02
9.970018573000000828e+00 3.445386132716758004e-02
9.984148792999999245e+00 3.741002135802180828e-02
9.998279014000001297e+00 3.452556399426380540e-02
1.001240923399999971e+01 2.662040581054725408e-02
1.002653945400000168e+01 1.588077553321080165e-02
1.004066967500000018e+01 8.049729123928983654e-03
1.005479989499999860e+01 9.068093147782009880e-03
1.006893011500000057e+01 1.954664751939934678e-02
1.008306033599999907e+01 3.413232995508507644e-02
1.009719055600000104e+01 4.375190418317487229e-02
1.011132077599999946e+01 4.344490193759398267e-02
1.012545099700000151e+01 3.281360079410215042e-02
1.013958121699999992e+01 1.868587367903036880e-02
1.015371143799999842e+01 9.654332319480355210e-03
1.016784165800000039e+01 1.129034506657452218e-02
1.018197187799999881e+01 2.430093618291806479e-02
1.019610209900000086e+01 4.434331735060344226e-02
1.021023231899999928e+01 6.857402255047753692e-02
1.022436253900000125e+01 8.862959217528161571e-02
1.023849275999999975e+01 9.784789328659944385e-02
1.025262298000000172e+01 9.519074946002702153e-02
1.026675320000000013e+01 8.569023001032623210e-02
1.028088342099999863e+01 7.771526834107096715e-02
1.029501364100000060e+01 7.569448207839357678e-02
1.030914386099999902e+01 8.253354177519037216e-02
1.032327408200000107e+01 9.646009182893421074e-02
1.033740430199999949e+01 1.121382506736724738e-01
1.035153452300000154e+01 1.229905358552052380e-01
1.036566474299999996e+01 1.246009084483858803e-01
1.037979496299999838e+01 1.171509722024772632e-01
1.039392518400000043e+01 1.052088481191274100e-01
1.040805540399999884e+01 9.279642743679990258e-02
1.042218562400000081e+01 8.182873845623224451e-02
1.043631584499999931e+01 7.248672572960519755e-02
1.045044606500000128e+01 6.492449067844674460e-02
1.046457628499999970e+01 5.994142716126067694e-02
1.047870650600000175e+01 5.760880386065161951e-02
1.049283672600000017e+01 6.064823372858658967e-02
1.050696694599999859e+01 7.032524123507262470e-02
1.052109716700000064e+01 8.657114271960963947e-02
1.053522738699999906e+01 1.079145822032228780e-01
1.054935760800000111e+01 1.304450285761167838e-01
1.056348782799999952e+01 1.472572077340110752e-01
1.057761804800000149e+01 1.514361538074678604e-01
1.059174826899999999e+01 1.426417143442127444e-01
1.060587848899999841e+01 1.278854041457826440e-01
1.062000870900000038e+01 1.175344862558666964e-01
1.063413892999999888e+01 1.175639935595770569e-01
1.064826915000000085e+01 1.274509790799160103e-01
1.066239936999999927e+01 1.412517360334852867e-01
1.067652959100000132e+01 1.530078127435020863e-01
1.069065981099999973e+01 1.576718119687233466e-01
1.070479003100000170e+01 1.522431312020854077e-01
1.071892025200000020e+01 1.386845134615910247e-01
1.073305047199999862e+01 1.214048993240552793e-01
1.074718069300000067e+01 1.073502016554238880e-01
1.076131091299999909e+01 1.009423550340002862e-01
1.077544113300000106e+01 1.043148568628874673e-01
1.078957135399999956e+01 1.161085048499543859e-01
1.080370157400000153e+01 1.330942443019615951e-01
1.081783179399999995e+01 1.538808348805093262e-01
1.083196201499999844e+01 1.749358475840179783e-01
1.084609223500000041e+01 1.920896382058311647e-01
1.086022245499999883e+01 2.013387102657446803e-01
1.087435267600000088e+01 2.014165164802719232e-01
1.088848289599999930e+01 1.953624484692409735e-01
1.090261311600000127e+01 1.885663621158037984e-01
1.091674333699999977e+01 1.861174357047125916e-01
1.093087355700000174e+01 1.890373681225293867e-01
1.094500377800000024e+01 1.934775952570362001e-01
1.095913399799999866e+01 1.933450178494263982e-01
1.097326421800000062e+01 1.853319662564227310e-01
1.098739443899999912e+01 1.697958766991547463e-01
1.100152465900000109e+01 1.514080340635288457e-01
1.101565487899999951e+01 1.357714960596752007e-01
1.102978510000000156e+01 1.260763517889564866e-01
1.104391531999999998e+01 1.222793368513267753e-01
1.105804553999999840e+01 1.225743851959866931e-01
1.107217576100000045e+01 1.272117385927155342e-01
1.108630598099999887e+01 1.357341470358098268e-01
1.110043620100000084e+01 1.458502643970191748e-01
1.111456642199999933e+01 1.546215415642014368e-01
1.112869664200000130e+01 1.611417984972405015e-01
1.114282686299999980e+01 1.632835108116938161e-01
1.115695708300000177e+01 1.590057028568736541e-01
1.117108730300000019e+01 1.488641385908782699e-01
1.118521752399999869e+01 1.362263859531994969e-01
1.119934774400000066e+01 1.260834970641001862e-01
1.121347796399999908e+01 1.227123086958303022e-01
1.122760818500000113e+01 1.262529145557718946e-01
1.124173840499999955e+01 1.317153632452037759e-01
1.125586862500000151e+01 1.350083047940486836e-01
1.126999884600000001e+01 1.351592728597215964e-01
1.128412906599999843e+01 1.361590171738917554e-01
1.129825928600000040e+01 1.416581236163452218e-01
1.131238950699999890e+01 1.513430689611669211e-01
1.132651972700000087e+01 1.623700424056183922e-01
1.134064994799999937e+01 1.702726763093854456e-01
1.135478016800000134e+01 1.739176655767463442e-01
1.136891038799999976e+01 1.714013416081006658e-01
1.138304060899999826e+01 1.610947610152351217e-01
1.139717082900000023e+01 1.457627244079446605e-01
1.141130104899999864e+01 1.320935311330704853e-01
1.142543127000000069e+01 1.264108101718051103e-01
1.143956148999999911e+01 1.304756319833728639e-01
1.145369171000000108e+01 1.423034125161528607e-01
1.146782193099999958e+01 1.578394423257710455e-01
1.148195215100000155e+01 1.745691006553743985e-01
1.149608237099999997e+01 1.912989820391501894e-01
1.151021259199999847e+01 2.071577401512148808e-01
1.152434281200000044e+01 2.202930118571195806e-01
1.153847303299999894e+01 2.294827786354704247e-01
1.155260325300000090e+01 2.347380155958056491e-01
1.156673347299999932e+01 2.366000193952733643e-01
1.158086369400000137e+01 2.358349330576375857e-01
1.159499391399999979e+01 2.319837900159846811e-01
1.160912413400000176e+01 2.240552106843007041e-01
1.162325435500000026e+01 2.116593090796984877e-01
1.163738457499999868e+01 1.946852157412829742e-01
1.165151479500000065e+01 1.761077941280989878e-01
1.166564501599999915e+01 1.597389729222022936e-01
1.167977523600000112e+01 1.500315035345624326e-01
1.169390545599999953e+01 1.496935148121139036e-01
1.170803567700000158e+01 1.547646456693361761e-01
1.172216589700000000e+01 1.609849507615391251e-01
1.173629611799999850e+01 1.658840529559550137e-01
1.175042633800000047e+01 1.708405459196669085e-01
1.176455655799999889e+01 1.774315383751468855e-01
1.177868677900000094e+01 1.853739314514050995e-01
1.179281699899999936e+01 1.933343223067064687e-01
1.180694721900000133e+01 1.999190257486394562e-01
1.182107743999999983e+01 2.055932041199710347e-01
1.183520765999999824e+01 2.106014519140894381e-01
1.184933788000000021e+01 2.146489586488987411e-01
1.186346810099999871e+01 2.163207630059578723e-01
1.187759832100000068e+01 2.161942262799882719e-01
1.189172854099999910e+01 2.162276904885764572e-01
1.190585876200000115e+01 2.175710667481424998e-01
1.191998898199999957e+01 2.182279467021762398e-01
1.193411920300000162e+01 2.158291148811114224e-01
1.194824942300000004e+01 2.086723003927997977e-01
1.196237964299999845e+01 2.017525746279365539e-01
1.197650986400000050e+01 2.027050881600006849e-01
1.199064008399999892e+01 2.200813625017753739e-01
1.200477030400000089e+01 2.680340706079391566e-01
1.201890052499999939e+01 3.651749157522464206e-01
1.203303074500000136e+01 5.310355553618452129e-01
1.204716096499999978e+01 7.800030693357840050e-01
1.206129118599999828e+01 1.119347142221800651e+00
1.207542140600000025e+01 1.550439561617217521e+00
1.208955162599999866e+01 2.074063525183190482e+00
1.210368184700000072e+01 2.692569445051077537e+00
1.211781206699999913e+01 3.410950615121843388e+00
1.213194228800000118e+01 4.233951614732232471e+00
1.214607250799999960e+01 5.164012630942907300e+00
1.216020272800000157e+01 6.201373047372841896e+00
1.217433294900000007e+01 7.343079151459265042e+00
1.218846316899999849e+01 8.585347793653644644e+00
1.220259338900000046e+01 9.926035929942370828e+00
1.221672360999999896e+01 1.136413274441670218e+01
1.223085383000000093e+01 1.290022186232207702e+01
1.224498404999999934e+01 1.453948696622906667e+01
1.225911427100000139e+01 1.628907739599580751e+01
1.227324449099999981e+01 1.815683257549172680e+01
1.228737471099999823e+01 2.014526191101090191e+01
1.230150493200000028e+01 2.224802766779161800e+01
1.231563515199999870e+01 2.444883949916992449e+01
1.232976537300000075e+01 2.672292499346404071e+01
1.234389559299999917e+01 2.904466482827692531e+01
1.235802581300000114e+01 3.139862294988874325e+01
1.237215603399999964e+01 3.379342097130513167e+01
1.238628625400000161e+01 3.626469401605430676e+01
1.240041647400000002e+01 3.886688564141603308e+01
1.241454669499999852e+01 4.164785341254339102e+01
1.242867691500000049e+01 4.461991032414884017e+01
1.244280713499999891e+01 4.773926324592849824e+01
1.245693735600000096e+01 5.090472585071848499e+01
1.247106757599999938e+01 5.397636168470373264e+01
1.248519779600000135e+01 5.680569844407163060e+01
1.249932801699999985e+01 5.926587250041131938e+01
1.251345823699999826e+01 6.127740329422901056e+01
1.252758845800000032e+01 6.281986346771692808e+01
1.254171867799999873e+01 6.392648200393049507e+01
1.255584889800000070e+01 6.466806747600821836e+01
1.256997911899999920e+01 6.513072128962075169e+01
1.258410933900000117e+01 6.539854687609846451e+01
1.259823955899999959e+01 6.554166039048806169e+01
1.261236978000000164e+01 5.466795289396726076e+01
1.262650000000000006e+01 4.375515327155089551e+01
