# r_minus_2Rs_A,    PMF_over_kBT
-3.975000000000000089e+00 2.204969805882905476e+01
-3.924999999999999822e+00 2.939959741177207420e+01
-3.875000000000000000e+00 3.674949676471509008e+01
-3.825000000000000178e+00 3.674949676471509008e+01
-3.774999999999999911e+00 3.674949676471509008e+01
-3.725000000000000089e+00 3.674949676471509008e+01
-3.674999999999999822e+00 3.674949676471509008e+01
-3.625000000000000000e+00 3.674949676471509008e+01
-3.575000000000000178e+00 3.674949676471509008e+01
-3.524999999999999911e+00 3.674949676471509008e+01
-3.475000000000000089e+00 3.674949676471509008e+01
-3.424999999999999822e+00 3.674949676471509008e+01
-3.375000000000000000e+00 3.674949676471509008e+01
-3.325000000000000178e+00 3.674949676471509008e+01
-3.274999999999999911e+00 3.674949676471509008e+01
-3.225000000000000089e+00 3.674949676471509008e+01
-3.174999999999999822e+00 3.674949676471509008e+01
-3.125000000000000000e+00 3.674949676471509008e+01
-3.075000000000000178e+00 3.674949676471509008e+01
-3.024999999999999911e+00 3.674949676471509008e+01
-2.975000000000000089e+00 3.674949676471509008e+01
-2.924999999999999822e+00 3.674949676471509008e+01
-2.875000000000000000e+00 3.674949676471509008e+01
-2.824999999999999734e+00 3.674949676471509008e+01
-2.774999999999999911e+00 3.674949676471509008e+01
-2.725000000000000089e+00 3.674949676471509008e+01
-2.674999999999999822e+00 3.674949676471509008e+01
-2.625000000000000000e+00 3.674949676471509008e+01
-2.574999999999999734e+00 3.674949676471509008e+01
-2.524999999999999911e+00 3.674949676471509008e+01
-2.475000000000000089e+00 3.674949676471509008e+01
-2.424999999999999822e+00 3.674949676471509008e+01
-2.375000000000000000e+00 3.674949676471509008e+01
-2.324999999999999734e+00 3.674949676471509008e+01
-2.274999999999999911e+00 3.674949676471509008e+01
-2.225000000000000089e+00 3.674949676471509008e+01
-2.174999999999999822e+00 3.674949676471509008e+01
-2.125000000000000000e+00 3.674949676471509008e+01
-2.074999999999999734e+00 3.674949676471509008e+01
-2.024999999999999911e+00 3.674949676471509008e+01
-1.974999999999999645e+00 3.674949676471509008e+01
-1.924999999999999822e+00 3.674949676471509008e+01
-1.875000000000000000e+00 3.674949676471509008e+01
-1.825000000000000178e+00 3.674949676471509008e+01
-1.774999999999999911e+00 3.674949676471509008e+01
-1.724999999999999645e+00 3.674949676471509008e+01
-1.674999999999999822e+00 3.674949676471509008e+01
-1.625000000000000000e+00 3.674949676471509008e+01
-1.574999999999999734e+00 3.674949676471509008e+01
-1.524999999999999911e+00 3.674949676471509008e+01
-1.474999999999999645e+00 3.674949676471509008e+01
-1.424999999999999822e+00 3.674949676471509008e+01
-1.375000000000000000e+00 3.674949676471509008e+01
-1.324999999999999734e+00 3.674949676471509008e+01
-1.274999999999999911e+00 3.674949676471509008e+01
-1.224999999999999645e+00 3.674949676471509008e+01
-1.174999999999999822e+00 3.674949676471509008e+01
-1.125000000000000000e+00 3.674949676471509008e+01
-1.074999999999999734e+00 3.674949676471509008e+01
-1.024999999999999911e+00 3.674949676471509008e+01
-9.749999999999996447e-01 3.674949676471509008e+01
-9.249999999999998224e-01 3.674949676471509008e+01
-8.750000000000000000e-01 3.674949676471509008e+01
-8.249999999999997335e-01 3.674949676471509008e+01
-7.749999999999999112e-01 3.674949676471509008e+01
-7.249999999999996447e-01 3.674949676471509008e+01
-6.749999999999998224e-01 3.674949676471509008e+01
-6.250000000000000000e-01 3.674949676471509008e+01
-5.749999999999997335e-01 3.674949676471509008e+01
-5.249999999999999112e-01 3.674949676471509008e+01
-4.749999999999996447e-01 3.070906640611025296e+01
-4.249999999999998224e-01 2.389987538306709780e+01
-3.750000000000000000e-01 1.685529528682544864e+01
-3.249999999999997335e-01 9.614183483363316185e+00
-2.749999999999999112e-01 2.234311892334694516e+00
-2.249999999999996447e-01 8.518331267582615052e-01
-1.749999999999998224e-01 1.865798691183499225e-01
-1.250000000000000000e-01 -2.419909739547133620e-01
-7.499999999999973355e-02 -4.698012538834188678e-01
-2.499999999999991118e-02 -5.413389770094150233e-01
2.500000000000035527e-02 -5.578695953778843863e-01
7.500000000000017764e-02 -5.150510134800602158e-01
1.250000000000000000e-01 -4.703380597896778537e-01
1.750000000000007105e-01 -4.121927982932167556e-01
2.249999999999996447e-01 -3.545178295160859028e-01
2.750000000000003553e-01 -2.956183160587976255e-01
3.250000000000001776e-01 -2.558919073132180921e-01
3.750000000000000000e-01 -1.952030424080248849e-01
4.250000000000007105e-01 -1.551641390378119267e-01
4.749999999999996447e-01 -9.407459474137278010e-02
5.250000000000003553e-01 -5.364425471849969956e-02
5.750000000000001776e-01 2.076577089728104310e-03
6.250000000000000000e-01 4.658320661374908828e-02
6.750000000000007105e-01 9.925585157519556390e-02
7.249999999999996447e-01 1.081702362452080790e-01
7.750000000000003553e-01 1.352375714879588964e-01
8.250000000000010658e-01 1.590524153811671282e-01
8.750000000000000000e-01 1.871420251633019172e-01
9.250000000000007105e-01 2.048596774516081576e-01
9.749999999999996447e-01 2.331612161832936347e-01
1.025000000000000355e+00 2.558525649525240642e-01
1.075000000000001066e+00 2.713932459791891794e-01
1.125000000000000000e+00 2.476214155641056069e-01
1.175000000000000711e+00 2.441244649251803900e-01
1.224999999999999645e+00 2.391416679995771455e-01
1.275000000000000355e+00 2.267838800245542130e-01
1.325000000000001066e+00 2.160345842378678383e-01
1.375000000000000000e+00 1.981578526315644351e-01
1.425000000000000711e+00 1.823006548229731405e-01
1.474999999999999645e+00 1.602554747827042714e-01
1.525000000000000355e+00 1.148848488477948876e-01
1.575000000000001066e+00 9.159572318001388269e-02
1.625000000000000000e+00 9.747308279749056226e-02
1.675000000000000711e+00 7.207409128226771600e-02
1.724999999999999645e+00 3.569816604926821096e-02
1.775000000000000355e+00 1.352706215917969489e-02
1.825000000000001066e+00 -2.637882931947430759e-02
1.875000000000000000e+00 -7.386740180898421215e-02
1.925000000000000711e+00 -1.110377303320664311e-01
1.974999999999999645e+00 -1.414951093551849448e-01
2.025000000000000355e+00 -1.609942651196618613e-01
2.075000000000001066e+00 -1.802329933011424801e-01
2.125000000000000000e+00 -1.975365458482862269e-01
2.175000000000000711e+00 -2.146985447124784285e-01
2.224999999999999645e+00 -2.230071425618209702e-01
2.275000000000000355e+00 -2.262913856990461658e-01
2.325000000000001066e+00 -2.307023746960019939e-01
2.375000000000000000e+00 -2.246882432093166015e-01
2.425000000000000711e+00 -2.236799618548804547e-01
2.474999999999999645e+00 -2.290160595321527326e-01
2.525000000000000355e+00 -2.347464883554305770e-01
2.575000000000001066e+00 -2.233849638525470249e-01
2.625000000000000000e+00 -2.327436011419664330e-01
2.675000000000000711e+00 -2.318451095195882827e-01
2.724999999999999645e+00 -2.164493848554510380e-01
2.775000000000000355e+00 -1.972131824783314724e-01
2.825000000000001066e+00 -1.906499767680067126e-01
2.875000000000000000e+00 -1.746109607533906372e-01
2.925000000000000711e+00 -1.603106391719517632e-01
2.974999999999999645e+00 -1.504270844047798927e-01
3.025000000000000355e+00 -1.337885103111983165e-01
3.075000000000001066e+00 -1.244286890193009865e-01
3.125000000000000000e+00 -9.788523172535548711e-02
3.175000000000000711e+00 -7.786058880233603929e-02
3.224999999999999645e+00 -5.744291839019944473e-02
3.275000000000000355e+00 -3.821888836052665661e-02
3.325000000000001066e+00 -5.805806306561576632e-03
3.375000000000000000e+00 1.672940765468418009e-02
3.425000000000000711e+00 4.727132691955979876e-02
3.474999999999999645e+00 6.695343711512223572e-02
3.525000000000000355e+00 7.843811654461774197e-02
3.575000000000001066e+00 8.941119168295337538e-02
3.625000000000000000e+00 9.581918329273371449e-02
3.675000000000000711e+00 1.047994769347692368e-01
3.724999999999999645e+00 1.273013143309050521e-01
3.775000000000000355e+00 1.484467961660708990e-01
3.825000000000001066e+00 1.567981412782653849e-01
3.875000000000000000e+00 1.690443313012327531e-01
3.925000000000000711e+00 1.645502513300605985e-01
3.974999999999999645e+00 1.718521718059051462e-01
4.025000000000000355e+00 1.724628282141086599e-01
4.074999999999999289e+00 1.781557937891765364e-01
4.125000000000000000e+00 1.872878484875418192e-01
4.175000000000000711e+00 2.122838885624027394e-01
4.225000000000001421e+00 2.155492773562968922e-01
4.275000000000000355e+00 2.194958919951940091e-01
4.324999999999999289e+00 2.166052504052338179e-01
4.375000000000000000e+00 2.044487179111712238e-01
4.425000000000000711e+00 1.909295490638484583e-01
4.475000000000001421e+00 1.800210259657614442e-01
4.525000000000000355e+00 1.743453676308586719e-01
4.574999999999999289e+00 1.678894819589047127e-01
4.625000000000000000e+00 1.536200112701919807e-01
4.675000000000000711e+00 1.418086417152693290e-01
4.725000000000001421e+00 1.216054173795566157e-01
4.775000000000000355e+00 1.024057540778716829e-01
4.824999999999999289e+00 8.808899385584184616e-02
4.875000000000000000e+00 9.036509331408880408e-02
4.925000000000000711e+00 7.794837470662480117e-02
4.975000000000001421e+00 6.510421083669550024e-02
5.025000000000000355e+00 4.842347448711343399e-02
5.074999999999999289e+00 2.635185279310619036e-02
5.125000000000000000e+00 9.631607137049514461e-03
5.175000000000000711e+00 -5.575625652875260650e-03
5.225000000000001421e+00 -1.288972655011520058e-02
5.275000000000000355e+00 -2.501464613609911611e-02
5.324999999999999289e+00 -2.366029718216786787e-02
5.375000000000000000e+00 -3.678047036552811733e-02
5.425000000000000711e+00 -4.647342685441842314e-02
5.475000000000001421e+00 -5.463884515987267598e-02
5.525000000000000355e+00 -6.442903758627203936e-02
5.575000000000001066e+00 -7.763382679818278675e-02
5.625000000000000000e+00 -8.089546880514965344e-02
5.675000000000000711e+00 -8.143041310350476736e-02
5.725000000000001421e+00 -8.066132361950090202e-02
5.775000000000000355e+00 -7.992568222763196673e-02
5.825000000000001066e+00 -7.905859945802902466e-02
5.875000000000000000e+00 -7.725779051865870606e-02
5.925000000000000711e+00 -8.310330427428809508e-02
5.975000000000001421e+00 -8.810885742377151664e-02
6.025000000000000355e+00 -7.570802534465208289e-02
6.075000000000001066e+00 -7.722221024382065757e-02
6.125000000000000000e+00 -7.985076295685189507e-02
6.175000000000000711e+00 -6.709259157889456426e-02
6.225000000000001421e+00 -5.643920939510779083e-02
6.275000000000000355e+00 -6.143064979221471433e-02
6.325000000000001066e+00 -5.354248913550314209e-02
6.375000000000000000e+00 -5.048035354269764241e-02
6.425000000000000711e+00 -4.232251012131910822e-02
6.475000000000001421e+00 -4.079043930686054864e-02
6.525000000000000355e+00 -3.804429102107569072e-02
6.575000000000001066e+00 -3.730356761229494666e-02
6.625000000000000000e+00 -2.757679404412520865e-02
6.675000000000000711e+00 -2.655639037874770944e-02
6.725000000000001421e+00 -1.932383976580709720e-02
6.775000000000000355e+00 -5.766986722289146015e-03
6.825000000000001066e+00 -2.933943730894839497e-03
6.875000000000000000e+00 -1.158735544005828899e-02
6.925000000000000711e+00 -9.541478714067252315e-03
6.975000000000001421e+00 -1.270285939448818555e-02
7.025000000000000355e+00 -1.745355959910064453e-02
7.075000000000001066e+00 -8.617156587583350846e-03
7.125000000000000000e+00 1.114127087904570601e-02
7.175000000000000711e+00 1.307582181943800666e-02
7.225000000000001421e+00 2.233964496179403902e-02
7.275000000000000355e+00 2.397599717646592757e-02
7.325000000000001066e+00 3.307022782781957049e-02
7.375000000000000000e+00 3.044947398714619238e-02
7.425000000000000711e+00 2.978882529589839401e-02
7.475000000000001421e+00 3.430195874679107387e-02
7.525000000000000355e+00 4.089850271895798667e-02
7.575000000000001066e+00 3.711760785485367781e-02
7.625000000000000000e+00 3.241469374086811822e-02
7.675000000000000711e+00 3.641586224420088197e-02
7.725000000000001421e+00 3.323175125296735227e-02
7.775000000000000355e+00 4.049930317142269587e-02
7.825000000000001066e+00 3.358730589592547056e-02
7.875000000000000000e+00 4.241489487360077665e-02
7.925000000000000711e+00 4.117715172696385928e-02
7.975000000000001421e+00 3.798585302170778139e-02
8.025000000000000355e+00 2.060297052079960653e-02
8.075000000000001066e+00 2.770909786565099384e-02
8.125000000000000000e+00 2.040376676783886220e-02
8.175000000000000711e+00 2.018069855660833620e-02
8.225000000000001421e+00 1.785236432304131496e-02
8.275000000000000355e+00 2.624418007277817821e-02
8.325000000000001066e+00 1.818513391245986030e-02
8.375000000000000000e+00 1.253196950813837557e-02
8.425000000000000711e+00 3.554704802515119139e-03
8.475000000000001421e+00 -2.248981740173401026e-04
8.525000000000000355e+00 -8.730343796941753692e-03
8.575000000000001066e+00 -7.095695478601626166e-03
8.625000000000000000e+00 -5.230379034241749471e-03
8.675000000000000711e+00 -1.876203757326422175e-03
8.725000000000001421e+00 2.629901885914165730e-04
8.775000000000000355e+00 3.806629229723413211e-03
8.825000000000001066e+00 1.175422600911346692e-03
8.875000000000000000e+00 1.939205511988006730e-04
8.925000000000000711e+00 8.729396937710020036e-04
8.975000000000001421e+00 -2.097982554584021473e-03
9.025000000000000355e+00 -8.957308639914529982e-03
9.075000000000001066e+00 -8.946046168107457675e-03
9.125000000000000000e+00 -1.269688586668529275e-02
9.175000000000000711e+00 -1.470263857682816387e-02
9.225000000000001421e+00 -8.521755561143252306e-03
9.275000000000000355e+00 -5.474131122887015803e-03
9.325000000000001066e+00 -1.758646171014888442e-03
9.375000000000000000e+00 4.411103728202902911e-03
9.425000000000000711e+00 1.894706475492925106e-03
9.475000000000001421e+00 -3.418929801000203470e-03
9.525000000000000355e+00 -3.560146370012162980e-03
9.575000000000001066e+00 -5.767485454819976098e-03
9.625000000000000000e+00 -5.780405435642776805e-03
9.675000000000000711e+00 -3.836626039788629088e-04
9.725000000000001421e+00 -3.817166219689838678e-03
9.775000000000000355e+00 -9.340539283060422457e-03
9.825000000000001066e+00 -1.158954313278215409e-02
9.875000000000000000e+00 -1.415785816327641729e-02
9.925000000000000711e+00 -1.448110949762870976e-02
9.975000000000001421e+00 -9.559781415809355531e-03
1.002500000000000036e+01 -5.047492103166107379e-03
1.007500000000000107e+01 -3.713630614555896072e-03
1.012500000000000000e+01 -6.428600209382295816e-03
1.017500000000000071e+01 -8.566309719422094196e-03
1.022500000000000142e+01 -8.339835475479163290e-03
1.027500000000000036e+01 -5.177210320780645768e-03
1.032500000000000107e+01 -3.896067061987196212e-03
1.037500000000000000e+01 4.597572425719676490e-04
1.042500000000000071e+01 1.977792149083157629e-03
1.047500000000000142e+01 3.112476646892048480e-03
1.052500000000000036e+01 2.812958045324265560e-03
1.057500000000000107e+01 8.906392654477101808e-03
1.062500000000000000e+01 1.390758235691009863e-02
1.067500000000000071e+01 1.714917043705597305e-02
1.072500000000000142e+01 1.718131019106437091e-02
1.077500000000000036e+01 2.015645852103524482e-02
1.082500000000000107e+01 1.720101573951922022e-02
1.087500000000000000e+01 8.952894321313565468e-03
1.092500000000000071e+01 4.348104571076305373e-03
1.097500000000000142e+01 1.053508063469834645e-02
1.102500000000000036e+01 8.826978562095534261e-03
1.107500000000000107e+01 2.136710935297258911e-03
1.112500000000000000e+01 5.406794107459233709e-03
1.117500000000000071e+01 6.225292207233578713e-03
1.122500000000000142e+01 2.589832449040585776e-03
1.127500000000000036e+01 1.521680545329928864e-03
1.132500000000000107e+01 1.584614075465040932e-03
1.137500000000000000e+01 3.794707548644283678e-03
1.142500000000000071e+01 7.912917445758794674e-03
1.147500000000000142e+01 7.076812344035943864e-03
1.152500000000000036e+01 4.399380228915106099e-03
1.157500000000000107e+01 5.926517504392947618e-03
1.162500000000000000e+01 8.341673446080477214e-03
1.167500000000000071e+01 5.228240374856696349e-03
1.172500000000000142e+01 2.613791740060023103e-03
1.177500000000000036e+01 6.594454374106106798e-03
1.182500000000000107e+01 5.918569105487847017e-03
1.187500000000000000e+01 1.602109238723059548e-03
1.192500000000000071e+01 -3.866989127315534347e-03
1.197500000000000142e+01 -3.065600261104251423e-03
1.202499999999999858e+01 -5.301772545024264170e-03
1.207500000000000284e+01 -1.657832363320821704e-03
1.212500000000000000e+01 -6.099164206007401043e-03
1.217500000000000071e+01 3.872755224461599342e-03
1.222500000000000142e+01 3.349924883376331937e-03
1.227499999999999858e+01 3.723225091803072668e-03
1.232500000000000284e+01 8.902276071883720096e-03
1.237500000000000000e+01 1.010339573164458285e-02
1.242500000000000071e+01 5.456894604792594805e-03
1.247500000000000142e+01 2.997987042932592511e-03
1.252499999999999858e+01 4.188663292125838732e-03
1.257500000000000284e+01 -5.211973143922321930e-03
1.262500000000000000e+01 -1.166693365591342469e-03
1.267500000000000071e+01 -1.957510417315333744e-03
1.272500000000000142e+01 1.756384035381587411e-04
1.277499999999999858e+01 -3.473194500987375477e-03
1.282500000000000284e+01 2.532811583295569227e-03
1.287500000000000000e+01 -5.964592836432558963e-03
1.292500000000000071e+01 -2.284663718845081695e-03
1.297500000000000142e+01 -1.281219091178087540e-03
1.302499999999999858e+01 1.661337789763450744e-03
1.307500000000000284e+01 -2.405359668623674799e-03
1.312500000000000000e+01 2.421869384142638811e-03
1.317500000000000071e+01 4.352221128204548299e-04
1.322500000000000142e+01 -4.936049687125532333e-03
1.327499999999999858e+01 -5.016429537008449194e-03
1.332500000000000284e+01 -3.531263246389926454e-03
1.337500000000000000e+01 -5.679294377038602258e-03
1.342500000000000071e+01 -2.247737771561735595e-04
1.347500000000000142e+01 2.512246004703655965e-03
1.352499999999999858e+01 -2.728720779946058710e-03
1.357500000000000284e+01 2.857256189778923337e-03
1.362500000000000000e+01 4.342333804146036522e-03
1.367500000000000071e+01 -1.578195338616695132e-03
1.372500000000000142e+01 -1.678217250537628264e-03
1.377499999999999858e+01 4.556686725946689810e-03
1.382500000000000284e+01 -4.839254221327139423e-04
1.387500000000000000e+01 2.042145865112132957e-03
1.392500000000000071e+01 4.446071451057740515e-02
1.397500000000000142e+01 3.103069661338128671e-01
1.402499999999999858e+01 1.032873491408940581e+00
1.407500000000000284e+01 2.569976609224757347e+00
1.412500000000000000e+01 9.920081462887766932e+00
1.417500000000000071e+01 1.722633097604244057e+01
1.422500000000000142e+01 2.431085345924744345e+01
1.427499999999999858e+01 3.093805519181946551e+01
1.432500000000000284e+01 3.674949676471509008e+01
1.437500000000000000e+01 3.674949676471509008e+01
1.442500000000000071e+01 3.674949676471509008e+01
1.447500000000000142e+01 3.674949676471509008e+01
1.452499999999999858e+01 3.674949676471509008e+01
1.457500000000000284e+01 3.674949676471509008e+01
1.462500000000000000e+01 3.674949676471509008e+01
1.467500000000000071e+01 3.674949676471509008e+01
1.472500000000000142e+01 3.674949676471509008e+01
1.477499999999999858e+01 3.674949676471509008e+01
1.482500000000000284e+01 3.674949676471509008e+01
1.487500000000000000e+01 3.674949676471509008e+01
1.492500000000000071e+01 3.674949676471509008e+01
1.497500000000000142e+01 3.674949676471509008e+01
1.502499999999999858e+01 3.674949676471509008e+01
1.507500000000000284e+01 3.674949676471509008e+01
1.512500000000000000e+01 3.674949676471509008e+01
1.517500000000000426e+01 3.674949676471509008e+01
1.522500000000000142e+01 3.674949676471509008e+01
1.527499999999999858e+01 3.674949676471509008e+01
1.532500000000000284e+01 3.674949676471509008e+01
1.537500000000000000e+01 3.674949676471509008e+01
1.542500000000000426e+01 3.674949676471509008e+01
1.547500000000000142e+01 3.674949676471509008e+01
1.552499999999999858e+01 3.674949676471509008e+01
1.557500000000000284e+01 3.674949676471509008e+01
1.562500000000000000e+01 3.674949676471509008e+01
1.567500000000000426e+01 3.674949676471509008e+01
1.572500000000000142e+01 3.674949676471509008e+01
1.577499999999999858e+01 3.674949676471509008e+01
1.582500000000000284e+01 3.674949676471509008e+01
1.587500000000000000e+01 3.674949676471509008e+01
1.592500000000000426e+01 3.674949676471509008e+01
1.597500000000000142e+01 3.674949676471509008e+01
1.602499999999999858e+01 3.674949676471509008e+01
1.607500000000000284e+01 3.674949676471509008e+01
1.612500000000000000e+01 3.674949676471509008e+01
1.617500000000000426e+01 3.674949676471509008e+01
1.622500000000000142e+01 3.674949676471509008e+01
1.627499999999999858e+01 3.674949676471509008e+01
1.632500000000000284e+01 3.674949676471509008e+01
1.637500000000000000e+01 3.674949676471509008e+01
1.642500000000000426e+01 3.674949676471509008e+01
1.647500000000000142e+01 3.674949676471509008e+01
1.652499999999999858e+01 3.674949676471509008e+01
1.657500000000000284e+01 3.674949676471509008e+01
1.662500000000000000e+01 3.674949676471509008e+01
1.667500000000000426e+01 3.674949676471509008e+01
1.672500000000000142e+01 3.674949676471509008e+01
1.677499999999999858e+01 3.674949676471509008e+01
1.682500000000000284e+01 3.674949676471509008e+01
1.687500000000000000e+01 3.674949676471509008e+01
1.692500000000000426e+01 3.674949676471509008e+01
1.697500000000000142e+01 3.674949676471509008e+01
1.702499999999999858e+01 3.674949676471509008e+01
1.707500000000000284e+01 3.674949676471509008e+01
1.712500000000000000e+01 3.674949676471509008e+01
1.717500000000000426e+01 3.674949676471509008e+01
1.722500000000000142e+01 3.674949676471509008e+01
1.727499999999999858e+01 3.674949676471509008e+01
1.732500000000000284e+01 3.674949676471509008e+01
1.737500000000000000e+01 3.674949676471509008e+01
1.742500000000000426e+01 3.674949676471509008e+01
1.747500000000000142e+01 3.674949676471509008e+01
1.752499999999999858e+01 3.674949676471509008e+01
1.757500000000000284e+01 3.674949676471509008e+01
1.762500000000000000e+01 3.674949676471509008e+01
1.767500000000000426e+01 3.674949676471509008e+01
1.772500000000000142e+01 3.674949676471509008e+01
1.777499999999999858e+01 3.674949676471509008e+01
1.782500000000000284e+01 3.674949676471509008e+01
1.787500000000000000e+01 3.674949676471509008e+01
1.792500000000000426e+01 3.674949676471509008e+01
1.797500000000000142e+01 3.674949676471509008e+01
1.802499999999999858e+01 3.674949676471509008e+01
1.807500000000000284e+01 3.674949676471509008e+01
1.812500000000000000e+01 3.674949676471509008e+01
1.817500000000000426e+01 3.674949676471509008e+01
1.822500000000000142e+01 3.674949676471509008e+01
1.827499999999999858e+01 3.674949676471509008e+01
1.832500000000000284e+01 3.674949676471509008e+01
1.837500000000000000e+01 3.674949676471509008e+01
1.842500000000000426e+01 3.674949676471509008e+01
1.847500000000000142e+01 3.674949676471509008e+01
1.852499999999999858e+01 3.674949676471509008e+01
1.857500000000000284e+01 3.674949676471509008e+01
1.862500000000000000e+01 3.674949676471509008e+01
1.867500000000000426e+01 3.674949676471509008e+01
1.872500000000000142e+01 3.674949676471509008e+01
1.877499999999999858e+01 3.674949676471509008e+01
1.882500000000000284e+01 3.674949676471509008e+01
1.887500000000000000e+01 3.674949676471509008e+01
1.892500000000000426e+01 3.674949676471509008e+01
1.897500000000000142e+01 3.674949676471509008e+01
1.902499999999999858e+01 3.674949676471509008e+01
1.907500000000000284e+01 3.674949676471509008e+01
1.912500000000000000e+01 3.674949676471509008e+01
1.917500000000000426e+01 3.674949676471509008e+01
1.922500000000000142e+01 3.674949676471509008e+01
1.927499999999999858e+01 3.674949676471509008e+01
1.932500000000000284e+01 3.674949676471509008e+01
1.937500000000000000e+01 3.674949676471509008e+01
1.942500000000000426e+01 3.674949676471509008e+01
1.947500000000000142e+01 3.674949676471509008e+01
1.952499999999999858e+01 3.674949676471509008e+01
1.957500000000000284e+01 3.674949676471509008e+01
1.962500000000000000e+01 3.674949676471509008e+01
1.967500000000000426e+01 3.674949676471509008e+01
1.972500000000000142e+01 3.674949676471509008e+01
1.977499999999999858e+01 3.674949676471509008e+01
1.982500000000000284e+01 3.674949676471509008e+01
1.987500000000000000e+01 3.674949676471509008e+01
1.992500000000000426e+01 3.674949676471509008e+01
1.997500000000000142e+01 3.674949676471509008e+01
2.002499999999999858e+01 3.674949676471509008e+01
2.007500000000000284e+01 3.674949676471509008e+01
2.012500000000000000e+01 3.674949676471509008e+01
2.017500000000000426e+01 3.674949676471509008e+01
2.022500000000000142e+01 3.674949676471509008e+01
2.027499999999999858e+01 3.674949676471509008e+01
2.032500000000000284e+01 3.674949676471509008e+01
2.037500000000000000e+01 3.674949676471509008e+01
2.042500000000000426e+01 3.674949676471509008e+01
2.047500000000000142e+01 3.674949676471509008e+01
2.052499999999999858e+01 3.674949676471509008e+01
2.057500000000000284e+01 3.674949676471509008e+01
2.062500000000000000e+01 3.674949676471509008e+01
2.067500000000000426e+01 3.674949676471509008e+01
2.072500000000000142e+01 3.674949676471509008e+01
2.077499999999999858e+01 3.674949676471509008e+01
2.082500000000000284e+01 3.674949676471509008e+01
2.087500000000000000e+01 3.674949676471509008e+01
2.092500000000000426e+01 3.674949676471509008e+01
2.097500000000000142e+01 3.674949676471509008e+01
2.102499999999999858e+01 3.674949676471509008e+01
2.107500000000000284e+01 3.674949676471509008e+01
2.112500000000000000e+01 3.674949676471509008e+01
2.117500000000000426e+01 3.674949676471509008e+01
2.122500000000000142e+01 3.674949676471509008e+01
2.127499999999999858e+01 3.674949676471509008e+01
2.132500000000000284e+01 3.674949676471509008e+01
2.137500000000000000e+01 3.674949676471509008e+01
2.142500000000000426e+01 3.674949676471509008e+01
2.147500000000000142e+01 3.674949676471509008e+01
2.152499999999999858e+01 3.674949676471509008e+01
2.157500000000000284e+01 3.674949676471509008e+01
2.162500000000000000e+01 3.674949676471509008e+01
2.167500000000000426e+01 3.674949676471509008e+01
2.172500000000000142e+01 3.674949676471509008e+01
2.177499999999999858e+01 3.674949676471509008e+01
2.182500000000000284e+01 3.674949676471509008e+01
2.187500000000000000e+01 3.674949676471509008e+01
2.192500000000000426e+01 3.674949676471509008e+01
2.197500000000000142e+01 3.674949676471509008e+01
2.202499999999999858e+01 3.674949676471509008e+01
2.207500000000000284e+01 3.674949676471509008e+01
2.212500000000000000e+01 3.674949676471509008e+01
2.217500000000000426e+01 3.674949676471509008e+01
2.222500000000000142e+01 3.674949676471509008e+01
2.227499999999999858e+01 3.674949676471509008e+01
2.232500000000000284e+01 3.674949676471509008e+01
2.237500000000000000e+01 3.674949676471509008e+01
2.242500000000000426e+01 3.674949676471509008e+01
2.247500000000000142e+01 3.674949676471509008e+01
2.252499999999999858e+01 3.674949676471509008e+01
2.257500000000000284e+01 3.674949676471509008e+01
2.262500000000000000e+01 3.674949676471509008e+01
2.267500000000000426e+01 3.674949676471509008e+01
2.272500000000000142e+01 3.674949676471509008e+01
2.277499999999999858e+01 3.674949676471509008e+01
2.282500000000000284e+01 3.674949676471509008e+01
2.287500000000000000e+01 3.674949676471509008e+01
2.292500000000000426e+01 3.674949676471509008e+01
2.297500000000000142e+01 3.674949676471509008e+01
2.302499999999999858e+01 3.674949676471509008e+01
2.307500000000000284e+01 3.674949676471509008e+01
2.312500000000000000e+01 3.674949676471509008e+01
2.317500000000000426e+01 3.674949676471509008e+01
2.322500000000000142e+01 3.674949676471509008e+01
2.327499999999999858e+01 3.674949676471509008e+01
2.332500000000000284e+01 3.674949676471509008e+01
2.337500000000000000e+01 3.674949676471509008e+01
2.342500000000000426e+01 3.674949676471509008e+01
2.347500000000000142e+01 3.674949676471509008e+01
2.352499999999999858e+01 3.674949676471509008e+01
2.357500000000000284e+01 3.674949676471509008e+01
2.362500000000000000e+01 3.674949676471509008e+01
2.367500000000000426e+01 3.674949676471509008e+01
2.372500000000000142e+01 3.674949676471509008e+01
2.377499999999999858e+01 3.674949676471509008e+01
2.382500000000000284e+01 3.674949676471509008e+01
2.387500000000000000e+01 3.674949676471509008e+01
2.392500000000000426e+01 3.674949676471509008e+01
2.397500000000000142e+01 3.674949676471509008e+01
2.402499999999999858e+01 3.674949676471509008e+01
2.407500000000000284e+01 3.674949676471509008e+01
2.412500000000000000e+01 3.674949676471509008e+01
2.417500000000000426e+01 3.674949676471509008e+01
2.422500000000000142e+01 3.674949676471509008e+01
2.427499999999999858e+01 3.674949676471509008e+01
2.432500000000000284e+01 3.674949676471509008e+01
2.437500000000000000e+01 3.674949676471509008e+01
2.442500000000000426e+01 3.674949676471509008e+01
2.447500000000000142e+01 3.674949676471509008e+01
2.452499999999999858e+01 3.674949676471509008e+01
2.457500000000000284e+01 3.674949676471509008e+01
2.462500000000000000e+01 3.674949676471509008e+01
2.467500000000000426e+01 3.674949676471509008e+01
2.472500000000000142e+01 3.674949676471509008e+01
2.477499999999999858e+01 3.674949676471509008e+01
2.482500000000000284e+01 3.674949676471509008e+01
2.487500000000000000e+01 3.674949676471509008e+01
2.492500000000000426e+01 3.674949676471509008e+01
2.497500000000000142e+01 3.674949676471509008e+01
2.502499999999999858e+01 3.674949676471509008e+01
2.507500000000000284e+01 3.674949676471509008e+01
2.512500000000000000e+01 3.674949676471509008e+01
2.517500000000000426e+01 3.674949676471509008e+01
2.522500000000000142e+01 3.674949676471509008e+01
2.527499999999999858e+01 3.674949676471509008e+01
2.532500000000000284e+01 3.674949676471509008e+01
2.537500000000000000e+01 3.674949676471509008e+01
2.542500000000000426e+01 3.674949676471509008e+01
2.547500000000000142e+01 3.674949676471509008e+01
2.552499999999999858e+01 3.674949676471509008e+01
2.557500000000000284e+01 3.674949676471509008e+01
2.562500000000000000e+01 3.674949676471509008e+01
2.567500000000000426e+01 3.674949676471509008e+01
2.572500000000000142e+01 3.674949676471509008e+01
2.577499999999999858e+01 3.674949676471509008e+01
2.582500000000000284e+01 3.674949676471509008e+01
2.587500000000000000e+01 3.674949676471509008e+01
2.592500000000000426e+01 2.939959741177207420e+01
2.597500000000000142e+01 2.204969805882905476e+01
