# r_minus_2Rs_A,    PMF_over_kBT
-2.774999999999999911e+00 2.219361101806939018e+01
-2.724999999999999645e+00 2.959148135742585239e+01
-2.674999999999999822e+00 3.698935169678231460e+01
-2.625000000000000000e+00 3.698935169678231460e+01
-2.574999999999999734e+00 3.698935169678231460e+01
-2.524999999999999911e+00 3.698935169678231460e+01
-2.474999999999999645e+00 3.698935169678231460e+01
-2.424999999999999822e+00 3.698935169678231460e+01
-2.375000000000000000e+00 3.698935169678231460e+01
-2.324999999999999734e+00 3.698935169678231460e+01
-2.274999999999999911e+00 3.698935169678231460e+01
-2.224999999999999645e+00 3.698935169678231460e+01
-2.174999999999999822e+00 3.698935169678231460e+01
-2.125000000000000000e+00 3.698935169678231460e+01
-2.074999999999999734e+00 3.698935169678231460e+01
-2.024999999999999911e+00 3.698935169678231460e+01
-1.974999999999999645e+00 3.698935169678231460e+01
-1.924999999999999822e+00 3.698935169678231460e+01
-1.874999999999999778e+00 3.698935169678231460e+01
-1.824999999999999734e+00 3.698935169678231460e+01
-1.774999999999999911e+00 3.698935169678231460e+01
-1.724999999999999645e+00 3.698935169678231460e+01
-1.674999999999999822e+00 3.698935169678231460e+01
-1.624999999999999556e+00 3.698935169678231460e+01
-1.574999999999999734e+00 3.698935169678231460e+01
-1.524999999999999911e+00 3.698935169678231460e+01
-1.474999999999999645e+00 3.698935169678231460e+01
-1.424999999999999822e+00 3.698935169678231460e+01
-1.374999999999999556e+00 3.698935169678231460e+01
-1.324999999999999734e+00 3.698935169678231460e+01
-1.274999999999999911e+00 3.698935169678231460e+01
-1.224999999999999645e+00 3.698935169678231460e+01
-1.174999999999999822e+00 3.698935169678231460e+01
-1.124999999999999556e+00 3.698935169678231460e+01
-1.074999999999999734e+00 3.698935169678231460e+01
-1.024999999999999911e+00 3.698935169678231460e+01
-9.749999999999996447e-01 3.698935169678231460e+01
-9.249999999999998224e-01 3.698935169678231460e+01
-8.749999999999995559e-01 3.698935169678231460e+01
-8.249999999999997335e-01 3.698935169678231460e+01
-7.749999999999994671e-01 3.698935169678231460e+01
-7.249999999999996447e-01 3.698935169678231460e+01
-6.749999999999998224e-01 3.698935169678231460e+01
-6.250000000000000000e-01 3.698935169678231460e+01
-5.749999999999997335e-01 3.698935169678231460e+01
-5.249999999999994671e-01 3.698935169678231460e+01
-4.749999999999996447e-01 3.698935169678231460e+01
-4.249999999999998224e-01 3.043792388741747246e+01
-3.749999999999995559e-01 2.347448417895878237e+01
-3.249999999999997335e-01 1.630608650715731756e+01
-2.749999999999994671e-01 8.984766436871801432e+00
-2.249999999999996447e-01 1.583485289524590778e+00
-1.749999999999998224e-01 6.821836893075219344e-01
-1.249999999999995559e-01 1.998636557139829018e-01
-7.499999999999973355e-02 -7.866516815935185869e-02
-2.499999999999946709e-02 -1.978344216198660854e-01
2.500000000000035527e-02 -2.129016403554573056e-01
7.500000000000017764e-02 -1.703716888805399121e-01
1.250000000000004441e-01 -1.334284965480136975e-01
1.750000000000002665e-01 -7.280360335907865021e-02
2.250000000000005329e-01 -1.805653587302451929e-02
2.750000000000003553e-01 1.443301833269963232e-02
3.250000000000001776e-01 5.605758539743242036e-02
3.750000000000004441e-01 1.071278818477260780e-01
4.250000000000002665e-01 1.437813221338224701e-01
4.750000000000005329e-01 1.626686479310375799e-01
5.250000000000003553e-01 2.020199773524332665e-01
5.750000000000001776e-01 2.430834427309559176e-01
6.250000000000004441e-01 2.725084696017628372e-01
6.750000000000002665e-01 2.915212356257228521e-01
7.250000000000005329e-01 3.392276566935180648e-01
7.750000000000003553e-01 3.577446056196013635e-01
8.250000000000001776e-01 3.597017857031257759e-01
8.750000000000004441e-01 3.656663843541278491e-01
9.250000000000002665e-01 3.764954588065137497e-01
9.750000000000005329e-01 3.635554129943773805e-01
1.025000000000000355e+00 3.815654150530576882e-01
1.075000000000000178e+00 3.877072435462768363e-01
1.125000000000000444e+00 3.978861794321986167e-01
1.175000000000000266e+00 3.899154617360836017e-01
1.225000000000000533e+00 3.887323919592592936e-01
1.275000000000000355e+00 3.586287080420149653e-01
1.325000000000000178e+00 3.419853429976431602e-01
1.375000000000000888e+00 2.955703010375803075e-01
1.424999999999999822e+00 2.641449242560782174e-01
1.475000000000000533e+00 2.384370075679513035e-01
1.525000000000000355e+00 2.139754738708493642e-01
1.575000000000000178e+00 1.758463556102324299e-01
1.625000000000000888e+00 1.538326103010074775e-01
1.674999999999999822e+00 1.271187878223880574e-01
1.725000000000000533e+00 9.441420901960598244e-02
1.775000000000000355e+00 5.470430954833745141e-02
1.825000000000000178e+00 3.970689682213190963e-02
1.875000000000000888e+00 1.169257809576329521e-02
1.924999999999999822e+00 -9.051181453709134656e-03
1.975000000000000533e+00 -3.196370223044837922e-02
2.025000000000001243e+00 -4.676988678697995699e-02
2.075000000000000178e+00 -7.866228703296336555e-02
2.125000000000000888e+00 -9.932264556762576690e-02
2.174999999999999822e+00 -1.301496165271171235e-01
2.225000000000000533e+00 -1.493071127264599396e-01
2.275000000000001243e+00 -1.699781754565055647e-01
2.325000000000000178e+00 -1.856718091775018675e-01
2.375000000000000888e+00 -1.957718156713145474e-01
2.424999999999999822e+00 -1.985984959571958086e-01
2.475000000000000533e+00 -2.044411220725329825e-01
2.525000000000001243e+00 -2.035983535113139453e-01
2.575000000000000178e+00 -2.080920755902297969e-01
2.625000000000000888e+00 -2.044165784422013188e-01
2.674999999999999822e+00 -1.915696708199419729e-01
2.725000000000000533e+00 -1.814658041162470481e-01
2.775000000000001243e+00 -1.724395701470843589e-01
2.825000000000000178e+00 -1.587553066553450687e-01
2.875000000000000888e+00 -1.516974422947107992e-01
2.924999999999999822e+00 -1.563958964745228997e-01
2.975000000000000533e+00 -1.379591382880498429e-01
3.025000000000001243e+00 -1.248712862248105154e-01
3.075000000000000178e+00 -1.128557715609865425e-01
3.125000000000000888e+00 -1.003512224457708268e-01
3.174999999999999822e+00 -8.287843145699512470e-02
3.225000000000000533e+00 -7.693389414888295030e-02
3.275000000000001243e+00 -6.943126822771113205e-02
3.325000000000000178e+00 -6.202831401702084413e-02
3.375000000000000888e+00 -5.222045064803993580e-02
3.424999999999999822e+00 -3.333774830881033879e-02
3.475000000000000533e+00 -2.657031511898253276e-02
3.525000000000001243e+00 -1.378692257532492145e-02
3.575000000000000178e+00 -2.771689759242690235e-04
3.625000000000000888e+00 1.391148056577051761e-02
3.674999999999999822e+00 1.955588843537938923e-02
3.725000000000000533e+00 3.069381616256912360e-02
3.775000000000001243e+00 3.731400826979758278e-02
3.825000000000000178e+00 4.897659677317420940e-02
3.875000000000000888e+00 5.443203388700119938e-02
3.924999999999999822e+00 6.751450025963841306e-02
3.975000000000000533e+00 7.097454911163297853e-02
4.025000000000001243e+00 8.442685398062117763e-02
4.075000000000000178e+00 9.072706868708131644e-02
4.125000000000000888e+00 9.374039926485018548e-02
4.174999999999999822e+00 1.023531114539647374e-01
4.225000000000000533e+00 1.111296224316024733e-01
4.275000000000001243e+00 1.073751995579439039e-01
4.325000000000000178e+00 1.082234457138465528e-01
4.375000000000000888e+00 1.196475687613055838e-01
4.424999999999999822e+00 1.146942431459244405e-01
4.475000000000000533e+00 1.109445980679598792e-01
4.525000000000001243e+00 1.075974423231507160e-01
4.575000000000000178e+00 1.030318981977242088e-01
4.625000000000000888e+00 9.662402254822595460e-02
4.674999999999999822e+00 9.066276633192417445e-02
4.725000000000000533e+00 8.473907040174211147e-02
4.775000000000001243e+00 7.705916423130573789e-02
4.825000000000000178e+00 7.080908780423521287e-02
4.875000000000000888e+00 6.745727982615114249e-02
4.924999999999999822e+00 5.211639973586059543e-02
4.975000000000000533e+00 4.160341537199947759e-02
5.025000000000001243e+00 3.553030394947426923e-02
5.075000000000000178e+00 3.304742108422118602e-02
5.125000000000000888e+00 1.247157981685837955e-02
5.174999999999999822e+00 9.216818365299772955e-03
5.225000000000000533e+00 4.501415213605851687e-03
5.274999999999999467e+00 -2.823011618276183559e-03
5.325000000000000178e+00 -1.625523453636610466e-02
5.375000000000000888e+00 -1.619387826865050992e-02
5.425000000000001599e+00 -2.726639803082271316e-02
5.475000000000000533e+00 -3.324192918970787780e-02
5.524999999999999467e+00 -3.280736313149006794e-02
5.575000000000000178e+00 -3.867455901433203280e-02
5.625000000000000888e+00 -4.301160615466485815e-02
5.675000000000001599e+00 -4.398549882400253769e-02
5.725000000000000533e+00 -4.686158124701940431e-02
5.774999999999999467e+00 -5.238987830752784430e-02
5.825000000000000178e+00 -4.658774366611986850e-02
5.875000000000000888e+00 -4.606536058630191638e-02
5.925000000000001599e+00 -4.757048672284192037e-02
5.975000000000000533e+00 -4.586681073759848321e-02
6.024999999999999467e+00 -4.537901797151384919e-02
6.075000000000000178e+00 -4.556966332357035437e-02
6.125000000000000888e+00 -4.430354488190353657e-02
6.175000000000001599e+00 -3.026476849165114086e-02
6.225000000000000533e+00 -2.921553297864391829e-02
6.274999999999999467e+00 -2.982559061864336128e-02
6.325000000000000178e+00 -3.513699308578992903e-02
6.375000000000000888e+00 -3.121108555822118755e-02
6.425000000000001599e+00 -3.410335392108017338e-02
6.475000000000000533e+00 -3.381537099699620519e-02
6.524999999999999467e+00 -3.322180908572285735e-02
6.575000000000000178e+00 -2.587361779667816247e-02
6.625000000000000888e+00 -2.294969754089421984e-02
6.675000000000001599e+00 -1.732201597653855105e-02
6.725000000000000533e+00 -1.318031172820184269e-02
6.775000000000001243e+00 -7.989344334795589475e-03
6.825000000000000178e+00 -6.950048340040738092e-03
6.875000000000000888e+00 -1.038752342253168592e-02
6.925000000000001599e+00 -1.255586531091417227e-02
6.975000000000000533e+00 -1.210928877448616027e-02
7.025000000000001243e+00 -6.292342148709197114e-03
7.075000000000000178e+00 -2.917752771187310211e-03
7.125000000000000888e+00 5.546429038792766164e-03
7.175000000000001599e+00 8.295027098294839238e-03
7.225000000000000533e+00 1.674584569553836527e-02
7.275000000000001243e+00 1.620288205932212192e-02
7.325000000000000178e+00 1.893916830254376363e-02
7.375000000000000888e+00 1.575776564121476181e-02
7.425000000000001599e+00 1.628928280013788518e-02
7.475000000000000533e+00 1.781616483796213610e-02
7.525000000000001243e+00 2.014697215652567694e-02
7.575000000000000178e+00 2.244473824081829813e-02
7.625000000000000888e+00 2.102539152409548320e-02
7.675000000000001599e+00 2.002860943851096989e-02
7.725000000000000533e+00 1.731401689369214264e-02
7.775000000000001243e+00 2.321718893996909186e-02
7.825000000000000178e+00 1.646273918420888827e-02
7.875000000000000888e+00 2.177160831132027990e-02
7.925000000000001599e+00 2.144064125114262392e-02
7.975000000000000533e+00 2.157707914377837710e-02
8.025000000000002132e+00 1.478627196320232533e-02
8.074999999999999289e+00 2.045612720211096441e-02
8.125000000000000000e+00 1.828516283645633886e-02
8.175000000000000711e+00 1.497770609644284538e-02
8.225000000000001421e+00 1.159053513123318307e-02
8.275000000000002132e+00 1.008033895782141191e-02
8.324999999999999289e+00 6.185186377539154089e-03
8.375000000000000000e+00 4.276815604901429077e-03
8.425000000000000711e+00 8.109030437312014436e-03
8.475000000000001421e+00 8.015936315260319134e-03
8.525000000000002132e+00 5.500478462015223440e-03
8.574999999999999289e+00 7.389656288470903070e-03
8.625000000000000000e+00 5.355906467827864677e-03
8.675000000000000711e+00 3.822988748268940553e-03
8.725000000000001421e+00 4.407937211115963913e-03
8.775000000000002132e+00 3.361943804012313373e-03
8.824999999999999289e+00 1.844605590622449848e-03
8.875000000000000000e+00 3.457365406692500102e-04
8.925000000000000711e+00 -1.085038941977600931e-03
8.975000000000001421e+00 -2.775322383558176311e-03
9.025000000000002132e+00 1.280910031664106571e-03
9.074999999999999289e+00 2.785096993068945904e-04
9.125000000000000000e+00 1.007278047594439797e-03
9.175000000000000711e+00 -1.762882546919542328e-03
9.225000000000001421e+00 -4.211768872802324620e-03
9.275000000000002132e+00 -5.190931710600566427e-03
9.324999999999999289e+00 -6.100792047749337317e-03
9.375000000000000000e+00 -4.907960264934275313e-03
9.425000000000000711e+00 -3.178119603374441205e-03
9.475000000000001421e+00 -6.597908813294140135e-04
9.525000000000002132e+00 -3.742581928038291213e-03
9.574999999999999289e+00 -5.628835041558844475e-03
9.625000000000000000e+00 -4.438636389141947976e-03
9.675000000000000711e+00 -3.386247472570502910e-03
9.725000000000001421e+00 -2.486869006215287024e-03
9.775000000000002132e+00 -1.048299668169150366e-03
9.824999999999999289e+00 9.746375149184410694e-05
9.875000000000000000e+00 -3.618946968618529732e-04
9.925000000000000711e+00 -1.670287753339039271e-03
9.975000000000001421e+00 -1.673194113564235950e-03
1.002500000000000213e+01 -2.376957417723346653e-03
1.007499999999999929e+01 -8.622392639399124566e-04
1.012500000000000000e+01 1.417957528364153120e-04
1.017500000000000071e+01 -9.669870370380807085e-04
1.022500000000000142e+01 -3.705208936512960696e-03
1.027500000000000213e+01 -1.182203437139861578e-03
1.032499999999999929e+01 -1.910704701259647188e-03
1.037500000000000000e+01 -2.225860799092061262e-03
1.042500000000000071e+01 2.796918611593924285e-04
1.047500000000000142e+01 2.551685244428370056e-03
1.052500000000000213e+01 3.245252953920285763e-03
1.057499999999999929e+01 2.774610352745910009e-03
1.062500000000000000e+01 2.635569331199150069e-03
1.067500000000000071e+01 1.130874858316133257e-03
1.072500000000000142e+01 2.110010064630430185e-03
1.077500000000000213e+01 4.225110157127787147e-03
1.082499999999999929e+01 7.913170969036898220e-03
1.087500000000000000e+01 1.057116311497807888e-02
1.092500000000000071e+01 1.309230547150441910e-02
1.097500000000000142e+01 1.522943022124252643e-02
1.102500000000000213e+01 1.406968056101263326e-02
1.107499999999999929e+01 1.086351828988760954e-02
1.112500000000000000e+01 1.100787360891324410e-02
1.117500000000000071e+01 1.106555141398821683e-02
1.122500000000000142e+01 6.522339391009524499e-03
1.127500000000000213e+01 4.018296137764922060e-03
1.132499999999999929e+01 4.214989659903524769e-03
1.137500000000000000e+01 5.678431159861574776e-03
1.142500000000000071e+01 6.408852099198369609e-03
1.147500000000000142e+01 6.178880958518107210e-03
1.152500000000000213e+01 1.008438813594842928e-02
1.157499999999999929e+01 1.201165217087307724e-02
1.162500000000000000e+01 5.471586431758624150e-03
1.167500000000000071e+01 1.897543558987280308e-03
1.172500000000000142e+01 4.679996357277716595e-03
1.177500000000000213e+01 2.247034409291615107e-03
1.182499999999999929e+01 -2.411450852378039123e-03
1.187500000000000000e+01 -7.216120315796094266e-05
1.192500000000000071e+01 2.217965108196651419e-03
1.197500000000000142e+01 1.820410693108698644e-03
1.202500000000000213e+01 3.324307461951647811e-03
1.207499999999999929e+01 2.790732874025536603e-03
1.212500000000000000e+01 1.592533837542120219e-03
1.217500000000000071e+01 -1.949878108196400998e-03
1.222500000000000142e+01 -3.197047051506274242e-03
1.227500000000000213e+01 -5.967430064571388297e-03
1.232499999999999929e+01 -5.058152632954460333e-03
1.237500000000000000e+01 -5.357469369712575778e-03
1.242500000000000071e+01 -4.845213620413702307e-03
1.247500000000000142e+01 -5.576459753784491179e-03
1.252500000000000213e+01 -5.341797488325640032e-03
1.257499999999999929e+01 -4.873518273561572127e-03
1.262500000000000000e+01 -2.756082133119619037e-03
1.267500000000000071e+01 -9.418624115600240324e-04
1.272500000000000142e+01 1.473339210403423792e-03
1.277500000000000213e+01 1.989192513088866403e-03
1.282499999999999929e+01 7.480663928226861069e-03
1.287500000000000000e+01 7.126651574729337378e-03
1.292500000000000071e+01 6.582003394411729304e-03
1.297500000000000142e+01 6.119669341325107391e-03
1.302500000000000213e+01 4.083466333363717712e-03
1.307499999999999929e+01 -1.806229468849096824e-03
1.312500000000000000e+01 -2.886232314259374026e-03
1.317500000000000071e+01 -1.845186893708828041e-03
1.322499999999999787e+01 -5.131931108640586277e-03
1.327500000000000213e+01 -5.091523964989264420e-03
1.332499999999999929e+01 -5.497534082551070247e-03
1.337500000000000000e+01 -6.491045950615159481e-03
1.342500000000000071e+01 -5.872422195119497354e-03
1.347499999999999787e+01 -4.029758705100050867e-03
1.352500000000000213e+01 -3.559826275062150016e-03
1.357499999999999929e+01 1.446927956761356968e-03
1.362500000000000000e+01 2.295481754252648877e-03
1.367500000000000071e+01 2.210131524843461821e-03
1.372499999999999787e+01 4.298875096151988026e-03
1.377500000000000213e+01 7.924535564427870674e-03
1.382499999999999929e+01 5.849419736362904479e-03
1.387500000000000000e+01 6.476162601165924050e-03
1.392500000000000071e+01 5.466220470551874308e-03
1.397499999999999787e+01 6.537753763346998773e-03
1.402500000000000213e+01 5.462652580901661975e-03
1.407499999999999929e+01 3.736103518305355833e-03
1.412500000000000000e+01 2.906545013288308783e-03
1.417500000000000071e+01 2.510924164610984013e-03
1.422499999999999787e+01 2.216688777398801227e-03
1.427500000000000213e+01 3.098532761854855440e-03
1.432499999999999929e+01 7.205456581544566683e-03
1.437500000000000000e+01 7.153982887357202176e-03
1.442500000000000071e+01 9.788257527657863444e-03
1.447499999999999787e+01 7.001568234155541859e-03
1.452500000000000213e+01 2.726751544765803996e-03
1.457499999999999929e+01 1.536609486042905988e-03
1.462500000000000000e+01 2.158741146698517528e-03
1.467500000000000071e+01 -3.731095965299859930e-04
1.472499999999999787e+01 3.411621845839007874e-03
1.477500000000000213e+01 5.956267233086265898e-03
1.482499999999999929e+01 5.486816344792800476e-03
1.487500000000000000e+01 5.646691884372146385e-03
1.492500000000000071e+01 7.088016686452648131e-03
1.497499999999999787e+01 2.871992760064756220e-03
1.502500000000000213e+01 1.986568959334889060e-03
1.507499999999999929e+01 2.785668706218302846e-03
1.512500000000000000e+01 4.399697684703127859e-02
1.517500000000000071e+01 3.153713184933131797e-01
1.522499999999999787e+01 1.023120674936536689e+00
1.527500000000000213e+01 2.381530268847452447e+00
1.532499999999999929e+01 9.777376954296016720e+00
1.537500000000000000e+01 1.713343355269132218e+01
1.542500000000000071e+01 2.425889881471763587e+01
1.547499999999999787e+01 3.095002326724901209e+01
1.552500000000000213e+01 3.698935169678231460e+01
1.557499999999999929e+01 3.698935169678231460e+01
1.562500000000000000e+01 3.698935169678231460e+01
1.567500000000000071e+01 3.698935169678231460e+01
1.572499999999999787e+01 3.698935169678231460e+01
1.577500000000000213e+01 3.698935169678231460e+01
1.582499999999999929e+01 3.698935169678231460e+01
1.587500000000000000e+01 3.698935169678231460e+01
1.592500000000000071e+01 3.698935169678231460e+01
1.597499999999999787e+01 3.698935169678231460e+01
1.602500000000000213e+01 3.698935169678231460e+01
1.607499999999999929e+01 3.698935169678231460e+01
1.612500000000000000e+01 3.698935169678231460e+01
1.617500000000000071e+01 3.698935169678231460e+01
1.622499999999999787e+01 3.698935169678231460e+01
1.627500000000000213e+01 3.698935169678231460e+01
1.632499999999999929e+01 3.698935169678231460e+01
1.637500000000000355e+01 3.698935169678231460e+01
1.642500000000000071e+01 3.698935169678231460e+01
1.647499999999999787e+01 3.698935169678231460e+01
1.652500000000000213e+01 3.698935169678231460e+01
1.657499999999999929e+01 3.698935169678231460e+01
1.662500000000000355e+01 3.698935169678231460e+01
1.667500000000000071e+01 3.698935169678231460e+01
1.672499999999999787e+01 3.698935169678231460e+01
1.677500000000000213e+01 3.698935169678231460e+01
1.682499999999999929e+01 3.698935169678231460e+01
1.687500000000000355e+01 3.698935169678231460e+01
1.692500000000000071e+01 3.698935169678231460e+01
1.697499999999999787e+01 3.698935169678231460e+01
1.702500000000000213e+01 3.698935169678231460e+01
1.707499999999999929e+01 3.698935169678231460e+01
1.712500000000000355e+01 3.698935169678231460e+01
1.717500000000000071e+01 3.698935169678231460e+01
1.722499999999999787e+01 3.698935169678231460e+01
1.727500000000000213e+01 3.698935169678231460e+01
1.732499999999999929e+01 3.698935169678231460e+01
1.737500000000000355e+01 3.698935169678231460e+01
1.742500000000000071e+01 3.698935169678231460e+01
1.747499999999999787e+01 3.698935169678231460e+01
1.752500000000000213e+01 3.698935169678231460e+01
1.757499999999999929e+01 3.698935169678231460e+01
1.762500000000000355e+01 3.698935169678231460e+01
1.767500000000000071e+01 3.698935169678231460e+01
1.772499999999999787e+01 3.698935169678231460e+01
1.777500000000000213e+01 3.698935169678231460e+01
1.782499999999999929e+01 3.698935169678231460e+01
1.787500000000000355e+01 3.698935169678231460e+01
1.792500000000000071e+01 3.698935169678231460e+01
1.797499999999999787e+01 3.698935169678231460e+01
1.802500000000000213e+01 3.698935169678231460e+01
1.807499999999999929e+01 3.698935169678231460e+01
1.812500000000000355e+01 3.698935169678231460e+01
1.817500000000000071e+01 3.698935169678231460e+01
1.822499999999999787e+01 3.698935169678231460e+01
1.827500000000000213e+01 3.698935169678231460e+01
1.832499999999999929e+01 3.698935169678231460e+01
1.837500000000000355e+01 3.698935169678231460e+01
1.842500000000000071e+01 3.698935169678231460e+01
1.847499999999999787e+01 3.698935169678231460e+01
1.852500000000000213e+01 3.698935169678231460e+01
1.857499999999999929e+01 3.698935169678231460e+01
1.862500000000000355e+01 3.698935169678231460e+01
1.867500000000000071e+01 3.698935169678231460e+01
1.872499999999999787e+01 3.698935169678231460e+01
1.877500000000000213e+01 3.698935169678231460e+01
1.882499999999999929e+01 3.698935169678231460e+01
1.887500000000000355e+01 3.698935169678231460e+01
1.892500000000000071e+01 3.698935169678231460e+01
1.897499999999999787e+01 3.698935169678231460e+01
1.902500000000000213e+01 3.698935169678231460e+01
1.907499999999999929e+01 3.698935169678231460e+01
1.912500000000000355e+01 3.698935169678231460e+01
1.917500000000000071e+01 3.698935169678231460e+01
1.922499999999999787e+01 3.698935169678231460e+01
1.927500000000000213e+01 3.698935169678231460e+01
1.932499999999999929e+01 3.698935169678231460e+01
1.937500000000000355e+01 3.698935169678231460e+01
1.942500000000000071e+01 3.698935169678231460e+01
1.947499999999999787e+01 3.698935169678231460e+01
1.952500000000000213e+01 3.698935169678231460e+01
1.957499999999999929e+01 3.698935169678231460e+01
1.962500000000000355e+01 3.698935169678231460e+01
1.967500000000000071e+01 3.698935169678231460e+01
1.972499999999999787e+01 3.698935169678231460e+01
1.977500000000000213e+01 3.698935169678231460e+01
1.982499999999999929e+01 3.698935169678231460e+01
1.987500000000000355e+01 3.698935169678231460e+01
1.992500000000000071e+01 3.698935169678231460e+01
1.997499999999999787e+01 3.698935169678231460e+01
2.002500000000000213e+01 3.698935169678231460e+01
2.007499999999999929e+01 3.698935169678231460e+01
2.012500000000000355e+01 3.698935169678231460e+01
2.017500000000000071e+01 3.698935169678231460e+01
2.022499999999999787e+01 3.698935169678231460e+01
2.027500000000000213e+01 3.698935169678231460e+01
2.032499999999999929e+01 3.698935169678231460e+01
2.037500000000000355e+01 3.698935169678231460e+01
2.042500000000000071e+01 3.698935169678231460e+01
2.047499999999999787e+01 3.698935169678231460e+01
2.052500000000000213e+01 3.698935169678231460e+01
2.057499999999999929e+01 3.698935169678231460e+01
2.062500000000000355e+01 3.698935169678231460e+01
2.067500000000000071e+01 3.698935169678231460e+01
2.072499999999999787e+01 3.698935169678231460e+01
2.077500000000000213e+01 3.698935169678231460e+01
2.082499999999999929e+01 3.698935169678231460e+01
2.087500000000000355e+01 3.698935169678231460e+01
2.092500000000000071e+01 3.698935169678231460e+01
2.097499999999999787e+01 3.698935169678231460e+01
2.102500000000000213e+01 3.698935169678231460e+01
2.107499999999999929e+01 3.698935169678231460e+01
2.112500000000000355e+01 3.698935169678231460e+01
2.117500000000000071e+01 3.698935169678231460e+01
2.122499999999999787e+01 3.698935169678231460e+01
2.127500000000000213e+01 3.698935169678231460e+01
2.132499999999999929e+01 3.698935169678231460e+01
2.137500000000000355e+01 3.698935169678231460e+01
2.142500000000000071e+01 3.698935169678231460e+01
2.147499999999999787e+01 3.698935169678231460e+01
2.152500000000000213e+01 3.698935169678231460e+01
2.157499999999999929e+01 3.698935169678231460e+01
2.162500000000000355e+01 3.698935169678231460e+01
2.167500000000000071e+01 3.698935169678231460e+01
2.172499999999999787e+01 3.698935169678231460e+01
2.177500000000000213e+01 3.698935169678231460e+01
2.182499999999999929e+01 3.698935169678231460e+01
2.187500000000000355e+01 3.698935169678231460e+01
2.192500000000000071e+01 3.698935169678231460e+01
2.197499999999999787e+01 3.698935169678231460e+01
2.202500000000000213e+01 3.698935169678231460e+01
2.207499999999999929e+01 3.698935169678231460e+01
2.212500000000000355e+01 3.698935169678231460e+01
2.217500000000000071e+01 3.698935169678231460e+01
2.222499999999999787e+01 3.698935169678231460e+01
2.227500000000000213e+01 3.698935169678231460e+01
2.232499999999999929e+01 3.698935169678231460e+01
2.237500000000000355e+01 3.698935169678231460e+01
2.242500000000000071e+01 3.698935169678231460e+01
2.247499999999999787e+01 3.698935169678231460e+01
2.252500000000000213e+01 3.698935169678231460e+01
2.257499999999999929e+01 3.698935169678231460e+01
2.262500000000000355e+01 3.698935169678231460e+01
2.267500000000000071e+01 3.698935169678231460e+01
2.272499999999999787e+01 3.698935169678231460e+01
2.277500000000000213e+01 3.698935169678231460e+01
2.282499999999999929e+01 3.698935169678231460e+01
2.287500000000000355e+01 3.698935169678231460e+01
2.292500000000000071e+01 3.698935169678231460e+01
2.297499999999999787e+01 3.698935169678231460e+01
2.302500000000000213e+01 3.698935169678231460e+01
2.307499999999999929e+01 3.698935169678231460e+01
2.312500000000000355e+01 3.698935169678231460e+01
2.317500000000000071e+01 3.698935169678231460e+01
2.322499999999999787e+01 3.698935169678231460e+01
2.327500000000000213e+01 3.698935169678231460e+01
2.332499999999999929e+01 3.698935169678231460e+01
2.337500000000000355e+01 3.698935169678231460e+01
2.342500000000000071e+01 3.698935169678231460e+01
2.347499999999999787e+01 3.698935169678231460e+01
2.352500000000000213e+01 3.698935169678231460e+01
2.357499999999999929e+01 3.698935169678231460e+01
2.362500000000000355e+01 3.698935169678231460e+01
2.367500000000000071e+01 3.698935169678231460e+01
2.372499999999999787e+01 3.698935169678231460e+01
2.377500000000000213e+01 3.698935169678231460e+01
2.382499999999999929e+01 3.698935169678231460e+01
2.387500000000000355e+01 3.698935169678231460e+01
2.392500000000000071e+01 3.698935169678231460e+01
2.397499999999999787e+01 3.698935169678231460e+01
2.402500000000000213e+01 3.698935169678231460e+01
2.407499999999999929e+01 3.698935169678231460e+01
2.412500000000000355e+01 3.698935169678231460e+01
2.417500000000000071e+01 3.698935169678231460e+01
2.422499999999999787e+01 3.698935169678231460e+01
2.427500000000000213e+01 3.698935169678231460e+01
2.432499999999999929e+01 3.698935169678231460e+01
2.437500000000000355e+01 3.698935169678231460e+01
2.442500000000000071e+01 3.698935169678231460e+01
2.447499999999999787e+01 3.698935169678231460e+01
2.452500000000000213e+01 3.698935169678231460e+01
2.457499999999999929e+01 3.698935169678231460e+01
2.462500000000000355e+01 3.698935169678231460e+01
2.467500000000000071e+01 3.698935169678231460e+01
2.472499999999999787e+01 3.698935169678231460e+01
2.477500000000000213e+01 3.698935169678231460e+01
2.482499999999999929e+01 3.698935169678231460e+01
2.487500000000000355e+01 3.698935169678231460e+01
2.492500000000000071e+01 3.698935169678231460e+01
2.497499999999999787e+01 3.698935169678231460e+01
2.502500000000000213e+01 3.698935169678231460e+01
2.507499999999999929e+01 3.698935169678231460e+01
2.512500000000000355e+01 3.698935169678231460e+01
2.517500000000000071e+01 3.698935169678231460e+01
2.522499999999999787e+01 3.698935169678231460e+01
2.527500000000000213e+01 3.698935169678231460e+01
2.532499999999999929e+01 3.698935169678231460e+01
2.537500000000000355e+01 3.698935169678231460e+01
2.542500000000000071e+01 3.698935169678231460e+01
2.547499999999999787e+01 3.698935169678231460e+01
2.552500000000000213e+01 3.698935169678231460e+01
2.557499999999999929e+01 3.698935169678231460e+01
2.562500000000000355e+01 3.698935169678231460e+01
2.567500000000000071e+01 3.698935169678231460e+01
2.572499999999999787e+01 3.698935169678231460e+01
2.577500000000000213e+01 3.698935169678231460e+01
2.582499999999999929e+01 3.698935169678231460e+01
2.587500000000000355e+01 3.698935169678231460e+01
2.592500000000000071e+01 3.698935169678231460e+01
2.597499999999999787e+01 3.698935169678231460e+01
2.602500000000000213e+01 3.698935169678231460e+01
2.607499999999999929e+01 3.698935169678231460e+01
2.612500000000000355e+01 3.698935169678231460e+01
2.617500000000000071e+01 3.698935169678231460e+01
2.622499999999999787e+01 3.698935169678231460e+01
2.627500000000000213e+01 3.698935169678231460e+01
2.632499999999999929e+01 3.698935169678231460e+01
2.637500000000000355e+01 3.698935169678231460e+01
2.642500000000000071e+01 3.698935169678231460e+01
2.647499999999999787e+01 3.698935169678231460e+01
2.652500000000000213e+01 3.698935169678231460e+01
2.657499999999999929e+01 3.698935169678231460e+01
2.662500000000000355e+01 3.698935169678231460e+01
2.667500000000000071e+01 3.698935169678231460e+01
2.672499999999999787e+01 3.698935169678231460e+01
2.677500000000000213e+01 3.698935169678231460e+01
2.682499999999999929e+01 3.698935169678231460e+01
2.687500000000000355e+01 3.698935169678231460e+01
2.692500000000000071e+01 3.698935169678231460e+01
2.697499999999999787e+01 3.698935169678231460e+01
2.702500000000000213e+01 3.698935169678231460e+01
2.707499999999999929e+01 3.698935169678231460e+01
2.712500000000000355e+01 2.959148135742585239e+01
2.717500000000000071e+01 2.219361101806939018e+01
