# r_minus_2Rs_A,    PMF_over_kBT
-8.335000000000007958e-01 3.557521334876992825e+01
-8.193602759999993879e-01 4.742205543235744614e+01
-8.052205519999997563e-01 5.924374586585166469e+01
-7.910808280000001247e-01 7.100789119572979757e+01
-7.769411040000004931e-01 7.079683929615596583e+01
-7.628013800000008615e-01 7.037790170153917302e+01
-7.486616559999994536e-01 6.962143420657324100e+01
-7.345219319999998220e-01 6.836674556014199311e+01
-7.203822080000001904e-01 6.644556299437881819e+01
-7.062424840000005588e-01 6.371946110667121133e+01
-6.921027599999991509e-01 6.012272290302905731e+01
-6.779630359999995193e-01 5.569944328964628966e+01
-6.638233119999998877e-01 5.061243324219349660e+01
-6.496835880000002561e-01 4.511920385649870013e+01
-6.355438630000005418e-01 3.951830287910742356e+01
-6.214041389999991338e-01 3.408519282420736829e+01
-6.072644149999995022e-01 2.902175561266723136e+01
-5.931246909999998707e-01 2.442869239023145411e+01
-5.789849670000002391e-01 2.031391796356215096e+01
-5.648452430000006075e-01 1.662482943426716631e+01
-5.507055189999991995e-01 1.328630993341706201e+01
-5.365657949999995679e-01 1.023538726333165627e+01
-5.224260709999999364e-01 7.434717340920914630e+00
-5.082863470000003048e-01 4.870184754221348555e+00
-4.941466230000006732e-01 2.537785715183943136e+00
-4.800068989999992652e-01 4.308670260525601647e-01
-4.658671749999996337e-01 -1.464907938866194970e+00
-4.517274510000000021e-01 -3.170842666701756407e+00
-4.375877270000003705e-01 -4.707442766772645726e+00
-4.234480030000007389e-01 -6.091319068986996932e+00
-4.093082789999993309e-01 -7.334894907725997726e+00
-3.951685549999996994e-01 -8.448323498009489896e+00
-3.810288310000000678e-01 -9.442655652949293099e+00
-3.668891070000004362e-01 -1.032893650629170068e+01
-3.527493830000008046e-01 -1.111908348855369155e+01
-3.386096589999993967e-01 -1.182349484057874989e+01
-3.244699349999997651e-01 -1.244907766320827669e+01
-3.103302110000001335e-01 -1.300315733006449470e+01
-2.961904870000005019e-01 -1.349148613248754991e+01
-2.820507630000008703e-01 -1.391962678231281636e+01
-2.679110379999993796e-01 -1.429413038310930162e+01
-2.537713139999997480e-01 -1.461990727232062603e+01
-2.396315900000001164e-01 -1.490350118978692606e+01
-2.254918660000004849e-01 -1.514994839727073384e+01
-2.113521420000008533e-01 -1.536089649498955900e+01
-1.972124179999994453e-01 -1.553632559853488537e+01
-1.830726939999998137e-01 -1.567718127266895145e+01
-1.689329700000001822e-01 -1.578832225205509054e+01
-1.547932460000005506e-01 -1.587447232969781830e+01
-1.406535219999991426e-01 -1.593864249910942377e+01
-1.265137979999995110e-01 -1.598263922425105044e+01
-1.123740739999998794e-01 -1.600886018501127950e+01
-9.823435000000024786e-02 -1.601973651729710824e+01
-8.409462600000061627e-02 -1.601673506281113646e+01
-6.995490199999920833e-02 -1.600148819903607134e+01
-5.581517799999957674e-02 -1.597316571294738807e+01
-4.167545399999994515e-02 -1.593240868927808229e+01
-2.753573000000031357e-02 -1.588166183392933917e+01
-1.339600600000068198e-02 -1.582293460312000022e+01
7.437180000007259650e-04 -1.575841424420205783e+01
1.488344200000035755e-02 -1.568919741003717583e+01
2.902316599999998914e-02 -1.561948993981762968e+01
4.316288999999962073e-02 -1.555151064038051700e+01
5.730261399999925231e-02 -1.548447324281693938e+01
7.144233800000066026e-02 -1.541589019126965887e+01
8.558206200000029185e-02 -1.534429151086450105e+01
9.972178599999992343e-02 -1.527162470834770680e+01
1.138615109999996378e-01 -1.519984737749686943e+01
1.280012349999992693e-01 -1.513070811048560493e+01
1.421409590000006773e-01 -1.506317024095376311e+01
1.562806830000003089e-01 -1.499483292154593173e+01
1.704204069999999405e-01 -1.492320509641771942e+01
1.845601309999995721e-01 -1.484795083837502894e+01
1.986998549999992036e-01 -1.477057719123148871e+01
2.128395790000006116e-01 -1.469186226989392274e+01
2.269793030000002432e-01 -1.461130474457869255e+01
2.411190269999998748e-01 -1.453049317570329890e+01
2.552587509999995063e-01 -1.445160214750215744e+01
2.693984749999991379e-01 -1.437720579973387913e+01
2.835381990000005459e-01 -1.430891624691106223e+01
2.976779230000001775e-01 -1.424431861996108495e+01
3.118176469999998091e-01 -1.418120940177381506e+01
3.259573709999994406e-01 -1.411525176673665882e+01
3.400970950000008486e-01 -1.404637426558911173e+01
3.542368190000004802e-01 -1.397528302537456568e+01
3.683765430000001118e-01 -1.390154901184069303e+01
3.825162669999997433e-01 -1.382636668836791038e+01
3.966559909999993749e-01 -1.375085069179749730e+01
4.107957150000007829e-01 -1.367793340355223641e+01
4.249354390000004145e-01 -1.360787302217567074e+01
4.390751630000000461e-01 -1.353909766747925225e+01
4.532148869999996776e-01 -1.346951256688411824e+01
4.673546109999993092e-01 -1.339933600476275544e+01
4.814943360000007999e-01 -1.332906896557082810e+01
4.956340600000004315e-01 -1.325976559119065712e+01
5.097737840000000631e-01 -1.319133101668048802e+01
5.239135079999996947e-01 -1.312379387894345406e+01
5.380532319999993263e-01 -1.305678862989734945e+01
5.521929560000007342e-01 -1.298892298435808001e+01
5.663326800000003658e-01 -1.292101979256871758e+01
5.804724039999999974e-01 -1.285346355776936456e+01
5.946121279999996290e-01 -1.278757719714478469e+01
6.087518519999992606e-01 -1.272160980143310383e+01
6.228915760000006685e-01 -1.265374780580202874e+01
6.370313000000003001e-01 -1.258314227151210218e+01
6.511710239999999317e-01 -1.250941742686396907e+01
6.653107479999995633e-01 -1.243312045939070387e+01
6.794504719999991948e-01 -1.235432563843709808e+01
6.935901960000006028e-01 -1.227446592845207540e+01
7.077299200000002344e-01 -1.219558705627058615e+01
7.218696439999998660e-01 -1.212027815851016399e+01
7.360093679999994976e-01 -1.204930128357652208e+01
7.501490919999991291e-01 -1.198058382865907490e+01
7.642888160000005371e-01 -1.191136256990650999e+01
7.784285400000001687e-01 -1.184186940193714399e+01
7.925682639999998003e-01 -1.177430357783727466e+01
8.067079879999994318e-01 -1.171048936378585914e+01
8.208477120000008398e-01 -1.164820798212067920e+01
8.349874360000004714e-01 -1.158522700086748003e+01
8.491271600000001030e-01 -1.152025894977237819e+01
8.632668849999998173e-01 -1.145308423859402147e+01
8.774066089999994489e-01 -1.138387525132904265e+01
8.915463330000008568e-01 -1.131408018821113970e+01
9.056860570000004884e-01 -1.124653741369252735e+01
9.198257810000001200e-01 -1.118147192485245967e+01
9.339655049999997516e-01 -1.111653937744075371e+01
9.481052289999993832e-01 -1.104946315948677338e+01
9.622449530000007911e-01 -1.098052874670138657e+01
9.763846770000004227e-01 -1.090996718127171405e+01
9.905244010000000543e-01 -1.083914053752218898e+01
1.004664124999999686e+00 -1.076814441053433669e+01
1.018803848999999317e+00 -1.069879320028982228e+01
1.032943573000000725e+00 -1.063198573847125061e+01
1.047083297000000357e+00 -1.056846631748775600e+01
1.061223020999999989e+00 -1.050732752529810021e+01
1.075362744999999620e+00 -1.044494060747611819e+01
1.089502468999999252e+00 -1.037917291243657836e+01
1.103642193000000660e+00 -1.031032411328007825e+01
1.117781917000000291e+00 -1.024152632019211318e+01
1.131921640999999923e+00 -1.017513414089695800e+01
1.146061364999999554e+00 -1.011079608996409540e+01
1.160201088999999186e+00 -1.004719700056029907e+01
1.174340813000000594e+00 -9.984590637425213799e+00
1.188480537000000226e+00 -9.923210482490453899e+00
1.202620260999999857e+00 -9.862377418917162686e+00
1.216759984999999489e+00 -9.799433000168798813e+00
1.230899709999999203e+00 -9.732277965117555496e+00
1.245039434000000611e+00 -9.661399740763704003e+00
1.259179158000000243e+00 -9.589924482128585836e+00
1.273318881999999874e+00 -9.520297528143993659e+00
1.287458605999999506e+00 -9.452163691544507529e+00
1.301598329999999137e+00 -9.386018288732167036e+00
1.315738054000000545e+00 -9.321979524519413474e+00
1.329877778000000177e+00 -9.260510798662821230e+00
1.344017501999999809e+00 -9.199606856607305261e+00
1.358157225999999440e+00 -9.136076656930045559e+00
1.372296950000000848e+00 -9.068254391869766451e+00
1.386436674000000480e+00 -8.994825211311892943e+00
1.400576398000000111e+00 -8.917474412169678288e+00
1.414716121999999743e+00 -8.839521622182610727e+00
1.428855845999999374e+00 -8.765638859967538110e+00
1.442995570000000782e+00 -8.697719257198556875e+00
1.457135294000000414e+00 -8.633504057827737554e+00
1.471275018000000046e+00 -8.569821128468118943e+00
1.485414741999999677e+00 -8.506238690063961272e+00
1.499554465999999309e+00 -8.444593804784526370e+00
1.513694190000000717e+00 -8.385070003100377534e+00
1.527833914000000348e+00 -8.327323950194257307e+00
1.541973637999999980e+00 -8.270061454674848989e+00
1.556113361999999611e+00 -8.211267336482311663e+00
1.570253085999999243e+00 -8.150526189175971936e+00
1.584392810000000651e+00 -8.088848000349166512e+00
1.598532534000000283e+00 -8.028042253906541248e+00
1.612672258999999997e+00 -7.968510779865449756e+00
1.626811982999999628e+00 -7.909057773056050067e+00
1.640951706999999260e+00 -7.847806627313911321e+00
1.655091431000000668e+00 -7.783759737235820708e+00
1.669231155000000300e+00 -7.718155779242648507e+00
1.683370878999999931e+00 -7.651042025508853150e+00
1.697510602999999563e+00 -7.583742601658122418e+00
1.711650326999999194e+00 -7.518397485609958686e+00
1.725790051000000602e+00 -7.456630816374780757e+00
1.739929775000000234e+00 -7.396213055395675084e+00
1.754069498999999865e+00 -7.333454518300378311e+00
1.768209222999999497e+00 -7.269776031131249816e+00
1.782348946999999129e+00 -7.207011798608992770e+00
1.796488671000000537e+00 -7.145445909290789821e+00
1.810628395000000168e+00 -7.084434585863159661e+00
1.824768118999999800e+00 -7.023619697186856747e+00
1.838907842999999431e+00 -6.962200614111175412e+00
1.853047567000000839e+00 -6.899444339929689640e+00
1.867187291000000471e+00 -6.835216359224587812e+00
1.881327015000000102e+00 -6.772425792957732504e+00
1.895466738999999734e+00 -6.711563617603042431e+00
1.909606462999999366e+00 -6.652497753923564794e+00
1.923746187000000774e+00 -6.593236383901647457e+00
1.937885911000000405e+00 -6.531634672481492210e+00
1.952025635000000037e+00 -6.467375094802235935e+00
1.966165358999999668e+00 -6.399821794672919673e+00
1.980305083999999383e+00 -6.333217821161156280e+00
1.994444808000000791e+00 -6.269461319659528797e+00
2.008584532000000422e+00 -6.209637507835518377e+00
2.022724256000000054e+00 -6.151020388014972085e+00
2.036863979999999685e+00 -6.092321915567057822e+00
2.051003703999999317e+00 -6.036169690983157921e+00
2.065143428000000725e+00 -5.982702952428482490e+00
2.079283152000000356e+00 -5.931726360246092788e+00
2.093422875999999988e+00 -5.881246300075162026e+00
2.107562599999999620e+00 -5.829468790642875042e+00
2.121702323999999251e+00 -5.774536812372602412e+00
2.135842048000000659e+00 -5.714543899064969956e+00
2.149981772000000291e+00 -5.650173946147897475e+00
2.164121495999999922e+00 -5.583298956066113483e+00
2.178261219999999554e+00 -5.515616503909882340e+00
2.192400943999999186e+00 -5.451521444900288671e+00
2.206540668000000593e+00 -5.392773460392946916e+00
2.220680392000000225e+00 -5.338059601833816892e+00
2.234820115999999857e+00 -5.282857285595875751e+00
2.248959839999999488e+00 -5.225149868724672686e+00
2.263099563999999120e+00 -5.166477178507285828e+00
2.277239288000000528e+00 -5.107412308237735843e+00
2.291379012000000159e+00 -5.049048981913014877e+00
2.305518735999999791e+00 -4.989246085822808041e+00
2.319658459999999423e+00 -4.926990863776571139e+00
2.333798184000000830e+00 -4.862575459366785147e+00
2.347937908000000462e+00 -4.798582096675014341e+00
2.362077633000000176e+00 -4.737530068249348858e+00
2.376217356999999808e+00 -4.678314326915940846e+00
2.390357080999999440e+00 -4.620761348125114409e+00
2.404496805000000847e+00 -4.564072605832286911e+00
2.418636529000000479e+00 -4.509278542062218342e+00
2.432776253000000111e+00 -4.457021838768397970e+00
2.446915976999999742e+00 -4.404485625003078830e+00
2.461055700999999374e+00 -4.351428731260779337e+00
2.475195425000000782e+00 -4.297593821559125615e+00
2.489335149000000413e+00 -4.245657669994007399e+00
2.503474873000000045e+00 -4.194579608608253629e+00
2.517614596999999677e+00 -4.141450398040220193e+00
2.531754320999999308e+00 -4.087222266359055389e+00
2.545894045000000716e+00 -4.032485139766537330e+00
2.560033769000000348e+00 -3.981012786481623156e+00
2.574173492999999979e+00 -3.934163831937825595e+00
2.588313216999999611e+00 -3.890140900195854901e+00
2.602452940999999242e+00 -3.842597010516306977e+00
2.616592665000000650e+00 -3.784701755061254058e+00
2.630732389000000282e+00 -3.718755120141842951e+00
2.644872112999999914e+00 -3.650673530147467094e+00
2.659011836999999545e+00 -3.584724738027169622e+00
2.673151560999999177e+00 -3.518688065470482851e+00
2.687291285000000585e+00 -3.449686137386341667e+00
2.701431009000000216e+00 -3.382436869629865228e+00
2.715570732999999848e+00 -3.321921278078891149e+00
2.729710457999999562e+00 -3.272247184446364088e+00
2.743850181999999194e+00 -3.230120682906033824e+00
2.757989906000000602e+00 -3.189729167848737390e+00
2.772129630000000233e+00 -3.147917080550764801e+00
2.786269353999999865e+00 -3.101606324587542929e+00
2.800409077999999496e+00 -3.050699839071403296e+00
2.814548801999999128e+00 -2.993139935259302220e+00
2.828688526000000536e+00 -2.930181111458603826e+00
2.842828250000000168e+00 -2.867523067832486561e+00
2.856967973999999799e+00 -2.810312230008958245e+00
2.871107697999999431e+00 -2.760089337683115041e+00
2.885247422000000839e+00 -2.711082018020422257e+00
2.899387146000000470e+00 -2.657786595921903139e+00
2.913526870000000102e+00 -2.602251752283237352e+00
2.927666593999999733e+00 -2.550416433288146045e+00
2.941806317999999365e+00 -2.505917318677752803e+00
2.955946042000000773e+00 -2.466304981541175501e+00
2.970085766000000405e+00 -2.426492389990144272e+00
2.984225490000000036e+00 -2.382410396463394253e+00
2.998365213999999668e+00 -2.333257003975200750e+00
3.012504937999999299e+00 -2.282047733728691075e+00
3.026644662000000707e+00 -2.230281961156040271e+00
3.040784386000000339e+00 -2.176876390397036065e+00
3.054924109999999970e+00 -2.121400283131334330e+00
3.069063833999999602e+00 -2.067014796258391129e+00
3.083203557999999234e+00 -2.015895616956818515e+00
3.097343282000000642e+00 -1.968152000139139490e+00
3.111483007000000356e+00 -1.922928158915965247e+00
3.125622730999999987e+00 -1.879637324236443252e+00
3.139762454999999619e+00 -1.837665183615143860e+00
3.153902178999999251e+00 -1.796300517345988279e+00
3.168041903000000659e+00 -1.756363016835538193e+00
3.182181627000000290e+00 -1.717114682705577877e+00
3.196321350999999922e+00 -1.676881594577534829e+00
3.210461074999999553e+00 -1.633490394762439735e+00
3.224600798999999185e+00 -1.586620191732817320e+00
3.238740523000000593e+00 -1.537999211622453233e+00
3.252880247000000224e+00 -1.486968108898774288e+00
3.267019970999999856e+00 -1.432663920861152462e+00
3.281159694999999488e+00 -1.376600393659951127e+00
3.295299418999999119e+00 -1.321681390408708356e+00
3.309439143000000527e+00 -1.270379644214824966e+00
3.323578867000000159e+00 -1.221696143366888920e+00
3.337718590999999790e+00 -1.176415622649739534e+00
3.351858314999999422e+00 -1.136177618334040407e+00
3.365998039000000830e+00 -1.101293567643350402e+00
3.380137763000000461e+00 -1.071690939812933951e+00
3.394277487000000093e+00 -1.044218546153828697e+00
3.408417210999999725e+00 -1.015261754005351236e+00
3.422556934999999356e+00 -9.803349820404178017e-01
3.436696659000000764e+00 -9.391826011297439436e-01
3.450836383000000396e+00 -8.945582648156005234e-01
3.464976107000000027e+00 -8.495249308823341616e-01
3.479115831999999742e+00 -8.053799418944672661e-01
3.493255555999999373e+00 -7.604894683212558570e-01
3.507395280000000781e+00 -7.139617360515183586e-01
3.521535004000000413e+00 -6.652370187407067315e-01
3.535674728000000044e+00 -6.165371712133828064e-01
3.549814451999999676e+00 -5.713811867308322689e-01
3.563954175999999308e+00 -5.318617897765159919e-01
3.578093900000000716e+00 -4.972423105746178185e-01
3.592233624000000347e+00 -4.657127545009606129e-01
3.606373347999999979e+00 -4.354102131217937877e-01
3.620513071999999610e+00 -4.069024739268745638e-01
3.634652795999999242e+00 -3.802005144718922924e-01
3.648792520000000650e+00 -3.545285589899075385e-01
3.662932244000000281e+00 -3.288951213400134743e-01
3.677071967999999913e+00 -2.996376454619138485e-01
3.691211691999999545e+00 -2.658254928641501924e-01
3.705351415999999176e+00 -2.293185783279199086e-01
3.719491140000000584e+00 -1.932751133575910107e-01
3.733630864000000216e+00 -1.592793331324505179e-01
3.747770587999999847e+00 -1.272066138116917100e-01
3.761910311999999479e+00 -9.859174786936600321e-02
3.776050036000000887e+00 -7.442093542079911139e-02
3.790189760000000518e+00 -5.420598181841758401e-02
3.804329484000000150e+00 -3.663390911113140191e-02
3.818469207999999782e+00 -1.998270347557943791e-02
3.832608931999999413e+00 -3.177186439854059238e-03
3.846748656000000821e+00 1.546491150106040283e-02
3.860888381000000535e+00 3.775364800324372550e-02
3.875028105000000167e+00 6.548036178570981747e-02
3.889167828999999799e+00 1.000681251319098380e-01
3.903307552999999430e+00 1.391946418039135269e-01
3.917447277000000838e+00 1.765369500329422581e-01
3.931587001000000470e+00 2.064287697791774290e-01
3.945726725000000101e+00 2.261326422038412998e-01
3.959866448999999733e+00 2.390784479011879848e-01
3.974006172999999364e+00 2.499262170603462896e-01
3.988145897000000772e+00 2.616304787074810179e-01
4.002285620999998628e+00 2.769250475198295480e-01
4.016425344999998259e+00 2.938153710329937662e-01
4.030565069000001444e+00 3.090263142276891140e-01
4.044704793000001075e+00 3.201773088038564197e-01
4.058844517000000707e+00 3.304324000592160360e-01
4.072984241000000338e+00 3.435984236023253979e-01
4.087123964999999970e+00 3.589293602640092340e-01
4.101263688999999601e+00 3.747302551803670667e-01
4.115403412999999233e+00 3.909984414877125114e-01
4.129543136999998865e+00 4.084805619161192003e-01
4.143682860999998496e+00 4.265872464458197455e-01
4.157822585000001681e+00 4.423939158873721467e-01
4.171962309000001312e+00 4.539664820450421412e-01
4.186102033000000944e+00 4.613458912213938556e-01
4.200241757000000575e+00 4.663908217130578460e-01
4.214381481000000207e+00 4.728893179793303148e-01
4.228521205999999921e+00 4.791209879023176077e-01
4.242660929999999553e+00 4.830472211910384894e-01
4.256800653999999184e+00 4.822796654708127462e-01
4.270940377999998816e+00 4.794060556734459633e-01
4.285080101999998448e+00 4.809469333256661816e-01
4.299219826000001632e+00 4.888066220457550348e-01
4.313359550000001263e+00 4.989995770635455297e-01
4.327499274000000895e+00 5.044070424739146574e-01
4.341638998000000527e+00 5.037629609713505374e-01
4.355778722000000158e+00 5.009146671358900571e-01
4.369918445999999790e+00 4.991140735607899614e-01
4.384058169999999421e+00 5.012201401297270431e-01
4.398197893999999053e+00 5.079355666310050310e-01
4.412337617999998685e+00 5.188357241424743638e-01
4.426477341999998316e+00 5.342719743176165270e-01
4.440617066000001500e+00 5.516667183496460902e-01
4.454756790000001132e+00 5.686269115264247498e-01
4.468896514000000764e+00 5.810572375250657728e-01
4.483036238000000395e+00 5.883125026169153671e-01
4.497175962000000027e+00 5.918994068869641856e-01
4.511315685999999658e+00 5.926116704703332516e-01
4.525455409999999290e+00 5.917219295208842045e-01
4.539595133999998922e+00 5.880642290350858170e-01
4.553734857999998553e+00 5.821888345741564885e-01
4.567874582000001737e+00 5.740144588470931231e-01
4.582014306000001369e+00 5.655035667296649526e-01
4.596154031000001083e+00 5.586487726734290504e-01
4.610293755000000715e+00 5.573305159994152991e-01
4.624433479000000347e+00 5.633527572035484932e-01
4.638573202999999978e+00 5.739216851849205936e-01
4.652712926999999610e+00 5.841213246493428546e-01
4.666852650999999241e+00 5.899563612345014585e-01
4.680992374999998873e+00 5.908874597896414116e-01
4.695132098999998504e+00 5.881360504460649841e-01
4.709271823000001689e+00 5.830489650874971508e-01
4.723411547000001320e+00 5.745011849815260252e-01
4.737551271000000952e+00 5.636361722388513185e-01
4.751690995000000584e+00 5.526252820391945875e-01
4.765830719000000215e+00 5.447207838025770466e-01
4.779970442999999847e+00 5.394003793928968671e-01
4.794110166999999478e+00 5.344320606398085260e-01
4.808249890999999110e+00 5.288963630669840654e-01
4.822389614999998741e+00 5.237401895057042234e-01
4.836529338999998373e+00 5.217703613360337167e-01
4.850669063000001557e+00 5.212608238172886654e-01
4.864808787000001189e+00 5.182046190988032208e-01
4.878948511000000821e+00 5.091916161253161599e-01
4.893088235000000452e+00 4.957136631206632282e-01
4.907227959000000084e+00 4.817360314738626248e-01
4.921367682999999715e+00 4.706701267399395205e-01
4.935507406999999347e+00 4.634149815427998087e-01
4.949647130999998978e+00 4.579782171927841428e-01
4.963786854999998610e+00 4.534837270861800662e-01
4.977926579999998324e+00 4.501753320952275317e-01
4.992066304000001509e+00 4.494753466403077491e-01
5.006206028000001140e+00 4.499033684218431972e-01
5.020345752000000772e+00 4.488151164747951616e-01
5.034485476000000403e+00 4.432317026198025478e-01
5.048625200000000035e+00 4.326800667066095230e-01
5.062764923999999667e+00 4.199977960276844446e-01
5.076904647999999298e+00 4.084982426222462104e-01
5.091044371999998930e+00 4.010689279701367127e-01
5.105184095999998561e+00 3.957574610831690043e-01
5.119323820000001746e+00 3.907074537999548625e-01
5.133463544000001377e+00 3.840425940927402748e-01
5.147603268000001009e+00 3.758282107826170781e-01
5.161742992000000640e+00 3.684800136382501146e-01
5.175882716000000272e+00 3.633270575592723040e-01
5.190022439999999904e+00 3.617179595415555005e-01
5.204162163999999535e+00 3.617991105601987556e-01
5.218301887999999167e+00 3.614006893077880145e-01
5.232441611999998798e+00 3.588815077518295316e-01
5.246581335999998430e+00 3.537631304204798544e-01
5.260721060000001614e+00 3.455053041074833131e-01
5.274860784000001246e+00 3.355897428800460602e-01
5.289000508000000877e+00 3.264279548535948261e-01
5.303140232000000509e+00 3.200512979003988789e-01
5.317279956000000141e+00 3.157251334774902607e-01
5.331419679999999772e+00 3.094650304321859835e-01
5.345559404999999487e+00 2.982301519170106885e-01
5.359699128999999118e+00 2.819294042216379803e-01
5.373838852999998750e+00 2.648701522487542093e-01
5.387978576999998381e+00 2.507189742302576851e-01
5.402118301000001566e+00 2.415499239262170195e-01
5.416258025000001197e+00 2.357970378703579117e-01
5.430397749000000829e+00 2.307978086051273858e-01
5.444537473000000460e+00 2.251446556836095847e-01
5.458677197000000092e+00 2.179755957454787840e-01
5.472816920999999724e+00 2.105255387438352555e-01
5.486956644999999355e+00 2.019653475678377108e-01
5.501096368999998987e+00 1.895883063353096254e-01
5.515236092999998618e+00 1.738992453598460775e-01
5.529375816999998250e+00 1.586267143118765544e-01
5.543515541000001434e+00 1.488845765802177257e-01
5.557655265000001066e+00 1.460990144493100051e-01
5.571794989000000697e+00 1.463321028523670575e-01
5.585934713000000329e+00 1.461761219999999639e-01
5.600074436999999961e+00 1.451097524764032864e-01
5.614214160999999592e+00 1.450557726316385188e-01
5.628353884999999224e+00 1.477278987980217839e-01
5.642493608999998855e+00 1.520493924455455503e-01
5.656633332999998487e+00 1.566856351365094047e-01
5.670773057000001671e+00 1.602919001448483982e-01
5.684912781000001303e+00 1.614594914673522230e-01
5.699052505000000934e+00 1.596496013941811898e-01
5.713192229000000566e+00 1.551014359774877671e-01
5.727331954000000280e+00 1.489083457793540788e-01
5.741471677999999912e+00 1.404186685187601147e-01
5.755611401999999543e+00 1.302834683551452599e-01
5.769751125999999175e+00 1.179095389404120342e-01
5.783890849999998807e+00 1.011876203793041218e-01
5.798030573999998438e+00 8.025059542571236215e-02
5.812170298000001623e+00 5.766322361389342871e-02
5.826310022000001254e+00 4.040250012527953766e-02
5.840449746000000886e+00 3.213316208625608544e-02
5.854589470000000517e+00 3.073137020711413925e-02
5.868729194000000149e+00 3.250117636415457423e-02
5.882868917999999780e+00 3.444723484820855219e-02
5.897008641999999412e+00 3.517246612805991629e-02
5.911148365999999044e+00 3.415966030754920280e-02
5.925288089999998675e+00 3.060068982025635972e-02
5.939427813999998307e+00 2.462530229595926920e-02
5.953567538000001491e+00 1.650294638216583468e-02
5.967707262000001123e+00 4.939879222912206373e-03
5.981846986000000754e+00 -8.590900568779129970e-03
5.995986710000000386e+00 -2.212962673608605615e-02
6.010126434000000017e+00 -3.370692460814931485e-02
6.024266157999999649e+00 -4.173433828458190942e-02
6.038405881999999281e+00 -4.359283691363439323e-02
6.052545605999998912e+00 -3.792901595079693766e-02
6.066685329999998544e+00 -2.814054491652721174e-02
6.080825054000001728e+00 -1.871715700786088024e-02
6.094964779000001442e+00 -1.113169991425877296e-02
6.109104503000001074e+00 -4.053705298311171233e-03
6.123244227000000706e+00 1.667639287982561900e-03
6.137383951000000337e+00 5.134396332818386838e-03
6.151523674999999969e+00 6.286150895874698108e-03
6.165663398999999600e+00 4.362119926663391226e-03
6.179803122999999232e+00 -1.121574970324464406e-03
6.193942846999998864e+00 -8.618421579591029058e-03
6.208082570999998495e+00 -1.650094944546983203e-02
6.222222295000001679e+00 -2.490237596503893161e-02
6.236362019000001311e+00 -3.663232483116729554e-02
6.250501743000000943e+00 -5.235769038803302772e-02
6.264641467000000574e+00 -6.843511688621362055e-02
6.278781191000000206e+00 -8.142120343735352594e-02
6.292920914999999837e+00 -8.772436720780991959e-02
6.307060638999999469e+00 -8.639233571052074012e-02
6.321200362999999101e+00 -7.921481282370497479e-02
6.335340086999998732e+00 -6.928773911128160989e-02
6.349479810999998364e+00 -6.002254529834753771e-02
6.363619535000001548e+00 -5.293760067962220012e-02
6.377759259000001180e+00 -4.793453098733379408e-02
6.391898983000000811e+00 -4.568933049579963074e-02
6.406038707000000443e+00 -4.451803514363442821e-02
6.420178431000000074e+00 -4.166579132028165600e-02
6.434318154999999706e+00 -3.765123655195878882e-02
6.448457878999999338e+00 -3.556538489866293423e-02
6.462597602999998969e+00 -3.820681810416223095e-02
6.476737327999998683e+00 -4.462065733419250807e-02
6.490877051999998315e+00 -5.062392834333213909e-02
6.505016776000001499e+00 -5.313728982305576665e-02
6.519156500000001131e+00 -5.203693846437337095e-02
6.533296224000000763e+00 -5.121901202893042876e-02
6.547435948000000394e+00 -5.536833310152407261e-02
6.561575672000000026e+00 -6.530398062103395795e-02
6.575715395999999657e+00 -7.889292301940997731e-02
6.589855119999999289e+00 -9.255539398495214731e-02
6.603994843999998920e+00 -1.035212873752560797e-01
6.618134567999998552e+00 -1.090872751280590053e-01
6.632274292000001736e+00 -1.100969905219505024e-01
6.646414016000001368e+00 -1.074934700384417852e-01
6.660553740000001000e+00 -1.005624300451112701e-01
6.674693464000000631e+00 -8.991485703660848094e-02
6.688833188000000263e+00 -7.726232065412594330e-02
6.702972911999999894e+00 -6.528168897390666803e-02
6.717112635999999526e+00 -5.501437848305574391e-02
6.731252359999999157e+00 -4.880953747528593567e-02
6.745392083999998789e+00 -4.948044372541697544e-02
6.759531807999998421e+00 -5.787708285601193131e-02
6.773671532000001605e+00 -7.243919486248746875e-02
6.787811256000001237e+00 -9.054019327403277362e-02
6.801950980000000868e+00 -1.091772189723154013e-01
6.816090704000000500e+00 -1.257960445373242919e-01
6.830230428000000131e+00 -1.376552580465002507e-01
6.844370152999999846e+00 -1.435581404311392084e-01
6.858509876999999477e+00 -1.447802205002114706e-01
6.872649600999999109e+00 -1.422382172525710475e-01
6.886789324999998740e+00 -1.377643651686805415e-01
6.900929048999998372e+00 -1.309952729128175120e-01
6.915068773000001556e+00 -1.230187890783511762e-01
6.929208497000001188e+00 -1.146364884925124700e-01
6.943348221000000819e+00 -1.058244419527554075e-01
6.957487945000000451e+00 -9.702331912950037940e-02
6.971627669000000083e+00 -8.741497586896922189e-02
6.985767392999999714e+00 -7.795722970179970457e-02
6.999907116999999346e+00 -7.114743917990769273e-02
7.014046840999998977e+00 -6.923504810157746214e-02
7.028186564999998609e+00 -7.285842267487177559e-02
7.042326288999998241e+00 -7.921300310979972892e-02
7.056466013000001425e+00 -8.470180500473625806e-02
7.070605737000001056e+00 -8.729598099068643091e-02
7.084745461000000688e+00 -8.706829023133857981e-02
7.098885185000000320e+00 -8.682937624117670339e-02
7.113024908999999951e+00 -8.741065873001237219e-02
7.127164632999999583e+00 -8.765499496594011952e-02
7.141304356999999214e+00 -8.684772375092109087e-02
7.155444080999998846e+00 -8.634234868321991052e-02
7.169583804999998478e+00 -9.083848998484000958e-02
7.183723529000001662e+00 -1.008330194626623211e-01
7.197863253000001293e+00 -1.136362934096150495e-01
7.212002977000000925e+00 -1.259154570912859872e-01
7.226142702000000639e+00 -1.352674967802561523e-01
7.240282426000000271e+00 -1.415049601928330958e-01
7.254422149999999903e+00 -1.435814722034270408e-01
7.268561873999999534e+00 -1.421484780374223933e-01
7.282701597999999166e+00 -1.355087898371962474e-01
7.296841321999998797e+00 -1.234143207118876123e-01
7.310981045999998429e+00 -1.081347836602285784e-01
7.325120770000001613e+00 -9.318664501657043797e-02
7.339260494000001245e+00 -8.073770799504367823e-02
7.353400218000000876e+00 -7.138209442281369388e-02
7.367539942000000508e+00 -6.484971360864240364e-02
7.381679666000000140e+00 -6.135524053792095617e-02
7.395819389999999771e+00 -6.102470387805661312e-02
7.409959113999999403e+00 -6.302742019252841055e-02
7.424098837999999034e+00 -6.672807713374831473e-02
7.438238561999998666e+00 -6.868385366840830397e-02
7.452378285999998297e+00 -7.122843489731423006e-02
7.466518010000001482e+00 -7.637138303592412580e-02
7.480657734000001113e+00 -8.418044136480773432e-02
7.494797458000000745e+00 -9.211807780189928962e-02
7.508937182000000377e+00 -9.556727527188257909e-02
7.523076906000000008e+00 -9.488230497881507131e-02
7.537216629999999640e+00 -9.145337628838963451e-02
7.551356353999999271e+00 -8.763125946798074051e-02
7.565496077999998903e+00 -8.407711808548866406e-02
7.579635801999998534e+00 -8.134327158888035592e-02
7.593775526999998249e+00 -8.039913938604806298e-02
7.607915251000001433e+00 -8.253372865022612359e-02
7.622054975000001065e+00 -8.675281354726629979e-02
7.636194699000000696e+00 -9.162188634468293458e-02
7.650334423000000328e+00 -9.333742667236796797e-02
7.664474146999999959e+00 -8.933911473137119696e-02
7.678613870999999591e+00 -7.949892829443901132e-02
7.692753594999999223e+00 -6.647400053360996708e-02
7.706893318999998854e+00 -5.344005559880572048e-02
7.721033042999998486e+00 -4.060511683061918120e-02
7.735172767000001670e+00 -2.933069782355582703e-02
7.749312491000001302e+00 -2.069521705800051598e-02
7.763452215000000933e+00 -1.530973007499151529e-02
7.777591939000000565e+00 -1.244913765624744602e-02
7.791731663000000196e+00 -8.634656263131054374e-03
7.805871386999999828e+00 -2.665264814886823905e-03
7.820011110999999460e+00 5.627841755237264834e-03
7.834150834999999091e+00 1.405705926679937968e-02
7.848290558999998723e+00 1.949248447618856517e-02
7.862430282999998354e+00 2.212515999334622313e-02
7.876570007000001539e+00 2.254891515670938776e-02
7.890709731000001170e+00 2.230650240867267445e-02
7.904849455000000802e+00 2.204177530062878532e-02
7.918989179000000433e+00 2.288244781800348807e-02
7.933128903000000065e+00 2.642052808498836572e-02
7.947268626999999697e+00 3.292546786764679462e-02
7.961408350999999328e+00 3.949411014791811420e-02
7.975548075999999043e+00 4.352898312449345053e-02
7.989687799999998674e+00 4.384082884150567599e-02
8.003827523999998306e+00 4.252579559389364772e-02
8.017967248000001490e+00 4.191660665739504327e-02
8.032106972000001122e+00 4.002635909118860275e-02
8.046246696000000753e+00 3.497213443885982542e-02
8.060386420000000385e+00 2.482494447233800014e-02
8.074526144000000016e+00 1.203155626868834815e-02
8.088665867999999648e+00 1.594659008304686806e-03
8.102805591999999280e+00 -8.549587496086501724e-04
8.116945315999998911e+00 5.388110039900104696e-03
8.131085039999998543e+00 1.482402153393280568e-02
8.145224764000001727e+00 2.286168828689719851e-02
8.159364488000001359e+00 2.762942534033167516e-02
8.173504212000000990e+00 3.060414410724613885e-02
8.187643936000000622e+00 3.268745385451410357e-02
8.201783660000000253e+00 3.543381575999878658e-02
8.215923383999999885e+00 4.076890154072761174e-02
8.230063107999999517e+00 4.881164823493833183e-02
8.244202831999999148e+00 5.621425843995097454e-02
8.258342555999998780e+00 5.872859413822576619e-02
8.272482279999998411e+00 5.238541250017665629e-02
8.286622004000001596e+00 3.941803466531487027e-02
8.300761728000001227e+00 2.679114725454212476e-02
8.314901452000000859e+00 2.010720809719875393e-02
8.329041176000000490e+00 2.297384745800930619e-02
8.343180901000000205e+00 3.197927683599269960e-02
8.357320624999999836e+00 4.265921783856659738e-02
8.371460348999999468e+00 5.132974920069699465e-02
8.385600072999999099e+00 5.601821602902627706e-02
8.399739796999998731e+00 5.664313050352139112e-02
8.413879520999998363e+00 5.445395379012769876e-02
8.428019245000001547e+00 5.259007173492117465e-02
8.442158969000001179e+00 5.185292294501664401e-02
8.456298693000000810e+00 5.237201565899122363e-02
8.470438417000000442e+00 5.252813207313521832e-02
8.484578141000000073e+00 5.265511943802891198e-02
8.498717864999999705e+00 5.294683910093785084e-02
8.512857588999999336e+00 5.158415361858222081e-02
8.526997312999998968e+00 4.845342474356091611e-02
8.541137036999998600e+00 4.494803803317400093e-02
8.555276760999998231e+00 4.423219334561660082e-02
8.569416485000001416e+00 4.872376390926783790e-02
8.583556209000001047e+00 5.841030388999020329e-02
8.597695933000000679e+00 7.066258988336689140e-02
8.611835657000000310e+00 8.343455728092408208e-02
8.625975380999999942e+00 9.432485056025304015e-02
8.640115104999999573e+00 1.050203108294832932e-01
8.654254828999999205e+00 1.154546365640977401e-01
8.668394552999998837e+00 1.216497242791471506e-01
8.682534276999998468e+00 1.218624324396486713e-01
8.696674001000001653e+00 1.164505522980192609e-01
8.710813725000001284e+00 1.104348555321550407e-01
8.724953450000000998e+00 1.064264779367813246e-01
8.739093174000000630e+00 1.038954548112182297e-01
8.753232898000000262e+00 9.974566525760764080e-02
8.767372621999999893e+00 9.114865142586124624e-02
8.781512345999999525e+00 7.947653163475128235e-02
8.795652069999999156e+00 6.924176234777235095e-02
8.809791793999998788e+00 6.510697331102477392e-02
8.823931517999998420e+00 6.649689690706375722e-02
8.838071242000001604e+00 7.093924430234466172e-02
8.852210966000001235e+00 7.572742315420555315e-02
8.866350690000000867e+00 7.934120921900482404e-02
8.880490414000000499e+00 8.003377316478103853e-02
8.894630138000000130e+00 7.744413279327488908e-02
8.908769861999999762e+00 7.352577934460668985e-02
8.922909585999999393e+00 7.160246648242699075e-02
8.937049309999999025e+00 7.411298089341045170e-02
8.951189033999998657e+00 8.076954931194535448e-02
8.965328757999998288e+00 8.876364246570744854e-02
8.979468482000001472e+00 9.253617873908601132e-02
8.993608206000001104e+00 9.077167489983632709e-02
9.007747930000000736e+00 8.621270037570145928e-02
9.021887654000000367e+00 8.466886737835466192e-02
9.036027377999999999e+00 8.976359401198644172e-02
9.050167101999999630e+00 9.865489136082317145e-02
9.064306825999999262e+00 1.076365426244644541e-01
9.078446549999998894e+00 1.144898994684287602e-01
9.092586274999998608e+00 1.175399637628042199e-01
9.106725998999998239e+00 1.147442962273738376e-01
9.120865723000001424e+00 1.062512273482572739e-01
9.135005447000001055e+00 9.409939699186509188e-02
9.149145171000000687e+00 7.929689297489517230e-02
9.163284895000000319e+00 6.356060496633375578e-02
9.177424618999999950e+00 5.027592623075349820e-02
9.191564342999999582e+00 4.270943653419341512e-02
9.205704066999999213e+00 4.175572308386440307e-02
9.219843790999998845e+00 4.743478165904708999e-02
9.233983514999998476e+00 5.994852862212714933e-02
9.248123239000001661e+00 7.712760626239874295e-02
9.262262963000001292e+00 9.509030745196629664e-02
9.276402687000000924e+00 1.098592001171757315e-01
9.290542411000000556e+00 1.186397600898985161e-01
9.304682135000000187e+00 1.234275093979538551e-01
9.318821858999999819e+00 1.254765028633997304e-01
9.332961582999999450e+00 1.263848400984528553e-01
9.347101306999999082e+00 1.272082839249056574e-01
9.361241030999998713e+00 1.278812788571149217e-01
9.375380754999998345e+00 1.274105293280432816e-01
9.389520479000001529e+00 1.239848589522220407e-01
9.403660203000001161e+00 1.188171018655618527e-01
9.417799927000000793e+00 1.136046020716060950e-01
9.431939651000000424e+00 1.089904560486753271e-01
9.446079375000000056e+00 1.052404772838571034e-01
9.460219098999999687e+00 1.014070672707466231e-01
9.474358823999999402e+00 9.657111114190541912e-02
9.488498547999999033e+00 9.040286171708562801e-02
9.502638271999998665e+00 8.399436504242883961e-02
9.516777995999998296e+00 8.160089170316808804e-02
9.530917720000001481e+00 8.594325572386669887e-02
9.545057444000001112e+00 9.669012059565318395e-02
9.559197168000000744e+00 1.107680012179770301e-01
9.573336892000000375e+00 1.233164764271540009e-01
9.587476616000000007e+00 1.303151206962643582e-01
9.601616339999999639e+00 1.276094530382749781e-01
9.615756063999999270e+00 1.165684979648512754e-01
9.629895787999998902e+00 1.032886334118596067e-01
9.644035511999998533e+00 9.387688879395028607e-02
9.658175236000001718e+00 9.113791898527759394e-02
9.672314960000001349e+00 9.289884842252622843e-02
9.686454684000000981e+00 9.425112073563704507e-02
9.700594408000000612e+00 9.145608258905942034e-02
9.714734132000000244e+00 8.518908902778103698e-02
9.728873855999999876e+00 7.863978892080561445e-02
9.743013579999999507e+00 7.610057392824150224e-02
9.757153303999999139e+00 8.021905917669396036e-02
9.771293027999998770e+00 9.229585840979599720e-02
9.785432751999998402e+00 1.102876071525050322e-01
9.799572476000001586e+00 1.296289869812786155e-01
9.813712200000001218e+00 1.446940883208966966e-01
9.827851924000000849e+00 1.517595850307126570e-01
9.841991649000000564e+00 1.518113605483435158e-01
9.856131373000000195e+00 1.486443415385328704e-01
9.870271096999999827e+00 1.461691719618395668e-01
9.884410820999999459e+00 1.451198545628429315e-01
9.898550544999999090e+00 1.433988233335767581e-01
9.912690268999998722e+00 1.400534008453201695e-01
9.926829992999998353e+00 1.329737551240768034e-01
9.940969717000001538e+00 1.223468305205320378e-01
9.955109441000001169e+00 1.100664351456283330e-01
9.969249165000000801e+00 9.756970450644075754e-02
9.983388889000000432e+00 8.898472176765655217e-02
9.997528613000000064e+00 8.625627285424049273e-02
1.001166833699999970e+01 9.058740418795707683e-02
1.002580806099999933e+01 9.936504435745044383e-02
1.003994778499999896e+01 1.091725697514220883e-01
1.005408750899999859e+01 1.186123765665503954e-01
1.006822723300000177e+01 1.257150397358562655e-01
1.008236695700000141e+01 1.303258985732256015e-01
1.009650668100000104e+01 1.317397514459723029e-01
1.011064640500000067e+01 1.315545932892163705e-01
1.012478612900000030e+01 1.301222376968382832e-01
1.013892585299999993e+01 1.277704329028471475e-01
1.015306557699999956e+01 1.265489554234614789e-01
1.016720530099999920e+01 1.280285645446070930e-01
1.018134502499999883e+01 1.343552926185604124e-01
1.019548474899999846e+01 1.421992266302941343e-01
1.020962447300000164e+01 1.465480233172797853e-01
1.022376419800000136e+01 1.448540753538978265e-01
1.023790392200000099e+01 1.380844580094020280e-01
1.025204364600000062e+01 1.289881853620566121e-01
1.026618337000000025e+01 1.202195728331100638e-01
1.028032309399999988e+01 1.140231982351285894e-01
1.029446281799999952e+01 1.094799354109596834e-01
1.030860254199999915e+01 1.056804307106133795e-01
1.032274226599999878e+01 1.023432934355075902e-01
1.033688198999999841e+01 9.912198887478021470e-02
1.035102171400000159e+01 9.524481349567300026e-02
1.036516143800000123e+01 9.209021113218797405e-02
1.037930116200000086e+01 9.273164331041054698e-02
1.039344088600000049e+01 9.811531983772425747e-02
1.040758061000000012e+01 1.071355808153763717e-01
1.042172033399999975e+01 1.175797159899000521e-01
1.043586005799999938e+01 1.279469349333836881e-01
1.044999978199999902e+01 1.366575236559128825e-01
1.046413950599999865e+01 1.445876499411535010e-01
1.047827922999999828e+01 1.517276471017865447e-01
1.049241895400000146e+01 1.558305140952853385e-01
1.050655867800000109e+01 1.548873389928312749e-01
1.052069840200000073e+01 1.476316874202368012e-01
1.053483812600000036e+01 1.359836726517589800e-01
1.054897784999999999e+01 1.228040682014205631e-01
1.056311757399999962e+01 1.119006760814874324e-01
1.057725729799999925e+01 1.058253913766478149e-01
1.059139702299999897e+01 1.060927550222198479e-01
1.060553674699999860e+01 1.120462028855726544e-01
1.061967647099999823e+01 1.199219079418369915e-01
1.063381619500000141e+01 1.258119037452966327e-01
1.064795591900000105e+01 1.283584539674104408e-01
1.066209564300000068e+01 1.295781793304016105e-01
1.067623536700000031e+01 1.306965241887236284e-01
1.069037509099999994e+01 1.319817349012145369e-01
1.070451481499999957e+01 1.324905980771144132e-01
1.071865453899999920e+01 1.321652642826336155e-01
1.073279426299999884e+01 1.313572529257906185e-01
1.074693398699999847e+01 1.317822540863436698e-01
1.076107371100000165e+01 1.338225710669978530e-01
1.077521343500000128e+01 1.369205363378422080e-01
1.078935315900000091e+01 1.414043378037490584e-01
1.080349288300000055e+01 1.478360902983813507e-01
1.081763260700000018e+01 1.572856222576580476e-01
1.083177233099999981e+01 1.666202147052947280e-01
1.084591205499999944e+01 1.722885194611976090e-01
1.086005177899999907e+01 1.707253397408313167e-01
1.087419150299999870e+01 1.629431520382264298e-01
1.088833122699999834e+01 1.539018733727767485e-01
1.090247095100000152e+01 1.446443878368673386e-01
1.091661067500000115e+01 1.345609734523568191e-01
1.093075039900000078e+01 1.230197372236384867e-01
1.094489012300000041e+01 1.145549825674786748e-01
1.095902984700000005e+01 1.139704936611565245e-01
1.097316957199999976e+01 1.208654145562562121e-01
1.098730929599999939e+01 1.312113806838676455e-01
1.100144901999999902e+01 1.378524121468818753e-01
1.101558874399999866e+01 1.381909273397189108e-01
1.102972846799999829e+01 1.333893976606717047e-01
1.104386819200000147e+01 1.277370244749509998e-01
1.105800791600000110e+01 1.231073351591476378e-01
1.107214764000000073e+01 1.196238428064854559e-01
1.108628736400000037e+01 1.198012534077671776e-01
1.110042708800000000e+01 1.244037241394432558e-01
1.111456681199999963e+01 1.323565897042560668e-01
1.112870653599999926e+01 1.394130244801251028e-01
1.114284625999999889e+01 1.433240080343338718e-01
1.115698598399999852e+01 1.453285612464227938e-01
1.117112570800000171e+01 1.482296420967538497e-01
1.118526543200000134e+01 1.530331916172116280e-01
1.119940515600000097e+01 1.558360219211157305e-01
1.121354488000000060e+01 1.527540000884073379e-01
1.122768460400000023e+01 1.430845301785695078e-01
1.124182432799999987e+01 1.314487407839261268e-01
1.125596405199999950e+01 1.229253050646477025e-01
1.127010377599999913e+01 1.188805810840136701e-01
1.128424349999999876e+01 1.189679853671279375e-01
1.129838322399999839e+01 1.213768590228336136e-01
1.131252294800000158e+01 1.240609192737996552e-01
1.132666267200000121e+01 1.253437975050033515e-01
1.134080239700000092e+01 1.242155958270600991e-01
1.135494212100000055e+01 1.221535354794601319e-01
1.136908184500000019e+01 1.208723313391762560e-01
1.138322156899999982e+01 1.188345995721770409e-01
1.139736129299999945e+01 1.151669182123740004e-01
1.141150101699999908e+01 1.094184151622883405e-01
1.142564074099999871e+01 1.037871857139975873e-01
1.143978046499999834e+01 1.011993921833014981e-01
1.145392018900000153e+01 1.034449044421729413e-01
1.146805991300000116e+01 1.098727814526228030e-01
1.148219963700000079e+01 1.168928714182750211e-01
1.149633936100000042e+01 1.214026406306582401e-01
1.151047908500000005e+01 1.224531830709049557e-01
1.152461880899999969e+01 1.207774327693395267e-01
1.153875853299999932e+01 1.169119252625421129e-01
1.155289825699999895e+01 1.113555510679139077e-01
1.156703798099999858e+01 1.053977228670296001e-01
1.158117770500000177e+01 9.882275350865653285e-02
1.159531742900000140e+01 9.143510307433425077e-02
1.160945715300000103e+01 8.230510753247935463e-02
1.162359687700000066e+01 7.153393444785649535e-02
1.163773660100000029e+01 6.215972672731595594e-02
1.165187632499999992e+01 5.725783812709769188e-02
1.166601604899999955e+01 5.706478102562329013e-02
1.168015577299999919e+01 5.768421434332774572e-02
1.169429549699999882e+01 5.426512741816699043e-02
1.170843522099999845e+01 4.710648747076125187e-02
1.172257494600000172e+01 4.001187602570628610e-02
1.173671467000000135e+01 3.589279853688983474e-02
1.175085439400000098e+01 3.436832869846047356e-02
1.176499411800000061e+01 3.315471770654217915e-02
1.177913384200000024e+01 3.333650018407751520e-02
1.179327356599999987e+01 3.709314556304121879e-02
1.180741328999999951e+01 4.522469049577892974e-02
1.182155301399999914e+01 5.583259320774658363e-02
1.183569273799999877e+01 6.499739469552896776e-02
1.184983246199999840e+01 6.751585656453802653e-02
1.186397218600000159e+01 6.217439659498325694e-02
1.187811191000000122e+01 5.479157776788431272e-02
1.189225163400000085e+01 5.106579087379022747e-02
1.190639135800000048e+01 5.126752565112249749e-02
1.192053108200000011e+01 5.148868243075099133e-02
1.193467080599999974e+01 4.971388609914839662e-02
1.194881052999999937e+01 4.649636282389953135e-02
1.196295025399999901e+01 4.296607369231252721e-02
1.197708997799999864e+01 4.019702093494477435e-02
1.199122970199999827e+01 3.944081058113131644e-02
1.200536942600000145e+01 4.164813229982655685e-02
1.201950915000000109e+01 4.653527702604757371e-02
1.203364887400000072e+01 5.282087269539440660e-02
1.204778859800000035e+01 5.716233750295174332e-02
1.206192832199999998e+01 5.697136435690215717e-02
1.207606804599999961e+01 5.160788447893811803e-02
1.209020777099999933e+01 4.277445152874766870e-02
1.210434749499999896e+01 3.574556619197011287e-02
1.211848721899999859e+01 3.364156329625699743e-02
1.213262694300000177e+01 3.508466591821720465e-02
1.214676666700000141e+01 3.765604205652550718e-02
1.216090639100000104e+01 3.999517523017696169e-02
1.217504611500000067e+01 4.107369147421735533e-02
1.218918583900000030e+01 3.881661572076684774e-02
1.220332556299999993e+01 3.315685618182110522e-02
1.221746528699999956e+01 2.591736262602968577e-02
1.223160501099999919e+01 1.819021877623327663e-02
1.224574473499999883e+01 1.247179792835832225e-02
1.225988445899999846e+01 1.019319080788250176e-02
1.227402418300000164e+01 1.137860279010756773e-02
1.228816390700000127e+01 1.372055485992499692e-02
1.230230363100000091e+01 1.491903633845007709e-02
1.231644335500000054e+01 1.499212645765860691e-02
1.233058307900000017e+01 1.300599948557372085e-02
1.234472280299999980e+01 9.993089442654460100e-03
1.235886252699999943e+01 7.382265330302098874e-03
1.237300225099999906e+01 6.879901335082649026e-03
1.238714197499999869e+01 8.927250236465530606e-03
1.240128169899999833e+01 1.248602042824842329e-02
1.241542142300000151e+01 1.555162046480755046e-02
1.242956114700000114e+01 1.803646827375141731e-02
1.244370087100000077e+01 2.090747030415229801e-02
1.245784059500000041e+01 2.294460864394901739e-02
1.247198032000000012e+01 2.370265188303477544e-02
1.248612004399999975e+01 2.280355429393428682e-02
1.250025976799999938e+01 2.118777308593896083e-02
1.251439949199999901e+01 1.799778205905274223e-02
1.252853921599999865e+01 1.263183088409173573e-02
1.254267893999999828e+01 4.967990798699398539e-03
1.255681866400000146e+01 -5.702877529320933732e-03
1.257095838800000109e+01 -1.781422228642999886e-02
1.258509811200000073e+01 -2.607663383552012715e-02
1.259923783600000036e+01 -2.482023024250660376e-02
1.261337755999999999e+01 -1.332955496274716017e-02
1.262751728399999962e+01 5.317979739873618557e-03
1.264165700799999925e+01 2.515647956989634088e-02
1.265579673199999888e+01 4.197465778864521019e-02
1.266993645599999851e+01 5.264982634501790687e-02
1.268407618000000170e+01 5.756608874141259241e-02
1.269821590400000133e+01 5.828750528357080907e-02
1.271235562800000096e+01 5.737236228423606837e-02
1.272649535200000059e+01 5.645816745943458420e-02
1.274063507600000023e+01 5.538351415976212194e-02
1.275477479999999986e+01 5.370476028399431834e-02
1.276891452399999949e+01 5.091063688982681856e-02
1.278305424799999912e+01 4.573609572468248508e-02
1.279719397199999875e+01 3.650537022392796177e-02
1.281133369599999838e+01 2.444331296233551859e-02
1.282547342000000157e+01 1.166069370731293020e-02
1.283961314500000128e+01 -7.030690854440063220e-04
1.285375286900000091e+01 -1.245862237697063259e-02
1.286789259300000055e+01 -1.994473327138734930e-02
1.288203231700000018e+01 -2.009532498645209136e-02
1.289617204099999981e+01 -1.083712237191747363e-02
1.291031176499999944e+01 6.334244403423856980e-03
1.292445148899999907e+01 2.708817130181273222e-02
1.293859121299999870e+01 4.611540348087809355e-02
1.295273093699999833e+01 5.669759049603820961e-02
1.296687066100000152e+01 5.664145391930948403e-02
1.298101038500000115e+01 4.810376225984450832e-02
1.299515010900000078e+01 3.570041352423676539e-02
1.300928983300000041e+01 2.418109558763840289e-02
1.302342955700000005e+01 1.762472532018695762e-02
1.303756928099999968e+01 1.873873266377756863e-02
1.305170900499999931e+01 2.683609641930928547e-02
1.306584872899999894e+01 3.634494541613501190e-02
1.307998845299999857e+01 4.468861415855703012e-02
1.309412817700000176e+01 5.250522436417762867e-02
1.310826790100000139e+01 6.081064707065546304e-02
1.312240762500000102e+01 6.784264718589365362e-02
1.313654734900000065e+01 6.946742423764835916e-02
1.315068707300000028e+01 6.420386646666997876e-02
1.316482679699999991e+01 5.089255584850130992e-02
1.317896652099999955e+01 3.146074829858255123e-02
1.319310624499999918e+01 1.063954611325120155e-02
1.320724596899999881e+01 -7.752374148417119117e-03
1.322138569399999852e+01 -2.065997022053759832e-02
1.323552541800000171e+01 -2.647179337768790219e-02
1.324966514200000134e+01 -2.353049595874997027e-02
1.326380486600000097e+01 -1.230225679791156247e-02
1.327794459000000060e+01 2.605102510822613140e-03
1.329208431400000023e+01 1.745418656401653834e-02
1.330622403799999987e+01 3.143082565130583816e-02
1.332036376199999950e+01 4.415870979919370859e-02
1.333450348599999913e+01 5.288026689245365480e-02
1.334864320999999876e+01 5.375093475106259427e-02
1.336278293399999839e+01 4.570344602060316674e-02
1.337692265800000158e+01 3.149405996652394901e-02
1.339106238200000121e+01 1.683292692270536156e-02
1.340520210600000084e+01 7.659807367211613795e-03
1.341934183000000047e+01 6.285727818524359037e-03
1.343348155400000010e+01 9.489229898901403032e-03
1.344762127799999973e+01 1.248438834856576210e-02
1.346176100199999937e+01 1.575490717562644249e-02
1.347590072599999900e+01 2.256174188102259490e-02
1.349004044999999863e+01 3.258173839964229046e-02
1.350418017399999826e+01 4.183409902186004808e-02
1.351831989800000144e+01 4.581134748499474801e-02
1.353245962200000108e+01 4.370317710913933229e-02
1.354659934600000071e+01 3.814313481641562475e-02
1.356073907000000034e+01 3.145251783841256088e-02
1.357487879399999997e+01 2.362072652002211379e-02
1.358901851899999969e+01 1.393614420178579394e-02
1.360315824299999932e+01 3.350100056294991625e-03
1.361729796699999895e+01 -3.565376687037749917e-03
1.363143769099999858e+01 -4.570883886943969202e-03
1.364557741500000176e+01 -8.329912090871969318e-04
1.365971713900000140e+01 5.281547710850986732e-03
1.367385686300000103e+01 1.186746400180282816e-02
1.368799658700000066e+01 2.074703466594958814e-02
1.370213631100000029e+01 3.098356717750050046e-02
1.371627603499999992e+01 3.993248427062212613e-02
1.373041575899999955e+01 4.368036792087318793e-02
1.374455548299999919e+01 4.257346405302087078e-02
1.375869520699999882e+01 4.076287632472267580e-02
1.377283493099999845e+01 4.149567918106811248e-02
1.378697465500000163e+01 4.700490594835807917e-02
1.380111437900000126e+01 5.656448776395232164e-02
1.381525410300000090e+01 6.848653485986015699e-02
1.382939382700000053e+01 7.891534010211623262e-02
1.384353355100000016e+01 8.537862552185988829e-02
1.385767327499999979e+01 8.724936592861590179e-02
1.387181299899999942e+01 8.424939393898493722e-02
1.388595272299999905e+01 7.506424672427651490e-02
1.390009244699999869e+01 6.036198861995719506e-02
1.391423217099999832e+01 4.322980275037716785e-02
1.392837189500000150e+01 2.788306956834910727e-02
1.394251161900000113e+01 1.834508052427944944e-02
1.395665134400000085e+01 1.667648379786375659e-02
1.397079106800000048e+01 2.420400977619152280e-02
1.398493079200000011e+01 3.786096521837833961e-02
1.399907051599999974e+01 5.297825954667463588e-02
1.401321023999999937e+01 6.598789691857831485e-02
1.402734996399999901e+01 7.596193298910235148e-02
1.404148968799999864e+01 8.119056807253124952e-02
1.405562941199999827e+01 7.811129310681270976e-02
1.406976913600000145e+01 6.472719815377558916e-02
1.408390886000000108e+01 4.540147181107556662e-02
1.409804858400000072e+01 2.654739070270058579e-02
1.411218830800000035e+01 1.223193971661373607e-02
1.412632803199999998e+01 2.516572383737997881e-03
1.414046775599999961e+01 -3.999840575500476433e-03
1.415460747999999924e+01 -5.082844826181561956e-03
1.416874720399999887e+01 8.242867898952489563e-04
1.418288692799999851e+01 1.349421623666557934e-02
1.419702665200000169e+01 2.700949711491536578e-02
1.421116637600000132e+01 3.596925273379743271e-02
1.422530610000000095e+01 4.072155538962599769e-02
1.423944582400000058e+01 4.517193140178221711e-02
1.425358554800000022e+01 5.164406040151211380e-02
1.426772527199999985e+01 5.636303663021635657e-02
1.428186499599999948e+01 5.558247541588438173e-02
1.429600471999999911e+01 5.146852405832191835e-02
1.431014444399999874e+01 4.863718782659513101e-02
1.432428416799999837e+01 4.795753927545830936e-02
1.433842389300000164e+01 4.523956849235114680e-02
1.435256361700000127e+01 3.474613459715196473e-02
1.436670334100000090e+01 1.741397361727810636e-02
1.438084306500000054e+01 -4.777890126205249210e-06
1.439498278900000017e+01 -9.063537680473150032e-03
1.440912251299999980e+01 -6.155142232915502588e-03
1.442326223699999943e+01 4.370908401905161667e-03
1.443740196099999906e+01 1.698485543598356531e-02
1.445154168499999869e+01 2.569982073136856116e-02
1.446568140899999833e+01 2.906830581771658109e-02
1.447982113300000151e+01 2.785164058601689169e-02
1.449396085700000114e+01 2.311088452571397056e-02
1.450810058100000077e+01 1.680504912169548254e-02
1.452224030500000040e+01 1.056355604763581195e-02
1.453638002900000004e+01 7.042819288365364215e-03
1.455051975299999967e+01 7.304666857552414086e-03
1.456465947699999930e+01 1.069478503444543094e-02
1.457879920099999893e+01 1.551420561685527312e-02
1.459293892499999856e+01 1.934098288318134712e-02
1.460707864900000175e+01 2.207401167719780233e-02
1.462121837300000138e+01 2.556138493589088512e-02
1.463535809700000101e+01 3.100081197339221370e-02
1.464949782100000064e+01 3.775988393166092999e-02
1.466363754500000027e+01 4.176904486762822444e-02
1.467777726899999990e+01 4.161248404548700819e-02
1.469191699299999954e+01 3.843412693460378921e-02
1.470605671799999925e+01 3.420605585527169978e-02
1.472019644199999888e+01 2.988687645375402019e-02
1.473433616599999851e+01 2.409975457048811262e-02
1.474847589000000170e+01 1.725725592482755394e-02
1.476261561400000133e+01 1.041322352727765480e-02
1.477675533800000096e+01 4.647826344367445017e-03
1.479089506200000059e+01 9.534290618920708907e-04
1.480503478600000022e+01 -2.381847753942641262e-03
1.481917450999999986e+01 -6.188333424319124830e-03
1.483331423399999949e+01 -8.959835264822876497e-03
1.484745395799999912e+01 -8.513827614054983797e-03
1.486159368199999875e+01 -4.318241294039165852e-03
1.487573340599999838e+01 1.747205711948158786e-03
1.488987313000000157e+01 7.369827814611556831e-03
1.490401285400000120e+01 1.188127535839811344e-02
1.491815257800000083e+01 1.476507985941092650e-02
1.493229230200000046e+01 1.636680473653958148e-02
1.494643202600000009e+01 1.578162822810942958e-02
1.496057174999999972e+01 1.243132618227112650e-02
1.497471147399999936e+01 7.299487682606315558e-03
1.498885119799999899e+01 1.892023600459441339e-03
1.500299092199999862e+01 -1.861184875039611185e-03
1.501713064599999825e+01 -3.204417109526974932e-03
1.503127037000000144e+01 -2.626837179664202274e-03
1.504541009400000107e+01 -2.151471627255336500e-03
1.505954981800000070e+01 -2.935579791956873137e-03
1.507368954200000033e+01 -4.782684623248674612e-03
1.508782926700000004e+01 -6.860063391227318348e-03
1.510196899099999968e+01 -6.218749298703583547e-03
1.511610871499999931e+01 -2.496092117913425654e-03
1.513024843899999894e+01 1.673302920795078849e-03
1.514438816299999857e+01 2.711356775700817651e-03
1.515852788700000175e+01 -8.591153774091265507e-04
1.517266761100000139e+01 -7.569703440151917193e-03
1.518680733500000102e+01 -1.560976998390373009e-02
1.520094705900000065e+01 -2.302350097044580934e-02
1.521508678300000028e+01 -2.808230305349704997e-02
1.522922650699999991e+01 -3.168251848324388220e-02
1.524336623099999954e+01 -3.536594437648214045e-02
1.525750595499999918e+01 -3.978438427201780314e-02
1.527164567899999881e+01 -4.513482934274529873e-02
1.528578540299999844e+01 -5.023704545488291012e-02
1.529992512700000162e+01 -5.471561738891257687e-02
1.531406485100000125e+01 -5.608933577157652201e-02
1.532820457500000089e+01 -5.304534714654825928e-02
1.534234429900000052e+01 -4.548303751692372998e-02
1.535648402300000015e+01 -3.532025691860478378e-02
1.537062374699999978e+01 -2.331938385034012032e-02
1.538476347099999941e+01 -1.066574671295228253e-02
1.539890319499999904e+01 -1.602635538165011076e-03
1.541304291899999868e+01 4.040399484447713139e-04
1.542718264299999831e+01 -6.163000790931977974e-03
1.544132236700000149e+01 -1.779715381291898171e-02
1.545546209200000121e+01 -3.013358172824117179e-02
1.546960181600000084e+01 -3.802372711353049078e-02
1.548374154000000047e+01 -3.852177894089929555e-02
1.549788126400000010e+01 -3.404457866575919672e-02
1.551202098799999973e+01 -2.860494093531447748e-02
1.552616071199999936e+01 -2.460473082085930588e-02
1.554030043599999900e+01 -2.225953459302587242e-02
1.555444015999999863e+01 -2.127868285818360766e-02
1.556857988399999826e+01 -2.329456457695281563e-02
1.558271960800000144e+01 -2.764070178625151891e-02
1.559685933200000107e+01 -3.226370284166790725e-02
1.561099905600000071e+01 -3.683267880804189792e-02
1.562513878000000034e+01 -3.994067921870936289e-02
1.563927850399999997e+01 -3.959958420394352890e-02
1.565341822799999960e+01 -3.523154339525309819e-02
1.566755795199999923e+01 -3.008517268701638159e-02
1.568169767599999886e+01 -2.744354257993582291e-02
1.569583739999999850e+01 -2.670159502347265248e-02
1.570997712400000168e+01 -2.508816387216938892e-02
1.572411684800000131e+01 -2.193689893303722022e-02
1.573825657200000094e+01 -1.903304016512189639e-02
1.575239629600000058e+01 -1.878283850321811957e-02
1.576653602000000021e+01 -2.272663008110953342e-02
1.578067574399999984e+01 -3.044987774068630068e-02
1.579481546799999947e+01 -3.875154924624505531e-02
1.580895519199999910e+01 -4.556166012692130368e-02
1.582309491599999873e+01 -5.048108573628458384e-02
1.583723464099999845e+01 -5.473442939156806381e-02
1.585137436500000163e+01 -5.868600029204884549e-02
1.586551408900000126e+01 -6.098563323854951090e-02
1.587965381300000089e+01 -6.190253172818197674e-02
1.589379353700000053e+01 -6.284106226468821887e-02
1.590793326100000016e+01 -6.214226146400628897e-02
1.592207298499999979e+01 -5.762933176649909228e-02
1.593621270899999942e+01 -5.000178140730089649e-02
1.595035243299999905e+01 -4.188905570775602882e-02
1.596449215699999868e+01 -3.671431648176337603e-02
1.597863188099999832e+01 -3.477670879661331343e-02
1.599277160500000150e+01 -3.569804361508962381e-02
1.600691132900000113e+01 -3.869931303726066585e-02
1.602105105300000076e+01 -4.238185772058736950e-02
1.603519077700000039e+01 -4.797069950431875895e-02
1.604933050100000003e+01 -5.556728554271472831e-02
1.606347022499999966e+01 -6.351757395976420639e-02
1.607760994899999929e+01 -6.803364739601865108e-02
1.609174967299999892e+01 -6.893178993788495745e-02
1.610588939699999855e+01 -6.804232947967865652e-02
1.612002912100000174e+01 -6.817036377865548502e-02
1.613416884500000137e+01 -7.040844380411215297e-02
1.614830856900000100e+01 -7.250644704610446911e-02
1.616244829300000063e+01 -7.454036418466358782e-02
1.617658801700000026e+01 -7.595166794133470511e-02
1.619072774099999990e+01 -7.701010503978029942e-02
1.620486746599999961e+01 -7.791128592805070252e-02
1.621900718999999924e+01 -7.649922566522822376e-02
1.623314691399999887e+01 -7.266343741687109059e-02
1.624728663799999850e+01 -6.764690741339525470e-02
1.626142636200000169e+01 -6.421636629380600425e-02
1.627556608600000132e+01 -6.237928803263770305e-02
1.628970581000000095e+01 -5.908302142233878146e-02
1.630384553400000058e+01 -5.422238272785051549e-02
1.631798525800000021e+01 -5.062765725455165705e-02
1.633212498199999985e+01 -5.000571581436711460e-02
1.634626470599999948e+01 -5.055579728847921922e-02
1.636040442999999911e+01 -5.158098791902432367e-02
1.637454415399999874e+01 -5.246961179637802536e-02
1.638868387799999837e+01 -5.450461023345572198e-02
1.640282360200000156e+01 -5.853365498885428758e-02
1.641696332600000119e+01 -6.261412483354907021e-02
1.643110305000000082e+01 -6.480959596786324550e-02
1.644524277400000045e+01 -6.418325505058912472e-02
1.645938249800000008e+01 -6.236591992831345271e-02
1.647352222199999972e+01 -6.289926875931446670e-02
1.648766194599999935e+01 -6.707871935229785254e-02
1.650180166999999898e+01 -7.511240171481621541e-02
1.651594139399999861e+01 -8.442239584650697293e-02
1.653008111799999824e+01 -9.404600894613915352e-02
1.654422084200000143e+01 -1.042411785785901657e-01
1.655836056600000106e+01 -1.124739023836009155e-01
1.657250029000000069e+01 -1.157353227021313130e-01
1.658664001500000040e+01 -1.112175565792673099e-01
1.660077973900000003e+01 -1.005077032705680579e-01
1.661491946299999967e+01 -8.692699079029371501e-02
1.662905918699999930e+01 -7.665840431040275849e-02
1.664319891099999893e+01 -7.331471239782652582e-02
1.665733863499999856e+01 -7.536552151413407341e-02
1.667147835900000175e+01 -8.066381383519427573e-02
1.668561808300000138e+01 -8.536277633285038746e-02
1.669975780700000101e+01 -8.762900405272706916e-02
1.671389753100000064e+01 -8.729152598821343645e-02
1.672803725500000027e+01 -8.435693691259159299e-02
1.674217697899999990e+01 -7.961149987853131937e-02
1.675631670299999953e+01 -7.361480435983243364e-02
1.677045642699999917e+01 -6.940804339541747914e-02
1.678459615099999880e+01 -6.995215433077106582e-02
1.679873587499999843e+01 -7.264398854604554867e-02
1.681287559900000161e+01 -7.553704976204754507e-02
1.682701532300000125e+01 -7.649721125004067812e-02
1.684115504700000088e+01 -7.561759891071773154e-02
1.685529477100000051e+01 -7.616825467314214393e-02
1.686943449500000014e+01 -7.853922635317900358e-02
1.688357421899999977e+01 -8.087524607205409666e-02
1.689771394299999940e+01 -7.953769197544838243e-02
1.691185366699999904e+01 -7.570557714157644114e-02
1.692599339099999867e+01 -7.362497112299828950e-02
1.694013311499999830e+01 -7.432655772972651675e-02
1.695427284000000157e+01 -7.565367299150929647e-02
1.696841256400000120e+01 -7.471037837485046407e-02
1.698255228800000083e+01 -7.153532011802590795e-02
1.699669201200000046e+01 -6.929170300712901576e-02
1.701083173600000009e+01 -6.904430426126376141e-02
1.702497145999999972e+01 -6.799606798438161126e-02
1.703911118399999935e+01 -6.117831714688293232e-02
1.705325090799999899e+01 -4.895630594514226164e-02
1.706739063199999862e+01 -3.776049373331128584e-02
1.708153035599999825e+01 -3.399326189141049087e-02
1.709567008000000143e+01 -3.996741299048759549e-02
1.710980980400000107e+01 -5.052907290028703369e-02
1.712394952800000070e+01 -6.130135864176129712e-02
1.713808925200000033e+01 -7.036345911716068713e-02
1.715222897599999996e+01 -7.827652687538962095e-02
1.716636869999999959e+01 -8.485866855095972050e-02
1.718050842399999922e+01 -8.719798517301313723e-02
1.719464814799999886e+01 -8.538797727824014305e-02
1.720878787199999849e+01 -8.131882659150353743e-02
1.722292759600000167e+01 -7.897765680150570233e-02
1.723706732000000130e+01 -8.071592138356939450e-02
1.725120704400000093e+01 -8.561923693038171745e-02
1.726534676800000057e+01 -9.099180233613186897e-02
1.727948649200000020e+01 -9.423393143423908214e-02
1.729362621599999983e+01 -9.636283936806222528e-02
1.730776593999999946e+01 -9.850818316788925721e-02
1.732190566399999909e+01 -1.001588039736678870e-01
1.733604538899999881e+01 -9.997302401846752673e-02
1.735018511299999844e+01 -9.735470602232491888e-02
1.736432483700000162e+01 -9.338611800353882608e-02
1.737846456100000125e+01 -8.927343154318852225e-02
1.739260428500000089e+01 -8.483692217399152469e-02
1.740674400900000052e+01 -7.872755253462790370e-02
1.742088373300000015e+01 -7.025570252772439517e-02
1.743502345699999978e+01 -6.184061909911282157e-02
1.744916318099999941e+01 -5.601548062284678053e-02
1.746330290499999904e+01 -5.227103851136168794e-02
1.747744262899999867e+01 -4.989104033304887775e-02
1.749158235299999831e+01 -4.822129209258463334e-02
1.750572207700000149e+01 -4.792316421063465975e-02
1.751986180100000112e+01 -5.006249039997830164e-02
1.753400152500000075e+01 -5.650026398769369268e-02
1.754814124900000039e+01 -6.750116125596386518e-02
1.756228097300000002e+01 -7.949206922601111114e-02
1.757642069699999965e+01 -8.945355819091578564e-02
1.759056042099999928e+01 -9.740401228097775310e-02
1.760470014499999891e+01 -1.035002057625078326e-01
1.761883986899999854e+01 -1.073991286410631574e-01
1.763297959300000173e+01 -1.088792514827095770e-01
1.764711931700000136e+01 -1.076808393058357183e-01
1.766125904100000099e+01 -1.035328858497024246e-01
1.767539876500000062e+01 -9.622122768731125597e-02
1.768953848900000025e+01 -8.937810887065229803e-02
1.770367821399999997e+01 -8.680453735082949152e-02
1.771781793799999960e+01 -8.866334280800221290e-02
1.773195766199999923e+01 -9.205013405273849980e-02
1.774609738599999886e+01 -9.330498155524462323e-02
1.776023710999999849e+01 -9.249104035082686415e-02
1.777437683400000168e+01 -9.061301862977208521e-02
1.778851655800000131e+01 -8.834926713102220219e-02
1.780265628200000094e+01 -8.702595938753886207e-02
1.781679600600000057e+01 -8.763343193120694263e-02
1.783093573000000021e+01 -8.941532546639527346e-02
1.784507545399999984e+01 -8.982950120349406098e-02
1.785921517799999947e+01 -8.733786669176643591e-02
1.787335490199999910e+01 -8.329491331002003562e-02
1.788749462599999873e+01 -7.938409126645969149e-02
1.790163434999999836e+01 -7.731987845011663307e-02
1.791577407400000155e+01 -7.819263551307167881e-02
1.792991379800000118e+01 -7.940312977433922059e-02
1.794405352200000081e+01 -7.973760274816044102e-02
1.795819324600000044e+01 -7.808959689992889253e-02
1.797233297000000007e+01 -7.486054711595120648e-02
1.798647269399999971e+01 -6.489939453910645306e-02
1.800061241799999934e+01 -3.405670778648565294e-02
1.801475214199999897e+01 3.820115985918211970e-02
1.802889186599999860e+01 1.749295510211202331e-01
1.804303158999999823e+01 3.932071477240649537e-01
1.805717131400000142e+01 7.040482588358234484e-01
1.807131103800000105e+01 1.112565351010199155e+00
1.808545076300000076e+01 1.620608683918716597e+00
1.809959048700000039e+01 2.226727375302402834e+00
1.811373021100000003e+01 2.930358213003973589e+00
1.812786993499999966e+01 3.732185422855887058e+00
1.814200965899999929e+01 4.635202133758728138e+00
1.815614938299999892e+01 5.640640070257536109e+00
1.817028910699999855e+01 6.748146813001203448e+00
1.818442883100000174e+01 7.955907657007692535e+00
1.819856855500000137e+01 9.262513443346637843e+00
1.821270827900000100e+01 1.067006888829610922e+01
1.822684800300000063e+01 1.218308492157801126e+01
1.824098772700000026e+01 1.380700433352236089e+01
1.825512745099999989e+01 1.554102170986916320e+01
1.826926717499999953e+01 1.738137808412277252e+01
1.828340689899999916e+01 1.932344154277116033e+01
1.829754662299999879e+01 2.136567290696346078e+01
1.831168634699999842e+01 2.350690530792503807e+01
1.832582607100000160e+01 2.574508060288759026e+01
1.833996579500000124e+01 2.807684361125463113e+01
1.835410551900000087e+01 3.050024082721875729e+01
1.836824524300000050e+01 3.301578833752390096e+01
1.838238496700000013e+01 3.562361664222687807e+01
1.839652469099999976e+01 3.832643337307694509e+01
1.841066441499999939e+01 4.113152004697803932e+01
1.842480413899999903e+01 4.405484906943735268e+01
1.843894386299999866e+01 4.711351462608847385e+01
1.845308358799999837e+01 5.031146284893002019e+01
1.846722331200000156e+01 5.362226182133494490e+01
1.848136303600000119e+01 5.697533720763017584e+01
1.849550276000000082e+01 6.025762204812490808e+01
1.850964248400000045e+01 6.332938700550239730e+01
1.852378220800000008e+01 6.605153502779721464e+01
1.853792193199999971e+01 6.831718188852367746e+01
1.855206165599999935e+01 7.007504067251355195e+01
1.856620137999999898e+01 7.133751024889497216e+01
1.858034110399999861e+01 7.217123661330971629e+01
1.859448082799999824e+01 7.267436776575895863e+01
1.860862055200000142e+01 7.295023852206493586e+01
1.862276027600000106e+01 6.088986965380024685e+01
1.863690000000000069e+01 4.875297677177615441e+01
