# r_minus_2Rs_A,    PMF_over_kBT
-3.975000000000000089e+00 2.166935421065241840e+01
-3.924999999999999822e+00 2.889247228086989239e+01
-3.875000000000000000e+00 3.611559035108736282e+01
-3.825000000000000178e+00 3.611559035108736282e+01
-3.774999999999999911e+00 3.611559035108736282e+01
-3.725000000000000089e+00 3.611559035108736282e+01
-3.674999999999999822e+00 3.611559035108736282e+01
-3.625000000000000000e+00 3.611559035108736282e+01
-3.575000000000000178e+00 3.611559035108736282e+01
-3.524999999999999911e+00 3.611559035108736282e+01
-3.475000000000000089e+00 3.611559035108736282e+01
-3.424999999999999822e+00 3.611559035108736282e+01
-3.375000000000000000e+00 3.611559035108736282e+01
-3.325000000000000178e+00 3.611559035108736282e+01
-3.274999999999999911e+00 3.611559035108736282e+01
-3.225000000000000089e+00 3.611559035108736282e+01
-3.174999999999999822e+00 3.611559035108736282e+01
-3.125000000000000000e+00 3.611559035108736282e+01
-3.075000000000000178e+00 3.611559035108736282e+01
-3.024999999999999911e+00 3.611559035108736282e+01
-2.975000000000000089e+00 3.611559035108736282e+01
-2.924999999999999822e+00 3.611559035108736282e+01
-2.875000000000000000e+00 3.611559035108736282e+01
-2.824999999999999734e+00 3.611559035108736282e+01
-2.774999999999999911e+00 3.611559035108736282e+01
-2.725000000000000089e+00 3.611559035108736282e+01
-2.674999999999999822e+00 3.611559035108736282e+01
-2.625000000000000000e+00 3.611559035108736282e+01
-2.574999999999999734e+00 3.611559035108736282e+01
-2.524999999999999911e+00 3.611559035108736282e+01
-2.475000000000000089e+00 3.611559035108736282e+01
-2.424999999999999822e+00 3.611559035108736282e+01
-2.375000000000000000e+00 3.611559035108736282e+01
-2.324999999999999734e+00 3.611559035108736282e+01
-2.274999999999999911e+00 3.611559035108736282e+01
-2.225000000000000089e+00 3.611559035108736282e+01
-2.174999999999999822e+00 3.611559035108736282e+01
-2.125000000000000000e+00 3.611559035108736282e+01
-2.074999999999999734e+00 3.611559035108736282e+01
-2.024999999999999911e+00 3.611559035108736282e+01
-1.974999999999999645e+00 3.611559035108736282e+01
-1.924999999999999822e+00 3.611559035108736282e+01
-1.875000000000000000e+00 3.611559035108736282e+01
-1.825000000000000178e+00 3.611559035108736282e+01
-1.774999999999999911e+00 3.611559035108736282e+01
-1.724999999999999645e+00 3.611559035108736282e+01
-1.674999999999999822e+00 3.611559035108736282e+01
-1.625000000000000000e+00 3.611559035108736282e+01
-1.574999999999999734e+00 3.611559035108736282e+01
-1.524999999999999911e+00 3.611559035108736282e+01
-1.474999999999999645e+00 3.611559035108736282e+01
-1.424999999999999822e+00 3.611559035108736282e+01
-1.375000000000000000e+00 3.611559035108736282e+01
-1.324999999999999734e+00 3.611559035108736282e+01
-1.274999999999999911e+00 3.611559035108736282e+01
-1.224999999999999645e+00 3.611559035108736282e+01
-1.174999999999999822e+00 3.611559035108736282e+01
-1.125000000000000000e+00 3.611559035108736282e+01
-1.074999999999999734e+00 3.611559035108736282e+01
-1.024999999999999911e+00 3.611559035108736282e+01
-9.749999999999996447e-01 3.611559035108736282e+01
-9.249999999999998224e-01 3.611559035108736282e+01
-8.750000000000000000e-01 3.611559035108736282e+01
-8.249999999999997335e-01 3.611559035108736282e+01
-7.749999999999999112e-01 3.611559035108736282e+01
-7.249999999999996447e-01 3.611559035108736282e+01
-6.749999999999998224e-01 3.611559035108736282e+01
-6.250000000000000000e-01 3.611559035108736282e+01
-5.749999999999997335e-01 3.611559035108736282e+01
-5.249999999999999112e-01 3.611559035108736282e+01
-4.749999999999996447e-01 2.985543753474890494e+01
-4.249999999999998224e-01 2.329267524796427935e+01
-3.750000000000000000e-01 1.645805957662236452e+01
-3.249999999999997335e-01 9.363476029080048946e+00
-2.749999999999999112e-01 2.156493091519867455e+00
-2.249999999999996447e-01 1.127546709473232767e+00
-1.749999999999998224e-01 3.835387559236114186e-01
-1.250000000000000000e-01 -1.031930429261535831e-01
-7.499999999999973355e-02 -3.127631884876351243e-01
-2.499999999999991118e-02 -3.916976614485616626e-01
2.500000000000035527e-02 -3.720589686632657100e-01
7.500000000000017764e-02 -3.341888637164626141e-01
1.250000000000000000e-01 -2.642662586432208971e-01
1.750000000000007105e-01 -2.095759624770512086e-01
2.249999999999996447e-01 -1.543555302142973484e-01
2.750000000000003553e-01 -1.054331884864897206e-01
3.250000000000001776e-01 -2.474242645982939470e-02
3.750000000000000000e-01 2.839289001691156986e-02
4.250000000000007105e-01 1.087762985053359471e-01
4.749999999999996447e-01 1.524481390287274474e-01
5.250000000000003553e-01 1.831226322153060859e-01
5.750000000000001776e-01 1.958218185573589176e-01
6.250000000000000000e-01 2.351877557469670421e-01
6.750000000000007105e-01 2.439327061524942386e-01
7.249999999999996447e-01 2.773646530590948567e-01
7.750000000000003553e-01 3.118009934192699228e-01
8.250000000000010658e-01 3.237666156418906871e-01
8.750000000000000000e-01 3.341310806303209313e-01
9.250000000000007105e-01 3.457831481036205412e-01
9.749999999999996447e-01 3.359631629432712763e-01
1.025000000000000355e+00 3.326437971366434931e-01
1.075000000000001066e+00 3.290247515001133993e-01
1.125000000000000000e+00 3.188806951911711818e-01
1.175000000000000711e+00 3.018376739991766033e-01
1.224999999999999645e+00 2.985923716368244496e-01
1.275000000000000355e+00 2.790759508687500889e-01
1.325000000000001066e+00 2.757207160300726989e-01
1.375000000000000000e+00 2.562827329737441540e-01
1.425000000000000711e+00 2.198355750521987229e-01
1.474999999999999645e+00 1.778468332137322638e-01
1.525000000000000355e+00 1.282982574075056670e-01
1.575000000000001066e+00 7.149840716907968075e-02
1.625000000000000000e+00 2.029153188836332194e-02
1.675000000000000711e+00 -7.974350520582262902e-03
1.724999999999999645e+00 -3.866008904172701932e-02
1.775000000000000355e+00 -6.850917084214387665e-02
1.825000000000001066e+00 -9.161512665701786184e-02
1.875000000000000000e+00 -1.130033897614453053e-01
1.925000000000000711e+00 -1.489663333882710050e-01
1.974999999999999645e+00 -1.803067959269370191e-01
2.025000000000000355e+00 -1.945420510699819028e-01
2.075000000000001066e+00 -2.157069403037414901e-01
2.125000000000000000e+00 -2.458029588281800126e-01
2.175000000000000711e+00 -2.637861447008187921e-01
2.224999999999999645e+00 -2.807269484562063266e-01
2.275000000000000355e+00 -2.921346021457495445e-01
2.325000000000001066e+00 -2.933447629902541931e-01
2.375000000000000000e+00 -2.864611588293218825e-01
2.425000000000000711e+00 -2.818152955485477285e-01
2.474999999999999645e+00 -2.669515332944996655e-01
2.525000000000000355e+00 -2.575546371159174175e-01
2.575000000000001066e+00 -2.522353032361543956e-01
2.625000000000000000e+00 -2.344364348557238797e-01
2.675000000000000711e+00 -2.132702342379957372e-01
2.724999999999999645e+00 -2.073672160912113926e-01
2.775000000000000355e+00 -1.882358192486172921e-01
2.825000000000001066e+00 -1.725039501097704597e-01
2.875000000000000000e+00 -1.663768712283477669e-01
2.925000000000000711e+00 -1.439502298016840653e-01
2.974999999999999645e+00 -1.200226226612301078e-01
3.025000000000000355e+00 -1.006685385769078012e-01
3.075000000000001066e+00 -8.545305144451448287e-02
3.125000000000000000e+00 -6.448552725636248761e-02
3.175000000000000711e+00 -5.049808812126350965e-02
3.224999999999999645e+00 -2.263471320090176125e-02
3.275000000000000355e+00 -2.558403296895407023e-03
3.325000000000001066e+00 2.434195732615656096e-02
3.375000000000000000e+00 4.493867017499227068e-02
3.425000000000000711e+00 5.939973660144844125e-02
3.474999999999999645e+00 8.170163756185680470e-02
3.525000000000000355e+00 9.207119179646205964e-02
3.575000000000001066e+00 1.080933299758086719e-01
3.625000000000000000e+00 1.283537490700140948e-01
3.675000000000000711e+00 1.498680470587732683e-01
3.724999999999999645e+00 1.563354250525236522e-01
3.775000000000000355e+00 1.757665217784726841e-01
3.825000000000001066e+00 1.895688698114121051e-01
3.875000000000000000e+00 2.035885770179074739e-01
3.925000000000000711e+00 2.165307468767821431e-01
3.974999999999999645e+00 2.282753256676873233e-01
4.025000000000000355e+00 2.398111567769330432e-01
4.074999999999999289e+00 2.410370523073382398e-01
4.125000000000000000e+00 2.349971763107372991e-01
4.175000000000000711e+00 2.283733891167244734e-01
4.225000000000001421e+00 2.257181016985409794e-01
4.275000000000000355e+00 2.184533475897048049e-01
4.324999999999999289e+00 2.224336928616455766e-01
4.375000000000000000e+00 2.163804161088172806e-01
4.425000000000000711e+00 2.085578016695912307e-01
4.475000000000001421e+00 1.965929551522861973e-01
4.525000000000000355e+00 1.920620735953967595e-01
4.574999999999999289e+00 1.707900073378414985e-01
4.625000000000000000e+00 1.615488726648663942e-01
4.675000000000000711e+00 1.529270544063575099e-01
4.725000000000001421e+00 1.383751767964039314e-01
4.775000000000000355e+00 1.105405686430181444e-01
4.824999999999999289e+00 9.146151618068217026e-02
4.875000000000000000e+00 7.011870441065397308e-02
4.925000000000000711e+00 4.350699842975416787e-02
4.975000000000001421e+00 2.253422599831189990e-02
5.025000000000000355e+00 8.279950692967476267e-03
5.074999999999999289e+00 -1.309907997700072817e-02
5.125000000000000000e+00 -3.446752374388637602e-02
5.175000000000000711e+00 -5.068017555616145114e-02
5.225000000000001421e+00 -6.213612760092673826e-02
5.275000000000000355e+00 -7.323631331043040094e-02
5.324999999999999289e+00 -7.776105808585427603e-02
5.375000000000000000e+00 -8.046092567327925438e-02
5.425000000000000711e+00 -8.823164336308658706e-02
5.475000000000001421e+00 -9.190121457671303340e-02
5.525000000000000355e+00 -9.894446927403316439e-02
5.575000000000001066e+00 -1.017778903332594298e-01
5.625000000000000000e+00 -1.072187816601580662e-01
5.675000000000000711e+00 -1.046943028252560054e-01
5.725000000000001421e+00 -9.993743740576874202e-02
5.775000000000000355e+00 -9.527665024118830983e-02
5.825000000000001066e+00 -9.358393806198429810e-02
5.875000000000000000e+00 -8.376516595484986838e-02
5.925000000000000711e+00 -7.770014975447062100e-02
5.975000000000001421e+00 -8.522488029899763506e-02
6.025000000000000355e+00 -8.419563912652955340e-02
6.075000000000001066e+00 -7.980977844625343487e-02
6.125000000000000000e+00 -7.846748534922412532e-02
6.175000000000000711e+00 -7.082977682681425302e-02
6.225000000000001421e+00 -6.285821023929898110e-02
6.275000000000000355e+00 -5.929833809362854841e-02
6.325000000000001066e+00 -5.174718955481587279e-02
6.375000000000000000e+00 -4.399451022311175880e-02
6.425000000000000711e+00 -4.106824936216106614e-02
6.475000000000001421e+00 -3.187553634715527967e-02
6.525000000000000355e+00 -2.595497797020378597e-02
6.575000000000001066e+00 -1.998033153671521095e-02
6.625000000000000000e+00 -2.318817657081915368e-02
6.675000000000000711e+00 -2.045303177924715637e-02
6.725000000000001421e+00 -1.952975663015763669e-02
6.775000000000000355e+00 -1.215473753200448960e-02
6.825000000000001066e+00 -1.103961158741171254e-02
6.875000000000000000e+00 9.319206300936854880e-04
6.925000000000000711e+00 2.670834118982412433e-03
6.975000000000001421e+00 5.696758831423665709e-03
7.025000000000000355e+00 1.430901711725525265e-02
7.075000000000001066e+00 2.300214023337616986e-02
7.125000000000000000e+00 2.432282458624684257e-02
7.175000000000000711e+00 2.941717695594619000e-02
7.225000000000001421e+00 2.938215274623914505e-02
7.275000000000000355e+00 3.110470824593143321e-02
7.325000000000001066e+00 3.015130150492453462e-02
7.375000000000000000e+00 3.443027114405055461e-02
7.425000000000000711e+00 3.451649777180101908e-02
7.475000000000001421e+00 4.185944955650455768e-02
7.525000000000000355e+00 3.857313203358181397e-02
7.575000000000001066e+00 3.504329537564104119e-02
7.625000000000000000e+00 3.435515916966096900e-02
7.675000000000000711e+00 3.945988552718553838e-02
7.725000000000001421e+00 3.821486460897922932e-02
7.775000000000000355e+00 4.036079958296348580e-02
7.825000000000001066e+00 4.793227695971822439e-02
7.875000000000000000e+00 4.825466014695045658e-02
7.925000000000000711e+00 5.060691354267987663e-02
7.975000000000001421e+00 4.451619882205797712e-02
8.025000000000000355e+00 4.832133823324299277e-02
8.075000000000001066e+00 4.175714066406684133e-02
8.125000000000000000e+00 4.102533568419346188e-02
8.175000000000000711e+00 3.002774237943910476e-02
8.225000000000001421e+00 3.155907684627230758e-02
8.275000000000000355e+00 2.223887759131386657e-02
8.325000000000001066e+00 1.750153364649271667e-02
8.375000000000000000e+00 1.265710486815443611e-02
8.425000000000000711e+00 1.756480188820752630e-02
8.475000000000001421e+00 1.722388443246920461e-02
8.525000000000000355e+00 1.546836394571471374e-02
8.575000000000001066e+00 1.234898386987239895e-02
8.625000000000000000e+00 4.223463106675141160e-03
8.675000000000000711e+00 -6.516235618905597340e-03
8.725000000000001421e+00 -1.296831670810263439e-02
8.775000000000000355e+00 -1.476957562849676685e-02
8.825000000000001066e+00 -1.696423668639752622e-02
8.875000000000000000e+00 -1.722931579318611947e-02
8.925000000000000711e+00 -1.908097538052722086e-02
8.975000000000001421e+00 -1.778531870674058407e-02
9.025000000000000355e+00 -1.319295279464221225e-02
9.075000000000001066e+00 -5.944821089640940810e-03
9.125000000000000000e+00 -6.325023948556917838e-03
9.175000000000000711e+00 -1.741741931848395531e-03
9.225000000000001421e+00 -7.969807815487329333e-03
9.275000000000000355e+00 -1.648929584957557065e-02
9.325000000000001066e+00 -2.079995199947397636e-02
9.375000000000000000e+00 -1.723772397376955104e-02
9.425000000000000711e+00 -2.202671300503240837e-02
9.475000000000001421e+00 -2.033429905904320448e-02
9.525000000000000355e+00 -1.712115788170223349e-02
9.575000000000001066e+00 -2.227217495639699854e-02
9.625000000000000000e+00 -2.482335517559484256e-02
9.675000000000000711e+00 -1.988969494979890909e-02
9.725000000000001421e+00 -1.210546399004925992e-02
9.775000000000000355e+00 -1.438736876677921932e-02
9.825000000000001066e+00 -1.030823959779354586e-02
9.875000000000000000e+00 -1.050146641400075999e-02
9.925000000000000711e+00 -8.696410876304483742e-03
9.975000000000001421e+00 -6.213889189611166396e-03
1.002500000000000036e+01 -6.618829833865192726e-04
1.007500000000000107e+01 7.505993931685140362e-03
1.012500000000000000e+01 1.299936473915579496e-02
1.017500000000000071e+01 1.400993569306798782e-02
1.022500000000000142e+01 1.088490735909957222e-02
1.027500000000000036e+01 1.027054461640659541e-02
1.032500000000000107e+01 4.669451790775269728e-03
1.037500000000000000e+01 9.595997902557940051e-03
1.042500000000000071e+01 7.752520390038242747e-03
1.047500000000000142e+01 9.337634518066196751e-03
1.052500000000000036e+01 9.518770928307775450e-03
1.057500000000000107e+01 1.591503398525127150e-02
1.062500000000000000e+01 1.066638333390947969e-02
1.067500000000000071e+01 1.287779200433334346e-02
1.072500000000000142e+01 1.281376156473221749e-02
1.077500000000000036e+01 1.257763289298452491e-02
1.082500000000000107e+01 8.736044290684931088e-03
1.087500000000000000e+01 1.229683852053753412e-02
1.092500000000000071e+01 1.223247097376933823e-02
1.097500000000000142e+01 1.383438727674395421e-02
1.102500000000000036e+01 1.866470724749120721e-02
1.107500000000000107e+01 1.886591061712579454e-02
1.112500000000000000e+01 1.450096724570464589e-02
1.117500000000000071e+01 1.372063581556020283e-02
1.122500000000000142e+01 1.241401975666001078e-02
1.127500000000000036e+01 6.990050717494611723e-03
1.132500000000000107e+01 8.681349371983771573e-03
1.137500000000000000e+01 9.621722048131787705e-03
1.142500000000000071e+01 1.032922103607134684e-02
1.147500000000000142e+01 1.229913321295619463e-02
1.152500000000000036e+01 1.116366710591165656e-02
1.157500000000000107e+01 6.620831747762069043e-03
1.162500000000000000e+01 6.534952888582524523e-03
1.167500000000000071e+01 7.619358744418748552e-03
1.172500000000000142e+01 3.737731840680070042e-03
1.177500000000000036e+01 2.889379143637783171e-03
1.182500000000000107e+01 4.879317021754659908e-03
1.187500000000000000e+01 7.362493986622814816e-04
1.192500000000000071e+01 -2.409758297804387613e-03
1.197500000000000142e+01 -9.088468354651271395e-04
1.202499999999999858e+01 -3.037339622146717835e-03
1.207500000000000284e+01 -5.915474997332026419e-03
1.212500000000000000e+01 3.338344699265505776e-03
1.217500000000000071e+01 2.135710993707817720e-03
1.222500000000000142e+01 1.442449043686267005e-03
1.227499999999999858e+01 3.917784285074788105e-03
1.232500000000000284e+01 4.780301188462489359e-03
1.237500000000000000e+01 -1.712985993021121046e-03
1.242500000000000071e+01 4.611915572457548121e-04
1.247500000000000142e+01 -1.517968154274740517e-03
1.252499999999999858e+01 -3.177411962481002661e-03
1.257500000000000284e+01 -3.319593644291885057e-03
1.262500000000000000e+01 -3.504421999948448448e-03
1.267500000000000071e+01 -4.468006617929276385e-03
1.272500000000000142e+01 -3.785760481109435270e-03
1.277499999999999858e+01 1.083989307808512496e-05
1.282500000000000284e+01 -1.955280858803121278e-03
1.287500000000000000e+01 1.233392242702180440e-03
1.292500000000000071e+01 2.348538321446369797e-03
1.297500000000000142e+01 4.181254158902802942e-03
1.302499999999999858e+01 1.670184576696698547e-03
1.307500000000000284e+01 4.569493776777733274e-03
1.312500000000000000e+01 2.735153845826587739e-03
1.317500000000000071e+01 5.371165809381750651e-03
1.322500000000000142e+01 -1.946289106001586929e-04
1.327499999999999858e+01 1.380844305982620746e-03
1.332500000000000284e+01 1.100581990781890340e-03
1.337500000000000000e+01 -1.089949433545101074e-03
1.342500000000000071e+01 -4.470682527031399553e-03
1.347500000000000142e+01 -1.022765735615038850e-03
1.352499999999999858e+01 -6.907828858572529450e-03
1.357500000000000284e+01 -4.161038128746952051e-03
1.362500000000000000e+01 -3.731767025960053535e-03
1.367500000000000071e+01 -3.155515372633388785e-03
1.372500000000000142e+01 -4.869277029545318321e-04
1.377499999999999858e+01 2.844019863900371092e-03
1.382500000000000284e+01 1.146548517133894139e-03
1.387500000000000000e+01 2.732233664681160950e-03
1.392500000000000071e+01 4.084258755536183255e-02
1.397500000000000142e+01 3.039422166600186381e-01
1.402499999999999858e+01 1.030474174843780011e+00
1.407500000000000284e+01 2.440966476464275559e+00
1.412500000000000000e+01 9.663116083644013088e+00
1.417500000000000071e+01 1.684765933627382850e+01
1.422500000000000142e+01 2.380561591723494175e+01
1.427499999999999858e+01 3.030414877819173469e+01
1.432500000000000284e+01 3.611559035108736282e+01
1.437500000000000000e+01 3.611559035108736282e+01
1.442500000000000071e+01 3.611559035108736282e+01
1.447500000000000142e+01 3.611559035108736282e+01
1.452499999999999858e+01 3.611559035108736282e+01
1.457500000000000284e+01 3.611559035108736282e+01
1.462500000000000000e+01 3.611559035108736282e+01
1.467500000000000071e+01 3.611559035108736282e+01
1.472500000000000142e+01 3.611559035108736282e+01
1.477499999999999858e+01 3.611559035108736282e+01
1.482500000000000284e+01 3.611559035108736282e+01
1.487500000000000000e+01 3.611559035108736282e+01
1.492500000000000071e+01 3.611559035108736282e+01
1.497500000000000142e+01 3.611559035108736282e+01
1.502499999999999858e+01 3.611559035108736282e+01
1.507500000000000284e+01 3.611559035108736282e+01
1.512500000000000000e+01 3.611559035108736282e+01
1.517500000000000426e+01 3.611559035108736282e+01
1.522500000000000142e+01 3.611559035108736282e+01
1.527499999999999858e+01 3.611559035108736282e+01
1.532500000000000284e+01 3.611559035108736282e+01
1.537500000000000000e+01 3.611559035108736282e+01
1.542500000000000426e+01 3.611559035108736282e+01
1.547500000000000142e+01 3.611559035108736282e+01
1.552499999999999858e+01 3.611559035108736282e+01
1.557500000000000284e+01 3.611559035108736282e+01
1.562500000000000000e+01 3.611559035108736282e+01
1.567500000000000426e+01 3.611559035108736282e+01
1.572500000000000142e+01 3.611559035108736282e+01
1.577499999999999858e+01 3.611559035108736282e+01
1.582500000000000284e+01 3.611559035108736282e+01
1.587500000000000000e+01 3.611559035108736282e+01
1.592500000000000426e+01 3.611559035108736282e+01
1.597500000000000142e+01 3.611559035108736282e+01
1.602499999999999858e+01 3.611559035108736282e+01
1.607500000000000284e+01 3.611559035108736282e+01
1.612500000000000000e+01 3.611559035108736282e+01
1.617500000000000426e+01 3.611559035108736282e+01
1.622500000000000142e+01 3.611559035108736282e+01
1.627499999999999858e+01 3.611559035108736282e+01
1.632500000000000284e+01 3.611559035108736282e+01
1.637500000000000000e+01 3.611559035108736282e+01
1.642500000000000426e+01 3.611559035108736282e+01
1.647500000000000142e+01 3.611559035108736282e+01
1.652499999999999858e+01 3.611559035108736282e+01
1.657500000000000284e+01 3.611559035108736282e+01
1.662500000000000000e+01 3.611559035108736282e+01
1.667500000000000426e+01 3.611559035108736282e+01
1.672500000000000142e+01 3.611559035108736282e+01
1.677499999999999858e+01 3.611559035108736282e+01
1.682500000000000284e+01 3.611559035108736282e+01
1.687500000000000000e+01 3.611559035108736282e+01
1.692500000000000426e+01 3.611559035108736282e+01
1.697500000000000142e+01 3.611559035108736282e+01
1.702499999999999858e+01 3.611559035108736282e+01
1.707500000000000284e+01 3.611559035108736282e+01
1.712500000000000000e+01 3.611559035108736282e+01
1.717500000000000426e+01 3.611559035108736282e+01
1.722500000000000142e+01 3.611559035108736282e+01
1.727499999999999858e+01 3.611559035108736282e+01
1.732500000000000284e+01 3.611559035108736282e+01
1.737500000000000000e+01 3.611559035108736282e+01
1.742500000000000426e+01 3.611559035108736282e+01
1.747500000000000142e+01 3.611559035108736282e+01
1.752499999999999858e+01 3.611559035108736282e+01
1.757500000000000284e+01 3.611559035108736282e+01
1.762500000000000000e+01 3.611559035108736282e+01
1.767500000000000426e+01 3.611559035108736282e+01
1.772500000000000142e+01 3.611559035108736282e+01
1.777499999999999858e+01 3.611559035108736282e+01
1.782500000000000284e+01 3.611559035108736282e+01
1.787500000000000000e+01 3.611559035108736282e+01
1.792500000000000426e+01 3.611559035108736282e+01
1.797500000000000142e+01 3.611559035108736282e+01
1.802499999999999858e+01 3.611559035108736282e+01
1.807500000000000284e+01 3.611559035108736282e+01
1.812500000000000000e+01 3.611559035108736282e+01
1.817500000000000426e+01 3.611559035108736282e+01
1.822500000000000142e+01 3.611559035108736282e+01
1.827499999999999858e+01 3.611559035108736282e+01
1.832500000000000284e+01 3.611559035108736282e+01
1.837500000000000000e+01 3.611559035108736282e+01
1.842500000000000426e+01 3.611559035108736282e+01
1.847500000000000142e+01 3.611559035108736282e+01
1.852499999999999858e+01 3.611559035108736282e+01
1.857500000000000284e+01 3.611559035108736282e+01
1.862500000000000000e+01 3.611559035108736282e+01
1.867500000000000426e+01 3.611559035108736282e+01
1.872500000000000142e+01 3.611559035108736282e+01
1.877499999999999858e+01 3.611559035108736282e+01
1.882500000000000284e+01 3.611559035108736282e+01
1.887500000000000000e+01 3.611559035108736282e+01
1.892500000000000426e+01 3.611559035108736282e+01
1.897500000000000142e+01 3.611559035108736282e+01
1.902499999999999858e+01 3.611559035108736282e+01
1.907500000000000284e+01 3.611559035108736282e+01
1.912500000000000000e+01 3.611559035108736282e+01
1.917500000000000426e+01 3.611559035108736282e+01
1.922500000000000142e+01 3.611559035108736282e+01
1.927499999999999858e+01 3.611559035108736282e+01
1.932500000000000284e+01 3.611559035108736282e+01
1.937500000000000000e+01 3.611559035108736282e+01
1.942500000000000426e+01 3.611559035108736282e+01
1.947500000000000142e+01 3.611559035108736282e+01
1.952499999999999858e+01 3.611559035108736282e+01
1.957500000000000284e+01 3.611559035108736282e+01
1.962500000000000000e+01 3.611559035108736282e+01
1.967500000000000426e+01 3.611559035108736282e+01
1.972500000000000142e+01 3.611559035108736282e+01
1.977499999999999858e+01 3.611559035108736282e+01
1.982500000000000284e+01 3.611559035108736282e+01
1.987500000000000000e+01 3.611559035108736282e+01
1.992500000000000426e+01 3.611559035108736282e+01
1.997500000000000142e+01 3.611559035108736282e+01
2.002499999999999858e+01 3.611559035108736282e+01
2.007500000000000284e+01 3.611559035108736282e+01
2.012500000000000000e+01 3.611559035108736282e+01
2.017500000000000426e+01 3.611559035108736282e+01
2.022500000000000142e+01 3.611559035108736282e+01
2.027499999999999858e+01 3.611559035108736282e+01
2.032500000000000284e+01 3.611559035108736282e+01
2.037500000000000000e+01 3.611559035108736282e+01
2.042500000000000426e+01 3.611559035108736282e+01
2.047500000000000142e+01 3.611559035108736282e+01
2.052499999999999858e+01 3.611559035108736282e+01
2.057500000000000284e+01 3.611559035108736282e+01
2.062500000000000000e+01 3.611559035108736282e+01
2.067500000000000426e+01 3.611559035108736282e+01
2.072500000000000142e+01 3.611559035108736282e+01
2.077499999999999858e+01 3.611559035108736282e+01
2.082500000000000284e+01 3.611559035108736282e+01
2.087500000000000000e+01 3.611559035108736282e+01
2.092500000000000426e+01 3.611559035108736282e+01
2.097500000000000142e+01 3.611559035108736282e+01
2.102499999999999858e+01 3.611559035108736282e+01
2.107500000000000284e+01 3.611559035108736282e+01
2.112500000000000000e+01 3.611559035108736282e+01
2.117500000000000426e+01 3.611559035108736282e+01
2.122500000000000142e+01 3.611559035108736282e+01
2.127499999999999858e+01 3.611559035108736282e+01
2.132500000000000284e+01 3.611559035108736282e+01
2.137500000000000000e+01 3.611559035108736282e+01
2.142500000000000426e+01 3.611559035108736282e+01
2.147500000000000142e+01 3.611559035108736282e+01
2.152499999999999858e+01 3.611559035108736282e+01
2.157500000000000284e+01 3.611559035108736282e+01
2.162500000000000000e+01 3.611559035108736282e+01
2.167500000000000426e+01 3.611559035108736282e+01
2.172500000000000142e+01 3.611559035108736282e+01
2.177499999999999858e+01 3.611559035108736282e+01
2.182500000000000284e+01 3.611559035108736282e+01
2.187500000000000000e+01 3.611559035108736282e+01
2.192500000000000426e+01 3.611559035108736282e+01
2.197500000000000142e+01 3.611559035108736282e+01
2.202499999999999858e+01 3.611559035108736282e+01
2.207500000000000284e+01 3.611559035108736282e+01
2.212500000000000000e+01 3.611559035108736282e+01
2.217500000000000426e+01 3.611559035108736282e+01
2.222500000000000142e+01 3.611559035108736282e+01
2.227499999999999858e+01 3.611559035108736282e+01
2.232500000000000284e+01 3.611559035108736282e+01
2.237500000000000000e+01 3.611559035108736282e+01
2.242500000000000426e+01 3.611559035108736282e+01
2.247500000000000142e+01 3.611559035108736282e+01
2.252499999999999858e+01 3.611559035108736282e+01
2.257500000000000284e+01 3.611559035108736282e+01
2.262500000000000000e+01 3.611559035108736282e+01
2.267500000000000426e+01 3.611559035108736282e+01
2.272500000000000142e+01 3.611559035108736282e+01
2.277499999999999858e+01 3.611559035108736282e+01
2.282500000000000284e+01 3.611559035108736282e+01
2.287500000000000000e+01 3.611559035108736282e+01
2.292500000000000426e+01 3.611559035108736282e+01
2.297500000000000142e+01 3.611559035108736282e+01
2.302499999999999858e+01 3.611559035108736282e+01
2.307500000000000284e+01 3.611559035108736282e+01
2.312500000000000000e+01 3.611559035108736282e+01
2.317500000000000426e+01 3.611559035108736282e+01
2.322500000000000142e+01 3.611559035108736282e+01
2.327499999999999858e+01 3.611559035108736282e+01
2.332500000000000284e+01 3.611559035108736282e+01
2.337500000000000000e+01 3.611559035108736282e+01
2.342500000000000426e+01 3.611559035108736282e+01
2.347500000000000142e+01 3.611559035108736282e+01
2.352499999999999858e+01 3.611559035108736282e+01
2.357500000000000284e+01 3.611559035108736282e+01
2.362500000000000000e+01 3.611559035108736282e+01
2.367500000000000426e+01 3.611559035108736282e+01
2.372500000000000142e+01 3.611559035108736282e+01
2.377499999999999858e+01 3.611559035108736282e+01
2.382500000000000284e+01 3.611559035108736282e+01
2.387500000000000000e+01 3.611559035108736282e+01
2.392500000000000426e+01 3.611559035108736282e+01
2.397500000000000142e+01 3.611559035108736282e+01
2.402499999999999858e+01 3.611559035108736282e+01
2.407500000000000284e+01 3.611559035108736282e+01
2.412500000000000000e+01 3.611559035108736282e+01
2.417500000000000426e+01 3.611559035108736282e+01
2.422500000000000142e+01 3.611559035108736282e+01
2.427499999999999858e+01 3.611559035108736282e+01
2.432500000000000284e+01 3.611559035108736282e+01
2.437500000000000000e+01 3.611559035108736282e+01
2.442500000000000426e+01 3.611559035108736282e+01
2.447500000000000142e+01 3.611559035108736282e+01
2.452499999999999858e+01 3.611559035108736282e+01
2.457500000000000284e+01 3.611559035108736282e+01
2.462500000000000000e+01 3.611559035108736282e+01
2.467500000000000426e+01 3.611559035108736282e+01
2.472500000000000142e+01 3.611559035108736282e+01
2.477499999999999858e+01 3.611559035108736282e+01
2.482500000000000284e+01 3.611559035108736282e+01
2.487500000000000000e+01 3.611559035108736282e+01
2.492500000000000426e+01 3.611559035108736282e+01
2.497500000000000142e+01 3.611559035108736282e+01
2.502499999999999858e+01 3.611559035108736282e+01
2.507500000000000284e+01 3.611559035108736282e+01
2.512500000000000000e+01 3.611559035108736282e+01
2.517500000000000426e+01 3.611559035108736282e+01
2.522500000000000142e+01 3.611559035108736282e+01
2.527499999999999858e+01 3.611559035108736282e+01
2.532500000000000284e+01 3.611559035108736282e+01
2.537500000000000000e+01 3.611559035108736282e+01
2.542500000000000426e+01 3.611559035108736282e+01
2.547500000000000142e+01 3.611559035108736282e+01
2.552499999999999858e+01 3.611559035108736282e+01
2.557500000000000284e+01 3.611559035108736282e+01
2.562500000000000000e+01 3.611559035108736282e+01
2.567500000000000426e+01 3.611559035108736282e+01
2.572500000000000142e+01 3.611559035108736282e+01
2.577499999999999858e+01 3.611559035108736282e+01
2.582500000000000284e+01 3.611559035108736282e+01
2.587500000000000000e+01 3.611559035108736282e+01
2.592500000000000426e+01 2.889247228086989239e+01
2.597500000000000142e+01 2.166935421065241840e+01
