# r_minus_2Rs_A PMF_over_kBT
-8.395000000000010232e-01 3.036126284237505502e+01
-8.253630409999992423e-01 4.047289131711376342e+01
-8.112260820000010142e-01 5.056216098072529519e+01
-7.970891219999991506e-01 6.059655189889124216e+01
-7.829521630000009225e-01 6.039238715052557183e+01
-7.688152039999991416e-01 5.996534951188265694e+01
-7.546782450000009135e-01 5.916033603895915860e+01
-7.405412859999991326e-01 5.778294402030504529e+01
-7.264043260000008218e-01 5.562922437789804064e+01
-7.122673669999990409e-01 5.253797113357760651e+01
-6.981304080000008128e-01 4.845093909325640880e+01
-6.839934489999990319e-01 4.345050198956047893e+01
-6.698564890000007210e-01 3.776223377266646253e+01
-6.557195299999989402e-01 3.171164201923863857e+01
-6.415825710000007120e-01 2.565129680739633500e+01
-6.274456119999989312e-01 1.988269590999483682e+01
-6.133086530000007031e-01 1.459855847826363728e+01
-5.991716929999988395e-01 9.870161719550887724e+00
-5.850347340000006113e-01 5.667657414650298264e+00
-5.708977749999988305e-01 1.906476526070647770e+00
-5.567608160000006023e-01 -1.504615476376871985e+00
-5.426238569999988215e-01 -4.629569554585287072e+00
-5.284868970000005106e-01 -7.494801849771624447e+00
-5.143499379999987298e-01 -1.010400228110765219e+01
-5.002129790000005016e-01 -1.245687164975756112e+01
-4.860760199999987208e-01 -1.456238171924777802e+01
-4.719390610000004926e-01 -1.644147014478002689e+01
-4.578021009999986290e-01 -1.812079728032671611e+01
-4.436651420000004009e-01 -1.962864128132677166e+01
-4.295281829999986201e-01 -2.098538617867493272e+01
-4.153912240000003919e-01 -2.220450891594185805e+01
-4.012542649999986111e-01 -2.329739358484624390e+01
-3.871173050000003002e-01 -2.427083151585793530e+01
-3.729803459999985193e-01 -2.513115212359690887e+01
-3.588433870000002912e-01 -2.588547228665799693e+01
-3.447064279999985104e-01 -2.654606536737585287e+01
-3.305694680000001995e-01 -2.712641510535495115e+01
-3.164325089999984186e-01 -2.763572247201023657e+01
-3.022955500000001905e-01 -2.807990182088211384e+01
-2.881585909999984096e-01 -2.846201458319864130e+01
-2.740216320000001815e-01 -2.878548019686135717e+01
-2.598846719999983179e-01 -2.905565643190990244e+01
-2.457477130000000898e-01 -2.927869746180878963e+01
-2.316107539999983089e-01 -2.945879875108157364e+01
-2.174737950000000808e-01 -2.959787095139759572e+01
-2.033368359999982999e-01 -2.969771105674784550e+01
-1.891998759999999891e-01 -2.976342283710798498e+01
-1.750629170000017609e-01 -2.980066081001784895e+01
-1.609259579999999801e-01 -2.981355870224368942e+01
-1.467889990000017519e-01 -2.980422151110642659e+01
-1.326520399999999711e-01 -2.977477646258683208e+01
-1.185150800000016602e-01 -2.972885596016905652e+01
-1.043781209999998794e-01 -2.966782990084247729e+01
-9.024116200000165122e-02 -2.959243464269377455e+01
-7.610420299999987037e-02 -2.950460269169038341e+01
-6.196724400000164223e-02 -2.940518614450355628e+01
-4.783028399999977864e-02 -2.929547040950868819e+01
-3.369332500000155051e-02 -2.917571296875741638e+01
-1.955636599999976966e-02 -2.904545540790738301e+01
-5.419407000001541519e-03 -2.890681779660847184e+01
8.717553000000322072e-03 -2.876237579910725373e+01
2.285451199999855021e-02 -2.861590541178504665e+01
3.699147100000033106e-02 -2.846888438922889719e+01
5.112842999999855920e-02 -2.832174265034537086e+01
6.526538900000034005e-02 -2.817493321187230748e+01
7.940234899999865092e-02 -2.802751575741404721e+01
9.353930800000043178e-02 -2.787933604933144949e+01
1.076762669999986599e-01 -2.773103634648868265e+01
1.218132260000004408e-01 -2.758376416870404313e+01
1.359501849999986689e-01 -2.743712635140421341e+01
1.500871450000005325e-01 -2.729153121756884204e+01
1.642241039999987606e-01 -2.714710933228252543e+01
1.783610630000005415e-01 -2.700229102371308088e+01
1.924980219999987696e-01 -2.685445258719882844e+01
2.066349810000005505e-01 -2.670296826981435956e+01
2.207719409999988613e-01 -2.655015836474358082e+01
2.349089000000006422e-01 -2.639747519613386473e+01
2.490458589999988703e-01 -2.624472303674651386e+01
2.631828180000006512e-01 -2.609077561720518901e+01
2.773197779999989621e-01 -2.593869117792079848e+01
2.914567370000007429e-01 -2.579217347760143397e+01
3.055936959999989710e-01 -2.565201132303555198e+01
3.197306550000007519e-01 -2.551575424320513363e+01
3.338676139999989800e-01 -2.537985288963642816e+01
3.480045740000008436e-01 -2.524460648594796197e+01
3.621415329999990718e-01 -2.510903345740471337e+01
3.762784920000008526e-01 -2.497183213521755718e+01
3.904154509999990808e-01 -2.483265129816662764e+01
4.045524100000008616e-01 -2.469088658606867881e+01
4.186893699999991725e-01 -2.454743758335686721e+01
4.328263290000009533e-01 -2.440331734630390770e+01
4.469632879999991815e-01 -2.425815681765867993e+01
4.611002470000009623e-01 -2.411196265367508929e+01
4.752372059999991905e-01 -2.396454294189227952e+01
4.893741660000010540e-01 -2.381844427199217762e+01
5.035111249999992822e-01 -2.367416053953013488e+01
5.176480840000010630e-01 -2.353058189829347668e+01
5.317850429999992912e-01 -2.338798356892234409e+01
5.459220020000010720e-01 -2.324548458488023073e+01
5.600589619999993829e-01 -2.310435491924449991e+01
5.741959210000011637e-01 -2.296493667084053314e+01
5.883328799999993919e-01 -2.282726347382768139e+01
6.024698390000011727e-01 -2.268955548793694277e+01
6.166067989999994836e-01 -2.255080473400856178e+01
6.307437580000012645e-01 -2.241309081901936295e+01
6.448807169999994926e-01 -2.227726379444141358e+01
6.590176760000012735e-01 -2.214388800378815603e+01
6.731546349999995016e-01 -2.201252394641234389e+01
6.872915950000013652e-01 -2.188065334672303663e+01
7.014285539999995933e-01 -2.174588952665794750e+01
7.155655130000013742e-01 -2.160712480975679739e+01
7.297024719999996023e-01 -2.146519655964852191e+01
7.438394310000013832e-01 -2.132337305678576556e+01
7.579763909999996940e-01 -2.118467281021746373e+01
7.721133500000014749e-01 -2.105028600258129856e+01
7.862503089999997030e-01 -2.091852272902846011e+01
8.003872680000014839e-01 -2.078769987899965344e+01
8.145242269999997120e-01 -2.065502456250593255e+01
8.286611870000015756e-01 -2.051860248143675847e+01
8.427981459999998037e-01 -2.037929611179190559e+01
8.569351050000015846e-01 -2.024061515080722984e+01
8.710720639999998127e-01 -2.010467267128306901e+01
8.852090230000015936e-01 -1.996874237345061687e+01
8.993459829999999045e-01 -1.983303611316869208e+01
9.134829420000016853e-01 -1.969900558708726024e+01
9.276199009999999134e-01 -1.956860544135539826e+01
9.417568600000016943e-01 -1.944167139648713771e+01
9.558938200000000052e-01 -1.931617856028079672e+01
9.700307789999982333e-01 -1.918910447032334332e+01
9.841677380000000142e-01 -1.905990704160627303e+01
9.983046969999982423e-01 -1.892963303753603554e+01
1.012441656000000023e+00 -1.879894904141782774e+01
1.026578615999998334e+00 -1.866979165116855910e+01
1.040715575000000115e+00 -1.854312045888903171e+01
1.054852533999998343e+00 -1.841978822400572824e+01
1.068989493000000124e+00 -1.829828259713952932e+01
1.083126451999998352e+00 -1.817483528163413098e+01
1.097263412000000216e+00 -1.804841121762295586e+01
1.111400370999998444e+00 -1.791890335260234224e+01
1.125537330000000225e+00 -1.778888069034525898e+01
1.139674288999998453e+00 -1.766145246290944115e+01
1.153811248000000234e+00 -1.753566880947317586e+01
1.167948207999998544e+00 -1.740949511032582464e+01
1.182085167000000325e+00 -1.728190801163671608e+01
1.196222125999998553e+00 -1.715254763054274179e+01
1.210359085000000334e+00 -1.702283527485868220e+01
1.224496043999998562e+00 -1.689456342301289027e+01
1.238633004000000426e+00 -1.676907986048815502e+01
1.252769962999998654e+00 -1.664559973270523230e+01
1.266906922000000435e+00 -1.652161513469252796e+01
1.281043880999998663e+00 -1.639451215747022061e+01
1.295180841000000527e+00 -1.626263974065133056e+01
1.309317799999998755e+00 -1.612666118599329579e+01
1.323454759000000536e+00 -1.598927644230414202e+01
1.337591717999998764e+00 -1.585548823056659984e+01
1.351728677000000545e+00 -1.572703682690877969e+01
1.365865636999998856e+00 -1.560309252758952958e+01
1.380002596000000636e+00 -1.548208535543090747e+01
1.394139554999998865e+00 -1.536195066226588501e+01
1.408276514000000645e+00 -1.524226782413226466e+01
1.422413472999998874e+00 -1.512277807349922654e+01
1.436550433000000737e+00 -1.500342281822610957e+01
1.450687391999998965e+00 -1.488499335037330873e+01
1.464824351000000746e+00 -1.476764138558108641e+01
1.478961309999998974e+00 -1.465095382666568291e+01
1.493098269000000755e+00 -1.453428637393642120e+01
1.507235228999999066e+00 -1.441669971406494710e+01
1.521372188000000847e+00 -1.429563506523998129e+01
1.535509146999999075e+00 -1.417039306460663539e+01
1.549646106000000856e+00 -1.404268250549472974e+01
1.563783065999999167e+00 -1.391603496554139774e+01
1.577920025000000948e+00 -1.379214958294371662e+01
1.592056983999999176e+00 -1.367026147987616724e+01
1.606193943000000957e+00 -1.355124080794781527e+01
1.620330901999999185e+00 -1.343628901873429626e+01
1.634467862000001048e+00 -1.332525195677244945e+01
1.648604820999999276e+00 -1.321582465471868240e+01
1.662741780000001057e+00 -1.310492613004746687e+01
1.676878738999999285e+00 -1.298840322186548768e+01
1.691015698000001066e+00 -1.286467225264240710e+01
1.705152657999999377e+00 -1.273525458570026991e+01
1.719289617000001158e+00 -1.260283553963959591e+01
1.733426575999999386e+00 -1.246984899213436471e+01
1.747563535000001167e+00 -1.233798754626323735e+01
1.761700493999999395e+00 -1.221057846501396504e+01
1.775837454000001259e+00 -1.209046784479540193e+01
1.789974412999999487e+00 -1.197682608846357688e+01
1.804111372000001268e+00 -1.186730414945969336e+01
1.818248330999999496e+00 -1.175958255878096814e+01
1.832385290000001277e+00 -1.165199788280941995e+01
1.846522249999999588e+00 -1.154340836275525106e+01
1.860659209000001368e+00 -1.143148652285474043e+01
1.874796167999999597e+00 -1.131566420362653247e+01
1.888933127000001377e+00 -1.119638264425937635e+01
1.903070086999999688e+00 -1.107540127320871548e+01
1.917207046000001469e+00 -1.095444441486323228e+01
1.931344004999999697e+00 -1.083522421012394155e+01
1.945480964000001478e+00 -1.071746916031872310e+01
1.959617922999999706e+00 -1.060020702881412547e+01
1.973754883000001570e+00 -1.048407760537550004e+01
1.987891841999999798e+00 -1.036737764388114336e+01
2.002028801000001579e+00 -1.025009330696414445e+01
2.016165759999999807e+00 -1.013237949431586316e+01
2.030302719000001588e+00 -1.001642956988947653e+01
2.044439678999999899e+00 -9.902757477750535386e+00
2.058576638000001680e+00 -9.787772525165120641e+00
2.072713596999999908e+00 -9.670326662308537990e+00
2.086850556000001689e+00 -9.552841618332763574e+00
2.100987514999999917e+00 -9.439364846795777808e+00
2.115124474999998228e+00 -9.332235169471809755e+00
2.129261434000000008e+00 -9.231076268211523939e+00
2.143398392999998237e+00 -9.131586369164962136e+00
2.157535352000000017e+00 -9.029539609700943714e+00
2.171672310999998246e+00 -8.920742568683079909e+00
2.185809271000000109e+00 -8.805362067378268875e+00
2.199946229999998337e+00 -8.689058016302961818e+00
2.214083189000000118e+00 -8.576374693477530897e+00
2.228220147999998346e+00 -8.469121814415466076e+00
2.242357108000000210e+00 -8.365008889223066291e+00
2.256494066999998438e+00 -8.260572527989712199e+00
2.270631026000000219e+00 -8.153368252266265159e+00
2.284767984999998447e+00 -8.043123780922734056e+00
2.298904944000000228e+00 -7.930702513626848749e+00
2.313041903999998539e+00 -7.818263128798980333e+00
2.327178863000000320e+00 -7.706206352026453210e+00
2.341315821999998548e+00 -7.594105031345995904e+00
2.355452781000000329e+00 -7.483210744376070700e+00
2.369589739999998557e+00 -7.373607797583462187e+00
2.383726700000000420e+00 -7.264788473821558235e+00
2.397863658999998648e+00 -7.155648359157637195e+00
2.412000618000000429e+00 -7.046059185269460734e+00
2.426137576999998657e+00 -6.937391479430104368e+00
2.440274536000000438e+00 -6.830732127009901511e+00
2.454411495999998749e+00 -6.723605241958861889e+00
2.468548455000000530e+00 -6.615079061355132239e+00
2.482685413999998758e+00 -6.507435825294635379e+00
2.496822373000000539e+00 -6.403617827449929578e+00
2.510959332999998850e+00 -6.304891229632075600e+00
2.525096292000000631e+00 -6.206090190881240254e+00
2.539233250999998859e+00 -6.103155891532217936e+00
2.553370210000000640e+00 -5.995175236148869935e+00
2.567507168999998868e+00 -5.885753240714134193e+00
2.581644129000000731e+00 -5.782846641591428138e+00
2.595781087999998960e+00 -5.689645076613797592e+00
2.609918047000000740e+00 -5.603799551334837759e+00
2.624055005999998968e+00 -5.517039202362822081e+00
2.638191965000000749e+00 -5.423718819874239649e+00
2.652328924999999060e+00 -5.322117651094510293e+00
2.666465884000000841e+00 -5.214641034010154996e+00
2.680602842999999069e+00 -5.106602543921981763e+00
2.694739802000000850e+00 -5.002762472347166423e+00
2.708876760999999078e+00 -4.905826022216661642e+00
2.723013721000000942e+00 -4.813432806192791347e+00
2.737150679999999170e+00 -4.722665239812732452e+00
2.751287639000000951e+00 -4.631631678080420755e+00
2.765424597999999179e+00 -4.539279140330609863e+00
2.779561557000000960e+00 -4.444861108621098289e+00
2.793698516999999271e+00 -4.348121253111176365e+00
2.807835476000001051e+00 -4.248967121903818089e+00
2.821972434999999280e+00 -4.150450323351770443e+00
2.836109394000001060e+00 -4.054010518793248252e+00
2.850246353999999371e+00 -3.959895625963376631e+00
2.864383313000001152e+00 -3.867203657758523150e+00
2.878520271999999380e+00 -3.776559807638450561e+00
2.892657231000001161e+00 -3.690897949874619943e+00
2.906794189999999389e+00 -3.609683907028863104e+00
2.920931150000001253e+00 -3.531071982531910347e+00
2.935068108999999481e+00 -3.451476439081562209e+00
2.949205068000001262e+00 -3.370382410266884232e+00
2.963342026999999490e+00 -3.287893525939086459e+00
2.977478986000001271e+00 -3.205068885149637392e+00
2.991615945999999582e+00 -3.120811055640024367e+00
3.005752905000001363e+00 -3.034008140121362551e+00
3.019889863999999591e+00 -2.945465562118056546e+00
3.034026823000001372e+00 -2.858734987686482931e+00
3.048163781999999600e+00 -2.778187927977995741e+00
3.062300742000001463e+00 -2.706172344477315139e+00
3.076437700999999691e+00 -2.643409900376769261e+00
3.090574660000001472e+00 -2.586438114758895956e+00
3.104711618999999700e+00 -2.531414447314840999e+00
3.118848578000001481e+00 -2.472589552021697834e+00
3.132985537999999792e+00 -2.407364324850386428e+00
3.147122497000001573e+00 -2.333512985013523444e+00
3.161259455999999801e+00 -2.252333415379438097e+00
3.175396415000001582e+00 -2.166039692552854667e+00
3.189533374999999893e+00 -2.077203051275634760e+00
3.203670334000001674e+00 -1.988351404089389041e+00
3.217807292999999902e+00 -1.900628609834200011e+00
3.231944252000001683e+00 -1.816528683066330530e+00
3.246081210999999911e+00 -1.736795127595102572e+00
3.260218171000001774e+00 -1.662227977477465091e+00
3.274355130000000003e+00 -1.592193870991768678e+00
3.288492088999998231e+00 -1.527196595731340922e+00
3.302629048000000012e+00 -1.465842370672252315e+00
3.316766006999998240e+00 -1.407063527957228333e+00
3.330902967000000103e+00 -1.348661091914874932e+00
3.345039925999998331e+00 -1.290607501435893312e+00
3.359176885000000112e+00 -1.232353015364107796e+00
3.373313843999998340e+00 -1.173214663750741016e+00
3.387450803000000121e+00 -1.114118746608775412e+00
3.401587762999998432e+00 -1.053857625523306751e+00
3.415724722000000213e+00 -9.910014568260112622e-01
3.429861680999998441e+00 -9.227166677921765370e-01
3.443998640000000222e+00 -8.508152095003728155e-01
3.458135599999998533e+00 -7.788521487312252134e-01
3.472272559000000314e+00 -7.122485088690027055e-01
3.486409517999998542e+00 -6.535656649264134366e-01
3.500546477000000323e+00 -6.024473787717579132e-01
3.514683435999998551e+00 -5.563543980010123846e-01
3.528820396000000414e+00 -5.115324479063320107e-01
3.542957354999998643e+00 -4.645212480897834562e-01
3.557094314000000423e+00 -4.132490435376384719e-01
3.571231272999998652e+00 -3.583805716095120886e-01
3.585368232000000432e+00 -2.992251394003264120e-01
3.599505191999998743e+00 -2.364208178288483286e-01
3.613642151000000524e+00 -1.704843636117191752e-01
3.627779109999998752e+00 -1.041467842999045101e-01
3.641916069000000533e+00 -4.062603148666354969e-02
3.656053027999998761e+00 1.665488037593950213e-02
3.670189988000000625e+00 6.323100677104893930e-02
3.684326946999998853e+00 9.810886087901000974e-02
3.698463906000000634e+00 1.222143457613699413e-01
3.712600864999998862e+00 1.414858837844334971e-01
3.726737824000000643e+00 1.636169149528635958e-01
3.740874783999998954e+00 1.947735682074996366e-01
3.755011743000000735e+00 2.350588629464193391e-01
3.769148701999998963e+00 2.816515352729259125e-01
3.783285661000000744e+00 3.330691182055917077e-01
3.797422620999999054e+00 3.882480250141545075e-01
3.811559580000000835e+00 4.461225501609646926e-01
3.825696538999999063e+00 5.017946738602129253e-01
3.839833498000000844e+00 5.491181790457974055e-01
3.853970456999999072e+00 5.829264423891041824e-01
3.868107417000000936e+00 6.045684532772550579e-01
3.882244375999999164e+00 6.189760053511175197e-01
3.896381335000000945e+00 6.325629203025684433e-01
3.910518293999999173e+00 6.485372673697183954e-01
3.924655253000000954e+00 6.684263665648219055e-01
3.938792212999999265e+00 6.945640160806831886e-01
3.952929172000001046e+00 7.288169600730599607e-01
3.967066130999999274e+00 7.709496794656562901e-01
3.981203090000001055e+00 8.167877878516164314e-01
3.995340048999999283e+00 8.617918317111883386e-01
4.009477009000001146e+00 9.032006144860046382e-01
4.023613967999999375e+00 9.414166134069112957e-01
4.037750927000001155e+00 9.754356993618268357e-01
4.051887885999999384e+00 1.003305615510525772e+00
4.066024845000001164e+00 1.022554988130638609e+00
4.080161804999999475e+00 1.034413615676466947e+00
4.094298764000001256e+00 1.043704985216053815e+00
4.108435722999999484e+00 1.055264157880018816e+00
4.122572682000001265e+00 1.069785252058840230e+00
4.136709641999999576e+00 1.081841789928567721e+00
4.150846601000001357e+00 1.085077012074029401e+00
4.164983559999999585e+00 1.077597449417752928e+00
4.179120519000001366e+00 1.063584324579391449e+00
4.193257477999999594e+00 1.045479580925527729e+00
4.207394438000001458e+00 1.023456365103410093e+00
4.221531396999999686e+00 1.000623453255891748e+00
4.235668356000001467e+00 9.845532764320109598e-01
4.249805314999999695e+00 9.831958495110874052e-01
4.263942274000001476e+00 9.974182049292311669e-01
4.278079233999999786e+00 1.019541454623468013e+00
4.292216193000001567e+00 1.037292495569255069e+00
4.306353151999999795e+00 1.043641990480577597e+00
4.320490111000001576e+00 1.039383634006373347e+00
4.334627069999999804e+00 1.031269840454920317e+00
4.348764030000001668e+00 1.022651184932463764e+00
4.362900988999999896e+00 1.013420398025002500e+00
4.377037948000001677e+00 1.006098851299875863e+00
4.391174906999999905e+00 1.004089342002218332e+00
4.405311867000001769e+00 1.007749817131725623e+00
4.419448825999999997e+00 1.011266320910798155e+00
4.433585784999998225e+00 1.006296642452668921e+00
4.447722744000000006e+00 9.912838410353471685e-01
4.461859702999998234e+00 9.715141624265216658e-01
4.475996663000000098e+00 9.552093544620349208e-01
4.490133621999998326e+00 9.463550925051636975e-01
4.504270581000000107e+00 9.431711061294324461e-01
4.518407539999998335e+00 9.438978388360947935e-01
4.532544499000000116e+00 9.461568883513452599e-01
4.546681458999998426e+00 9.495206278488493856e-01
4.560818418000000207e+00 9.504130959335945761e-01
4.574955376999998435e+00 9.430226854371520639e-01
4.589092336000000216e+00 9.226841094138281685e-01
4.603229294999998444e+00 8.910153039563771804e-01
4.617366255000000308e+00 8.579211379114528579e-01
4.631503213999998536e+00 8.333360123901923933e-01
4.645640173000000317e+00 8.242497721559255419e-01
4.659777131999998545e+00 8.313516632909976334e-01
4.673914091000000326e+00 8.460109430134062913e-01
4.688051050999998637e+00 8.582313604611210289e-01
4.702188010000000418e+00 8.611973909958100526e-01
4.716324968999998646e+00 8.526445528918042971e-01
4.730461928000000427e+00 8.356895951851748272e-01
4.744598887999998738e+00 8.156626787646067411e-01
4.758735847000000518e+00 7.996547435315500829e-01
4.772872805999998747e+00 7.904329846031454831e-01
4.787009765000000527e+00 7.861619255573504272e-01
4.801146723999998756e+00 7.815053920851701141e-01
4.815283684000000619e+00 7.702336577367792092e-01
4.829420642999998847e+00 7.518438981475649152e-01
4.843557602000000628e+00 7.308183156811859371e-01
4.857694560999998856e+00 7.126046180236945693e-01
4.871831520000000637e+00 6.984749815907372872e-01
4.885968479999998948e+00 6.868740798363741629e-01
4.900105439000000729e+00 6.737996390880370834e-01
4.914242397999998957e+00 6.556155919748493099e-01
4.928379357000000738e+00 6.328074840670414591e-01
4.942516315999998966e+00 6.080924890164104424e-01
4.956653276000000830e+00 5.818658390147177784e-01
4.970790234999999058e+00 5.529350713018269525e-01
4.984927194000000839e+00 5.182387851893869302e-01
4.999064152999999067e+00 4.760125828829480099e-01
5.013201112000000848e+00 4.280383759347531347e-01
5.027338071999999158e+00 3.788038970887501189e-01
5.041475031000000939e+00 3.344600614206854061e-01
5.055611989999999167e+00 2.999765702830548553e-01
5.069748949000000948e+00 2.781704050615789181e-01
5.083885908999999259e+00 2.689535992068800563e-01
5.098022868000001040e+00 2.664330689562840471e-01
5.112159826999999268e+00 2.626373939948838943e-01
5.126296786000001049e+00 2.533926977368565758e-01
5.140433744999999277e+00 2.391194750589858697e-01
5.154570705000001141e+00 2.251799517123818650e-01
5.168707663999999369e+00 2.149002381364570058e-01
5.182844623000001150e+00 2.097929750586698672e-01
5.196981581999999378e+00 2.100985953629101177e-01
5.211118541000001159e+00 2.134455508458330264e-01
5.225255500999999470e+00 2.154320061668002217e-01
5.239392460000001250e+00 2.120376606214489645e-01
5.253529418999999479e+00 2.021617981385297469e-01
5.267666378000001259e+00 1.879996063524818628e-01
5.281803336999999487e+00 1.747118361045979784e-01
5.295940297000001351e+00 1.659783567240550040e-01
5.310077255999999579e+00 1.590428781888857945e-01
5.324214215000001360e+00 1.476357684001356751e-01
5.338351173999999588e+00 1.292333114552685625e-01
5.352488133000001369e+00 1.092771192917467715e-01
5.366625092999999680e+00 9.453182014391121879e-02
5.380762052000001461e+00 8.597069671492955922e-02
5.394899010999999689e+00 8.099580625350692731e-02
5.409035970000001470e+00 7.437894492445688843e-02
5.423172929999999781e+00 6.642460905263783411e-02
5.437309889000001561e+00 5.963396892024874774e-02
5.451446847999999790e+00 5.585179490373211320e-02
5.465583807000001570e+00 5.681041521424982227e-02
5.479720765999999799e+00 5.993365325783273079e-02
5.493857726000001662e+00 6.165399830553396771e-02
5.507994684999999890e+00 5.764773981901072375e-02
5.522131644000001671e+00 4.695867658172048209e-02
5.536268602999999899e+00 3.163864935780699023e-02
5.550405562000001680e+00 1.538024992544724870e-02
5.564542521999999991e+00 2.159215540135761557e-03
5.578679481000001772e+00 -6.585831111118285904e-03
5.592816440000000000e+00 -1.171330562294296135e-02
5.606953398999998228e+00 -1.678593451312219639e-02
5.621090358000000009e+00 -2.387866644435494845e-02
5.635227317999998320e+00 -3.297629287588203090e-02
5.649364277000000101e+00 -4.122498336445564598e-02
5.663501235999998329e+00 -4.491234860503467985e-02
5.677638195000000110e+00 -4.372133388935021264e-02
5.691775154999998421e+00 -4.238248547551393131e-02
5.705912114000000201e+00 -4.781251882033761558e-02
5.720049072999998430e+00 -6.513358452510686902e-02
5.734186032000000210e+00 -9.184330152921660329e-02
5.748322990999998439e+00 -1.198805366939043326e-01
5.762459951000000302e+00 -1.437875043184675405e-01
5.776596909999998530e+00 -1.607640353479430073e-01
5.790733869000000311e+00 -1.705444353369453547e-01
5.804870827999998539e+00 -1.724645977521734042e-01
5.819007787000000320e+00 -1.666372526504578677e-01
5.833144746999998631e+00 -1.552812115998053744e-01
5.847281706000000412e+00 -1.412737786284440633e-01
5.861418664999998640e+00 -1.265575120314276492e-01
5.875555624000000421e+00 -1.136151715517250693e-01
5.889692582999998649e+00 -1.061258941109161497e-01
5.903829543000000513e+00 -1.061264748056593987e-01
5.917966501999998741e+00 -1.120362790567514394e-01
5.932103461000000522e+00 -1.188539242891858694e-01
5.946240419999998750e+00 -1.235035833569509550e-01
5.960377379000000531e+00 -1.249876278650852018e-01
5.974514338999998841e+00 -1.244583975477091542e-01
5.988651298000000622e+00 -1.238100359542855244e-01
6.002788256999998850e+00 -1.242376506139860198e-01
6.016925216000000631e+00 -1.263786065068686071e-01
6.031062175999998942e+00 -1.306176124100820457e-01
6.045199135000000723e+00 -1.339302350000461106e-01
6.059336093999998951e+00 -1.301323649624173129e-01
6.073473053000000732e+00 -1.147592796321212916e-01
6.087610011999998960e+00 -9.036330695552170778e-02
6.101746972000000824e+00 -6.571497775964611765e-02
6.115883930999999052e+00 -4.822767631838449642e-02
6.130020890000000833e+00 -4.075833775056262459e-02
6.144157848999999061e+00 -4.004379550332496512e-02
6.158294808000000842e+00 -4.345951315314759006e-02
6.172431767999999153e+00 -4.904627537505135138e-02
6.186568727000000933e+00 -5.481618893348638721e-02
6.200705685999999162e+00 -5.893699410714011572e-02
6.214842645000000942e+00 -6.187949326138664219e-02
6.228979603999999171e+00 -6.409430466367520285e-02
6.243116564000001034e+00 -6.545630128825170868e-02
6.257253522999999262e+00 -6.707597124913178277e-02
6.271390482000001043e+00 -7.007274459360482433e-02
6.285527440999999271e+00 -7.550757836110949528e-02
6.299664400000001052e+00 -8.514665663726242451e-02
6.313801359999999363e+00 -1.022352711721635360e-01
6.327938319000001144e+00 -1.245458606336041357e-01
6.342075277999999372e+00 -1.435782269392937849e-01
6.356212237000001153e+00 -1.492324602125426336e-01
6.370349196999999464e+00 -1.396560458893922607e-01
6.384486156000001245e+00 -1.212005721542143560e-01
6.398623114999999473e+00 -1.008597714451167776e-01
6.412760074000001254e+00 -8.252675859224348209e-02
6.426897032999999482e+00 -6.738019150467522422e-02
6.441033993000001345e+00 -5.879441204206040106e-02
6.455170951999999573e+00 -5.900968855420055115e-02
6.469307911000001354e+00 -6.709456407410148426e-02
6.483444869999999582e+00 -8.041291860777377565e-02
6.497581829000001363e+00 -9.516214937897515824e-02
6.511718788999999674e+00 -1.051363406319296701e-01
6.525855748000001455e+00 -1.057422144785853391e-01
6.539992706999999683e+00 -9.413375498201523306e-02
6.554129666000001464e+00 -7.133306226247526638e-02
6.568266624999999692e+00 -4.116434953585822870e-02
6.582403585000001556e+00 -9.972786714229187055e-03
6.596540543999999784e+00 1.294383387966509605e-02
6.610677503000001565e+00 2.198088584771322115e-02
6.624814461999999793e+00 1.727550857414309957e-02
6.638951422000001656e+00 7.012585506336911634e-03
6.653088380999999885e+00 -1.447189955501451599e-03
6.667225340000001665e+00 -5.576642084536824300e-03
6.681362298999999894e+00 -8.547626985400569311e-03
6.695499258000001674e+00 -1.327950478874247511e-02
6.709636217999999985e+00 -1.912888182374080162e-02
6.723773177000001766e+00 -2.257047374048089597e-02
6.737910135999999994e+00 -1.939094881954162020e-02
6.752047095000001775e+00 -9.161482864416353039e-03
6.766184054000000003e+00 4.455877317401045999e-03
6.780321013999998314e+00 1.544657957645867268e-02
6.794457973000000095e+00 2.031408800307469772e-02
6.808594931999998323e+00 1.742881130495395683e-02
6.822731891000000104e+00 6.298270332293280475e-03
6.836868849999998332e+00 -1.450404554494729055e-02
6.851005810000000196e+00 -4.298082872500567225e-02
6.865142768999998424e+00 -7.215702256326395059e-02
6.879279728000000205e+00 -9.539475157309594555e-02
6.893416686999998433e+00 -1.110535168329972039e-01
6.907553646000000214e+00 -1.211503347819433002e-01
6.921690605999998525e+00 -1.271280569556019202e-01
6.935827565000000305e+00 -1.272706525874269801e-01
6.949964523999998534e+00 -1.204884882807751439e-01
6.964101483000000314e+00 -1.073754114907832791e-01
6.978238442999998625e+00 -9.181246403423413971e-02
6.992375402000000406e+00 -7.891687314558264166e-02
7.006512360999998634e+00 -6.840954065235868575e-02
7.020649320000000415e+00 -5.801666273261929518e-02
7.034786278999998643e+00 -4.485552426247114977e-02
7.048923239000000507e+00 -3.335121589138978493e-02
7.063060197999998735e+00 -3.071420173999802120e-02
7.077197157000000516e+00 -4.195239942518824705e-02
7.091334115999998744e+00 -6.586765625834563320e-02
7.105471075000000525e+00 -9.481196289469787097e-02
7.119608034999998836e+00 -1.222382263391779134e-01
7.133744994000000617e+00 -1.449619898104378135e-01
7.147881952999998845e+00 -1.613745162372642317e-01
7.162018912000000626e+00 -1.694219188248015373e-01
7.176155870999998854e+00 -1.660442222448554050e-01
7.190292831000000717e+00 -1.492961767028250508e-01
7.204429789999998945e+00 -1.229341337553471053e-01
7.218566749000000726e+00 -9.275085324275401943e-02
7.232703707999998954e+00 -6.527570640813112890e-02
7.246840667000000735e+00 -4.383801410285315808e-02
7.260977626999999046e+00 -3.153981019409475561e-02
7.275114586000000827e+00 -2.921004576989597729e-02
7.289251544999999055e+00 -3.429913620446474465e-02
7.303388504000000836e+00 -4.209603882997943469e-02
7.317525463999999147e+00 -4.623060722776628495e-02
7.331662423000000928e+00 -4.189016400912611710e-02
7.345799381999999156e+00 -2.842773654693075622e-02
7.359936341000000937e+00 -1.404494421869510387e-02
7.374073299999999165e+00 -7.504161343405256999e-03
7.388210260000001028e+00 -1.106491509140283651e-02
7.402347218999999257e+00 -2.001955253163837517e-02
7.416484178000001037e+00 -2.873019894363437396e-02
7.430621136999999266e+00 -3.637852228879622646e-02
7.444758096000001046e+00 -4.416255645173212951e-02
7.458895055999999357e+00 -5.178081252087095993e-02
7.473032015000001138e+00 -5.705623291411873049e-02
7.487168973999999366e+00 -5.744292833893045735e-02
7.501305933000001147e+00 -5.166485473117532479e-02
7.515442891999999375e+00 -4.035298769127138030e-02
7.529579852000001239e+00 -2.664482074957656363e-02
7.543716810999999467e+00 -1.213970985534492189e-02
7.557853770000001248e+00 2.816610214484426087e-03
7.571990728999999476e+00 1.656822189638162968e-02
7.586127689000001340e+00 2.526736404253426480e-02
7.600264647999999568e+00 2.681018575675153670e-02
7.614401607000001349e+00 2.596436846128469256e-02
7.628538565999999577e+00 2.730056411600282826e-02
7.642675525000001358e+00 3.464147597221748504e-02
7.656812484999999668e+00 4.734309786625701122e-02
7.670949444000001449e+00 6.033531392634590429e-02
7.685086402999999677e+00 6.677403459606523484e-02
7.699223362000001458e+00 6.059214163151811772e-02
7.713360320999999686e+00 4.017382880159676983e-02
7.727497281000001550e+00 7.681681090590564663e-03
7.741634239999999778e+00 -2.937569825021194708e-02
7.755771199000001559e+00 -6.051132404278902754e-02
7.769908157999999787e+00 -7.818144341782583273e-02
7.784045117000001568e+00 -8.054231750269616463e-02
7.798182076999999879e+00 -7.233010860182650936e-02
7.812319036000001660e+00 -6.043665678428784827e-02
7.826455994999999888e+00 -4.942982453869149140e-02
7.840592954000001669e+00 -4.010275610617952680e-02
7.854729912999999897e+00 -2.862057955943697260e-02
7.868866873000001760e+00 -1.169227469457585766e-02
7.883003831999999989e+00 1.117994605012266260e-02
7.897140791000001769e+00 3.710141101855886359e-02
7.911277749999999997e+00 5.910973461080004654e-02
7.925414709999998308e+00 7.166289447246872168e-02
7.939551669000000089e+00 6.981824667649286220e-02
7.953688627999998317e+00 5.310006752653132628e-02
7.967825587000000098e+00 2.805137724327029514e-02
7.981962545999998326e+00 3.594279210653656981e-03
7.996099506000000190e+00 -1.363193373813587073e-02
8.010236464999998418e+00 -2.261404804534213400e-02
8.024373424000000199e+00 -2.442690581861839405e-02
8.038510382999998427e+00 -2.043955619870392940e-02
8.052647342000000208e+00 -1.229620463216936875e-02
8.066784301999998519e+00 -2.909757225379412844e-03
8.080921261000000300e+00 4.503350436267557384e-03
8.095058219999998528e+00 6.207349543043249283e-03
8.109195179000000309e+00 1.424762182352878664e-03
8.123332137999998537e+00 -6.618122862033004594e-03
8.137469098000000400e+00 -1.289455360932952391e-02
8.151606056999998628e+00 -1.465612120561724831e-02
8.165743016000000409e+00 -1.079341720707560626e-02
8.179879974999998637e+00 -5.307641865961437852e-04
8.194016934000000418e+00 1.615435937082902382e-02
8.208153893999998729e+00 3.826209275325709314e-02
8.222290853000000510e+00 6.248334394535721981e-02
8.236427811999998738e+00 8.554916360692506327e-02
8.250564771000000519e+00 1.050824229188869197e-01
8.264701730999998830e+00 1.201329582690048026e-01
8.278838690000000611e+00 1.331617448074666754e-01
8.292975648999998839e+00 1.429946663728465239e-01
8.307112608000000620e+00 1.459164254075927258e-01
8.321249566999998848e+00 1.390814476533771826e-01
8.335386527000000711e+00 1.235775179321040584e-01
8.349523485999998940e+00 1.038958373291857668e-01
8.363660445000000720e+00 8.402259533480460618e-02
8.377797403999998949e+00 6.601845089077802708e-02
8.391934363000000729e+00 5.224088892544168777e-02
8.406071322999999040e+00 4.456631397313633169e-02
8.420208282000000821e+00 4.281917670198254200e-02
8.434345240999999049e+00 4.642957696479044216e-02
8.448482200000000830e+00 5.261209260400434573e-02
8.462619158999999058e+00 5.794937645737974208e-02
8.476756119000000922e+00 5.812239746844009847e-02
8.490893077999999150e+00 5.152619991996113674e-02
8.505030037000000931e+00 4.198652174538253234e-02
8.519166995999999159e+00 3.455586378862444269e-02
8.533303956000001023e+00 3.141318321520358836e-02
8.547440914999999251e+00 3.305027142206758833e-02
8.561577874000001032e+00 3.742303700912922443e-02
8.575714832999999260e+00 4.053528635699521487e-02
8.589851792000001041e+00 3.956867915737424107e-02
8.603988751999999351e+00 3.218299942938429581e-02
8.618125711000001132e+00 1.895195599165333186e-02
8.632262669999999360e+00 2.786927847948795622e-03
8.646399629000001141e+00 -1.075918762912072245e-02
8.660536587999999369e+00 -1.609805358452476298e-02
8.674673548000001233e+00 -1.315639488503468797e-02
8.688810506999999461e+00 -5.492873919936394969e-03
8.702947466000001242e+00 3.449590777516201370e-03
8.717084424999999470e+00 1.313395845675439239e-02
8.731221384000001251e+00 2.596211197375452792e-02
8.745358343999999562e+00 4.218413992411503000e-02
8.759495303000001343e+00 5.637723934798443554e-02
8.773632261999999571e+00 6.248191682664956670e-02
8.787769221000001352e+00 5.652534461259742932e-02
8.801906179999999580e+00 4.203291818037276084e-02
8.816043140000001443e+00 2.427435003596892585e-02
8.830180098999999672e+00 8.016289377045161813e-03
8.844317058000001452e+00 -6.247199539450558163e-03
8.858454016999999681e+00 -1.972214570290257291e-02
8.872590977000001544e+00 -3.019198804333100492e-02
8.886727935999999772e+00 -3.659887885864184648e-02
8.900864895000001553e+00 -3.811323616938366854e-02
8.915001853999999781e+00 -3.673897600840210498e-02
8.929138813000001562e+00 -3.176280095890504640e-02
8.943275772999999873e+00 -2.125743325146226687e-02
8.957412732000001654e+00 -6.430574235110953808e-03
8.971549690999999882e+00 8.845402970340643378e-03
8.985686650000001663e+00 1.893376306592505290e-02
8.999823608999999891e+00 2.256976250234050962e-02
9.013960569000001755e+00 2.246341025404537464e-02
9.028097527999999983e+00 2.185385010588802857e-02
9.042234487000001764e+00 1.889357811308537555e-02
9.056371445999999992e+00 7.757667712757173803e-03
9.070508405000001773e+00 -1.639525664933571755e-02
9.084645365000000083e+00 -5.111219757152932891e-02
9.098782323999998312e+00 -8.718421514857273291e-02
9.112919283000000092e+00 -1.134198629985701673e-01
9.127056241999998321e+00 -1.233233989988846702e-01
9.141193201000000101e+00 -1.159518121577960414e-01
9.155330160999998412e+00 -9.670515852029146209e-02
9.169467120000000193e+00 -7.407550193250263260e-02
9.183604078999998421e+00 -5.533166946660609403e-02
9.197741038000000202e+00 -4.592223035503195661e-02
9.211877997999998513e+00 -4.432569418220093371e-02
9.226014957000000294e+00 -4.642619068681833744e-02
9.240151915999998522e+00 -4.539751961942191383e-02
9.254288875000000303e+00 -3.731224100988228543e-02
9.268425833999998531e+00 -2.202390886645014950e-02
9.282562794000000395e+00 -2.574412641443756498e-03
9.296699752999998623e+00 1.553928073788786966e-02
9.310836712000000404e+00 2.956088491423613726e-02
9.324973670999998632e+00 3.816445199714971898e-02
9.339110630000000413e+00 4.103376286694052771e-02
9.353247589999998723e+00 3.621805012347204672e-02
9.367384549000000504e+00 2.369330672664204940e-02
9.381521507999998732e+00 7.897852323184887183e-03
9.395658467000000513e+00 -4.642412748223042826e-03
9.409795425999998741e+00 -9.054513796773022705e-03
9.423932386000000605e+00 -6.129822413866983268e-03
9.438069344999998833e+00 -6.445224011977601908e-06
9.452206304000000614e+00 4.813354346186570452e-03
9.466343262999998842e+00 5.181595010140444685e-03
9.480480222000000623e+00 7.961544994958077602e-04
9.494617181999998934e+00 -6.253865210041453793e-03
9.508754141000000715e+00 -1.500931514861155239e-02
9.522891099999998943e+00 -2.337523251120169482e-02
9.537028059000000724e+00 -2.879902076480551909e-02
9.551165018999999035e+00 -2.867934963658787598e-02
9.565301978000000815e+00 -2.409695455970842920e-02
9.579438936999999044e+00 -1.912631200690147540e-02
9.593575896000000824e+00 -1.422043628424418497e-02
9.607712854999999053e+00 -8.785963165602574121e-03
9.621849815000000916e+00 -1.775942203214715860e-03
9.635986773999999144e+00 6.009786923504141683e-03
9.650123733000000925e+00 1.022199376540081951e-02
9.664260691999999153e+00 7.356141916336155460e-03
9.678397651000000934e+00 -4.746217865573497917e-03
9.692534610999999245e+00 -2.340558152824101512e-02
9.706671570000001026e+00 -4.266601090305618266e-02
9.720808528999999254e+00 -5.835332826962039837e-02
9.734945488000001035e+00 -6.916007563762367749e-02
9.749082446999999263e+00 -7.614502182939968111e-02
9.763219407000001127e+00 -8.034668775598181878e-02
9.777356365999999355e+00 -8.306389193345964372e-02
9.791493325000001136e+00 -8.700905284265303408e-02
9.805630283999999364e+00 -9.247381320716858977e-02
9.819767244000001227e+00 -9.931476062362064317e-02
9.833904202999999455e+00 -1.074317908616014422e-01
9.848041162000001236e+00 -1.161087046236737169e-01
9.862178120999999464e+00 -1.221219889902857292e-01
9.876315080000001245e+00 -1.219270221929586173e-01
9.890452039999999556e+00 -1.152748001275393508e-01
9.904588999000001337e+00 -1.019357675790537460e-01
9.918725957999999565e+00 -8.319929372432471881e-02
9.932862917000001346e+00 -6.172335009023299790e-02
9.946999875999999574e+00 -4.351667320885965751e-02
9.961136836000001438e+00 -3.605329306500829750e-02
9.975273794999999666e+00 -3.945692129701090789e-02
9.989410754000001447e+00 -4.235251805112364570e-02
1.000354771299999967e+01 -2.501307073697252303e-02
1.001768467200000146e+01 3.761414014194149058e-02
1.003182163199999977e+01 1.678881464246195776e-01
1.004595859100000155e+01 3.833586201728090836e-01
1.006009554999999978e+01 6.946514138069043165e-01
1.007423250900000156e+01 1.109500679917905019e+00
1.008836946799999978e+01 1.636055505515075170e+00
1.010250642800000165e+01 2.276704354796784457e+00
1.011664338699999988e+01 3.026014958622252671e+00
1.013078034600000166e+01 3.872385255784394076e+00
1.014491730499999989e+01 4.808567048353130424e+00
1.015905426500000175e+01 5.831915457704544892e+00
1.017319122399999998e+01 6.945332251848424399e+00
1.018732818300000176e+01 8.154256492259699840e+00
1.020146514199999999e+01 9.465681797233827410e+00
1.021560210100000177e+01 1.088717855266303225e+01
1.022973906100000008e+01 1.242052238600830627e+01
1.024387601999999831e+01 1.406336940574256822e+01
1.025801297900000009e+01 1.581035162762195334e+01
1.027214993799999831e+01 1.765779038810232038e+01
1.028628689700000010e+01 1.960560566195862364e+01
1.030042385699999841e+01 2.165834028751460139e+01
1.031456081600000019e+01 2.381751498690084645e+01
1.032869777499999842e+01 2.607678104900696781e+01
1.034283473400000020e+01 2.842410522724807365e+01
1.035697169299999842e+01 3.085123569976115121e+01
1.037110865300000029e+01 3.336148101684289458e+01
1.038524561199999852e+01 3.596916568805733760e+01
1.039938257100000030e+01 3.869224332847014836e+01
1.041351952999999853e+01 4.153829637387085683e+01
1.042765648900000031e+01 4.448711765070694213e+01
1.044179344899999862e+01 4.747542894688469772e+01
1.045593040800000040e+01 5.039924168547590000e+01
1.047006736699999863e+01 5.312914156762046503e+01
1.048420432600000041e+01 5.553832743204862510e+01
1.049834128599999872e+01 5.753044668395136796e+01
1.051247824500000050e+01 5.906136127627335952e+01
1.052661520399999873e+01 6.014735621590359216e+01
1.054075216300000051e+01 6.085293195698432100e+01
1.055488912199999874e+01 6.126954165286886678e+01
1.056902608200000060e+01 6.149121477090398002e+01
1.058316304099999883e+01 5.131965400848049086e+01
1.059730000000000061e+01 4.108711218170723356e+01
