# r_minus_2Rs_A,    PMF_over_kBT
-5.974999999999999645e+00 2.162334781534675798e+01
-5.924999999999999822e+00 2.883113042046234398e+01
-5.875000000000000000e+00 3.603891302557792642e+01
-5.825000000000000178e+00 3.603891302557792642e+01
-5.775000000000000355e+00 3.603891302557792642e+01
-5.724999999999999645e+00 3.603891302557792642e+01
-5.674999999999999822e+00 3.603891302557792642e+01
-5.625000000000000000e+00 3.603891302557792642e+01
-5.575000000000000178e+00 3.603891302557792642e+01
-5.525000000000000355e+00 3.603891302557792642e+01
-5.474999999999999645e+00 3.603891302557792642e+01
-5.424999999999999822e+00 3.603891302557792642e+01
-5.375000000000000000e+00 3.603891302557792642e+01
-5.325000000000000178e+00 3.603891302557792642e+01
-5.275000000000000355e+00 3.603891302557792642e+01
-5.224999999999999645e+00 3.603891302557792642e+01
-5.174999999999999822e+00 3.603891302557792642e+01
-5.125000000000000000e+00 3.603891302557792642e+01
-5.075000000000000178e+00 3.603891302557792642e+01
-5.025000000000000355e+00 3.603891302557792642e+01
-4.974999999999999645e+00 3.603891302557792642e+01
-4.924999999999999822e+00 3.603891302557792642e+01
-4.875000000000000000e+00 3.603891302557792642e+01
-4.824999999999999289e+00 3.603891302557792642e+01
-4.775000000000000355e+00 3.603891302557792642e+01
-4.724999999999999645e+00 3.603891302557792642e+01
-4.674999999999999822e+00 3.603891302557792642e+01
-4.625000000000000000e+00 3.603891302557792642e+01
-4.574999999999999289e+00 3.603891302557792642e+01
-4.525000000000000355e+00 3.603891302557792642e+01
-4.474999999999999645e+00 3.603891302557792642e+01
-4.424999999999999822e+00 3.603891302557792642e+01
-4.375000000000000000e+00 3.603891302557792642e+01
-4.324999999999999289e+00 3.603891302557792642e+01
-4.275000000000000355e+00 3.603891302557792642e+01
-4.224999999999999645e+00 3.603891302557792642e+01
-4.174999999999999822e+00 3.603891302557792642e+01
-4.125000000000000000e+00 3.603891302557792642e+01
-4.074999999999999289e+00 3.603891302557792642e+01
-4.025000000000000355e+00 3.603891302557792642e+01
-3.974999999999999645e+00 3.603891302557792642e+01
-3.924999999999999822e+00 3.603891302557792642e+01
-3.875000000000000000e+00 3.603891302557792642e+01
-3.825000000000000178e+00 3.603891302557792642e+01
-3.774999999999999911e+00 3.603891302557792642e+01
-3.724999999999999645e+00 3.603891302557792642e+01
-3.674999999999999822e+00 3.603891302557792642e+01
-3.625000000000000000e+00 3.603891302557792642e+01
-3.574999999999999734e+00 3.603891302557792642e+01
-3.524999999999999911e+00 3.603891302557792642e+01
-3.474999999999999645e+00 3.603891302557792642e+01
-3.424999999999999822e+00 3.603891302557792642e+01
-3.375000000000000000e+00 3.603891302557792642e+01
-3.324999999999999734e+00 3.603891302557792642e+01
-3.274999999999999911e+00 3.603891302557792642e+01
-3.224999999999999645e+00 3.603891302557792642e+01
-3.174999999999999822e+00 3.603891302557792642e+01
-3.125000000000000000e+00 3.603891302557792642e+01
-3.074999999999999734e+00 3.603891302557792642e+01
-3.024999999999999911e+00 3.603891302557792642e+01
-2.974999999999999645e+00 3.603891302557792642e+01
-2.924999999999999822e+00 3.603891302557792642e+01
-2.875000000000000000e+00 3.603891302557792642e+01
-2.824999999999999734e+00 3.603891302557792642e+01
-2.774999999999999911e+00 3.603891302557792642e+01
-2.724999999999999645e+00 3.603891302557792642e+01
-2.674999999999999822e+00 3.603891302557792642e+01
-2.625000000000000000e+00 3.603891302557792642e+01
-2.574999999999999734e+00 3.603891302557792642e+01
-2.524999999999999911e+00 3.603891302557792642e+01
-2.474999999999999645e+00 3.603891302557792642e+01
-2.424999999999999822e+00 3.603891302557792642e+01
-2.375000000000000000e+00 3.603891302557792642e+01
-2.324999999999999734e+00 3.603891302557792642e+01
-2.274999999999999911e+00 3.603891302557792642e+01
-2.224999999999999645e+00 3.603891302557792642e+01
-2.174999999999999822e+00 3.603891302557792642e+01
-2.125000000000000000e+00 3.603891302557792642e+01
-2.074999999999999734e+00 3.603891302557792642e+01
-2.024999999999999911e+00 3.603891302557792642e+01
-1.974999999999999645e+00 3.603891302557792642e+01
-1.924999999999999822e+00 3.603891302557792642e+01
-1.875000000000000000e+00 3.603891302557792642e+01
-1.824999999999999289e+00 3.603891302557792642e+01
-1.775000000000000355e+00 3.603891302557792642e+01
-1.724999999999999645e+00 3.603891302557792642e+01
-1.674999999999999822e+00 3.603891302557792642e+01
-1.625000000000000000e+00 3.603891302557792642e+01
-1.574999999999999289e+00 3.603891302557792642e+01
-1.525000000000000355e+00 3.603891302557792642e+01
-1.474999999999999645e+00 3.603891302557792642e+01
-1.424999999999999822e+00 3.603891302557792642e+01
-1.375000000000000000e+00 3.603891302557792642e+01
-1.324999999999999289e+00 3.603891302557792642e+01
-1.275000000000000355e+00 3.603891302557792642e+01
-1.224999999999999645e+00 3.603891302557792642e+01
-1.174999999999998934e+00 3.603891302557792642e+01
-1.125000000000000000e+00 3.603891302557792642e+01
-1.074999999999999289e+00 3.603891302557792642e+01
-1.025000000000000355e+00 3.603891302557792642e+01
-9.749999999999996447e-01 3.603891302557792642e+01
-9.249999999999989342e-01 3.603891302557792642e+01
-8.750000000000000000e-01 3.603891302557792642e+01
-8.249999999999992895e-01 3.603891302557792642e+01
-7.750000000000003553e-01 3.603891302557792642e+01
-7.249999999999996447e-01 3.603891302557792642e+01
-6.749999999999989342e-01 3.603891302557792642e+01
-6.250000000000000000e-01 3.603891302557792642e+01
-5.749999999999992895e-01 3.603891302557792642e+01
-5.250000000000003553e-01 3.017065787858890857e+01
-4.749999999999996447e-01 2.398408660141078741e+01
-4.249999999999989342e-01 1.718837698593790009e+01
-3.750000000000000000e-01 1.008742071156955156e+01
-3.249999999999992895e-01 2.763160705838401565e+00
-2.750000000000003553e-01 1.181848381397438308e+00
-2.249999999999996447e-01 -1.539959167587363065e-01
-1.749999999999989342e-01 -9.126209324671603618e-01
-1.250000000000000000e-01 -1.369098680543645585e+00
-7.499999999999928946e-02 -1.583351079234842862e+00
-2.500000000000035527e-02 -1.651113253488910360e+00
2.500000000000035527e-02 -1.633381448620888188e+00
7.500000000000106581e-02 -1.560673868957335397e+00
1.250000000000000000e-01 -1.473444703326694416e+00
1.750000000000007105e-01 -1.390702847510595364e+00
2.249999999999996447e-01 -1.311416196154320923e+00
2.750000000000003553e-01 -1.226976675084097579e+00
3.250000000000010658e-01 -1.148558425944097960e+00
3.750000000000000000e-01 -1.066873522626762716e+00
4.250000000000007105e-01 -9.879921785308652948e-01
4.749999999999996447e-01 -9.151721128029229879e-01
5.250000000000003553e-01 -8.415085250761518143e-01
5.750000000000010658e-01 -7.771916926857344032e-01
6.250000000000000000e-01 -7.095506917783688250e-01
6.750000000000007105e-01 -6.414110401931644168e-01
7.249999999999996447e-01 -5.823994976027780934e-01
7.750000000000003553e-01 -5.235209130230658037e-01
8.250000000000010658e-01 -4.725634248422004302e-01
8.750000000000000000e-01 -4.150373039490670157e-01
9.250000000000007105e-01 -3.667834277153232958e-01
9.749999999999996447e-01 -3.285849855349959325e-01
1.025000000000000355e+00 -2.969152604683302221e-01
1.075000000000001066e+00 -2.471842140153679701e-01
1.125000000000000000e+00 -2.239363442926826653e-01
1.175000000000000711e+00 -1.964911916159003402e-01
1.224999999999999645e+00 -1.496430914599056472e-01
1.275000000000000355e+00 -1.131211533761025262e-01
1.325000000000001066e+00 -8.510095399569445052e-02
1.375000000000000000e+00 -5.386452252905158528e-02
1.425000000000000711e+00 -3.093622132650111073e-02
1.474999999999999645e+00 -1.195434694381454152e-02
1.525000000000000355e+00 4.057637319714047126e-03
1.575000000000001066e+00 1.187981958967441326e-02
1.625000000000000000e+00 1.845891848325251910e-02
1.675000000000000711e+00 2.160827092547776968e-02
1.724999999999999645e+00 3.418447834518936052e-02
1.775000000000000355e+00 4.020072523641964740e-02
1.825000000000001066e+00 3.220457487932151114e-02
1.875000000000000000e+00 3.030227031323100978e-02
1.925000000000000711e+00 2.309050289391692198e-02
1.974999999999999645e+00 7.086570374060131329e-03
2.025000000000000355e+00 -1.246647412343797681e-02
2.074999999999999289e+00 -1.501964842405207994e-02
2.125000000000000000e+00 -2.725011087448230701e-02
2.175000000000000711e+00 -3.763670827782022305e-02
2.225000000000001421e+00 -4.918212821733156798e-02
2.275000000000000355e+00 -4.743508594099381942e-02
2.324999999999999289e+00 -5.958783119496936093e-02
2.375000000000000000e+00 -6.356931105068036603e-02
2.425000000000000711e+00 -5.401844537851694522e-02
2.475000000000001421e+00 -4.984862327755337774e-02
2.525000000000000355e+00 -4.317822387307508614e-02
2.574999999999999289e+00 -2.788138683055194425e-02
2.625000000000000000e+00 -1.585125584980779864e-02
2.675000000000000711e+00 -1.728902927670716546e-03
2.725000000000001421e+00 1.564436765365720058e-02
2.775000000000000355e+00 2.574344823250669656e-02
2.824999999999999289e+00 5.208474702274124013e-02
2.875000000000000000e+00 8.725569988598209925e-02
2.925000000000000711e+00 9.644109379935023041e-02
2.975000000000001421e+00 1.139951310653270211e-01
3.025000000000000355e+00 1.463944854678526919e-01
3.074999999999999289e+00 1.627344764865469584e-01
3.125000000000000000e+00 1.689154483194112710e-01
3.175000000000000711e+00 2.065513685541375821e-01
3.225000000000001421e+00 2.287579702167026052e-01
3.275000000000000355e+00 2.358604258790152064e-01
3.324999999999999289e+00 2.428525888452153503e-01
3.375000000000000000e+00 2.655007601704258979e-01
3.425000000000000711e+00 2.707323957989153929e-01
3.475000000000001421e+00 2.888894796569133061e-01
3.525000000000000355e+00 3.028986588828122550e-01
3.575000000000001066e+00 3.267389697599508702e-01
3.625000000000000000e+00 3.449299989542332079e-01
3.675000000000000711e+00 3.660184531147638864e-01
3.725000000000001421e+00 3.758538061194841018e-01
3.775000000000000355e+00 3.982569503156394575e-01
3.825000000000001066e+00 4.103450601577748325e-01
3.875000000000000000e+00 4.140186185875905367e-01
3.925000000000000711e+00 4.095724968258032672e-01
3.975000000000001421e+00 4.122947454307819282e-01
4.025000000000000355e+00 4.178890148613494393e-01
4.075000000000001066e+00 4.235108566704273714e-01
4.125000000000000000e+00 4.231714038013745793e-01
4.175000000000000711e+00 4.336933886827094020e-01
4.225000000000001421e+00 4.254872758394587229e-01
4.275000000000000355e+00 4.039095615423572982e-01
4.325000000000001066e+00 3.924425334039288726e-01
4.375000000000000000e+00 3.713869049566888569e-01
4.425000000000000711e+00 3.444453530696054977e-01
4.475000000000001421e+00 3.228572558901138811e-01
4.525000000000000355e+00 3.005182303117567844e-01
4.575000000000001066e+00 2.712212699433205754e-01
4.625000000000000000e+00 2.480605144287401920e-01
4.675000000000000711e+00 2.250445748481499919e-01
4.725000000000001421e+00 2.016682804797280681e-01
4.775000000000000355e+00 1.815566719687627395e-01
4.825000000000001066e+00 1.455710900356919635e-01
4.875000000000000000e+00 1.109947936920669120e-01
4.925000000000000711e+00 7.826604790881752649e-02
4.975000000000001421e+00 4.266400137262459091e-02
5.025000000000000355e+00 6.741491814329240821e-03
5.075000000000001066e+00 -1.879428148160222634e-02
5.125000000000000000e+00 -4.264948122021259419e-02
5.175000000000000711e+00 -6.733309384658099639e-02
5.225000000000001421e+00 -8.382523023777679883e-02
5.275000000000000355e+00 -1.029475443514790839e-01
5.325000000000001066e+00 -1.161912813079592349e-01
5.375000000000000000e+00 -1.255286811685501214e-01
5.425000000000000711e+00 -1.333024920246249079e-01
5.475000000000001421e+00 -1.449129999922259826e-01
5.525000000000000355e+00 -1.528459842444384320e-01
5.575000000000001066e+00 -1.552124725152353446e-01
5.625000000000000000e+00 -1.564681612675851707e-01
5.675000000000000711e+00 -1.586739290725436291e-01
5.725000000000001421e+00 -1.516164496105542325e-01
5.775000000000000355e+00 -1.410112302581811861e-01
5.825000000000001066e+00 -1.388235973481233565e-01
5.875000000000000000e+00 -1.358773483203428722e-01
5.925000000000000711e+00 -1.326578560486115776e-01
5.975000000000001421e+00 -1.291612948000889216e-01
6.025000000000000355e+00 -1.263488316901909825e-01
6.075000000000001066e+00 -1.194622140613489647e-01
6.125000000000000000e+00 -1.099213096944208073e-01
6.175000000000000711e+00 -1.017827537604432675e-01
6.225000000000001421e+00 -9.751878154396856346e-02
6.275000000000000355e+00 -9.450139320807410259e-02
6.325000000000001066e+00 -8.754048919954406094e-02
6.375000000000000000e+00 -8.684354191932044942e-02
6.425000000000000711e+00 -8.129738920814802428e-02
6.475000000000001421e+00 -6.801924502295549069e-02
6.525000000000000355e+00 -5.286134042073661887e-02
6.575000000000001066e+00 -4.932117459835758805e-02
6.625000000000000000e+00 -4.120154912316103396e-02
6.675000000000000711e+00 -2.799324916693813128e-02
6.725000000000001421e+00 -2.444623878605689873e-02
6.775000000000000355e+00 -2.129582893599071478e-02
6.825000000000001066e+00 -2.945702792104043510e-03
6.875000000000000000e+00 9.276132491244837644e-03
6.925000000000000711e+00 1.433623254891429853e-02
6.975000000000001421e+00 2.554086640194022303e-02
7.025000000000000355e+00 3.378526252345146613e-02
7.075000000000001066e+00 2.977368301361948966e-02
7.125000000000000000e+00 3.173696015469502918e-02
7.175000000000000711e+00 3.541558158705378212e-02
7.225000000000001421e+00 3.808731805159304429e-02
7.275000000000000355e+00 3.795535831491037015e-02
7.325000000000001066e+00 5.197489128916999573e-02
7.375000000000000000e+00 5.474907688223176055e-02
7.425000000000000711e+00 5.611245322214273440e-02
7.475000000000001421e+00 5.114328246748769263e-02
7.525000000000000355e+00 5.085680925171801037e-02
7.575000000000001066e+00 4.351593825148469818e-02
7.625000000000000000e+00 4.831060431470533129e-02
7.675000000000000711e+00 4.760050063370684786e-02
7.725000000000001421e+00 5.132388821349707919e-02
7.775000000000000355e+00 5.081829001460570067e-02
7.825000000000001066e+00 4.771480343254097534e-02
7.875000000000000000e+00 3.958521976745608267e-02
7.925000000000000711e+00 3.772088473861785751e-02
7.975000000000001421e+00 3.404944400602403359e-02
8.025000000000000355e+00 3.166115791603268254e-02
8.075000000000001066e+00 2.937145851121059428e-02
8.125000000000000000e+00 2.637168318408491391e-02
8.175000000000000711e+00 2.365796895559491020e-02
8.225000000000001421e+00 1.513507632868957634e-02
8.275000000000000355e+00 1.101029348287880724e-02
8.325000000000001066e+00 5.024302225474742631e-03
8.375000000000000000e+00 2.238762531366589661e-03
8.425000000000000711e+00 -7.505207588600271672e-03
8.475000000000001421e+00 -7.739263704960564448e-03
8.525000000000000355e+00 -8.285091499227448947e-03
8.575000000000001066e+00 -1.422503749405983411e-02
8.625000000000000000e+00 -2.108343919405300179e-02
8.675000000000000711e+00 -1.681540751518468754e-02
8.725000000000001421e+00 -1.760815047876853820e-02
8.775000000000000355e+00 -2.120989907366279889e-02
8.825000000000001066e+00 -2.140309334294379293e-02
8.875000000000000000e+00 -1.874584807010286694e-02
8.925000000000000711e+00 -2.389686745592136535e-02
8.975000000000001421e+00 -2.907591900890942743e-02
9.025000000000000355e+00 -2.899871237990403819e-02
9.075000000000001066e+00 -2.796682299946979741e-02
9.125000000000000000e+00 -3.366878393951609066e-02
9.175000000000000711e+00 -3.485531556659005048e-02
9.225000000000001421e+00 -3.170991834228616135e-02
9.275000000000000355e+00 -3.551906146185680041e-02
9.325000000000001066e+00 -4.245352947028884633e-02
9.375000000000000000e+00 -4.152019500679422770e-02
9.425000000000000711e+00 -3.964381538744633088e-02
9.475000000000001421e+00 -3.977430095155334161e-02
9.525000000000000355e+00 -3.817462093766686021e-02
9.575000000000001066e+00 -3.180447851979550933e-02
9.625000000000000000e+00 -2.835484100568273075e-02
9.675000000000000711e+00 -2.878635540562548764e-02
9.725000000000001421e+00 -2.336881121561873442e-02
9.775000000000000355e+00 -2.041881637839715671e-02
9.825000000000001066e+00 -1.472752947632010104e-02
9.875000000000000000e+00 -1.733626479931800121e-02
9.925000000000000711e+00 -1.578896806060505961e-02
9.975000000000001421e+00 -1.999378219964178735e-02
1.002499999999999858e+01 -1.284679254894349927e-02
1.007500000000000284e+01 -1.397089200331293884e-02
1.012500000000000000e+01 -7.295415120794857163e-03
1.017500000000000071e+01 -1.684652270861520086e-03
1.022500000000000142e+01 -1.695093868962871658e-03
1.027499999999999858e+01 -4.018089857096995669e-03
1.032500000000000284e+01 -1.217135606248120980e-03
1.037500000000000000e+01 2.933857779251169886e-03
1.042500000000000071e+01 3.535269957215092518e-03
1.047500000000000142e+01 7.846353974622034474e-03
1.052499999999999858e+01 6.133639084526266820e-03
1.057500000000000284e+01 7.318891651392079277e-03
1.062500000000000000e+01 3.850937255531405954e-03
1.067500000000000071e+01 1.723155077393556710e-03
1.072500000000000142e+01 5.322705325473364897e-03
1.077499999999999858e+01 1.002626697439446164e-02
1.082500000000000284e+01 1.082611821923862294e-02
1.087500000000000000e+01 1.250055751588092720e-02
1.092500000000000071e+01 1.849917560505574127e-02
1.097500000000000142e+01 1.604472851345164347e-02
1.102499999999999858e+01 1.640436768077862054e-02
1.107500000000000284e+01 1.496577010247221971e-02
1.112500000000000000e+01 1.527961591226478788e-02
1.117500000000000071e+01 1.313508455696599242e-02
1.122500000000000142e+01 1.551005848961146787e-02
1.127499999999999858e+01 1.634920160074244608e-02
1.132500000000000284e+01 1.358696602804769678e-02
1.137500000000000000e+01 1.429633389596531717e-02
1.142500000000000071e+01 1.398560121177325546e-02
1.147500000000000142e+01 1.113178676438231381e-02
1.152499999999999858e+01 7.184911625262913049e-03
1.157500000000000284e+01 6.884928364057429397e-03
1.162500000000000000e+01 5.634649869407581772e-03
1.167500000000000071e+01 6.923924726966391302e-03
1.172500000000000142e+01 7.210561178685992965e-03
1.177499999999999858e+01 5.342359881211677930e-03
1.182500000000000284e+01 7.436430699950236610e-03
1.187500000000000000e+01 2.242149306791318616e-03
1.192500000000000071e+01 -3.121270654807162259e-03
1.197500000000000142e+01 -2.844189213955417624e-03
1.202499999999999858e+01 -2.991770429573037664e-03
1.207500000000000284e+01 -7.161361524240917806e-03
1.212500000000000000e+01 -3.261116113491979805e-03
1.217500000000000071e+01 -4.203559571204351988e-03
1.222500000000000142e+01 -4.096734447487903816e-03
1.227499999999999858e+01 1.499008051820283332e-03
1.232500000000000284e+01 1.503728049900845357e-04
1.237500000000000000e+01 -2.486665534890519780e-03
1.242500000000000071e+01 4.176454288049314019e-03
1.247500000000000142e+01 1.633882028412259003e-03
1.252499999999999858e+01 -4.895380110566093998e-03
1.257500000000000284e+01 -3.152915755897112322e-03
1.262500000000000000e+01 1.625005084419228448e-03
1.267500000000000071e+01 -1.806099666245941692e-03
1.272500000000000142e+01 1.211108592266541169e-03
1.277499999999999858e+01 8.020865374376740398e-04
1.282500000000000284e+01 2.452674095084716750e-03
1.287500000000000000e+01 -7.698651258536430206e-05
1.292500000000000071e+01 1.193642807995942690e-03
1.297500000000000142e+01 -5.389118018294425903e-03
1.302499999999999858e+01 3.855160487319153942e-04
1.307500000000000284e+01 2.916405523973253627e-03
1.312500000000000000e+01 1.228515203402125340e-03
1.317500000000000426e+01 -2.402610994454690372e-03
1.322500000000000142e+01 1.983510874906003509e-03
1.327499999999999858e+01 -1.178790783859540517e-03
1.332500000000000284e+01 -2.758695278575373517e-03
1.337500000000000000e+01 1.261320635254392728e-03
1.342500000000000426e+01 4.683359655603780251e-03
1.347500000000000142e+01 3.862673487315504851e-03
1.352499999999999858e+01 2.389423819360558896e-03
1.357500000000000284e+01 -1.967534446620790810e-04
1.362500000000000000e+01 4.580336192880451042e-04
1.367500000000000426e+01 -9.230520184985378232e-04
1.372500000000000142e+01 -1.636384022724257431e-03
1.377499999999999858e+01 -4.693627093956834006e-05
1.382500000000000284e+01 3.342577915559630502e-03
1.387500000000000000e+01 1.251893618599097960e-03
1.392500000000000426e+01 3.862604116825139183e-02
1.397500000000000142e+01 3.050422933652701118e-01
1.402499999999999858e+01 1.015528606598573136e+00
1.407500000000000284e+01 2.428604020448237755e+00
1.412500000000000000e+01 9.635660090379419174e+00
1.417500000000000426e+01 1.680568737272552937e+01
1.422500000000000142e+01 2.374880137376497657e+01
1.427499999999999858e+01 3.024567372184559488e+01
1.432500000000000284e+01 3.603891302557792642e+01
1.437500000000000000e+01 3.603891302557792642e+01
1.442500000000000426e+01 3.603891302557792642e+01
1.447500000000000142e+01 3.603891302557792642e+01
1.452499999999999858e+01 3.603891302557792642e+01
1.457500000000000284e+01 3.603891302557792642e+01
1.462500000000000000e+01 3.603891302557792642e+01
1.467500000000000426e+01 3.603891302557792642e+01
1.472500000000000142e+01 3.603891302557792642e+01
1.477499999999999858e+01 3.603891302557792642e+01
1.482500000000000284e+01 3.603891302557792642e+01
1.487500000000000000e+01 3.603891302557792642e+01
1.492500000000000426e+01 3.603891302557792642e+01
1.497500000000000142e+01 3.603891302557792642e+01
1.502499999999999858e+01 3.603891302557792642e+01
1.507500000000000284e+01 3.603891302557792642e+01
1.512500000000000000e+01 3.603891302557792642e+01
1.517500000000000426e+01 3.603891302557792642e+01
1.522500000000000142e+01 3.603891302557792642e+01
1.527499999999999858e+01 3.603891302557792642e+01
1.532500000000000284e+01 3.603891302557792642e+01
1.537500000000000000e+01 3.603891302557792642e+01
1.542500000000000426e+01 3.603891302557792642e+01
1.547500000000000142e+01 3.603891302557792642e+01
1.552499999999999858e+01 3.603891302557792642e+01
1.557500000000000284e+01 3.603891302557792642e+01
1.562500000000000000e+01 3.603891302557792642e+01
1.567500000000000426e+01 3.603891302557792642e+01
1.572500000000000142e+01 3.603891302557792642e+01
1.577499999999999858e+01 3.603891302557792642e+01
1.582500000000000284e+01 3.603891302557792642e+01
1.587500000000000000e+01 3.603891302557792642e+01
1.592500000000000426e+01 3.603891302557792642e+01
1.597500000000000142e+01 3.603891302557792642e+01
1.602499999999999858e+01 3.603891302557792642e+01
1.607500000000000284e+01 3.603891302557792642e+01
1.612500000000000000e+01 3.603891302557792642e+01
1.617500000000000426e+01 3.603891302557792642e+01
1.622500000000000142e+01 3.603891302557792642e+01
1.627499999999999858e+01 3.603891302557792642e+01
1.632500000000000284e+01 3.603891302557792642e+01
1.637500000000000000e+01 3.603891302557792642e+01
1.642500000000000426e+01 3.603891302557792642e+01
1.647500000000000142e+01 3.603891302557792642e+01
1.652499999999999858e+01 3.603891302557792642e+01
1.657500000000000284e+01 3.603891302557792642e+01
1.662500000000000000e+01 3.603891302557792642e+01
1.667500000000000426e+01 3.603891302557792642e+01
1.672500000000000142e+01 3.603891302557792642e+01
1.677499999999999858e+01 3.603891302557792642e+01
1.682500000000000284e+01 3.603891302557792642e+01
1.687500000000000000e+01 3.603891302557792642e+01
1.692500000000000426e+01 3.603891302557792642e+01
1.697500000000000142e+01 3.603891302557792642e+01
1.702499999999999858e+01 3.603891302557792642e+01
1.707500000000000284e+01 3.603891302557792642e+01
1.712500000000000000e+01 3.603891302557792642e+01
1.717500000000000426e+01 3.603891302557792642e+01
1.722500000000000142e+01 3.603891302557792642e+01
1.727499999999999858e+01 3.603891302557792642e+01
1.732500000000000284e+01 3.603891302557792642e+01
1.737500000000000000e+01 3.603891302557792642e+01
1.742500000000000426e+01 3.603891302557792642e+01
1.747500000000000142e+01 3.603891302557792642e+01
1.752499999999999858e+01 3.603891302557792642e+01
1.757500000000000284e+01 3.603891302557792642e+01
1.762500000000000000e+01 3.603891302557792642e+01
1.767500000000000426e+01 3.603891302557792642e+01
1.772500000000000142e+01 3.603891302557792642e+01
1.777499999999999858e+01 3.603891302557792642e+01
1.782500000000000284e+01 3.603891302557792642e+01
1.787500000000000000e+01 3.603891302557792642e+01
1.792500000000000426e+01 3.603891302557792642e+01
1.797500000000000142e+01 3.603891302557792642e+01
1.802499999999999858e+01 3.603891302557792642e+01
1.807500000000000284e+01 3.603891302557792642e+01
1.812500000000000000e+01 3.603891302557792642e+01
1.817500000000000426e+01 3.603891302557792642e+01
1.822500000000000142e+01 3.603891302557792642e+01
1.827499999999999858e+01 3.603891302557792642e+01
1.832500000000000284e+01 3.603891302557792642e+01
1.837500000000000000e+01 3.603891302557792642e+01
1.842500000000000426e+01 3.603891302557792642e+01
1.847500000000000142e+01 3.603891302557792642e+01
1.852499999999999858e+01 3.603891302557792642e+01
1.857500000000000284e+01 3.603891302557792642e+01
1.862500000000000000e+01 3.603891302557792642e+01
1.867500000000000426e+01 3.603891302557792642e+01
1.872500000000000142e+01 3.603891302557792642e+01
1.877499999999999858e+01 3.603891302557792642e+01
1.882500000000000284e+01 3.603891302557792642e+01
1.887500000000000000e+01 3.603891302557792642e+01
1.892500000000000426e+01 3.603891302557792642e+01
1.897500000000000142e+01 3.603891302557792642e+01
1.902499999999999858e+01 3.603891302557792642e+01
1.907500000000000284e+01 3.603891302557792642e+01
1.912500000000000000e+01 3.603891302557792642e+01
1.917500000000000426e+01 3.603891302557792642e+01
1.922500000000000142e+01 3.603891302557792642e+01
1.927499999999999858e+01 3.603891302557792642e+01
1.932500000000000284e+01 3.603891302557792642e+01
1.937500000000000000e+01 3.603891302557792642e+01
1.942500000000000426e+01 3.603891302557792642e+01
1.947500000000000142e+01 3.603891302557792642e+01
1.952499999999999858e+01 3.603891302557792642e+01
1.957500000000000284e+01 3.603891302557792642e+01
1.962500000000000000e+01 3.603891302557792642e+01
1.967500000000000426e+01 3.603891302557792642e+01
1.972500000000000142e+01 3.603891302557792642e+01
1.977499999999999858e+01 3.603891302557792642e+01
1.982500000000000284e+01 3.603891302557792642e+01
1.987500000000000000e+01 3.603891302557792642e+01
1.992500000000000426e+01 3.603891302557792642e+01
1.997500000000000142e+01 3.603891302557792642e+01
2.002499999999999858e+01 3.603891302557792642e+01
2.007500000000000284e+01 3.603891302557792642e+01
2.012500000000000000e+01 3.603891302557792642e+01
2.017500000000000426e+01 3.603891302557792642e+01
2.022500000000000142e+01 3.603891302557792642e+01
2.027499999999999858e+01 3.603891302557792642e+01
2.032500000000000284e+01 3.603891302557792642e+01
2.037500000000000000e+01 3.603891302557792642e+01
2.042500000000000426e+01 3.603891302557792642e+01
2.047500000000000142e+01 3.603891302557792642e+01
2.052499999999999858e+01 3.603891302557792642e+01
2.057500000000000284e+01 3.603891302557792642e+01
2.062500000000000000e+01 3.603891302557792642e+01
2.067500000000000426e+01 3.603891302557792642e+01
2.072500000000000142e+01 3.603891302557792642e+01
2.077499999999999858e+01 3.603891302557792642e+01
2.082500000000000284e+01 3.603891302557792642e+01
2.087500000000000000e+01 3.603891302557792642e+01
2.092500000000000426e+01 3.603891302557792642e+01
2.097500000000000142e+01 3.603891302557792642e+01
2.102499999999999858e+01 3.603891302557792642e+01
2.107500000000000284e+01 3.603891302557792642e+01
2.112500000000000000e+01 3.603891302557792642e+01
2.117500000000000426e+01 3.603891302557792642e+01
2.122500000000000142e+01 3.603891302557792642e+01
2.127499999999999858e+01 3.603891302557792642e+01
2.132500000000000284e+01 3.603891302557792642e+01
2.137500000000000000e+01 3.603891302557792642e+01
2.142500000000000426e+01 3.603891302557792642e+01
2.147500000000000142e+01 3.603891302557792642e+01
2.152499999999999858e+01 3.603891302557792642e+01
2.157500000000000284e+01 3.603891302557792642e+01
2.162500000000000000e+01 3.603891302557792642e+01
2.167500000000000426e+01 3.603891302557792642e+01
2.172500000000000142e+01 3.603891302557792642e+01
2.177499999999999858e+01 3.603891302557792642e+01
2.182500000000000284e+01 3.603891302557792642e+01
2.187500000000000000e+01 3.603891302557792642e+01
2.192500000000000426e+01 3.603891302557792642e+01
2.197500000000000142e+01 3.603891302557792642e+01
2.202499999999999858e+01 3.603891302557792642e+01
2.207500000000000284e+01 3.603891302557792642e+01
2.212500000000000000e+01 3.603891302557792642e+01
2.217500000000000426e+01 3.603891302557792642e+01
2.222500000000000142e+01 3.603891302557792642e+01
2.227499999999999858e+01 3.603891302557792642e+01
2.232500000000000284e+01 3.603891302557792642e+01
2.237500000000000000e+01 3.603891302557792642e+01
2.242500000000000426e+01 3.603891302557792642e+01
2.247500000000000142e+01 3.603891302557792642e+01
2.252499999999999858e+01 3.603891302557792642e+01
2.257500000000000284e+01 3.603891302557792642e+01
2.262500000000000000e+01 3.603891302557792642e+01
2.267500000000000426e+01 3.603891302557792642e+01
2.272500000000000142e+01 3.603891302557792642e+01
2.277499999999999858e+01 3.603891302557792642e+01
2.282500000000000284e+01 3.603891302557792642e+01
2.287500000000000000e+01 3.603891302557792642e+01
2.292500000000000426e+01 3.603891302557792642e+01
2.297500000000000142e+01 3.603891302557792642e+01
2.302499999999999858e+01 3.603891302557792642e+01
2.307500000000000284e+01 3.603891302557792642e+01
2.312500000000000000e+01 3.603891302557792642e+01
2.317500000000000426e+01 3.603891302557792642e+01
2.322500000000000142e+01 3.603891302557792642e+01
2.327499999999999858e+01 3.603891302557792642e+01
2.332500000000000284e+01 3.603891302557792642e+01
2.337500000000000000e+01 3.603891302557792642e+01
2.342500000000000426e+01 3.603891302557792642e+01
2.347500000000000142e+01 3.603891302557792642e+01
2.352499999999999858e+01 3.603891302557792642e+01
2.357500000000000284e+01 3.603891302557792642e+01
2.362500000000000000e+01 3.603891302557792642e+01
2.367500000000000426e+01 3.603891302557792642e+01
2.372500000000000142e+01 3.603891302557792642e+01
2.377499999999999858e+01 3.603891302557792642e+01
2.382500000000000284e+01 3.603891302557792642e+01
2.387500000000000000e+01 3.603891302557792642e+01
2.392500000000000426e+01 2.883113042046234398e+01
2.397500000000000142e+01 2.162334781534675798e+01
