# r_minus_2Rs_A,    PMF_over_kBT
-5.974999999999999645e+00 2.135749036272553880e+01
-5.924999999999999822e+00 2.847665381696738507e+01
-5.875000000000000000e+00 3.559581727120922778e+01
-5.825000000000000178e+00 3.559581727120922778e+01
-5.775000000000000355e+00 3.559581727120922778e+01
-5.724999999999999645e+00 3.559581727120922778e+01
-5.674999999999999822e+00 3.559581727120922778e+01
-5.625000000000000000e+00 3.559581727120922778e+01
-5.575000000000000178e+00 3.559581727120922778e+01
-5.525000000000000355e+00 3.559581727120922778e+01
-5.474999999999999645e+00 3.559581727120922778e+01
-5.424999999999999822e+00 3.559581727120922778e+01
-5.375000000000000000e+00 3.559581727120922778e+01
-5.325000000000000178e+00 3.559581727120922778e+01
-5.275000000000000355e+00 3.559581727120922778e+01
-5.224999999999999645e+00 3.559581727120922778e+01
-5.174999999999999822e+00 3.559581727120922778e+01
-5.125000000000000000e+00 3.559581727120922778e+01
-5.075000000000000178e+00 3.559581727120922778e+01
-5.025000000000000355e+00 3.559581727120922778e+01
-4.974999999999999645e+00 3.559581727120922778e+01
-4.924999999999999822e+00 3.559581727120922778e+01
-4.875000000000000000e+00 3.559581727120922778e+01
-4.824999999999999289e+00 3.559581727120922778e+01
-4.775000000000000355e+00 3.559581727120922778e+01
-4.724999999999999645e+00 3.559581727120922778e+01
-4.674999999999999822e+00 3.559581727120922778e+01
-4.625000000000000000e+00 3.559581727120922778e+01
-4.574999999999999289e+00 3.559581727120922778e+01
-4.525000000000000355e+00 3.559581727120922778e+01
-4.474999999999999645e+00 3.559581727120922778e+01
-4.424999999999999822e+00 3.559581727120922778e+01
-4.375000000000000000e+00 3.559581727120922778e+01
-4.324999999999999289e+00 3.559581727120922778e+01
-4.275000000000000355e+00 3.559581727120922778e+01
-4.224999999999999645e+00 3.559581727120922778e+01
-4.174999999999999822e+00 3.559581727120922778e+01
-4.125000000000000000e+00 3.559581727120922778e+01
-4.074999999999999289e+00 3.559581727120922778e+01
-4.025000000000000355e+00 3.559581727120922778e+01
-3.974999999999999645e+00 3.559581727120922778e+01
-3.924999999999999822e+00 3.559581727120922778e+01
-3.875000000000000000e+00 3.559581727120922778e+01
-3.825000000000000178e+00 3.559581727120922778e+01
-3.774999999999999911e+00 3.559581727120922778e+01
-3.724999999999999645e+00 3.559581727120922778e+01
-3.674999999999999822e+00 3.559581727120922778e+01
-3.625000000000000000e+00 3.559581727120922778e+01
-3.574999999999999734e+00 3.559581727120922778e+01
-3.524999999999999911e+00 3.559581727120922778e+01
-3.474999999999999645e+00 3.559581727120922778e+01
-3.424999999999999822e+00 3.559581727120922778e+01
-3.375000000000000000e+00 3.559581727120922778e+01
-3.324999999999999734e+00 3.559581727120922778e+01
-3.274999999999999911e+00 3.559581727120922778e+01
-3.224999999999999645e+00 3.559581727120922778e+01
-3.174999999999999822e+00 3.559581727120922778e+01
-3.125000000000000000e+00 3.559581727120922778e+01
-3.074999999999999734e+00 3.559581727120922778e+01
-3.024999999999999911e+00 3.559581727120922778e+01
-2.974999999999999645e+00 3.559581727120922778e+01
-2.924999999999999822e+00 3.559581727120922778e+01
-2.875000000000000000e+00 3.559581727120922778e+01
-2.824999999999999734e+00 3.559581727120922778e+01
-2.774999999999999911e+00 3.559581727120922778e+01
-2.724999999999999645e+00 3.559581727120922778e+01
-2.674999999999999822e+00 3.559581727120922778e+01
-2.625000000000000000e+00 3.559581727120922778e+01
-2.574999999999999734e+00 3.559581727120922778e+01
-2.524999999999999911e+00 3.559581727120922778e+01
-2.474999999999999645e+00 3.559581727120922778e+01
-2.424999999999999822e+00 3.559581727120922778e+01
-2.375000000000000000e+00 3.559581727120922778e+01
-2.324999999999999734e+00 3.559581727120922778e+01
-2.274999999999999911e+00 3.559581727120922778e+01
-2.224999999999999645e+00 3.559581727120922778e+01
-2.174999999999999822e+00 3.559581727120922778e+01
-2.125000000000000000e+00 3.559581727120922778e+01
-2.074999999999999734e+00 3.559581727120922778e+01
-2.024999999999999911e+00 3.559581727120922778e+01
-1.974999999999999645e+00 3.559581727120922778e+01
-1.924999999999999822e+00 3.559581727120922778e+01
-1.875000000000000000e+00 3.559581727120922778e+01
-1.824999999999999289e+00 3.559581727120922778e+01
-1.775000000000000355e+00 3.559581727120922778e+01
-1.724999999999999645e+00 3.559581727120922778e+01
-1.674999999999999822e+00 3.559581727120922778e+01
-1.625000000000000000e+00 3.559581727120922778e+01
-1.574999999999999289e+00 3.559581727120922778e+01
-1.525000000000000355e+00 3.559581727120922778e+01
-1.474999999999999645e+00 3.559581727120922778e+01
-1.424999999999999822e+00 3.559581727120922778e+01
-1.375000000000000000e+00 3.559581727120922778e+01
-1.324999999999999289e+00 3.559581727120922778e+01
-1.275000000000000355e+00 3.559581727120922778e+01
-1.224999999999999645e+00 3.559581727120922778e+01
-1.174999999999998934e+00 3.559581727120922778e+01
-1.125000000000000000e+00 3.559581727120922778e+01
-1.074999999999999289e+00 3.559581727120922778e+01
-1.025000000000000355e+00 3.559581727120922778e+01
-9.749999999999996447e-01 3.559581727120922778e+01
-9.249999999999989342e-01 3.559581727120922778e+01
-8.750000000000000000e-01 3.559581727120922778e+01
-8.249999999999992895e-01 3.559581727120922778e+01
-7.750000000000003553e-01 3.559581727120922778e+01
-7.249999999999996447e-01 3.559581727120922778e+01
-6.749999999999989342e-01 3.559581727120922778e+01
-6.250000000000000000e-01 3.559581727120922778e+01
-5.749999999999992895e-01 3.559581727120922778e+01
-5.250000000000003553e-01 2.972756212422020994e+01
-4.749999999999996447e-01 2.338329937496923350e+01
-4.249999999999989342e-01 1.645658029263081090e+01
-3.750000000000000000e-01 9.192773743256212882e+00
-3.249999999999992895e-01 1.732209909012097260e+00
-2.750000000000003553e-01 8.193871649352398381e-03
-2.249999999999996447e-01 -1.307317077394989813e+00
-1.749999999999989342e-01 -2.064454765782915313e+00
-1.250000000000000000e-01 -2.479214184140515531e+00
-7.499999999999928946e-02 -2.682158150359248427e+00
-2.500000000000035527e-02 -2.729189907214060629e+00
2.500000000000035527e-02 -2.687059528432271360e+00
7.500000000000106581e-02 -2.598542525180452145e+00
1.250000000000000000e-01 -2.499290917394946021e+00
1.750000000000007105e-01 -2.393436742578744614e+00
2.249999999999996447e-01 -2.288872229432238115e+00
2.750000000000003553e-01 -2.190044545359395300e+00
3.250000000000010658e-01 -2.089540130067428780e+00
3.750000000000000000e-01 -1.985272471665053162e+00
4.250000000000007105e-01 -1.885136495867162365e+00
4.749999999999996447e-01 -1.793594676299216317e+00
5.250000000000003553e-01 -1.694346515528025510e+00
5.750000000000010658e-01 -1.603050237499892949e+00
6.250000000000000000e-01 -1.514629539368878675e+00
6.750000000000007105e-01 -1.430749714928830851e+00
7.249999999999996447e-01 -1.340575515767307380e+00
7.750000000000003553e-01 -1.257260945305812561e+00
8.250000000000010658e-01 -1.171643026414889377e+00
8.750000000000000000e-01 -1.087011327585785558e+00
9.250000000000007105e-01 -9.983391202585113477e-01
9.749999999999996447e-01 -9.290239778453293074e-01
1.025000000000000355e+00 -8.555718662069426994e-01
1.075000000000001066e+00 -7.925407045470410639e-01
1.125000000000000000e+00 -7.330123710264669912e-01
1.175000000000000711e+00 -6.707444909415344325e-01
1.224999999999999645e+00 -6.019558030732803378e-01
1.275000000000000355e+00 -5.508000040845506540e-01
1.325000000000001066e+00 -4.849447637149126300e-01
1.375000000000000000e+00 -4.248164917912113370e-01
1.425000000000000711e+00 -3.762580132541017974e-01
1.474999999999999645e+00 -3.386729670401208980e-01
1.525000000000000355e+00 -2.826367510669765548e-01
1.575000000000001066e+00 -2.504964682422578526e-01
1.625000000000000000e+00 -2.114090167242618779e-01
1.675000000000000711e+00 -1.909911911611796853e-01
1.724999999999999645e+00 -1.537057606202573423e-01
1.775000000000000355e+00 -1.402870562552944733e-01
1.825000000000001066e+00 -1.214999417146653826e-01
1.875000000000000000e+00 -1.194706878900269886e-01
1.925000000000000711e+00 -1.007349867720897379e-01
1.974999999999999645e+00 -9.725952463289326555e-02
2.025000000000000355e+00 -9.868293605640694743e-02
2.074999999999999289e+00 -9.752779453938771603e-02
2.125000000000000000e+00 -9.788899207324811003e-02
2.175000000000000711e+00 -1.085835178990979810e-01
2.225000000000001421e+00 -1.151286437283516872e-01
2.275000000000000355e+00 -1.105486387683932148e-01
2.324999999999999289e+00 -1.069842006298625109e-01
2.375000000000000000e+00 -1.084371685823636994e-01
2.425000000000000711e+00 -1.031437002719599177e-01
2.475000000000001421e+00 -1.011539055507917340e-01
2.525000000000000355e+00 -1.058116219485832205e-01
2.574999999999999289e+00 -1.042010528361625860e-01
2.625000000000000000e+00 -9.996179471873353761e-02
2.675000000000000711e+00 -9.764381854977238762e-02
2.725000000000001421e+00 -9.567099928627521843e-02
2.775000000000000355e+00 -8.252979962951877135e-02
2.824999999999999289e+00 -7.689476607193981850e-02
2.875000000000000000e+00 -6.687072709894471834e-02
2.925000000000000711e+00 -4.326195543406932686e-02
2.975000000000001421e+00 -2.943344737418058729e-02
3.025000000000000355e+00 -1.353705140619325745e-02
3.074999999999999289e+00 1.167112085569497765e-03
3.125000000000000000e+00 2.171000508038538682e-02
3.175000000000000711e+00 3.010324576872278751e-02
3.225000000000001421e+00 5.225629777632683631e-02
3.275000000000000355e+00 7.130554666737226599e-02
3.324999999999999289e+00 9.753960581163953480e-02
3.375000000000000000e+00 1.104717561748366078e-01
3.425000000000000711e+00 1.175837712704996957e-01
3.475000000000001421e+00 1.348235946119256679e-01
3.525000000000000355e+00 1.415639603065620977e-01
3.575000000000001066e+00 1.456063574700035557e-01
3.625000000000000000e+00 1.587406358024726072e-01
3.675000000000000711e+00 1.875550805675239019e-01
3.725000000000001421e+00 1.995644377450578044e-01
3.775000000000000355e+00 2.184051028196265232e-01
3.825000000000001066e+00 2.273789647677141312e-01
3.875000000000000000e+00 2.489455981511913274e-01
3.925000000000000711e+00 2.477131077276169546e-01
3.975000000000001421e+00 2.613647678055990298e-01
4.025000000000000355e+00 2.641365125948834103e-01
4.075000000000001066e+00 2.692385521750467192e-01
4.125000000000000000e+00 2.797846898125357362e-01
4.175000000000000711e+00 2.767768758355611536e-01
4.225000000000001421e+00 2.859503728915978593e-01
4.275000000000000355e+00 2.952542945742106517e-01
4.325000000000001066e+00 2.961773232715479987e-01
4.375000000000000000e+00 2.756330859492063801e-01
4.425000000000000711e+00 2.824379245949359407e-01
4.475000000000001421e+00 2.567280513308674017e-01
4.525000000000000355e+00 2.342842833079966935e-01
4.575000000000001066e+00 2.201431288932653441e-01
4.625000000000000000e+00 2.044387926115319998e-01
4.675000000000000711e+00 1.842989588230541098e-01
4.725000000000001421e+00 1.667574640511116368e-01
4.775000000000000355e+00 1.459470184316437325e-01
4.825000000000001066e+00 1.198274311486518112e-01
4.875000000000000000e+00 9.951242914229824210e-02
4.925000000000000711e+00 5.979357428925986817e-02
4.975000000000001421e+00 2.861397551622779645e-02
5.025000000000000355e+00 5.974338103005289021e-04
5.075000000000001066e+00 -7.808008003920009245e-03
5.125000000000000000e+00 -2.517463468925917880e-02
5.175000000000000711e+00 -2.667635956352363419e-02
5.225000000000001421e+00 -3.352360339301583420e-02
5.275000000000000355e+00 -3.794893566707600169e-02
5.325000000000001066e+00 -6.684626905022916787e-02
5.375000000000000000e+00 -7.943110532950790892e-02
5.425000000000000711e+00 -8.656408635253214079e-02
5.475000000000001421e+00 -9.470860127125248218e-02
5.525000000000000355e+00 -1.050824491311576764e-01
5.575000000000001066e+00 -1.131845829466570363e-01
5.625000000000000000e+00 -1.243425098195988510e-01
5.675000000000000711e+00 -1.348205253725563435e-01
5.725000000000001421e+00 -1.413178758577942062e-01
5.775000000000000355e+00 -1.418872476347363687e-01
5.825000000000001066e+00 -1.316930389559164694e-01
5.875000000000000000e+00 -1.263188150412936916e-01
5.925000000000000711e+00 -1.299428163532628244e-01
5.975000000000001421e+00 -1.252562994041831468e-01
6.025000000000000355e+00 -1.324198365497245844e-01
6.075000000000001066e+00 -1.306206171506161806e-01
6.125000000000000000e+00 -1.238340636543114326e-01
6.175000000000000711e+00 -1.172940668226239297e-01
6.225000000000001421e+00 -1.197529878092890299e-01
6.275000000000000355e+00 -1.021900765804481803e-01
6.325000000000001066e+00 -1.050184556759607146e-01
6.375000000000000000e+00 -1.107883041787093986e-01
6.425000000000000711e+00 -1.081900374822598737e-01
6.475000000000001421e+00 -9.953404596806443572e-02
6.525000000000000355e+00 -9.533249588315903522e-02
6.575000000000001066e+00 -8.128715755999423032e-02
6.625000000000000000e+00 -7.492439223185343167e-02
6.675000000000000711e+00 -6.667740811528659328e-02
6.725000000000001421e+00 -6.108020253189963555e-02
6.775000000000000355e+00 -5.202619963393360220e-02
6.825000000000001066e+00 -4.407155697232845171e-02
6.875000000000000000e+00 -3.368196928671807200e-02
6.925000000000000711e+00 -2.400603628753153126e-02
6.975000000000001421e+00 -1.268382999257440351e-02
7.025000000000000355e+00 -1.691442715629030286e-02
7.075000000000001066e+00 -1.505697587567240807e-02
7.125000000000000000e+00 -6.106678407896382402e-03
7.175000000000000711e+00 2.592931844837662752e-04
7.225000000000001421e+00 8.815671344893517142e-03
7.275000000000000355e+00 1.737504226368145194e-02
7.325000000000001066e+00 1.972194527180768514e-02
7.375000000000000000e+00 1.605937903854908616e-02
7.425000000000000711e+00 1.985120688453285986e-02
7.475000000000001421e+00 2.408295408993197523e-02
7.525000000000000355e+00 2.608574053617864624e-02
7.575000000000001066e+00 2.679323302481577754e-02
7.625000000000000000e+00 3.172844624397654772e-02
7.675000000000000711e+00 3.399951729050201127e-02
7.725000000000001421e+00 3.191963594558516054e-02
7.775000000000000355e+00 3.418661396569433464e-02
7.825000000000001066e+00 3.840233941348004248e-02
7.875000000000000000e+00 4.074602666154483743e-02
7.925000000000000711e+00 3.738645801344482600e-02
7.975000000000001421e+00 2.823242828269059354e-02
8.025000000000000355e+00 2.196679384826794035e-02
8.075000000000001066e+00 2.440362381265188604e-02
8.125000000000000000e+00 1.956134863736629440e-02
8.175000000000000711e+00 1.886841776522949626e-02
8.225000000000001421e+00 2.512261509748405994e-02
8.275000000000000355e+00 3.124173028722978737e-02
8.325000000000001066e+00 2.179881284045741621e-02
8.375000000000000000e+00 2.236191152931717163e-02
8.425000000000000711e+00 1.948286626421413814e-02
8.475000000000001421e+00 7.039074940585620874e-03
8.525000000000000355e+00 -7.533989060330984399e-04
8.575000000000001066e+00 7.783958990021488510e-04
8.625000000000000000e+00 8.610637272820305171e-04
8.675000000000000711e+00 -2.274551632344667604e-03
8.725000000000001421e+00 7.404828709205459026e-05
8.775000000000000355e+00 -8.328408217973050018e-03
8.825000000000001066e+00 -1.301251826288378835e-02
8.875000000000000000e+00 -1.994642106047344113e-02
8.925000000000000711e+00 -2.142531004731900585e-02
8.975000000000001421e+00 -2.828749992188939535e-02
9.025000000000000355e+00 -1.740671110051153145e-02
9.075000000000001066e+00 -1.880567174467309005e-02
9.125000000000000000e+00 -2.186642379456884763e-02
9.175000000000000711e+00 -2.343418163855375339e-02
9.225000000000001421e+00 -1.655365409682900760e-02
9.275000000000000355e+00 -2.054374951362518756e-02
9.325000000000001066e+00 -2.652714072304682841e-02
9.375000000000000000e+00 -2.026094038108681300e-02
9.425000000000000711e+00 -2.021549344148248009e-02
9.475000000000001421e+00 -2.172618178207450651e-02
9.525000000000000355e+00 -2.458069918387444444e-02
9.575000000000001066e+00 -1.814969249286129196e-02
9.625000000000000000e+00 -1.934440718730386088e-02
9.675000000000000711e+00 -1.792963787117685462e-02
9.725000000000001421e+00 -1.600311126880029494e-02
9.775000000000000355e+00 -7.596091055999566223e-03
9.825000000000001066e+00 -5.941830685489791174e-03
9.875000000000000000e+00 -9.479401981212377121e-03
9.925000000000000711e+00 -9.423026822357273569e-03
9.975000000000001421e+00 -1.161797547218164188e-02
1.002499999999999858e+01 -1.631795126523094552e-02
1.007500000000000284e+01 -1.692360752261130863e-02
1.012500000000000000e+01 -6.245672837786741746e-03
1.017500000000000071e+01 5.886036640259098215e-04
1.022500000000000142e+01 2.992948119254634862e-03
1.027499999999999858e+01 9.876843472556373973e-03
1.032500000000000284e+01 1.062724916248001389e-02
1.037500000000000000e+01 1.465901774662761205e-02
1.042500000000000071e+01 1.420317861048161698e-02
1.047500000000000142e+01 1.553901765079111069e-02
1.052499999999999858e+01 9.109518390538086721e-03
1.057500000000000284e+01 1.349035443659651889e-02
1.062500000000000000e+01 3.236796429741773101e-03
1.067500000000000071e+01 5.935597049981211799e-03
1.072500000000000142e+01 5.223010091012270789e-03
1.077499999999999858e+01 1.149405442172053531e-02
1.082500000000000284e+01 1.735947512758215933e-02
1.087500000000000000e+01 2.071961211615800519e-02
1.092500000000000071e+01 1.532915116023758628e-02
1.097500000000000142e+01 1.719849537310942644e-02
1.102499999999999858e+01 1.874220485100508427e-02
1.107500000000000284e+01 1.446630728030662283e-02
1.112500000000000000e+01 1.440545435654065794e-02
1.117500000000000071e+01 1.838516771634814834e-02
1.122500000000000142e+01 1.960412462066827427e-02
1.127499999999999858e+01 2.008650368706739464e-02
1.132500000000000284e+01 1.590018903627665736e-02
1.137500000000000000e+01 2.631870311808377771e-02
1.142500000000000071e+01 2.721132115361051679e-02
1.147500000000000142e+01 2.809672605244557808e-02
1.152499999999999858e+01 2.843433238521804463e-02
1.157500000000000284e+01 2.923327812580396243e-02
1.162500000000000000e+01 2.377081218493444503e-02
1.167500000000000071e+01 1.991473748497014917e-02
1.172500000000000142e+01 2.041271958263699698e-02
1.177499999999999858e+01 1.578396786632616650e-02
1.182500000000000284e+01 1.587138230144873388e-02
1.187500000000000000e+01 1.091768150261209804e-02
1.192500000000000071e+01 1.105341155263488313e-02
1.197500000000000142e+01 5.686340756379594172e-03
1.202499999999999858e+01 5.710990389524894968e-03
1.207500000000000284e+01 4.095174954816372705e-03
1.212500000000000000e+01 1.307715488038851829e-03
1.217500000000000071e+01 1.793442757524133988e-04
1.222500000000000142e+01 3.372658991729361180e-05
1.227499999999999858e+01 -6.190584395701037752e-03
1.232500000000000284e+01 -4.864589321140756241e-03
1.237500000000000000e+01 -1.520008552026652898e-03
1.242500000000000071e+01 -2.440487299036320310e-03
1.247500000000000142e+01 -2.477347672353857278e-05
1.252499999999999858e+01 5.345952740325544093e-03
1.257500000000000284e+01 5.337256061094920213e-03
1.262500000000000000e+01 8.384790977160961126e-03
1.267500000000000071e+01 6.578798889173499004e-03
1.272500000000000142e+01 4.573703984121380885e-03
1.277499999999999858e+01 3.443358080874147752e-03
1.282500000000000284e+01 1.847972129219498192e-04
1.287500000000000000e+01 -2.992771345406453412e-03
1.292500000000000071e+01 3.298241040713634979e-04
1.297500000000000142e+01 2.555476685626700915e-03
1.302499999999999858e+01 -3.689611705726392448e-03
1.307500000000000284e+01 -5.039238904839041504e-04
1.312500000000000000e+01 -1.067675826060110640e-03
1.317500000000000426e+01 -2.474306623946986861e-03
1.322500000000000142e+01 -6.276432490949801837e-03
1.327499999999999858e+01 -2.095658813912493201e-03
1.332500000000000284e+01 3.989841174181662413e-04
1.337500000000000000e+01 -3.563201341794553379e-03
1.342500000000000426e+01 -7.297446897284487997e-03
1.347500000000000142e+01 1.367633083453867341e-03
1.352499999999999858e+01 -1.262866057935246411e-04
1.357500000000000284e+01 -3.139510185501137758e-03
1.362500000000000000e+01 -4.847874168379106945e-03
1.367500000000000426e+01 -4.254683583663165965e-03
1.372500000000000142e+01 -8.806836622008873405e-03
1.377499999999999858e+01 -5.236363165754908885e-03
1.382500000000000284e+01 -6.483615720725302654e-04
1.387500000000000000e+01 4.299024768461734598e-03
1.392500000000000426e+01 5.143059937580290314e-02
1.397500000000000142e+01 3.156497493874411697e-01
1.402499999999999858e+01 1.065500348231851691e+00
1.407500000000000284e+01 2.548925062301464539e+00
1.412500000000000000e+01 9.666697183469423749e+00
1.417500000000000426e+01 1.674208516095508159e+01
1.422500000000000142e+01 2.359619622567047159e+01
1.427499999999999858e+01 2.996476401072016316e+01
1.432500000000000284e+01 3.559581727120922778e+01
1.437500000000000000e+01 3.559581727120922778e+01
1.442500000000000426e+01 3.559581727120922778e+01
1.447500000000000142e+01 3.559581727120922778e+01
1.452499999999999858e+01 3.559581727120922778e+01
1.457500000000000284e+01 3.559581727120922778e+01
1.462500000000000000e+01 3.559581727120922778e+01
1.467500000000000426e+01 3.559581727120922778e+01
1.472500000000000142e+01 3.559581727120922778e+01
1.477499999999999858e+01 3.559581727120922778e+01
1.482500000000000284e+01 3.559581727120922778e+01
1.487500000000000000e+01 3.559581727120922778e+01
1.492500000000000426e+01 3.559581727120922778e+01
1.497500000000000142e+01 3.559581727120922778e+01
1.502499999999999858e+01 3.559581727120922778e+01
1.507500000000000284e+01 3.559581727120922778e+01
1.512500000000000000e+01 3.559581727120922778e+01
1.517500000000000426e+01 3.559581727120922778e+01
1.522500000000000142e+01 3.559581727120922778e+01
1.527499999999999858e+01 3.559581727120922778e+01
1.532500000000000284e+01 3.559581727120922778e+01
1.537500000000000000e+01 3.559581727120922778e+01
1.542500000000000426e+01 3.559581727120922778e+01
1.547500000000000142e+01 3.559581727120922778e+01
1.552499999999999858e+01 3.559581727120922778e+01
1.557500000000000284e+01 3.559581727120922778e+01
1.562500000000000000e+01 3.559581727120922778e+01
1.567500000000000426e+01 3.559581727120922778e+01
1.572500000000000142e+01 3.559581727120922778e+01
1.577499999999999858e+01 3.559581727120922778e+01
1.582500000000000284e+01 3.559581727120922778e+01
1.587500000000000000e+01 3.559581727120922778e+01
1.592500000000000426e+01 3.559581727120922778e+01
1.597500000000000142e+01 3.559581727120922778e+01
1.602499999999999858e+01 3.559581727120922778e+01
1.607500000000000284e+01 3.559581727120922778e+01
1.612500000000000000e+01 3.559581727120922778e+01
1.617500000000000426e+01 3.559581727120922778e+01
1.622500000000000142e+01 3.559581727120922778e+01
1.627499999999999858e+01 3.559581727120922778e+01
1.632500000000000284e+01 3.559581727120922778e+01
1.637500000000000000e+01 3.559581727120922778e+01
1.642500000000000426e+01 3.559581727120922778e+01
1.647500000000000142e+01 3.559581727120922778e+01
1.652499999999999858e+01 3.559581727120922778e+01
1.657500000000000284e+01 3.559581727120922778e+01
1.662500000000000000e+01 3.559581727120922778e+01
1.667500000000000426e+01 3.559581727120922778e+01
1.672500000000000142e+01 3.559581727120922778e+01
1.677499999999999858e+01 3.559581727120922778e+01
1.682500000000000284e+01 3.559581727120922778e+01
1.687500000000000000e+01 3.559581727120922778e+01
1.692500000000000426e+01 3.559581727120922778e+01
1.697500000000000142e+01 3.559581727120922778e+01
1.702499999999999858e+01 3.559581727120922778e+01
1.707500000000000284e+01 3.559581727120922778e+01
1.712500000000000000e+01 3.559581727120922778e+01
1.717500000000000426e+01 3.559581727120922778e+01
1.722500000000000142e+01 3.559581727120922778e+01
1.727499999999999858e+01 3.559581727120922778e+01
1.732500000000000284e+01 3.559581727120922778e+01
1.737500000000000000e+01 3.559581727120922778e+01
1.742500000000000426e+01 3.559581727120922778e+01
1.747500000000000142e+01 3.559581727120922778e+01
1.752499999999999858e+01 3.559581727120922778e+01
1.757500000000000284e+01 3.559581727120922778e+01
1.762500000000000000e+01 3.559581727120922778e+01
1.767500000000000426e+01 3.559581727120922778e+01
1.772500000000000142e+01 3.559581727120922778e+01
1.777499999999999858e+01 3.559581727120922778e+01
1.782500000000000284e+01 3.559581727120922778e+01
1.787500000000000000e+01 3.559581727120922778e+01
1.792500000000000426e+01 3.559581727120922778e+01
1.797500000000000142e+01 3.559581727120922778e+01
1.802499999999999858e+01 3.559581727120922778e+01
1.807500000000000284e+01 3.559581727120922778e+01
1.812500000000000000e+01 3.559581727120922778e+01
1.817500000000000426e+01 3.559581727120922778e+01
1.822500000000000142e+01 3.559581727120922778e+01
1.827499999999999858e+01 3.559581727120922778e+01
1.832500000000000284e+01 3.559581727120922778e+01
1.837500000000000000e+01 3.559581727120922778e+01
1.842500000000000426e+01 3.559581727120922778e+01
1.847500000000000142e+01 3.559581727120922778e+01
1.852499999999999858e+01 3.559581727120922778e+01
1.857500000000000284e+01 3.559581727120922778e+01
1.862500000000000000e+01 3.559581727120922778e+01
1.867500000000000426e+01 3.559581727120922778e+01
1.872500000000000142e+01 3.559581727120922778e+01
1.877499999999999858e+01 3.559581727120922778e+01
1.882500000000000284e+01 3.559581727120922778e+01
1.887500000000000000e+01 3.559581727120922778e+01
1.892500000000000426e+01 3.559581727120922778e+01
1.897500000000000142e+01 3.559581727120922778e+01
1.902499999999999858e+01 3.559581727120922778e+01
1.907500000000000284e+01 3.559581727120922778e+01
1.912500000000000000e+01 3.559581727120922778e+01
1.917500000000000426e+01 3.559581727120922778e+01
1.922500000000000142e+01 3.559581727120922778e+01
1.927499999999999858e+01 3.559581727120922778e+01
1.932500000000000284e+01 3.559581727120922778e+01
1.937500000000000000e+01 3.559581727120922778e+01
1.942500000000000426e+01 3.559581727120922778e+01
1.947500000000000142e+01 3.559581727120922778e+01
1.952499999999999858e+01 3.559581727120922778e+01
1.957500000000000284e+01 3.559581727120922778e+01
1.962500000000000000e+01 3.559581727120922778e+01
1.967500000000000426e+01 3.559581727120922778e+01
1.972500000000000142e+01 3.559581727120922778e+01
1.977499999999999858e+01 3.559581727120922778e+01
1.982500000000000284e+01 3.559581727120922778e+01
1.987500000000000000e+01 3.559581727120922778e+01
1.992500000000000426e+01 3.559581727120922778e+01
1.997500000000000142e+01 3.559581727120922778e+01
2.002499999999999858e+01 3.559581727120922778e+01
2.007500000000000284e+01 3.559581727120922778e+01
2.012500000000000000e+01 3.559581727120922778e+01
2.017500000000000426e+01 3.559581727120922778e+01
2.022500000000000142e+01 3.559581727120922778e+01
2.027499999999999858e+01 3.559581727120922778e+01
2.032500000000000284e+01 3.559581727120922778e+01
2.037500000000000000e+01 3.559581727120922778e+01
2.042500000000000426e+01 3.559581727120922778e+01
2.047500000000000142e+01 3.559581727120922778e+01
2.052499999999999858e+01 3.559581727120922778e+01
2.057500000000000284e+01 3.559581727120922778e+01
2.062500000000000000e+01 3.559581727120922778e+01
2.067500000000000426e+01 3.559581727120922778e+01
2.072500000000000142e+01 3.559581727120922778e+01
2.077499999999999858e+01 3.559581727120922778e+01
2.082500000000000284e+01 3.559581727120922778e+01
2.087500000000000000e+01 3.559581727120922778e+01
2.092500000000000426e+01 3.559581727120922778e+01
2.097500000000000142e+01 3.559581727120922778e+01
2.102499999999999858e+01 3.559581727120922778e+01
2.107500000000000284e+01 3.559581727120922778e+01
2.112500000000000000e+01 3.559581727120922778e+01
2.117500000000000426e+01 3.559581727120922778e+01
2.122500000000000142e+01 3.559581727120922778e+01
2.127499999999999858e+01 3.559581727120922778e+01
2.132500000000000284e+01 3.559581727120922778e+01
2.137500000000000000e+01 3.559581727120922778e+01
2.142500000000000426e+01 3.559581727120922778e+01
2.147500000000000142e+01 3.559581727120922778e+01
2.152499999999999858e+01 3.559581727120922778e+01
2.157500000000000284e+01 3.559581727120922778e+01
2.162500000000000000e+01 3.559581727120922778e+01
2.167500000000000426e+01 3.559581727120922778e+01
2.172500000000000142e+01 3.559581727120922778e+01
2.177499999999999858e+01 3.559581727120922778e+01
2.182500000000000284e+01 3.559581727120922778e+01
2.187500000000000000e+01 3.559581727120922778e+01
2.192500000000000426e+01 3.559581727120922778e+01
2.197500000000000142e+01 3.559581727120922778e+01
2.202499999999999858e+01 3.559581727120922778e+01
2.207500000000000284e+01 3.559581727120922778e+01
2.212500000000000000e+01 3.559581727120922778e+01
2.217500000000000426e+01 3.559581727120922778e+01
2.222500000000000142e+01 3.559581727120922778e+01
2.227499999999999858e+01 3.559581727120922778e+01
2.232500000000000284e+01 3.559581727120922778e+01
2.237500000000000000e+01 3.559581727120922778e+01
2.242500000000000426e+01 3.559581727120922778e+01
2.247500000000000142e+01 3.559581727120922778e+01
2.252499999999999858e+01 3.559581727120922778e+01
2.257500000000000284e+01 3.559581727120922778e+01
2.262500000000000000e+01 3.559581727120922778e+01
2.267500000000000426e+01 3.559581727120922778e+01
2.272500000000000142e+01 3.559581727120922778e+01
2.277499999999999858e+01 3.559581727120922778e+01
2.282500000000000284e+01 3.559581727120922778e+01
2.287500000000000000e+01 3.559581727120922778e+01
2.292500000000000426e+01 3.559581727120922778e+01
2.297500000000000142e+01 3.559581727120922778e+01
2.302499999999999858e+01 3.559581727120922778e+01
2.307500000000000284e+01 3.559581727120922778e+01
2.312500000000000000e+01 3.559581727120922778e+01
2.317500000000000426e+01 3.559581727120922778e+01
2.322500000000000142e+01 3.559581727120922778e+01
2.327499999999999858e+01 3.559581727120922778e+01
2.332500000000000284e+01 3.559581727120922778e+01
2.337500000000000000e+01 3.559581727120922778e+01
2.342500000000000426e+01 3.559581727120922778e+01
2.347500000000000142e+01 3.559581727120922778e+01
2.352499999999999858e+01 3.559581727120922778e+01
2.357500000000000284e+01 3.559581727120922778e+01
2.362500000000000000e+01 3.559581727120922778e+01
2.367500000000000426e+01 3.559581727120922778e+01
2.372500000000000142e+01 3.559581727120922778e+01
2.377499999999999858e+01 3.559581727120922778e+01
2.382500000000000284e+01 3.559581727120922778e+01
2.387500000000000000e+01 3.559581727120922778e+01
2.392500000000000426e+01 2.847665381696738507e+01
2.397500000000000142e+01 2.135749036272553880e+01
