# r_minus_2Rs_A PMF_over_kBT
-8.248999999999995225e-01 2.863539213919088411e+01
-8.107613859999993622e-01 3.815982167979956330e+01
-7.966227719999992019e-01 4.763656692474808807e+01
-7.824841579999990415e-01 5.700475672195855026e+01
-7.683455449999989639e-01 5.660968730126625559e+01
-7.542069309999988036e-01 5.583344959118662842e+01
-7.400683169999986433e-01 5.446528604734567836e+01
-7.259297029999984829e-01 5.228657480875028085e+01
-7.117910889999983226e-01 4.913064213227064414e+01
-6.976524750000017150e-01 4.494438684439929688e+01
-6.835138610000015547e-01 3.982779062310647333e+01
-6.693752480000014771e-01 3.402670084417197671e+01
-6.552366340000013167e-01 2.788535298664865891e+01
-6.410980200000011564e-01 2.176741887205543691e+01
-6.269594060000009961e-01 1.597654463836355987e+01
-6.128207920000008357e-01 1.069936775517039607e+01
-5.986821780000006754e-01 5.990233164111945285e+00
-5.845435640000005151e-01 1.803363306402702815e+00
-5.704049500000003547e-01 -1.953669082530608225e+00
-5.562663370000002772e-01 -5.366789824151499744e+00
-5.421277230000001168e-01 -8.490686469870276198e+00
-5.279891089999999565e-01 -1.134910642537302650e+01
-5.138504949999997962e-01 -1.394974106259245517e+01
-4.997118809999996358e-01 -1.629891386537910947e+01
-4.855732669999994755e-01 -1.840822056924036687e+01
-4.714346529999993152e-01 -2.029780452183107897e+01
-4.572960399999992376e-01 -2.199154546637617003e+01
-4.431574259999990772e-01 -2.351240496104622935e+01
-4.290188119999989169e-01 -2.487960663420486895e+01
-4.148801979999987566e-01 -2.610705825360860288e+01
-4.007415839999985963e-01 -2.720625130049770490e+01
-3.866029699999984359e-01 -2.818728057499271955e+01
-3.724643559999982756e-01 -2.905899973808732284e+01
-3.583257430000017507e-01 -2.983021997431075789e+01
-3.441871290000015904e-01 -3.050969890913845717e+01
-3.300485150000014301e-01 -3.110522733172304655e+01
-3.159099010000012697e-01 -3.162413523137935556e+01
-3.017712870000011094e-01 -3.207285707093038951e+01
-2.876326730000009491e-01 -3.245946684372046320e+01
-2.734940590000007887e-01 -3.279192398091689142e+01
-2.593554460000007111e-01 -3.307633690493435097e+01
-2.452168320000005508e-01 -3.331474987895870044e+01
-2.310782180000003905e-01 -3.350775969337591675e+01
-2.169396040000002301e-01 -3.365787431871004287e+01
-2.028009900000000698e-01 -3.377126138199306382e+01
-1.886623759999999095e-01 -3.385668109224246081e+01
-1.745237619999997492e-01 -3.391754259872704580e+01
-1.603851489999996716e-01 -3.395298618681317038e+01
-1.462465349999995112e-01 -3.396179154618601359e+01
-1.321079209999993509e-01 -3.394641876912118761e+01
-1.179693069999991906e-01 -3.391223215442102656e+01
-1.038306929999990302e-01 -3.386269405370013885e+01
-8.969207899999886990e-02 -3.379965471360929996e+01
-7.555346499999870957e-02 -3.372377121392464971e+01
-6.141485099999854924e-02 -3.363524634621224862e+01
-4.727623799999847165e-02 -3.353446996331089736e+01
-3.313762399999831132e-02 -3.342345534103031923e+01
-1.899901000000170370e-02 -3.330396784350113393e+01
-4.860396000001543371e-03 -3.317734949747674023e+01
9.278217999998616961e-03 -3.304597078414137457e+01
2.341683199999877729e-02 -3.291359349795140332e+01
3.755544599999893762e-02 -3.278217005701713305e+01
5.169405899999901521e-02 -3.265094355534822768e+01
6.583267299999917554e-02 -3.251710314957979620e+01
7.997128699999933588e-02 -3.238010980068491307e+01
9.410990099999949621e-02 -3.224249292535473899e+01
1.082485149999996565e-01 -3.210433067329435630e+01
1.223871289999998169e-01 -3.196634908778529649e+01
1.365257429999999772e-01 -3.182795369848243894e+01
1.506643560000000548e-01 -3.169009284560710071e+01
1.648029700000002151e-01 -3.155355192856295687e+01
1.789415840000003755e-01 -3.141806921168322475e+01
1.930801980000005358e-01 -3.128510739130036100e+01
2.072188120000006961e-01 -3.115480208229918446e+01
2.213574260000008564e-01 -3.102567185775285807e+01
2.354960400000010168e-01 -3.089585586816158980e+01
2.496346530000010944e-01 -3.076419444908061251e+01
2.637732670000012547e-01 -3.063296580107868294e+01
2.779118810000014150e-01 -3.050405372275218951e+01
2.920504950000015754e-01 -3.037782586775863791e+01
3.061891090000017357e-01 -3.025223232058866074e+01
3.203277229999983433e-01 -3.012383095543728828e+01
3.344663369999985036e-01 -2.999268802622482255e+01
3.486049499999985812e-01 -2.985849595457476013e+01
3.627435639999987416e-01 -2.972302282459819978e+01
3.768821779999989019e-01 -2.958679185666638745e+01
3.910207919999990622e-01 -2.944963238895195445e+01
4.051594059999992226e-01 -2.931358802610244041e+01
4.192980199999993829e-01 -2.917943154544438755e+01
4.334366339999995432e-01 -2.904740767112692623e+01
4.475752479999997036e-01 -2.891607122759799253e+01
4.617138609999997811e-01 -2.878403384414788491e+01
4.758524749999999415e-01 -2.865285199381042602e+01
4.899910890000001018e-01 -2.852438194100580304e+01
5.041297030000002621e-01 -2.839896114430190011e+01
5.182683170000004225e-01 -2.827505202530484496e+01
5.324069310000005828e-01 -2.814922097691956537e+01
5.465455450000007431e-01 -2.802065826776420110e+01
5.606841580000008207e-01 -2.789081241183897930e+01
5.748227720000009811e-01 -2.776119698720114926e+01
5.889613860000011414e-01 -2.763306673812727254e+01
6.031000000000013017e-01 -2.750642934300916664e+01
6.172386140000014620e-01 -2.738072576021214388e+01
6.313772280000016224e-01 -2.725596868778097459e+01
6.455158419999982300e-01 -2.713073695461398671e+01
6.596544549999983076e-01 -2.700243903732836159e+01
6.737930689999984679e-01 -2.687004007169354836e+01
6.879316829999986282e-01 -2.673258054082798552e+01
7.020702969999987886e-01 -2.659337431935342266e+01
7.162089109999989489e-01 -2.645460483293339138e+01
7.303475249999991092e-01 -2.631812200577865468e+01
7.444861389999992696e-01 -2.618372408329395995e+01
7.586247519999993472e-01 -2.605109356788468133e+01
7.727633659999995075e-01 -2.592200057562888915e+01
7.869019799999996678e-01 -2.579692947674729453e+01
8.010405939999998282e-01 -2.567402478199261751e+01
8.151792079999999885e-01 -2.554996146563881965e+01
8.293178220000001488e-01 -2.542275067045579462e+01
8.434564360000003091e-01 -2.529268496930261634e+01
8.575950500000004695e-01 -2.516213194862006475e+01
8.717336630000005471e-01 -2.503301270659112632e+01
8.858722770000007074e-01 -2.490743393688751794e+01
9.000108910000008677e-01 -2.478515248955700301e+01
9.141495050000010281e-01 -2.466568671205553187e+01
9.282881190000011884e-01 -2.454602864614819779e+01
9.424267330000013487e-01 -2.442406404154889543e+01
9.565653470000015091e-01 -2.429956842389618643e+01
9.707039600000015866e-01 -2.417394331997651591e+01
9.848425740000017470e-01 -2.405012020483346902e+01
9.989811879999983546e-01 -2.392911661238012400e+01
1.013119801999998515e+00 -2.381069892925430054e+01
1.027258415999998675e+00 -2.369199280259452678e+01
1.041397029999998836e+00 -2.357123827023841756e+01
1.055535643999998996e+00 -2.344757054336414015e+01
1.069674256999999074e+00 -2.332132424751674904e+01
1.083812870999999234e+00 -2.319561206432988953e+01
1.097951484999999394e+00 -2.307190066154727859e+01
1.112090098999999555e+00 -2.295125790763948004e+01
1.126228712999999715e+00 -2.283279393808592772e+01
1.140367326999999875e+00 -2.271370271242884797e+01
1.154505941000000036e+00 -2.259287531998391785e+01
1.168644554000000113e+00 -2.247067583388390233e+01
1.182783168000000273e+00 -2.234981473585771639e+01
1.196921782000000434e+00 -2.223067093870856326e+01
1.211060396000000594e+00 -2.211069605513342751e+01
1.225199010000000754e+00 -2.198923749117370008e+01
1.239337624000000915e+00 -2.186700942971211603e+01
1.253476238000001075e+00 -2.174425189326597874e+01
1.267614851000001153e+00 -2.162083344976708332e+01
1.281753465000001313e+00 -2.149904024496938248e+01
1.295892079000001473e+00 -2.138107343839147489e+01
1.310030693000001634e+00 -2.126652386521859128e+01
1.324169306999998241e+00 -2.115255532590923337e+01
1.338307920999998402e+00 -2.103583336955693284e+01
1.352446534999998562e+00 -2.091454015176336512e+01
1.366585148999998722e+00 -2.078819878777205332e+01
1.380723761999998800e+00 -2.065911101561173524e+01
1.394862375999998960e+00 -2.053198595646381364e+01
1.409000989999999121e+00 -2.040864486536655420e+01
1.423139603999999281e+00 -2.028752342105705608e+01
1.437278217999999441e+00 -2.016753438544682453e+01
1.451416831999999602e+00 -2.004983694802738370e+01
1.465555445999999762e+00 -1.993718968297383043e+01
1.479694058999999839e+00 -1.982949613089473928e+01
1.493832673000000000e+00 -1.972420708903818820e+01
1.507971287000000160e+00 -1.961798279362906783e+01
1.522109901000000320e+00 -1.950659778089686469e+01
1.536248515000000481e+00 -1.938810526033998016e+01
1.550387129000000641e+00 -1.926562850926778836e+01
1.564525743000000801e+00 -1.914452519825996291e+01
1.578664356000000879e+00 -1.902765606404470233e+01
1.592802970000001039e+00 -1.891298466506167486e+01
1.606941584000001200e+00 -1.879669589690123033e+01
1.621080198000001360e+00 -1.867583105770997776e+01
1.635218812000001520e+00 -1.854923169547427975e+01
1.649357426000001681e+00 -1.841836379256193723e+01
1.663496039999998288e+00 -1.828763183419133043e+01
1.677634652999998366e+00 -1.816074235039367579e+01
1.691773266999998526e+00 -1.803851674620579715e+01
1.705911880999998687e+00 -1.792059543043406578e+01
1.720050494999998847e+00 -1.780561779660797583e+01
1.734189108999999007e+00 -1.769290335738988773e+01
1.748327722999999168e+00 -1.758235181669134306e+01
1.762466336999999328e+00 -1.747398072150109272e+01
1.776604949999999405e+00 -1.736898871682014800e+01
1.790743563999999566e+00 -1.726578171824187180e+01
1.804882177999999726e+00 -1.716001030647806047e+01
1.819020791999999886e+00 -1.704763204463395354e+01
1.833159406000000047e+00 -1.692796507271578221e+01
1.847298020000000207e+00 -1.680536206758853623e+01
1.861436634000000367e+00 -1.668376908597273456e+01
1.875575248000000528e+00 -1.656540736620338450e+01
1.889713861000000605e+00 -1.645104730505428492e+01
1.903852475000000766e+00 -1.633909145019894282e+01
1.917991089000000926e+00 -1.622640772083670058e+01
1.932129703000001086e+00 -1.610970422621287312e+01
1.946268317000001247e+00 -1.598899454713483337e+01
1.960406931000001407e+00 -1.586545415623872479e+01
1.974545545000001567e+00 -1.574135666696744629e+01
1.988684158000001645e+00 -1.562051439705638067e+01
2.002822771999998253e+00 -1.550515282421983265e+01
2.016961385999998413e+00 -1.539382254726039534e+01
2.031099999999998573e+00 -1.528197830476829466e+01
2.045238613999998734e+00 -1.516752193116192515e+01
2.059377227999998894e+00 -1.505103394426712171e+01
2.073515841999999054e+00 -1.493318664352529446e+01
2.087654454999999132e+00 -1.481593435713968177e+01
2.101793068999999292e+00 -1.470332719675542776e+01
2.115931682999999452e+00 -1.459842874531391566e+01
2.130070296999999613e+00 -1.449982022058806841e+01
2.144208910999999773e+00 -1.440339475907265054e+01
2.158347524999999933e+00 -1.430783426638139133e+01
2.172486139000000094e+00 -1.421353020099667930e+01
2.186624752000000171e+00 -1.411961990905865427e+01
2.200763366000000332e+00 -1.402382794384243070e+01
2.214901980000000492e+00 -1.392391887576387610e+01
2.229040594000000652e+00 -1.381803304383393538e+01
2.243179208000000813e+00 -1.370512693287736816e+01
2.257317822000000973e+00 -1.358758021328752363e+01
2.271456436000001133e+00 -1.346955394604083978e+01
2.285595050000001294e+00 -1.335336722337317639e+01
2.299733663000001371e+00 -1.323937100077449180e+01
2.313872277000001532e+00 -1.312829423438817855e+01
2.328010891000001692e+00 -1.302060771557864527e+01
2.342149504999998300e+00 -1.291459884705635552e+01
2.356288118999998460e+00 -1.280948341795541623e+01
2.370426732999998620e+00 -1.270599521620340511e+01
2.384565346999998781e+00 -1.260416797801170041e+01
2.398703959999998858e+00 -1.250122628874617625e+01
2.412842573999999018e+00 -1.239437542300305495e+01
2.426981187999999179e+00 -1.228257885368977398e+01
2.441119801999999339e+00 -1.216859907046824141e+01
2.455258415999999499e+00 -1.205695146463112088e+01
2.469397029999999660e+00 -1.195348751993671854e+01
2.483535643999999820e+00 -1.185894018614302681e+01
2.497674256999999898e+00 -1.176766478539315486e+01
2.511812871000000058e+00 -1.167383648219251668e+01
2.525951485000000218e+00 -1.157348631120173721e+01
2.540090099000000379e+00 -1.146912679308445426e+01
2.554228713000000539e+00 -1.136319616964791557e+01
2.568367327000000699e+00 -1.125802151035914100e+01
2.582505941000000860e+00 -1.115381892773480210e+01
2.596644554000000937e+00 -1.104854325033751650e+01
2.610783168000001098e+00 -1.094200468484817712e+01
2.624921782000001258e+00 -1.083538799004285025e+01
2.639060396000001418e+00 -1.073171735970149854e+01
2.653199010000001579e+00 -1.063078143502094619e+01
2.667337624000001739e+00 -1.053073784544542413e+01
2.681476237999998347e+00 -1.043139818821370568e+01
2.695614850999998424e+00 -1.033434683492491324e+01
2.709753464999998585e+00 -1.024138960929733777e+01
2.723892078999998745e+00 -1.015109747384862793e+01
2.738030692999998905e+00 -1.005931651385878212e+01
2.752169306999999066e+00 -9.963999559834517683e+00
2.766307920999999226e+00 -9.866802308622789397e+00
2.780446534999999386e+00 -9.772318804527911240e+00
2.794585148999999547e+00 -9.681943161331444614e+00
2.808723761999999624e+00 -9.592676341502139437e+00
2.822862375999999784e+00 -9.503456268982059640e+00
2.837000989999999945e+00 -9.413579193319904448e+00
2.851139604000000105e+00 -9.324601373773020896e+00
2.865278218000000265e+00 -9.236636898480620417e+00
2.879416832000000426e+00 -9.147214636636730845e+00
2.893555446000000586e+00 -9.053918167145889484e+00
2.907694059000000664e+00 -8.955821408211818380e+00
2.921832673000000824e+00 -8.856234661934559327e+00
2.935971287000000984e+00 -8.757544838153922484e+00
2.950109901000001145e+00 -8.658437973990610104e+00
2.964248515000001305e+00 -8.557430299300879284e+00
2.978387129000001465e+00 -8.457706444960091829e+00
2.992525743000001626e+00 -8.366083995815490226e+00
3.006664356000001703e+00 -8.284668754874696006e+00
3.020802969999998311e+00 -8.206432251185617588e+00
3.034941583999998471e+00 -8.121676042007422325e+00
3.049080197999998632e+00 -8.025113009425535182e+00
3.063218811999998792e+00 -7.919807292548666666e+00
3.077357425999998952e+00 -7.812294622155828705e+00
3.091496039999999113e+00 -7.706078838321728242e+00
3.105634652999999190e+00 -7.600891902457118654e+00
3.119773266999999350e+00 -7.494703678272554903e+00
3.133911880999999511e+00 -7.389306992215818326e+00
3.148050494999999671e+00 -7.287832375694704545e+00
3.162189108999999831e+00 -7.192022611916293329e+00
3.176327722999999992e+00 -7.101893743476625609e+00
3.190466337000000152e+00 -7.015884359909127177e+00
3.204604950000000230e+00 -6.932230891804795903e+00
3.218743564000000390e+00 -6.848834146063797590e+00
3.232882178000000550e+00 -6.763049027489175913e+00
3.247020792000000711e+00 -6.673630066173797282e+00
3.261159406000000871e+00 -6.581645960911306936e+00
3.275298020000001031e+00 -6.489760598122886748e+00
3.289436634000001192e+00 -6.400596845406000490e+00
3.303575248000001352e+00 -6.313329949849913802e+00
3.317713861000001430e+00 -6.225055113871238888e+00
3.331852475000001590e+00 -6.132470679126241109e+00
3.345991089000001750e+00 -6.036839438458835083e+00
3.360129702999998358e+00 -5.941501302901745163e+00
3.374268316999998518e+00 -5.848585000218437635e+00
3.388406930999998679e+00 -5.756641969513670354e+00
3.402545544999998839e+00 -5.663527507914176695e+00
3.416684157999998916e+00 -5.567435145168944999e+00
3.430822771999999077e+00 -5.469230766402410460e+00
3.444961385999999237e+00 -5.373531754468826804e+00
3.459099999999999397e+00 -5.284812855754152494e+00
3.473238613999999558e+00 -5.204378091043476040e+00
3.487377227999999718e+00 -5.126566841471810854e+00
3.501515841999999878e+00 -5.044933174010447274e+00
3.515654454999999956e+00 -4.954542832837057986e+00
3.529793069000000116e+00 -4.856569977075409383e+00
3.543931683000000277e+00 -4.754154087938837314e+00
3.558070297000000437e+00 -4.649782963036458661e+00
3.572208911000000597e+00 -4.547532484617645920e+00
3.586347525000000758e+00 -4.450829396542784977e+00
3.600486139000000918e+00 -4.362932143361083703e+00
3.614624752000000996e+00 -4.282806107004012652e+00
3.628763366000001156e+00 -4.206524849071581862e+00
3.642901980000001316e+00 -4.130260608609808592e+00
3.657040594000001477e+00 -4.050839821015116193e+00
3.671179208000001637e+00 -3.968904881267826479e+00
3.685317821999998245e+00 -3.886548946839278873e+00
3.699456435999998405e+00 -3.802201426107632898e+00
3.713595049999998565e+00 -3.714443507394018962e+00
3.727733662999998643e+00 -3.621446033665987052e+00
3.741872276999998803e+00 -3.523827137193856096e+00
3.756010890999998963e+00 -3.423778458867815289e+00
3.770149504999999124e+00 -3.323916592853810581e+00
3.784288118999999284e+00 -3.228948552983606834e+00
3.798426732999999444e+00 -3.139831772391346476e+00
3.812565346999999605e+00 -3.055609952712454724e+00
3.826703959999999682e+00 -2.971930032723256954e+00
3.840842573999999843e+00 -2.883879965114312771e+00
3.854981188000000003e+00 -2.791694384681329577e+00
3.869119802000000163e+00 -2.699079743456794578e+00
3.883258416000000324e+00 -2.613961919694324454e+00
3.897397030000000484e+00 -2.538407177449771179e+00
3.911535644000000644e+00 -2.468616768349243706e+00
3.925674257000000722e+00 -2.400189732783465590e+00
3.939812871000000882e+00 -2.329674801381936167e+00
3.953951485000001043e+00 -2.257614790402436622e+00
3.968090099000001203e+00 -2.182609200367278568e+00
3.982228713000001363e+00 -2.105978696103995684e+00
3.996367327000001524e+00 -2.028693183623458740e+00
4.010505941000001684e+00 -1.950543078688015131e+00
4.024644554000001762e+00 -1.870196987012883172e+00
4.038783167999998369e+00 -1.786398675469814235e+00
4.052921781999998529e+00 -1.701980790545992051e+00
4.067060395999998690e+00 -1.620156969624064969e+00
4.081199009999998850e+00 -1.545969932451834783e+00
4.095337623999999010e+00 -1.481093235582175538e+00
4.109476237999999171e+00 -1.420276290751339987e+00
4.123614850999999248e+00 -1.353097935580520161e+00
4.137753464999999409e+00 -1.272611785815694674e+00
4.151892078999999569e+00 -1.183107484746670934e+00
4.166030692999999729e+00 -1.096218761648479534e+00
4.180169306999999890e+00 -1.019649078463274350e+00
4.194307921000000050e+00 -9.511961283263172806e-01
4.208446535000000210e+00 -8.851596624947289937e-01
4.222585149000000371e+00 -8.155578092790396472e-01
4.236723762000000448e+00 -7.426117289710891800e-01
4.250862376000000609e+00 -6.721674556363718134e-01
4.265000990000000769e+00 -6.114137479153474164e-01
4.279139604000000929e+00 -5.603508815065273430e-01
4.293278218000001090e+00 -5.127312462123446712e-01
4.307416832000001250e+00 -4.608706814556088882e-01
4.321555446000001410e+00 -4.015214151334530190e-01
4.335694059000001488e+00 -3.355349440197533117e-01
4.349832673000001648e+00 -2.665872301215349016e-01
4.363971286999998256e+00 -2.017534478828342526e-01
4.378109900999998416e+00 -1.479196484140790635e-01
4.392248514999998577e+00 -1.095145207336448295e-01
4.406387128999998737e+00 -8.267654103489972817e-02
4.420525742999998897e+00 -5.766826663665843011e-02
4.434664355999998975e+00 -2.268455136463032318e-02
4.448802969999999135e+00 2.780691069131435711e-02
4.462941583999999295e+00 9.307532638983791184e-02
4.477080197999999456e+00 1.664659360688910683e-01
4.491218811999999616e+00 2.393360609157575425e-01
4.505357425999999776e+00 3.070631610570432879e-01
4.519496039999999937e+00 3.653601481384107785e-01
4.533634653000000014e+00 4.111489280420445591e-01
4.547773267000000175e+00 4.418773974673086968e-01
4.561911881000000335e+00 4.600292409980113462e-01
4.576050495000000495e+00 4.720441985833012111e-01
4.590189109000000656e+00 4.848269657805724941e-01
4.604327723000000816e+00 5.004887426162932806e-01
4.618466337000000976e+00 5.176232701852090390e-01
4.632604950000001054e+00 5.352085813020792671e-01
4.646743564000001214e+00 5.527891005823413195e-01
4.660882178000001375e+00 5.733025391061588039e-01
4.675020792000001535e+00 5.985565571102828830e-01
4.689159406000001695e+00 6.299047511558092394e-01
4.703298019999998303e+00 6.628291302632571824e-01
4.717436633999998463e+00 6.923109790086398041e-01
4.731575247999998624e+00 7.157938060131243674e-01
4.745713860999998701e+00 7.330576466422737969e-01
4.759852474999998861e+00 7.461735381425260716e-01
4.773991088999999022e+00 7.585832987808072136e-01
4.788129702999999182e+00 7.743081281197845556e-01
4.802268316999999342e+00 7.952408177307728199e-01
4.816406930999999503e+00 8.210070859111600061e-01
4.830545544999999663e+00 8.476460429472952862e-01
4.844684157999999741e+00 8.706315280906670173e-01
4.858822771999999901e+00 8.855580814406139867e-01
4.872961386000000061e+00 8.937506299907198581e-01
4.887100000000000222e+00 9.014668809701806840e-01
4.901238614000000382e+00 9.157817098216499696e-01
4.915377228000000542e+00 9.376378574676469402e-01
4.929515842000000703e+00 9.602912572812128955e-01
4.943654455000000780e+00 9.758244712829597933e-01
4.957793069000000941e+00 9.800994062734151857e-01
4.971931683000001101e+00 9.720132349200197863e-01
4.986070297000001261e+00 9.525854251725290878e-01
5.000208911000001422e+00 9.265267266281682623e-01
5.014347525000001582e+00 9.004553683569984646e-01
5.028486139000001742e+00 8.811268488214227812e-01
5.042624751999998267e+00 8.711429917438664461e-01
5.056763365999998427e+00 8.662848035419112858e-01
5.070901979999998588e+00 8.578253778423968745e-01
5.085040593999998748e+00 8.403822385464027045e-01
5.099179207999998908e+00 8.153202059318804817e-01
5.113317821999999069e+00 7.903812215857339840e-01
5.127456435999999229e+00 7.738332808146779485e-01
5.141595049999999389e+00 7.686009301659156856e-01
5.155733662999999467e+00 7.741261507259219465e-01
5.169872276999999627e+00 7.853142188029735848e-01
5.184010890999999788e+00 7.969496321355779012e-01
5.198149504999999948e+00 8.035661115025984902e-01
5.212288119000000108e+00 8.008079891649503290e-01
5.226426733000000269e+00 7.884050106124742552e-01
5.240565347000000429e+00 7.684185741715078288e-01
5.254703960000000507e+00 7.454477286371267164e-01
5.268842574000000667e+00 7.238820710748731235e-01
5.282981188000000827e+00 7.059301370041712875e-01
5.297119802000000988e+00 6.917414305858228252e-01
5.311258416000001148e+00 6.801868427110283610e-01
5.325397030000001308e+00 6.703547154724347479e-01
5.339535644000001469e+00 6.637657522936338816e-01
5.353674257000001546e+00 6.620390977947215871e-01
5.367812871000001707e+00 6.649522675552337336e-01
5.381951484999998314e+00 6.671906675352516913e-01
5.396090098999998474e+00 6.643969181819144865e-01
5.410228712999998635e+00 6.561415787660251908e-01
5.424367326999998795e+00 6.446885333308784993e-01
5.438505940999998955e+00 6.343518937685470593e-01
5.452644553999999033e+00 6.275400609799757223e-01
5.466783167999999193e+00 6.252626615770074947e-01
5.480921781999999354e+00 6.267271022127142155e-01
5.495060395999999514e+00 6.295727542722401315e-01
5.509199009999999674e+00 6.324544691988041034e-01
5.523337623999999835e+00 6.341142800681123237e-01
5.537476237999999995e+00 6.335005115033732759e-01
5.551614851000000073e+00 6.317686734640078905e-01
5.565753465000000233e+00 6.301255626494300932e-01
5.579892079000000393e+00 6.313053058729671818e-01
5.594030693000000554e+00 6.349196959097689330e-01
5.608169307000000714e+00 6.386583578921450899e-01
5.622307921000000874e+00 6.392356620152548352e-01
5.636446535000001035e+00 6.365972564727316874e-01
5.650585149000001195e+00 6.338825124853795234e-01
5.664723762000001273e+00 6.310046116489662626e-01
5.678862376000001433e+00 6.266887479282475804e-01
5.693000990000001593e+00 6.181511652667595058e-01
5.707139604000001754e+00 6.062694658494578448e-01
5.721278217999998361e+00 5.930242496310189626e-01
5.735416831999998521e+00 5.788899822990682953e-01
5.749555445999998682e+00 5.631717552024433360e-01
5.763694058999998759e+00 5.456765135676052703e-01
5.777832672999998920e+00 5.276867067102023467e-01
5.791971286999999080e+00 5.126299762780833769e-01
5.806109900999999240e+00 5.023489175930985207e-01
5.820248514999999401e+00 4.963210267019692035e-01
5.834387128999999561e+00 4.925402730830050757e-01
5.848525742999999721e+00 4.882730026192128037e-01
5.862664355999999799e+00 4.807958522994735806e-01
5.876802969999999959e+00 4.678221410362676802e-01
5.890941584000000120e+00 4.481084189487762326e-01
5.905080198000000280e+00 4.242227316348360366e-01
5.919218812000000440e+00 4.054220775119432019e-01
5.933357426000000601e+00 3.987402278061911720e-01
5.947496040000000761e+00 4.057211357555132736e-01
5.961634653000000839e+00 4.195377123520601104e-01
5.975773267000000999e+00 4.320486234455600538e-01
5.989911881000001159e+00 4.394492272142601630e-01
6.004050495000001320e+00 4.422320088055209930e-01
6.018189109000001480e+00 4.419247843185207802e-01
6.032327723000001640e+00 4.388742301627080455e-01
6.046466336999998248e+00 4.332199275220069978e-01
6.060604949999998325e+00 4.249761796557957605e-01
6.074743563999998486e+00 4.160291011331445077e-01
6.088882177999998646e+00 4.040753006060384678e-01
6.103020791999998806e+00 3.867976924434278208e-01
6.117159405999998967e+00 3.639711108578396193e-01
6.131298019999999127e+00 3.405776589367993101e-01
6.145436633999999287e+00 3.231763769879165693e-01
6.159575247999999448e+00 3.145601848929094335e-01
6.173713860999999525e+00 3.116933902386733735e-01
6.187852474999999686e+00 3.074636676841109306e-01
6.201991088999999846e+00 2.966408021455417265e-01
6.216129703000000006e+00 2.767835581235331133e-01
6.230268317000000167e+00 2.513745100925390830e-01
6.244406931000000327e+00 2.245886511589839929e-01
6.258545545000000487e+00 2.012776065803905112e-01
6.272684158000000565e+00 1.847116343698746443e-01
6.286822772000000725e+00 1.760042789941174135e-01
6.300961386000000886e+00 1.712953238776755427e-01
6.315100000000001046e+00 1.656356853714567312e-01
6.329238614000001206e+00 1.554775403102640896e-01
6.343377228000001367e+00 1.388835934561711560e-01
6.357515842000001527e+00 1.191167368126275078e-01
6.371654455000001605e+00 9.895590995497607900e-02
6.385793069000001765e+00 8.375755485569887082e-02
6.399931682999998372e+00 7.481786734559985053e-02
6.414070296999998533e+00 7.021740028712977755e-02
6.428208910999998693e+00 6.723843732331739875e-02
6.442347524999998853e+00 6.105289531519630247e-02
6.456486138999999014e+00 4.844715877707864854e-02
6.470624751999999091e+00 2.817691951716009766e-02
6.484763365999999252e+00 2.700027230377583139e-03
6.498901979999999412e+00 -2.362784817490866385e-02
6.513040593999999572e+00 -4.477869277346494675e-02
6.527179207999999733e+00 -5.556869881741968720e-02
6.541317821999999893e+00 -5.643563822608990699e-02
6.555456436000000053e+00 -5.081354032476544103e-02
6.569595050000000214e+00 -4.514250683789692437e-02
6.583733663000000291e+00 -4.532864917111704278e-02
6.597872277000000452e+00 -5.403358646505770219e-02
6.612010891000000612e+00 -6.988574815970594045e-02
6.626149505000000772e+00 -8.450585707275355685e-02
6.640288119000000933e+00 -8.961305765148826208e-02
6.654426733000001093e+00 -8.229570856786121158e-02
6.668565347000001253e+00 -6.526964778862520689e-02
6.682703960000001331e+00 -4.547046270640109356e-02
6.696842574000001491e+00 -2.789362685216071475e-02
6.710981188000001652e+00 -1.622854397756157141e-02
6.725119801999998259e+00 -1.291061366813768888e-02
6.739258415999998419e+00 -1.575904075918306904e-02
6.753397029999998580e+00 -2.186102540589847723e-02
6.767535643999998740e+00 -2.959346106495885920e-02
6.781674256999998818e+00 -3.992568503241026440e-02
6.795812870999998978e+00 -5.376768377044172098e-02
6.809951484999999138e+00 -7.257006958372613781e-02
6.824090098999999299e+00 -9.690286916850372745e-02
6.838228712999999459e+00 -1.219737223151528271e-01
6.852367326999999619e+00 -1.402936034999662240e-01
6.866505940999999780e+00 -1.467258818330480774e-01
6.880644553999999857e+00 -1.420275901927456064e-01
6.894783168000000018e+00 -1.305518331116211073e-01
6.908921782000000178e+00 -1.150890704562724381e-01
6.923060396000000338e+00 -9.750012068383875907e-02
6.937199010000000499e+00 -7.884259670445339929e-02
6.951337624000000659e+00 -6.213915622443148823e-02
6.965476238000000819e+00 -4.897561993607387615e-02
6.979614851000000897e+00 -3.831046979633730143e-02
6.993753465000001057e+00 -3.057849392945281505e-02
7.007892079000001218e+00 -2.668989407755736204e-02
7.022030693000001378e+00 -3.100848021871982496e-02
7.036169307000001538e+00 -4.568766419174371402e-02
7.050307921000001699e+00 -6.833143085453248500e-02
7.064446534999998306e+00 -9.254512306535764288e-02
7.078585148999998466e+00 -1.095277432911920673e-01
7.092723761999998544e+00 -1.162600562713933527e-01
7.106862375999998704e+00 -1.133622834750589448e-01
7.121000989999998865e+00 -1.026762281021179890e-01
7.135139603999999025e+00 -8.607475374287075487e-02
7.149278217999999185e+00 -6.547695364017040720e-02
7.163416831999999346e+00 -4.649834729140777528e-02
7.177555445999999506e+00 -3.610620089942646882e-02
7.191694058999999584e+00 -3.706093018329188749e-02
7.205832672999999744e+00 -4.695995046679494328e-02
7.219971286999999904e+00 -5.914397317365664014e-02
7.234109901000000065e+00 -6.913871763313157726e-02
7.248248515000000225e+00 -7.629558160693386548e-02
7.262387129000000385e+00 -8.271920997599715997e-02
7.276525743000000546e+00 -9.130919388991641517e-02
7.290664356000000623e+00 -1.043079421134732315e-01
7.304802970000000784e+00 -1.253217103479269956e-01
7.318941584000000944e+00 -1.535805293156862206e-01
7.333080198000001104e+00 -1.842418032795608840e-01
7.347218812000001265e+00 -2.113538111961557608e-01
7.361357426000001425e+00 -2.286053387057087327e-01
7.375496040000001585e+00 -2.344050679637750823e-01
7.389634653000001663e+00 -2.322619848492924743e-01
7.403773266999998270e+00 -2.298048150759631203e-01
7.417911880999998431e+00 -2.345386762979302098e-01
7.432050494999998591e+00 -2.470694144189333197e-01
7.446189108999998751e+00 -2.643409386659267279e-01
7.460327722999998912e+00 -2.807637424127626957e-01
7.474466336999999072e+00 -2.931734434337016637e-01
7.488604949999999150e+00 -2.998301561520122505e-01
7.502743563999999310e+00 -2.996540865579753188e-01
7.516882177999999470e+00 -2.924909936736135307e-01
7.531020791999999631e+00 -2.786478162935767666e-01
7.545159405999999791e+00 -2.603884993062131059e-01
7.559298019999999951e+00 -2.402547774101198852e-01
7.573436634000000112e+00 -2.225562006991784192e-01
7.587575248000000272e+00 -2.109235867473628900e-01
7.601713861000000350e+00 -2.058218847404932605e-01
7.615852475000000510e+00 -2.055871947058503790e-01
7.629991089000000670e+00 -2.073354285802520847e-01
7.644129703000000831e+00 -2.081813822721561846e-01
7.658268317000000991e+00 -2.057925422095910339e-01
7.672406931000001151e+00 -1.995392236376609396e-01
7.686545545000001312e+00 -1.933083353728702325e-01
7.700684158000001389e+00 -1.930509845487833331e-01
7.714822772000001549e+00 -2.012207230606873620e-01
7.728961386000001710e+00 -2.136695955804282787e-01
7.743099999999998317e+00 -2.213238705215588020e-01
7.757238613999998478e+00 -2.182252634840343430e-01
7.771377227999998638e+00 -2.057174893194411991e-01
7.785515841999998798e+00 -1.918103968808584914e-01
7.799654454999998876e+00 -1.836511450311052729e-01
7.813793068999999036e+00 -1.808002464284967636e-01
7.827931682999999197e+00 -1.790153789408523155e-01
7.842070296999999357e+00 -1.724814059818828016e-01
7.856208910999999517e+00 -1.603504892580775165e-01
7.870347524999999678e+00 -1.459921370516082395e-01
7.884486138999999838e+00 -1.328327060452245689e-01
7.898624751999999916e+00 -1.217144441019778756e-01
7.912763366000000076e+00 -1.128925660555234883e-01
7.926901980000000236e+00 -1.093896885498253368e-01
7.941040594000000397e+00 -1.134539665961599442e-01
7.955179208000000557e+00 -1.223844370956209959e-01
7.969317822000000717e+00 -1.293998464794133274e-01
7.983456436000000878e+00 -1.296201377176527669e-01
7.997595050000001038e+00 -1.235868900039385210e-01
8.011733663000001116e+00 -1.133690923360397562e-01
8.025872277000001276e+00 -9.819768882096369111e-02
8.040010891000001436e+00 -7.656778627183886965e-02
8.054149505000001596e+00 -5.103207253648042035e-02
8.068288119000001757e+00 -2.819823496907265803e-02
8.082426732999998364e+00 -1.476012221564815090e-02
8.096565346999998525e+00 -1.188813302018824382e-02
8.110703959999998602e+00 -1.428223391525070343e-02
8.124842573999998763e+00 -1.100254939567217073e-02
8.138981187999998923e+00 3.964908795957455823e-03
8.153119801999999083e+00 2.682084205315031153e-02
8.167258415999999244e+00 4.750252843333650082e-02
8.181397029999999404e+00 5.836165656933900436e-02
8.195535643999999564e+00 6.069122507156639312e-02
8.209674256999999642e+00 6.018553826068166052e-02
8.223812870999999802e+00 6.243942009733179782e-02
8.237951484999999963e+00 6.919582938965025687e-02
8.252090099000000123e+00 8.070102328931956503e-02
8.266228713000000283e+00 9.668524558688791626e-02
8.280367327000000444e+00 1.159297850591265305e-01
8.294505941000000604e+00 1.342293695944126175e-01
8.308644554000000682e+00 1.465958021205958917e-01
8.322783168000000842e+00 1.496461839614298128e-01
8.336921782000001002e+00 1.447030202672235644e-01
8.351060396000001163e+00 1.375978696080994157e-01
8.365199010000001323e+00 1.331647304476699101e-01
8.379337624000001483e+00 1.315368910270109382e-01
8.393476238000001644e+00 1.313259855438850821e-01
8.407614851000001721e+00 1.323308186408004017e-01
8.421753464999998329e+00 1.349797704520566133e-01
8.435892078999998489e+00 1.382112407916231689e-01
8.450030692999998649e+00 1.386124215620879174e-01
8.464169306999998810e+00 1.344909478195681629e-01
8.478307920999998970e+00 1.274353397015109413e-01
8.492446534999999130e+00 1.207785925766593493e-01
8.506585148999999291e+00 1.185649462313674435e-01
8.520723761999999368e+00 1.218050955823658937e-01
8.534862375999999529e+00 1.285911942532832197e-01
8.549000989999999689e+00 1.390039026786228649e-01
8.563139603999999849e+00 1.546497551456731401e-01
8.577278218000000010e+00 1.791017095324297370e-01
8.591416832000000170e+00 2.124671234441042889e-01
8.605555446000000330e+00 2.502136300729299601e-01
8.619694059000000408e+00 2.843527785234390426e-01
8.633832673000000568e+00 3.071527014526343469e-01
8.647971287000000729e+00 3.148100954390156692e-01
8.662109901000000889e+00 3.059596725840117992e-01
8.676248515000001049e+00 2.864670202784698749e-01
8.690387129000001210e+00 2.660873660453819123e-01
8.704525743000001370e+00 2.547879670522981144e-01
8.718664356000001447e+00 2.557241522450309223e-01
8.732802970000001608e+00 2.648928447796971564e-01
8.746941584000001768e+00 2.762242891941397716e-01
8.761080197999998376e+00 2.846190584157958781e-01
8.775218811999998536e+00 2.874535293418377657e-01
8.789357425999998696e+00 2.854559749309141248e-01
8.803496039999998857e+00 2.823394790128877507e-01
8.817634652999998934e+00 2.803176635902980829e-01
8.831773266999999095e+00 2.822761984486608644e-01
8.845911880999999255e+00 2.882546480219569385e-01
8.860050494999999415e+00 2.966046938643103204e-01
8.874189108999999576e+00 3.057020043404061194e-01
8.888327722999999736e+00 3.133955728619959302e-01
8.902466336999999896e+00 3.182720733509173949e-01
8.916604949999999974e+00 3.194014866123507379e-01
8.930743564000000134e+00 3.162139060442754057e-01
8.944882178000000295e+00 3.062030593285088864e-01
8.959020792000000455e+00 2.895424201381567864e-01
8.973159406000000615e+00 2.685121702144392941e-01
8.987298020000000776e+00 2.479575990952926356e-01
9.001436634000000936e+00 2.319966069617424576e-01
9.015575248000001096e+00 2.236846918209707269e-01
9.029713861000001174e+00 2.255393881375553633e-01
9.043852475000001334e+00 2.372478430879413624e-01
9.057991089000001494e+00 2.576801320970242282e-01
9.072129703000001655e+00 2.857036123646246040e-01
9.086268316999998262e+00 3.172281796889085403e-01
9.100406930999998423e+00 3.428688439735256277e-01
9.114545544999998583e+00 3.567987529994111062e-01
9.128684157999998661e+00 3.582023616275916700e-01
9.142822771999998821e+00 3.547091754529887453e-01
9.156961385999998981e+00 3.549314747576227669e-01
9.171099999999999142e+00 3.626684347058516389e-01
9.185238613999999302e+00 3.751029520766711589e-01
9.199377227999999462e+00 3.838068864231587440e-01
9.213515841999999623e+00 3.832505850447986973e-01
9.227654454999999700e+00 3.722202822248744103e-01
9.241793068999999861e+00 3.548452936805415736e-01
9.255931683000000021e+00 3.372475742112920893e-01
9.270070297000000181e+00 3.275599283766368330e-01
9.284208911000000342e+00 3.318045787375586420e-01
9.298347525000000502e+00 3.490201367479658368e-01
9.312486139000000662e+00 3.711220295625068388e-01
9.326624752000000740e+00 3.883583613190270678e-01
9.340763366000000900e+00 3.941643885072363962e-01
9.354901980000001060e+00 3.900369608421231371e-01
9.369040594000001221e+00 3.808687979774454391e-01
9.383179208000001381e+00 3.715060628209864713e-01
9.397317822000001541e+00 3.639325991716475528e-01
9.411456436000001702e+00 3.563914384080201225e-01
9.425595049999998309e+00 3.490975776353538729e-01
9.439733662999998387e+00 3.416965360111217653e-01
9.453872276999998547e+00 3.352021848407910065e-01
9.468010890999998708e+00 3.283065291336081937e-01
9.482149504999998868e+00 3.174174552210912159e-01
9.496288118999999028e+00 3.011895319410567429e-01
9.510426732999999189e+00 2.818088649149513292e-01
9.524565346999999349e+00 2.630475795727183486e-01
9.538703959999999427e+00 2.470544949437064874e-01
9.552842573999999587e+00 2.353454905412680209e-01
9.566981187999999747e+00 2.299885677708234932e-01
9.581119801999999908e+00 2.346353200575173048e-01
9.595258416000000068e+00 2.513213892821160589e-01
9.609397030000000228e+00 2.796445854424416955e-01
9.623535644000000389e+00 3.153699047516470566e-01
9.637674257000000466e+00 3.517838550553176735e-01
9.651812871000000627e+00 3.813216076676475552e-01
9.665951485000000787e+00 3.997301247969744509e-01
9.680090099000000947e+00 4.055055639763646136e-01
9.694228713000001108e+00 3.998518197711433131e-01
9.708367327000001268e+00 3.873262601230713642e-01
9.722505941000001428e+00 3.736494081487447549e-01
9.736644554000001506e+00 3.650570357109365616e-01
9.750783168000001666e+00 3.623812059021756515e-01
9.764921781999998274e+00 3.602268814151550202e-01
9.779060395999998434e+00 3.542205713000292633e-01
9.793199009999998594e+00 3.420479795213668406e-01
9.807337623999998755e+00 3.256102362066771727e-01
9.821476237999998915e+00 3.088588312823574711e-01
9.835614850999998993e+00 2.965878052596065406e-01
9.849753464999999153e+00 2.939164322551436337e-01
9.863892078999999313e+00 3.005779160206417666e-01
9.878030692999999474e+00 3.140201305483050764e-01
9.892169306999999634e+00 3.297045900994864387e-01
9.906307920999999794e+00 3.436193381760416221e-01
9.920446534999999955e+00 3.537728557706572019e-01
9.934585149000000115e+00 3.609941486406284539e-01
9.948723762000000193e+00 3.689596874139079996e-01
9.962862376000000353e+00 3.814525668380817081e-01
9.977000990000000513e+00 4.046637529334861649e-01
9.991139604000000674e+00 4.488648961235360280e-01
1.000527821800000083e+01 5.247459226722442915e-01
1.001941683200000099e+01 6.421736442304238901e-01
1.003355544600000115e+01 8.129325480629923106e-01
1.004769405900000123e+01 1.052028184065353145e+00
1.006183267300000139e+01 1.377126784769019396e+00
1.007597128700000155e+01 1.800671670663708257e+00
1.009010990100000171e+01 2.330698621345631327e+00
1.010424851499999832e+01 2.971555700655973631e+00
1.011838712899999848e+01 3.722721911225469693e+00
1.013252574299999864e+01 4.580916060291828629e+00
1.014666435599999872e+01 5.539027633886690616e+00
1.016080296999999888e+01 6.588843887972689828e+00
1.017494158399999904e+01 7.721843202057992350e+00
1.018908019799999920e+01 8.939483973415963902e+00
1.020321881199999936e+01 1.025212313924388141e+01
1.021735742599999952e+01 1.167382395538021278e+01
1.023149603999999968e+01 1.321100008403373138e+01
1.024563465299999976e+01 1.485973015242011108e+01
1.025977326699999992e+01 1.661161703852355132e+01
1.027391188100000008e+01 1.845542054631562578e+01
1.028805049500000024e+01 2.038157188248503005e+01
1.030218910900000040e+01 2.238221035653166879e+01
1.031632772300000056e+01 2.445947014262198849e+01
1.033046633700000072e+01 2.662640660736453668e+01
1.034460495000000080e+01 2.890629126727265330e+01
1.035874356400000096e+01 3.132161432113849742e+01
1.037288217800000112e+01 3.388405358008241564e+01
1.038702079200000128e+01 3.658439330377112242e+01
1.040115940600000144e+01 3.938727000015133939e+01
1.041529802000000160e+01 4.223363206316729190e+01
1.042943663400000176e+01 4.504187935013054300e+01
1.044357524799999837e+01 4.771594385202177335e+01
1.045771386099999845e+01 5.015781170700789460e+01
1.047185247499999861e+01 5.228765025987281234e+01
1.048599108899999877e+01 5.405516959643541242e+01
1.050012970299999893e+01 5.544669184536696349e+01
1.051426831699999909e+01 5.648019083299470111e+01
1.052840693099999925e+01 5.719959579675749950e+01
1.054254554499999941e+01 5.766534923178997474e+01
1.055668415799999948e+01 5.794233112098456928e+01
1.057082277199999965e+01 5.809297348305859288e+01
1.058496138599999981e+01 4.846386892662209078e+01
1.059909999999999997e+01 3.879353254402539619e+01
