# r_minus_2Rs_A,    PMF_over_kBT
-5.974999999999999645e+00 2.172492897009989576e+01
-5.924999999999999822e+00 2.896657196013319435e+01
-5.875000000000000000e+00 3.620821495016649294e+01
-5.825000000000000178e+00 3.620821495016649294e+01
-5.775000000000000355e+00 3.620821495016649294e+01
-5.724999999999999645e+00 3.620821495016649294e+01
-5.674999999999999822e+00 3.620821495016649294e+01
-5.625000000000000000e+00 3.620821495016649294e+01
-5.575000000000000178e+00 3.620821495016649294e+01
-5.525000000000000355e+00 3.620821495016649294e+01
-5.474999999999999645e+00 3.620821495016649294e+01
-5.424999999999999822e+00 3.620821495016649294e+01
-5.375000000000000000e+00 3.620821495016649294e+01
-5.325000000000000178e+00 3.620821495016649294e+01
-5.275000000000000355e+00 3.620821495016649294e+01
-5.224999999999999645e+00 3.620821495016649294e+01
-5.174999999999999822e+00 3.620821495016649294e+01
-5.125000000000000000e+00 3.620821495016649294e+01
-5.075000000000000178e+00 3.620821495016649294e+01
-5.025000000000000355e+00 3.620821495016649294e+01
-4.974999999999999645e+00 3.620821495016649294e+01
-4.924999999999999822e+00 3.620821495016649294e+01
-4.875000000000000000e+00 3.620821495016649294e+01
-4.824999999999999289e+00 3.620821495016649294e+01
-4.775000000000000355e+00 3.620821495016649294e+01
-4.724999999999999645e+00 3.620821495016649294e+01
-4.674999999999999822e+00 3.620821495016649294e+01
-4.625000000000000000e+00 3.620821495016649294e+01
-4.574999999999999289e+00 3.620821495016649294e+01
-4.525000000000000355e+00 3.620821495016649294e+01
-4.474999999999999645e+00 3.620821495016649294e+01
-4.424999999999999822e+00 3.620821495016649294e+01
-4.375000000000000000e+00 3.620821495016649294e+01
-4.324999999999999289e+00 3.620821495016649294e+01
-4.275000000000000355e+00 3.620821495016649294e+01
-4.224999999999999645e+00 3.620821495016649294e+01
-4.174999999999999822e+00 3.620821495016649294e+01
-4.125000000000000000e+00 3.620821495016649294e+01
-4.074999999999999289e+00 3.620821495016649294e+01
-4.025000000000000355e+00 3.620821495016649294e+01
-3.974999999999999645e+00 3.620821495016649294e+01
-3.924999999999999822e+00 3.620821495016649294e+01
-3.875000000000000000e+00 3.620821495016649294e+01
-3.825000000000000178e+00 3.620821495016649294e+01
-3.774999999999999911e+00 3.620821495016649294e+01
-3.724999999999999645e+00 3.620821495016649294e+01
-3.674999999999999822e+00 3.620821495016649294e+01
-3.625000000000000000e+00 3.620821495016649294e+01
-3.574999999999999734e+00 3.620821495016649294e+01
-3.524999999999999911e+00 3.620821495016649294e+01
-3.474999999999999645e+00 3.620821495016649294e+01
-3.424999999999999822e+00 3.620821495016649294e+01
-3.375000000000000000e+00 3.620821495016649294e+01
-3.324999999999999734e+00 3.620821495016649294e+01
-3.274999999999999911e+00 3.620821495016649294e+01
-3.224999999999999645e+00 3.620821495016649294e+01
-3.174999999999999822e+00 3.620821495016649294e+01
-3.125000000000000000e+00 3.620821495016649294e+01
-3.074999999999999734e+00 3.620821495016649294e+01
-3.024999999999999911e+00 3.620821495016649294e+01
-2.974999999999999645e+00 3.620821495016649294e+01
-2.924999999999999822e+00 3.620821495016649294e+01
-2.875000000000000000e+00 3.620821495016649294e+01
-2.824999999999999734e+00 3.620821495016649294e+01
-2.774999999999999911e+00 3.620821495016649294e+01
-2.724999999999999645e+00 3.620821495016649294e+01
-2.674999999999999822e+00 3.620821495016649294e+01
-2.625000000000000000e+00 3.620821495016649294e+01
-2.574999999999999734e+00 3.620821495016649294e+01
-2.524999999999999911e+00 3.620821495016649294e+01
-2.474999999999999645e+00 3.620821495016649294e+01
-2.424999999999999822e+00 3.620821495016649294e+01
-2.375000000000000000e+00 3.620821495016649294e+01
-2.324999999999999734e+00 3.620821495016649294e+01
-2.274999999999999911e+00 3.620821495016649294e+01
-2.224999999999999645e+00 3.620821495016649294e+01
-2.174999999999999822e+00 3.620821495016649294e+01
-2.125000000000000000e+00 3.620821495016649294e+01
-2.074999999999999734e+00 3.620821495016649294e+01
-2.024999999999999911e+00 3.620821495016649294e+01
-1.974999999999999645e+00 3.620821495016649294e+01
-1.924999999999999822e+00 3.620821495016649294e+01
-1.875000000000000000e+00 3.620821495016649294e+01
-1.824999999999999289e+00 3.620821495016649294e+01
-1.775000000000000355e+00 3.620821495016649294e+01
-1.724999999999999645e+00 3.620821495016649294e+01
-1.674999999999999822e+00 3.620821495016649294e+01
-1.625000000000000000e+00 3.620821495016649294e+01
-1.574999999999999289e+00 3.620821495016649294e+01
-1.525000000000000355e+00 3.620821495016649294e+01
-1.474999999999999645e+00 3.620821495016649294e+01
-1.424999999999999822e+00 3.620821495016649294e+01
-1.375000000000000000e+00 3.620821495016649294e+01
-1.324999999999999289e+00 3.620821495016649294e+01
-1.275000000000000355e+00 3.620821495016649294e+01
-1.224999999999999645e+00 3.620821495016649294e+01
-1.174999999999998934e+00 3.620821495016649294e+01
-1.125000000000000000e+00 3.620821495016649294e+01
-1.074999999999999289e+00 3.620821495016649294e+01
-1.025000000000000355e+00 3.620821495016649294e+01
-9.749999999999996447e-01 3.620821495016649294e+01
-9.249999999999989342e-01 3.620821495016649294e+01
-8.750000000000000000e-01 3.620821495016649294e+01
-8.249999999999992895e-01 3.620821495016649294e+01
-7.750000000000003553e-01 3.620821495016649294e+01
-7.249999999999996447e-01 3.620821495016649294e+01
-6.749999999999989342e-01 3.620821495016649294e+01
-6.250000000000000000e-01 3.620821495016649294e+01
-5.749999999999992895e-01 3.620821495016649294e+01
-5.250000000000003553e-01 3.620821495016649294e+01
-4.749999999999996447e-01 2.988301423687638447e+01
-4.249999999999989342e-01 2.323162164457959022e+01
-3.750000000000000000e-01 1.631836365858211479e+01
-3.249999999999992895e-01 9.169737628317580658e+00
-2.750000000000003553e-01 1.870899215319699938e+00
-2.249999999999996447e-01 8.288298868527048668e-01
-1.749999999999989342e-01 7.926164352250920919e-02
-1.250000000000000000e-01 -4.131477517244768194e-01
-7.499999999999928946e-02 -6.583716069039595720e-01
-2.500000000000035527e-02 -7.462067297069716609e-01
2.500000000000035527e-02 -7.499781273152547056e-01
7.500000000000106581e-02 -7.070847945423945902e-01
1.250000000000000000e-01 -6.511663356711850925e-01
1.750000000000007105e-01 -5.888115469903554278e-01
2.249999999999996447e-01 -5.348177681120184213e-01
2.750000000000003553e-01 -4.799327818203096285e-01
3.250000000000010658e-01 -4.412704664413681366e-01
3.750000000000000000e-01 -3.902786222669550886e-01
4.250000000000007105e-01 -3.322663289724168689e-01
4.749999999999996447e-01 -2.819729302260501891e-01
5.250000000000003553e-01 -2.480834242536097967e-01
5.750000000000010658e-01 -2.087787455751300425e-01
6.250000000000000000e-01 -1.827732782134340594e-01
6.750000000000007105e-01 -1.678635724386083605e-01
7.249999999999996447e-01 -1.447058794126274417e-01
7.750000000000003553e-01 -1.253838529621535969e-01
8.250000000000010658e-01 -9.574400809351429897e-02
8.750000000000000000e-01 -8.610628029825768970e-02
9.250000000000007105e-01 -7.405963652393375563e-02
9.749999999999996447e-01 -6.169621199478001611e-02
1.025000000000000355e+00 -4.900359028385068566e-02
1.075000000000001066e+00 -4.440339976932783372e-02
1.125000000000000000e+00 -2.559995213952639265e-02
1.175000000000000711e+00 -2.522320565343072474e-02
1.224999999999999645e+00 -2.450038096152731479e-02
1.275000000000000355e+00 -1.849365688549653441e-02
1.325000000000001066e+00 -1.905150441772534078e-02
1.375000000000000000e+00 -1.961832980885951094e-02
1.425000000000000711e+00 -2.470832414671093880e-02
1.474999999999999645e+00 -3.007793315428237968e-02
1.525000000000000355e+00 -4.690089234109500599e-02
1.575000000000001066e+00 -5.557358048270124445e-02
1.625000000000000000e+00 -6.695689019741095371e-02
1.675000000000000711e+00 -7.623792038566570839e-02
1.724999999999999645e+00 -7.774886678098305581e-02
1.775000000000000355e+00 -7.794793629639258647e-02
1.825000000000001066e+00 -8.829429473710703746e-02
1.875000000000000000e+00 -9.695901992965581806e-02
1.925000000000000711e+00 -1.019211890513965074e-01
1.974999999999999645e+00 -1.246871734685239402e-01
2.025000000000000355e+00 -1.372410545126737103e-01
2.074999999999999289e+00 -1.398875831530418390e-01
2.125000000000000000e+00 -1.448072220164082491e-01
2.175000000000000711e+00 -1.512654364356151859e-01
2.225000000000001421e+00 -1.453327575626964796e-01
2.275000000000000355e+00 -1.351221220305095783e-01
2.324999999999999289e+00 -1.353377119979640442e-01
2.375000000000000000e+00 -1.236099905679822197e-01
2.425000000000000711e+00 -9.730115903684648238e-02
2.475000000000001421e+00 -7.936995235895487333e-02
2.525000000000000355e+00 -5.924345949259617744e-02
2.574999999999999289e+00 -2.607501599069728115e-02
2.625000000000000000e+00 5.256039151079148868e-03
2.675000000000000711e+00 3.395004664629652780e-02
2.725000000000001421e+00 7.206773955570433543e-02
2.775000000000000355e+00 9.604289528585177593e-02
2.824999999999999289e+00 1.216826285874091779e-01
2.875000000000000000e+00 1.339931502009733544e-01
2.925000000000000711e+00 1.515120711897974815e-01
2.975000000000001421e+00 1.736853172719087235e-01
3.025000000000000355e+00 2.070152637118081451e-01
3.074999999999999289e+00 2.300653554885052354e-01
3.125000000000000000e+00 2.697177298911047072e-01
3.175000000000000711e+00 2.969015228926459304e-01
3.225000000000001421e+00 3.186637404707081678e-01
3.275000000000000355e+00 3.366841381625889085e-01
3.324999999999999289e+00 3.547673265034209100e-01
3.375000000000000000e+00 3.588777637387363106e-01
3.425000000000000711e+00 3.695166887464427785e-01
3.475000000000001421e+00 3.903804208682579713e-01
3.525000000000000355e+00 4.090495812066102244e-01
3.575000000000001066e+00 4.278961979335307309e-01
3.625000000000000000e+00 4.539196577683413114e-01
3.675000000000000711e+00 4.778306364854554289e-01
3.725000000000001421e+00 4.807587608896277120e-01
3.775000000000000355e+00 4.810731133013561589e-01
3.825000000000001066e+00 4.808108645851273399e-01
3.875000000000000000e+00 4.780490414822608503e-01
3.925000000000000711e+00 4.677977257152473589e-01
3.975000000000001421e+00 4.670065986290332094e-01
4.025000000000000355e+00 4.714959831866444295e-01
4.075000000000001066e+00 4.773271349697921218e-01
4.125000000000000000e+00 4.735343044464404016e-01
4.175000000000000711e+00 4.588150947208728403e-01
4.225000000000001421e+00 4.415421591116864275e-01
4.275000000000000355e+00 4.265377894215614529e-01
4.325000000000001066e+00 3.917406552834830635e-01
4.375000000000000000e+00 3.747453500316872965e-01
4.425000000000000711e+00 3.582817538967131288e-01
4.475000000000001421e+00 3.277662654456041103e-01
4.525000000000000355e+00 2.855929344764761013e-01
4.575000000000001066e+00 2.530551802941432005e-01
4.625000000000000000e+00 2.083463532063273560e-01
4.675000000000000711e+00 1.605199134038819697e-01
4.725000000000001421e+00 1.228352100407537617e-01
4.775000000000000355e+00 8.770528190639126365e-02
4.825000000000001066e+00 4.644503259097128300e-02
4.875000000000000000e+00 7.746611094809443317e-04
4.925000000000000711e+00 -3.182594361170885261e-02
4.975000000000001421e+00 -6.972699852695925238e-02
5.025000000000000355e+00 -1.086318093306974930e-01
5.075000000000001066e+00 -1.274915938877782540e-01
5.125000000000000000e+00 -1.471418750205888415e-01
5.175000000000000711e+00 -1.713550170515553417e-01
5.225000000000001421e+00 -1.798550395633778942e-01
5.275000000000000355e+00 -1.906000672665651985e-01
5.325000000000001066e+00 -2.043711980711393206e-01
5.375000000000000000e+00 -2.117464744122681541e-01
5.425000000000000711e+00 -2.136985770158311426e-01
5.475000000000001421e+00 -2.155815091492993552e-01
5.525000000000000355e+00 -2.098602842593784712e-01
5.575000000000001066e+00 -2.050356682124693519e-01
5.625000000000000000e+00 -1.988855067583628622e-01
5.675000000000000711e+00 -1.958932898980975668e-01
5.725000000000001421e+00 -1.901498326439085840e-01
5.775000000000000355e+00 -1.833636977538141699e-01
5.825000000000001066e+00 -1.736715630528017640e-01
5.875000000000000000e+00 -1.628010289730241478e-01
5.925000000000000711e+00 -1.509837173199130855e-01
5.975000000000001421e+00 -1.419474310025542196e-01
6.025000000000000355e+00 -1.345483773812958528e-01
6.075000000000001066e+00 -1.278967156573823927e-01
6.125000000000000000e+00 -1.213213903488039591e-01
6.175000000000000711e+00 -1.081559931897672217e-01
6.225000000000001421e+00 -9.497914406336711857e-02
6.275000000000000355e+00 -8.050094302766623577e-02
6.325000000000001066e+00 -7.589404919718277520e-02
6.375000000000000000e+00 -6.127515417752569388e-02
6.425000000000000711e+00 -5.161799976178613886e-02
6.475000000000001421e+00 -4.172135278533489755e-02
6.525000000000000355e+00 -3.271615986016982586e-02
6.575000000000001066e+00 -2.239275661206150542e-02
6.625000000000000000e+00 -1.794200262051681705e-02
6.675000000000000711e+00 -1.039599610832162534e-02
6.725000000000001421e+00 -9.168984567438443270e-03
6.775000000000000355e+00 -6.653942962607929494e-03
6.825000000000001066e+00 6.351858750573313728e-03
6.875000000000000000e+00 1.609011361055152564e-02
6.925000000000000711e+00 2.738434696187965964e-02
6.975000000000001421e+00 3.561926363590899730e-02
7.025000000000000355e+00 3.838955628381875151e-02
7.075000000000001066e+00 3.850456030042259670e-02
7.125000000000000000e+00 3.373522238447108912e-02
7.175000000000000711e+00 3.174641924370078666e-02
7.225000000000001421e+00 3.317884093336616325e-02
7.275000000000000355e+00 3.802631723927128032e-02
7.325000000000001066e+00 4.035515896374839567e-02
7.375000000000000000e+00 4.705587151886838487e-02
7.425000000000000711e+00 5.114122355591206592e-02
7.475000000000001421e+00 5.459558510636348949e-02
7.525000000000000355e+00 5.528081853869224599e-02
7.575000000000001066e+00 5.961780676270933554e-02
7.625000000000000000e+00 6.236793074624032152e-02
7.675000000000000711e+00 5.481003272369164986e-02
7.725000000000001421e+00 4.899779485296669457e-02
7.775000000000000355e+00 4.381092630489150097e-02
7.825000000000001066e+00 3.222999087767029064e-02
7.875000000000000000e+00 2.375261847306156179e-02
7.925000000000000711e+00 1.735821403930835199e-02
7.975000000000001421e+00 5.973633070235353018e-03
8.025000000000000355e+00 2.101047796367794176e-03
8.075000000000001066e+00 3.241178950091593881e-03
8.125000000000000000e+00 -3.240966941283218977e-03
8.175000000000000711e+00 -6.404244762013888530e-03
8.225000000000001421e+00 -3.515743828708295122e-03
8.275000000000000355e+00 -8.075800709634251701e-03
8.325000000000001066e+00 -1.503080042663711494e-02
8.375000000000000000e+00 -1.705017045049395108e-02
8.425000000000000711e+00 -2.215482215205995253e-02
8.475000000000001421e+00 -2.761559142178811321e-02
8.525000000000000355e+00 -2.915159342197704354e-02
8.575000000000001066e+00 -3.024988738329881591e-02
8.625000000000000000e+00 -3.321760105877480385e-02
8.675000000000000711e+00 -3.694522806084528377e-02
8.725000000000001421e+00 -4.023721802072444120e-02
8.775000000000000355e+00 -4.199992548260667036e-02
8.825000000000001066e+00 -4.135934142043602713e-02
8.875000000000000000e+00 -4.107047751648842254e-02
8.925000000000000711e+00 -3.829746534519458401e-02
8.975000000000001421e+00 -3.593643858180648604e-02
9.025000000000000355e+00 -3.441200357611862853e-02
9.075000000000001066e+00 -3.911887101660980331e-02
9.125000000000000000e+00 -3.992833274399778393e-02
9.175000000000000711e+00 -3.640723217134685108e-02
9.225000000000001421e+00 -3.697223451874727396e-02
9.275000000000000355e+00 -3.758432347499827270e-02
9.325000000000001066e+00 -3.517372369541008070e-02
9.375000000000000000e+00 -3.616211306196888409e-02
9.425000000000000711e+00 -3.410833603988941420e-02
9.475000000000001421e+00 -3.317275019210548515e-02
9.525000000000000355e+00 -3.238532380752019713e-02
9.575000000000001066e+00 -3.137680262664482161e-02
9.625000000000000000e+00 -2.741473545209274429e-02
9.675000000000000711e+00 -2.989792398288599815e-02
9.725000000000001421e+00 -2.303832435261057507e-02
9.775000000000000355e+00 -1.763898326683168913e-02
9.825000000000001066e+00 -1.514484912489280286e-02
9.875000000000000000e+00 -1.021400563183085843e-02
9.925000000000000711e+00 -7.610037254503510332e-03
9.975000000000001421e+00 -5.531091950815892298e-03
1.002499999999999858e+01 -5.484967453277888629e-03
1.007500000000000284e+01 -2.033857798112137603e-03
1.012500000000000000e+01 1.473849649321579310e-03
1.017500000000000071e+01 6.946810721449381450e-03
1.022500000000000142e+01 2.363566610558009637e-03
1.027499999999999858e+01 3.006869000868661601e-03
1.032500000000000284e+01 7.204362962727728012e-03
1.037500000000000000e+01 1.211963555305395346e-02
1.042500000000000071e+01 1.359297256889568928e-02
1.047500000000000142e+01 1.655727064128669282e-02
1.052499999999999858e+01 2.026445924652691202e-02
1.057500000000000284e+01 2.105545447577732848e-02
1.062500000000000000e+01 1.774618096837521364e-02
1.067500000000000071e+01 1.833592346446266674e-02
1.072500000000000142e+01 2.242207837433767351e-02
1.077499999999999858e+01 2.512444667241204785e-02
1.082500000000000284e+01 2.445915947791412956e-02
1.087500000000000000e+01 1.988905069417228402e-02
1.092500000000000071e+01 1.766451960817861169e-02
1.097500000000000142e+01 1.563751238287949472e-02
1.102499999999999858e+01 1.448146015794797917e-02
1.107500000000000284e+01 1.674502051744432979e-02
1.112500000000000000e+01 1.728737219726746155e-02
1.117500000000000071e+01 1.592639359606913205e-02
1.122500000000000142e+01 1.487405401400607695e-02
1.127499999999999858e+01 1.022334522373214045e-02
1.132500000000000284e+01 7.533291266334885689e-03
1.137500000000000000e+01 7.336840230069796402e-03
1.142500000000000071e+01 5.385050140053593455e-03
1.147500000000000142e+01 4.624365158881716016e-03
1.152499999999999858e+01 6.988085471782668270e-03
1.157500000000000284e+01 5.226363005679956868e-03
1.162500000000000000e+01 3.221064188405620143e-03
1.167500000000000071e+01 -1.174591341083447784e-04
1.172500000000000142e+01 -1.729920525972517518e-03
1.177499999999999858e+01 -4.570024990727361049e-03
1.182500000000000284e+01 -6.645998503080364009e-03
1.187500000000000000e+01 -3.697307733012778017e-03
1.192500000000000071e+01 1.749031411497625971e-03
1.197500000000000142e+01 1.469972104851891004e-03
1.202499999999999858e+01 1.074091593434190080e-04
1.207500000000000284e+01 4.686412457977695740e-03
1.212500000000000000e+01 7.352444960254445050e-03
1.217500000000000071e+01 6.083867829930866833e-03
1.222500000000000142e+01 1.185413171510987275e-02
1.227499999999999858e+01 1.234066704376211160e-02
1.232500000000000284e+01 9.566529556698812747e-03
1.237500000000000000e+01 4.086011247876797717e-03
1.242500000000000071e+01 3.321344344528754430e-03
1.247500000000000142e+01 4.242345901261045083e-04
1.252499999999999858e+01 -1.930599000370136721e-03
1.257500000000000284e+01 -5.243230667549881457e-03
1.262500000000000000e+01 -2.611209604248543314e-03
1.267500000000000071e+01 -8.049309651898538557e-04
1.272500000000000142e+01 -2.002417438400527511e-03
1.277499999999999858e+01 3.330994909385865104e-03
1.282500000000000284e+01 1.882761060681659507e-03
1.287500000000000000e+01 -5.032640811837295640e-04
1.292500000000000071e+01 -1.013379360108146660e-03
1.297500000000000142e+01 5.842690057740186323e-04
1.302499999999999858e+01 -1.569777018949736376e-03
1.307500000000000284e+01 3.325063565284480747e-03
1.312500000000000000e+01 3.435210510069808612e-03
1.317500000000000426e+01 3.682848766687385738e-03
1.322500000000000142e+01 1.902720451055018094e-03
1.327499999999999858e+01 1.593385465829655562e-03
1.332500000000000284e+01 4.975920581024696017e-04
1.337500000000000000e+01 2.521149579596837845e-03
1.342500000000000426e+01 -3.101219889185102938e-04
1.347500000000000142e+01 -3.873434285701904661e-03
1.352499999999999858e+01 -3.581083257326157007e-03
1.357500000000000284e+01 -4.001848158317145542e-03
1.362500000000000000e+01 -5.428230986068528080e-03
1.367500000000000426e+01 -6.639488375463287878e-03
1.372500000000000142e+01 -6.483575463906987579e-03
1.377499999999999858e+01 -6.437507818693078906e-03
1.382500000000000284e+01 -7.309395058603485561e-03
1.387500000000000000e+01 -8.852111626280391443e-03
1.392500000000000426e+01 3.786881921756268810e-02
1.397500000000000142e+01 3.113450506522095762e-01
1.402499999999999858e+01 1.012101531574986613e+00
1.407500000000000284e+01 2.404195639363196690e+00
1.412500000000000000e+01 9.646887968852903228e+00
1.417500000000000426e+01 1.684521484281984272e+01
1.422500000000000142e+01 2.381673445866018213e+01
1.427499999999999858e+01 3.035743923194380400e+01
1.432500000000000284e+01 3.620821495016649294e+01
1.437500000000000000e+01 3.620821495016649294e+01
1.442500000000000426e+01 3.620821495016649294e+01
1.447500000000000142e+01 3.620821495016649294e+01
1.452499999999999858e+01 3.620821495016649294e+01
1.457500000000000284e+01 3.620821495016649294e+01
1.462500000000000000e+01 3.620821495016649294e+01
1.467500000000000426e+01 3.620821495016649294e+01
1.472500000000000142e+01 3.620821495016649294e+01
1.477499999999999858e+01 3.620821495016649294e+01
1.482500000000000284e+01 3.620821495016649294e+01
1.487500000000000000e+01 3.620821495016649294e+01
1.492500000000000426e+01 3.620821495016649294e+01
1.497500000000000142e+01 3.620821495016649294e+01
1.502499999999999858e+01 3.620821495016649294e+01
1.507500000000000284e+01 3.620821495016649294e+01
1.512500000000000000e+01 3.620821495016649294e+01
1.517500000000000426e+01 3.620821495016649294e+01
1.522500000000000142e+01 3.620821495016649294e+01
1.527499999999999858e+01 3.620821495016649294e+01
1.532500000000000284e+01 3.620821495016649294e+01
1.537500000000000000e+01 3.620821495016649294e+01
1.542500000000000426e+01 3.620821495016649294e+01
1.547500000000000142e+01 3.620821495016649294e+01
1.552499999999999858e+01 3.620821495016649294e+01
1.557500000000000284e+01 3.620821495016649294e+01
1.562500000000000000e+01 3.620821495016649294e+01
1.567500000000000426e+01 3.620821495016649294e+01
1.572500000000000142e+01 3.620821495016649294e+01
1.577499999999999858e+01 3.620821495016649294e+01
1.582500000000000284e+01 3.620821495016649294e+01
1.587500000000000000e+01 3.620821495016649294e+01
1.592500000000000426e+01 3.620821495016649294e+01
1.597500000000000142e+01 3.620821495016649294e+01
1.602499999999999858e+01 3.620821495016649294e+01
1.607500000000000284e+01 3.620821495016649294e+01
1.612500000000000000e+01 3.620821495016649294e+01
1.617500000000000426e+01 3.620821495016649294e+01
1.622500000000000142e+01 3.620821495016649294e+01
1.627499999999999858e+01 3.620821495016649294e+01
1.632500000000000284e+01 3.620821495016649294e+01
1.637500000000000000e+01 3.620821495016649294e+01
1.642500000000000426e+01 3.620821495016649294e+01
1.647500000000000142e+01 3.620821495016649294e+01
1.652499999999999858e+01 3.620821495016649294e+01
1.657500000000000284e+01 3.620821495016649294e+01
1.662500000000000000e+01 3.620821495016649294e+01
1.667500000000000426e+01 3.620821495016649294e+01
1.672500000000000142e+01 3.620821495016649294e+01
1.677499999999999858e+01 3.620821495016649294e+01
1.682500000000000284e+01 3.620821495016649294e+01
1.687500000000000000e+01 3.620821495016649294e+01
1.692500000000000426e+01 3.620821495016649294e+01
1.697500000000000142e+01 3.620821495016649294e+01
1.702499999999999858e+01 3.620821495016649294e+01
1.707500000000000284e+01 3.620821495016649294e+01
1.712500000000000000e+01 3.620821495016649294e+01
1.717500000000000426e+01 3.620821495016649294e+01
1.722500000000000142e+01 3.620821495016649294e+01
1.727499999999999858e+01 3.620821495016649294e+01
1.732500000000000284e+01 3.620821495016649294e+01
1.737500000000000000e+01 3.620821495016649294e+01
1.742500000000000426e+01 3.620821495016649294e+01
1.747500000000000142e+01 3.620821495016649294e+01
1.752499999999999858e+01 3.620821495016649294e+01
1.757500000000000284e+01 3.620821495016649294e+01
1.762500000000000000e+01 3.620821495016649294e+01
1.767500000000000426e+01 3.620821495016649294e+01
1.772500000000000142e+01 3.620821495016649294e+01
1.777499999999999858e+01 3.620821495016649294e+01
1.782500000000000284e+01 3.620821495016649294e+01
1.787500000000000000e+01 3.620821495016649294e+01
1.792500000000000426e+01 3.620821495016649294e+01
1.797500000000000142e+01 3.620821495016649294e+01
1.802499999999999858e+01 3.620821495016649294e+01
1.807500000000000284e+01 3.620821495016649294e+01
1.812500000000000000e+01 3.620821495016649294e+01
1.817500000000000426e+01 3.620821495016649294e+01
1.822500000000000142e+01 3.620821495016649294e+01
1.827499999999999858e+01 3.620821495016649294e+01
1.832500000000000284e+01 3.620821495016649294e+01
1.837500000000000000e+01 3.620821495016649294e+01
1.842500000000000426e+01 3.620821495016649294e+01
1.847500000000000142e+01 3.620821495016649294e+01
1.852499999999999858e+01 3.620821495016649294e+01
1.857500000000000284e+01 3.620821495016649294e+01
1.862500000000000000e+01 3.620821495016649294e+01
1.867500000000000426e+01 3.620821495016649294e+01
1.872500000000000142e+01 3.620821495016649294e+01
1.877499999999999858e+01 3.620821495016649294e+01
1.882500000000000284e+01 3.620821495016649294e+01
1.887500000000000000e+01 3.620821495016649294e+01
1.892500000000000426e+01 3.620821495016649294e+01
1.897500000000000142e+01 3.620821495016649294e+01
1.902499999999999858e+01 3.620821495016649294e+01
1.907500000000000284e+01 3.620821495016649294e+01
1.912500000000000000e+01 3.620821495016649294e+01
1.917500000000000426e+01 3.620821495016649294e+01
1.922500000000000142e+01 3.620821495016649294e+01
1.927499999999999858e+01 3.620821495016649294e+01
1.932500000000000284e+01 3.620821495016649294e+01
1.937500000000000000e+01 3.620821495016649294e+01
1.942500000000000426e+01 3.620821495016649294e+01
1.947500000000000142e+01 3.620821495016649294e+01
1.952499999999999858e+01 3.620821495016649294e+01
1.957500000000000284e+01 3.620821495016649294e+01
1.962500000000000000e+01 3.620821495016649294e+01
1.967500000000000426e+01 3.620821495016649294e+01
1.972500000000000142e+01 3.620821495016649294e+01
1.977499999999999858e+01 3.620821495016649294e+01
1.982500000000000284e+01 3.620821495016649294e+01
1.987500000000000000e+01 3.620821495016649294e+01
1.992500000000000426e+01 3.620821495016649294e+01
1.997500000000000142e+01 3.620821495016649294e+01
2.002499999999999858e+01 3.620821495016649294e+01
2.007500000000000284e+01 3.620821495016649294e+01
2.012500000000000000e+01 3.620821495016649294e+01
2.017500000000000426e+01 3.620821495016649294e+01
2.022500000000000142e+01 3.620821495016649294e+01
2.027499999999999858e+01 3.620821495016649294e+01
2.032500000000000284e+01 3.620821495016649294e+01
2.037500000000000000e+01 3.620821495016649294e+01
2.042500000000000426e+01 3.620821495016649294e+01
2.047500000000000142e+01 3.620821495016649294e+01
2.052499999999999858e+01 3.620821495016649294e+01
2.057500000000000284e+01 3.620821495016649294e+01
2.062500000000000000e+01 3.620821495016649294e+01
2.067500000000000426e+01 3.620821495016649294e+01
2.072500000000000142e+01 3.620821495016649294e+01
2.077499999999999858e+01 3.620821495016649294e+01
2.082500000000000284e+01 3.620821495016649294e+01
2.087500000000000000e+01 3.620821495016649294e+01
2.092500000000000426e+01 3.620821495016649294e+01
2.097500000000000142e+01 3.620821495016649294e+01
2.102499999999999858e+01 3.620821495016649294e+01
2.107500000000000284e+01 3.620821495016649294e+01
2.112500000000000000e+01 3.620821495016649294e+01
2.117500000000000426e+01 3.620821495016649294e+01
2.122500000000000142e+01 3.620821495016649294e+01
2.127499999999999858e+01 3.620821495016649294e+01
2.132500000000000284e+01 3.620821495016649294e+01
2.137500000000000000e+01 3.620821495016649294e+01
2.142500000000000426e+01 3.620821495016649294e+01
2.147500000000000142e+01 3.620821495016649294e+01
2.152499999999999858e+01 3.620821495016649294e+01
2.157500000000000284e+01 3.620821495016649294e+01
2.162500000000000000e+01 3.620821495016649294e+01
2.167500000000000426e+01 3.620821495016649294e+01
2.172500000000000142e+01 3.620821495016649294e+01
2.177499999999999858e+01 3.620821495016649294e+01
2.182500000000000284e+01 3.620821495016649294e+01
2.187500000000000000e+01 3.620821495016649294e+01
2.192500000000000426e+01 3.620821495016649294e+01
2.197500000000000142e+01 3.620821495016649294e+01
2.202499999999999858e+01 3.620821495016649294e+01
2.207500000000000284e+01 3.620821495016649294e+01
2.212500000000000000e+01 3.620821495016649294e+01
2.217500000000000426e+01 3.620821495016649294e+01
2.222500000000000142e+01 3.620821495016649294e+01
2.227499999999999858e+01 3.620821495016649294e+01
2.232500000000000284e+01 3.620821495016649294e+01
2.237500000000000000e+01 3.620821495016649294e+01
2.242500000000000426e+01 3.620821495016649294e+01
2.247500000000000142e+01 3.620821495016649294e+01
2.252499999999999858e+01 3.620821495016649294e+01
2.257500000000000284e+01 3.620821495016649294e+01
2.262500000000000000e+01 3.620821495016649294e+01
2.267500000000000426e+01 3.620821495016649294e+01
2.272500000000000142e+01 3.620821495016649294e+01
2.277499999999999858e+01 3.620821495016649294e+01
2.282500000000000284e+01 3.620821495016649294e+01
2.287500000000000000e+01 3.620821495016649294e+01
2.292500000000000426e+01 3.620821495016649294e+01
2.297500000000000142e+01 3.620821495016649294e+01
2.302499999999999858e+01 3.620821495016649294e+01
2.307500000000000284e+01 3.620821495016649294e+01
2.312500000000000000e+01 3.620821495016649294e+01
2.317500000000000426e+01 3.620821495016649294e+01
2.322500000000000142e+01 3.620821495016649294e+01
2.327499999999999858e+01 3.620821495016649294e+01
2.332500000000000284e+01 3.620821495016649294e+01
2.337500000000000000e+01 3.620821495016649294e+01
2.342500000000000426e+01 3.620821495016649294e+01
2.347500000000000142e+01 3.620821495016649294e+01
2.352499999999999858e+01 3.620821495016649294e+01
2.357500000000000284e+01 3.620821495016649294e+01
2.362500000000000000e+01 3.620821495016649294e+01
2.367500000000000426e+01 3.620821495016649294e+01
2.372500000000000142e+01 3.620821495016649294e+01
2.377499999999999858e+01 3.620821495016649294e+01
2.382500000000000284e+01 3.620821495016649294e+01
2.387500000000000000e+01 3.620821495016649294e+01
2.392500000000000426e+01 2.896657196013319435e+01
2.397500000000000142e+01 2.172492897009989576e+01
