# r_minus_2Rs_A,    PMF_over_kBT
-3.375000000000000000e+00 2.214204382192149723e+01
-3.324999999999999734e+00 2.952272509589532845e+01
-3.274999999999999911e+00 3.690340636986915968e+01
-3.225000000000000089e+00 3.690340636986915968e+01
-3.174999999999999822e+00 3.690340636986915968e+01
-3.125000000000000000e+00 3.690340636986915968e+01
-3.074999999999999734e+00 3.690340636986915968e+01
-3.024999999999999911e+00 3.690340636986915968e+01
-2.974999999999999645e+00 3.690340636986915968e+01
-2.924999999999999822e+00 3.690340636986915968e+01
-2.875000000000000000e+00 3.690340636986915968e+01
-2.824999999999999734e+00 3.690340636986915968e+01
-2.774999999999999911e+00 3.690340636986915968e+01
-2.724999999999999645e+00 3.690340636986915968e+01
-2.674999999999999822e+00 3.690340636986915968e+01
-2.625000000000000000e+00 3.690340636986915968e+01
-2.574999999999999734e+00 3.690340636986915968e+01
-2.524999999999999911e+00 3.690340636986915968e+01
-2.474999999999999645e+00 3.690340636986915968e+01
-2.424999999999999822e+00 3.690340636986915968e+01
-2.375000000000000000e+00 3.690340636986915968e+01
-2.324999999999999734e+00 3.690340636986915968e+01
-2.274999999999999911e+00 3.690340636986915968e+01
-2.224999999999999645e+00 3.690340636986915968e+01
-2.174999999999999822e+00 3.690340636986915968e+01
-2.125000000000000000e+00 3.690340636986915968e+01
-2.074999999999999734e+00 3.690340636986915968e+01
-2.024999999999999911e+00 3.690340636986915968e+01
-1.974999999999999645e+00 3.690340636986915968e+01
-1.924999999999999822e+00 3.690340636986915968e+01
-1.875000000000000000e+00 3.690340636986915968e+01
-1.824999999999999734e+00 3.690340636986915968e+01
-1.774999999999999911e+00 3.690340636986915968e+01
-1.724999999999999645e+00 3.690340636986915968e+01
-1.674999999999999822e+00 3.690340636986915968e+01
-1.625000000000000000e+00 3.690340636986915968e+01
-1.574999999999999734e+00 3.690340636986915968e+01
-1.524999999999999911e+00 3.690340636986915968e+01
-1.474999999999999645e+00 3.690340636986915968e+01
-1.424999999999999822e+00 3.690340636986915968e+01
-1.374999999999999556e+00 3.690340636986915968e+01
-1.324999999999999734e+00 3.690340636986915968e+01
-1.274999999999999911e+00 3.690340636986915968e+01
-1.225000000000000089e+00 3.690340636986915968e+01
-1.174999999999999822e+00 3.690340636986915968e+01
-1.124999999999999556e+00 3.690340636986915968e+01
-1.074999999999999734e+00 3.690340636986915968e+01
-1.024999999999999911e+00 3.690340636986915968e+01
-9.749999999999996447e-01 3.690340636986915968e+01
-9.249999999999998224e-01 3.690340636986915968e+01
-8.749999999999995559e-01 3.690340636986915968e+01
-8.249999999999997335e-01 3.690340636986915968e+01
-7.749999999999999112e-01 3.690340636986915968e+01
-7.249999999999996447e-01 3.690340636986915968e+01
-6.749999999999998224e-01 3.690340636986915968e+01
-6.249999999999995559e-01 3.690340636986915968e+01
-5.749999999999997335e-01 3.690340636986915968e+01
-5.249999999999999112e-01 3.690340636986915968e+01
-4.749999999999996447e-01 3.065196929642279855e+01
-4.249999999999998224e-01 2.399120143855074261e+01
-3.749999999999995559e-01 1.697237910787167792e+01
-3.249999999999997335e-01 9.766026005417506539e+00
-2.749999999999999112e-01 2.433519777731615097e+00
-2.249999999999996447e-01 1.260350985880629660e+00
-1.749999999999998224e-01 4.708817170901667404e-01
-1.249999999999995559e-01 2.523383524538651973e-02
-7.499999999999973355e-02 -2.134952038712235323e-01
-2.499999999999991118e-02 -3.139885521643875910e-01
2.500000000000035527e-02 -3.143892431812190802e-01
7.500000000000017764e-02 -2.743596144390973990e-01
1.250000000000004441e-01 -2.058490792471132924e-01
1.750000000000002665e-01 -1.494164008676325262e-01
2.250000000000000888e-01 -1.068850620959850006e-01
2.750000000000003553e-01 -5.109715506227452408e-02
3.250000000000001776e-01 -1.075916405556256832e-02
3.750000000000004441e-01 3.377576168157751801e-02
4.250000000000002665e-01 6.903320327489055608e-02
4.750000000000000888e-01 1.027009228652541878e-01
5.250000000000003553e-01 1.371865268083951317e-01
5.750000000000001776e-01 1.727946358235456781e-01
6.250000000000004441e-01 1.921547667012358518e-01
6.750000000000002665e-01 2.234520022091438241e-01
7.250000000000000888e-01 2.492370960896117815e-01
7.750000000000007994e-01 2.616443829834989021e-01
8.249999999999997335e-01 2.960427533905935493e-01
8.750000000000004441e-01 3.064594969026043225e-01
9.250000000000002665e-01 3.130455431776233977e-01
9.750000000000000888e-01 3.367376492805835286e-01
1.025000000000000799e+00 3.477502820622984103e-01
1.074999999999999734e+00 3.356266906461023436e-01
1.125000000000000444e+00 3.481181953801492646e-01
1.175000000000000266e+00 3.492812327057102650e-01
1.225000000000000089e+00 3.263504457763541922e-01
1.275000000000000799e+00 3.084790899170478662e-01
1.324999999999999734e+00 2.914550585584620990e-01
1.375000000000000444e+00 2.642030187743923397e-01
1.425000000000001155e+00 2.307229899595963640e-01
1.475000000000000089e+00 1.999073002884298178e-01
1.525000000000000799e+00 1.765362278362939408e-01
1.574999999999999734e+00 1.370613367281034722e-01
1.625000000000000444e+00 9.952909046761179712e-02
1.675000000000001155e+00 6.544236692124735799e-02
1.725000000000000089e+00 3.254805957285746704e-02
1.775000000000000799e+00 -1.008127167784280895e-02
1.824999999999999734e+00 -3.917442380086271631e-02
1.875000000000000444e+00 -6.707928705063430364e-02
1.925000000000001155e+00 -9.578830495249768262e-02
1.975000000000000089e+00 -1.223853745998624704e-01
2.025000000000000799e+00 -1.524273717590656219e-01
2.074999999999999734e+00 -1.795818923681448409e-01
2.125000000000000444e+00 -2.026164795456860956e-01
2.175000000000001155e+00 -2.243252953173936193e-01
2.225000000000000089e+00 -2.348202783022191875e-01
2.275000000000000799e+00 -2.393812345841652978e-01
2.324999999999999734e+00 -2.530456048573981875e-01
2.375000000000000444e+00 -2.629300850626133945e-01
2.425000000000001155e+00 -2.639646010606917503e-01
2.475000000000000089e+00 -2.632651816125388677e-01
2.525000000000000799e+00 -2.637915397503274306e-01
2.574999999999999734e+00 -2.551610126598962691e-01
2.625000000000000444e+00 -2.439871723564728534e-01
2.675000000000001155e+00 -2.350196749957657316e-01
2.725000000000000089e+00 -2.214280490122415845e-01
2.775000000000000799e+00 -2.113199784891410249e-01
2.824999999999999734e+00 -2.076035631604963294e-01
2.875000000000000444e+00 -2.033417303064236903e-01
2.925000000000001155e+00 -1.976231187381611021e-01
2.975000000000000089e+00 -1.919854694149080443e-01
3.025000000000000799e+00 -1.731681888014442450e-01
3.074999999999999734e+00 -1.446301782918617274e-01
3.125000000000000444e+00 -1.227162800981385915e-01
3.175000000000001155e+00 -9.797057326530735077e-02
3.225000000000000089e+00 -7.840087395146824734e-02
3.275000000000000799e+00 -6.095225550895939925e-02
3.324999999999999734e+00 -5.640057344330848960e-02
3.375000000000000444e+00 -3.657951916980941437e-02
3.425000000000001155e+00 -2.221102065150759586e-02
3.475000000000000089e+00 -7.678507320574112609e-03
3.525000000000000799e+00 -1.193381998996656534e-03
3.574999999999999734e+00 1.955902451131735081e-02
3.625000000000000444e+00 3.033679196774628425e-02
3.675000000000001155e+00 4.876795671943661564e-02
3.725000000000000089e+00 6.217869914819438432e-02
3.775000000000000799e+00 7.563457650858858294e-02
3.824999999999999734e+00 9.223676701524681498e-02
3.875000000000000444e+00 1.026493509800861514e-01
3.925000000000001155e+00 1.092117743087030191e-01
3.975000000000000089e+00 1.199407809295848920e-01
4.025000000000000355e+00 1.306223914196596725e-01
4.074999999999999289e+00 1.316727544653357451e-01
4.125000000000000000e+00 1.358954731831531204e-01
4.175000000000000711e+00 1.324921078783280193e-01
4.224999999999999645e+00 1.335340821509561349e-01
4.275000000000000355e+00 1.425273493405605219e-01
4.324999999999999289e+00 1.488892465589575775e-01
4.375000000000000000e+00 1.495518457503241527e-01
4.425000000000000711e+00 1.538333735627748777e-01
4.474999999999999645e+00 1.526830266528602376e-01
4.525000000000000355e+00 1.459891118239120544e-01
4.574999999999999289e+00 1.407066419760497067e-01
4.625000000000000000e+00 1.338608790909937563e-01
4.674999999999998934e+00 1.299001518842704261e-01
4.724999999999999645e+00 1.195477379036610499e-01
4.775000000000000355e+00 1.021807940178984381e-01
4.825000000000001066e+00 8.763510421897002800e-02
4.875000000000000000e+00 6.851323132507261549e-02
4.924999999999998934e+00 5.313184725944743864e-02
4.974999999999999645e+00 4.007616131467770654e-02
5.025000000000000355e+00 2.494338604632666961e-02
5.075000000000001066e+00 7.151090958227258529e-03
5.125000000000000000e+00 4.647449290582628817e-03
5.174999999999998934e+00 -5.624459093041168575e-03
5.224999999999999645e+00 -1.111824803751844046e-02
5.275000000000000355e+00 -1.928311241194578113e-02
5.325000000000001066e+00 -1.890782602418710281e-02
5.375000000000000000e+00 -2.318842343249763113e-02
5.424999999999998934e+00 -2.774127873712117776e-02
5.474999999999999645e+00 -3.534583062419969363e-02
5.525000000000000355e+00 -3.541943410390260144e-02
5.575000000000001066e+00 -4.105953302009020256e-02
5.625000000000000000e+00 -5.222888017754030721e-02
5.674999999999998934e+00 -5.650253286935829483e-02
5.724999999999999645e+00 -5.948276374198684102e-02
5.775000000000000355e+00 -6.407317107414307877e-02
5.825000000000001066e+00 -6.555120022585932127e-02
5.875000000000000000e+00 -6.458527681462129799e-02
5.924999999999998934e+00 -6.428260632556295762e-02
5.974999999999999645e+00 -6.523110908882578940e-02
6.025000000000000355e+00 -5.854658093149823356e-02
6.075000000000001066e+00 -5.558981248303531547e-02
6.125000000000000000e+00 -5.041188773204652307e-02
6.175000000000000711e+00 -4.746776503485925641e-02
6.224999999999999645e+00 -4.333270453432938596e-02
6.275000000000000355e+00 -4.361076705179876140e-02
6.325000000000001066e+00 -4.488982462800769624e-02
6.375000000000000000e+00 -3.662721825224472816e-02
6.425000000000000711e+00 -3.558498485817658541e-02
6.474999999999999645e+00 -3.072791215092323183e-02
6.525000000000000355e+00 -2.629192547265226873e-02
6.575000000000001066e+00 -2.163839797520452843e-02
6.625000000000000000e+00 -2.865391350977617574e-02
6.675000000000000711e+00 -2.691817701490997403e-02
6.724999999999999645e+00 -2.198940014294414880e-02
6.775000000000000355e+00 -1.549758588976217835e-02
6.825000000000001066e+00 -1.103904348195428216e-02
6.875000000000000000e+00 -7.797306874337907139e-03
6.925000000000000711e+00 -2.444254024133840630e-03
6.974999999999999645e+00 1.306894669749425692e-03
7.025000000000000355e+00 2.611506444213063018e-03
7.075000000000001066e+00 6.095528108253134118e-03
7.125000000000000000e+00 1.229561133853245350e-02
7.175000000000000711e+00 1.062060268107139008e-02
7.224999999999999645e+00 7.198232562897644016e-03
7.275000000000000355e+00 6.514782610742032680e-03
7.325000000000001066e+00 1.135083708884785346e-02
7.375000000000000000e+00 1.097267985822298828e-02
7.425000000000000711e+00 1.485285181338937867e-02
7.474999999999999645e+00 1.545654197909769254e-02
7.525000000000000355e+00 1.493355207482416520e-02
7.575000000000001066e+00 1.175991055415330847e-02
7.625000000000000000e+00 1.375980507686342877e-02
7.675000000000000711e+00 2.174576972704542893e-02
7.724999999999999645e+00 2.330550881775472760e-02
7.775000000000000355e+00 2.779303415499328328e-02
7.825000000000001066e+00 3.144280518730831198e-02
7.875000000000000000e+00 3.049932957545031798e-02
7.925000000000000711e+00 2.838832651234284021e-02
7.974999999999999645e+00 3.455295921165451450e-02
8.025000000000000355e+00 3.245521868298126972e-02
8.075000000000001066e+00 2.848449503321610551e-02
8.125000000000000000e+00 2.860739472543194148e-02
8.175000000000000711e+00 2.295085189904817399e-02
8.224999999999999645e+00 1.821364790692214797e-02
8.275000000000000355e+00 1.470342540868010625e-02
8.325000000000001066e+00 1.330561370501790602e-02
8.375000000000000000e+00 1.215789158033508954e-02
8.425000000000000711e+00 1.080509725289182689e-02
8.474999999999999645e+00 5.841417116501191296e-03
8.525000000000000355e+00 5.754595779654180995e-03
8.575000000000001066e+00 7.207244231474163425e-03
8.625000000000000000e+00 5.051246535901299586e-03
8.675000000000000711e+00 5.316551691541349448e-03
8.724999999999999645e+00 4.998004693196379106e-03
8.775000000000000355e+00 -9.548466820703532939e-04
8.825000000000001066e+00 -6.544367895829949870e-03
8.875000000000000000e+00 -5.616750558847627244e-03
8.925000000000000711e+00 -1.181070327428308635e-02
8.974999999999999645e+00 -1.421043826387133856e-02
9.025000000000000355e+00 -9.231714423517802665e-03
9.075000000000001066e+00 -1.207044253670943625e-02
9.125000000000000000e+00 -1.253891161620863774e-02
9.175000000000000711e+00 -7.408885539842201794e-03
9.224999999999999645e+00 -8.154749754337232634e-03
9.275000000000000355e+00 -8.542783417603061480e-03
9.325000000000001066e+00 -6.065197286005386511e-03
9.375000000000000000e+00 -8.668924152989277224e-03
9.425000000000000711e+00 -9.754405434469504491e-03
9.474999999999999645e+00 -7.583339098356844943e-03
9.525000000000000355e+00 -8.078355976149254047e-03
9.575000000000001066e+00 -6.272396792780555140e-03
9.625000000000000000e+00 -2.316140627038621499e-03
9.675000000000000711e+00 -2.099131276126797816e-03
9.724999999999999645e+00 7.274441864328906604e-04
9.775000000000000355e+00 2.299091500400862688e-04
9.825000000000001066e+00 2.169621569754554349e-03
9.875000000000000000e+00 5.263587246613354864e-04
9.925000000000000711e+00 1.404248855492085243e-03
9.974999999999999645e+00 -9.365365108273238743e-04
1.002500000000000036e+01 1.360623355247270226e-03
1.007500000000000107e+01 -1.046082253003177698e-03
1.012500000000000000e+01 -5.712451561074517042e-03
1.017500000000000071e+01 -5.332486286016547249e-03
1.022499999999999964e+01 -1.372975228631290786e-03
1.027500000000000036e+01 3.000375451360781653e-03
1.032500000000000107e+01 4.703993885724244879e-03
1.037500000000000000e+01 9.445882930988603113e-03
1.042500000000000071e+01 1.039850061111202532e-02
1.047499999999999964e+01 1.196342923484188317e-02
1.052500000000000036e+01 9.868140343096954564e-03
1.057500000000000107e+01 8.868996240804706555e-03
1.062500000000000000e+01 1.440882820316034124e-02
1.067500000000000071e+01 1.535940178738499744e-02
1.072499999999999964e+01 1.439589127557319194e-02
1.077500000000000036e+01 1.088834845192501212e-02
1.082500000000000107e+01 1.214724835402876228e-02
1.087500000000000000e+01 7.361232385772353837e-03
1.092500000000000071e+01 6.829267694871888304e-03
1.097499999999999964e+01 3.579316213682659596e-03
1.102500000000000036e+01 8.136972085866745266e-03
1.107500000000000107e+01 5.337233786131535124e-03
1.112500000000000000e+01 6.012638945927406553e-03
1.117500000000000071e+01 2.646602513695484656e-03
1.122499999999999964e+01 1.490771647734590033e-03
1.127500000000000036e+01 -8.962826853899487703e-04
1.132500000000000107e+01 4.166158402753694211e-04
1.137500000000000000e+01 1.990429449630326617e-03
1.142500000000000071e+01 5.232785083147817838e-03
1.147499999999999964e+01 4.541673335804931148e-03
1.152500000000000036e+01 4.453054075898421789e-03
1.157500000000000107e+01 4.715859524540278597e-03
1.162500000000000000e+01 -9.918312701202579057e-05
1.167500000000000071e+01 -2.903512616220638339e-03
1.172499999999999964e+01 -1.691734566926683843e-03
1.177500000000000036e+01 4.085401109499338531e-05
1.182500000000000107e+01 2.916792051076911446e-03
1.187500000000000000e+01 5.528322466613388997e-03
1.192500000000000071e+01 8.466698556934205283e-03
1.197499999999999964e+01 7.150224410203165001e-03
1.202500000000000036e+01 4.799994517209427332e-03
1.207500000000000107e+01 7.163387866242488774e-04
1.212500000000000000e+01 -1.676117931133094211e-04
1.217500000000000071e+01 -1.931720243033652066e-03
1.222499999999999964e+01 -6.552417607498028712e-04
1.227500000000000036e+01 6.862456843126807805e-04
1.232500000000000107e+01 1.457659787188347747e-03
1.237500000000000000e+01 4.153272037899924905e-03
1.242500000000000071e+01 3.104182030397950251e-03
1.247499999999999964e+01 3.024127056102443156e-03
1.252500000000000036e+01 2.219645981412556599e-04
1.257500000000000107e+01 -1.183117140804412857e-03
1.262499999999999822e+01 -2.483939311155225396e-03
1.267500000000000249e+01 -3.784903416864082801e-03
1.272499999999999964e+01 -4.145031517797193553e-03
1.277500000000000036e+01 -3.174410776647818445e-03
1.282500000000000107e+01 -6.703758453941334591e-04
1.287499999999999822e+01 -5.718828639945883413e-04
1.292500000000000249e+01 1.176721503610877973e-03
1.297499999999999964e+01 3.196928717920144696e-03
1.302500000000000036e+01 2.121425137467625090e-03
1.307500000000000107e+01 -6.702222576016934972e-04
1.312499999999999822e+01 -1.367987244412916100e-03
1.317500000000000249e+01 -4.939558926934851067e-03
1.322499999999999964e+01 -3.972912462704769783e-03
1.327500000000000036e+01 -5.323625806832410143e-03
1.332500000000000107e+01 1.185851960130435145e-04
1.337499999999999822e+01 -1.737715703198716623e-03
1.342500000000000249e+01 1.083971710338361028e-03
1.347499999999999964e+01 -2.284126307220189593e-04
1.352500000000000036e+01 3.183320325319627473e-03
1.357500000000000107e+01 1.369304343934274514e-03
1.362499999999999822e+01 2.551168228182732183e-03
1.367500000000000249e+01 2.635530865047641669e-03
1.372499999999999964e+01 4.144125043165302301e-04
1.377500000000000036e+01 -8.718282814175636790e-04
1.382500000000000107e+01 -1.612136735550962060e-03
1.387499999999999822e+01 -3.753033502320591284e-04
1.392500000000000249e+01 2.323918766947485892e-03
1.397499999999999964e+01 3.821736306649015265e-03
1.402500000000000036e+01 5.869223394719469585e-03
1.407500000000000107e+01 5.149008101388474930e-03
1.412499999999999822e+01 4.519368087625252710e-03
1.417500000000000249e+01 2.886475657566478590e-03
1.422499999999999964e+01 5.130270803787695399e-03
1.427500000000000036e+01 4.479222968327434447e-03
1.432500000000000107e+01 4.234738674131577861e-03
1.437499999999999822e+01 3.982684842154072397e-03
1.442500000000000249e+01 3.519772968980561592e-03
1.447499999999999964e+01 1.533119131723737058e-03
1.452500000000000036e+01 3.986536264253288941e-02
1.457500000000000107e+01 3.053167750440753392e-01
1.462499999999999822e+01 1.025341547479938997e+00
1.467500000000000249e+01 2.444285585405346684e+00
1.472499999999999964e+01 9.824241109278398554e+00
1.477500000000000036e+01 1.716524757542711654e+01
1.482500000000000107e+01 2.428076162011777228e+01
1.487499999999999822e+01 3.094121043649825609e+01
1.492500000000000249e+01 3.690340636986915968e+01
1.497499999999999964e+01 3.690340636986915968e+01
1.502500000000000036e+01 3.690340636986915968e+01
1.507500000000000107e+01 3.690340636986915968e+01
1.512499999999999822e+01 3.690340636986915968e+01
1.517500000000000249e+01 3.690340636986915968e+01
1.522499999999999964e+01 3.690340636986915968e+01
1.527500000000000036e+01 3.690340636986915968e+01
1.532500000000000107e+01 3.690340636986915968e+01
1.537499999999999822e+01 3.690340636986915968e+01
1.542500000000000249e+01 3.690340636986915968e+01
1.547499999999999964e+01 3.690340636986915968e+01
1.552500000000000036e+01 3.690340636986915968e+01
1.557500000000000107e+01 3.690340636986915968e+01
1.562499999999999822e+01 3.690340636986915968e+01
1.567500000000000249e+01 3.690340636986915968e+01
1.572499999999999964e+01 3.690340636986915968e+01
1.577500000000000391e+01 3.690340636986915968e+01
1.582500000000000107e+01 3.690340636986915968e+01
1.587499999999999822e+01 3.690340636986915968e+01
1.592500000000000249e+01 3.690340636986915968e+01
1.597499999999999964e+01 3.690340636986915968e+01
1.602500000000000568e+01 3.690340636986915968e+01
1.607500000000000284e+01 3.690340636986915968e+01
1.612500000000000000e+01 3.690340636986915968e+01
1.617500000000000426e+01 3.690340636986915968e+01
1.622500000000000142e+01 3.690340636986915968e+01
1.627500000000000568e+01 3.690340636986915968e+01
1.632500000000000284e+01 3.690340636986915968e+01
1.637500000000000000e+01 3.690340636986915968e+01
1.642500000000000426e+01 3.690340636986915968e+01
1.647500000000000142e+01 3.690340636986915968e+01
1.652500000000000568e+01 3.690340636986915968e+01
1.657500000000000284e+01 3.690340636986915968e+01
1.662500000000000000e+01 3.690340636986915968e+01
1.667500000000000426e+01 3.690340636986915968e+01
1.672500000000000142e+01 3.690340636986915968e+01
1.677500000000000568e+01 3.690340636986915968e+01
1.682500000000000284e+01 3.690340636986915968e+01
1.687500000000000000e+01 3.690340636986915968e+01
1.692500000000000426e+01 3.690340636986915968e+01
1.697500000000000142e+01 3.690340636986915968e+01
1.702500000000000568e+01 3.690340636986915968e+01
1.707500000000000284e+01 3.690340636986915968e+01
1.712500000000000000e+01 3.690340636986915968e+01
1.717500000000000426e+01 3.690340636986915968e+01
1.722500000000000142e+01 3.690340636986915968e+01
1.727500000000000568e+01 3.690340636986915968e+01
1.732500000000000284e+01 3.690340636986915968e+01
1.737500000000000000e+01 3.690340636986915968e+01
1.742500000000000426e+01 3.690340636986915968e+01
1.747500000000000142e+01 3.690340636986915968e+01
1.752500000000000568e+01 3.690340636986915968e+01
1.757500000000000284e+01 3.690340636986915968e+01
1.762500000000000000e+01 3.690340636986915968e+01
1.767500000000000426e+01 3.690340636986915968e+01
1.772500000000000142e+01 3.690340636986915968e+01
1.777500000000000568e+01 3.690340636986915968e+01
1.782500000000000284e+01 3.690340636986915968e+01
1.787500000000000000e+01 3.690340636986915968e+01
1.792500000000000426e+01 3.690340636986915968e+01
1.797500000000000142e+01 3.690340636986915968e+01
1.802500000000000568e+01 3.690340636986915968e+01
1.807500000000000284e+01 3.690340636986915968e+01
1.812500000000000000e+01 3.690340636986915968e+01
1.817500000000000426e+01 3.690340636986915968e+01
1.822500000000000142e+01 3.690340636986915968e+01
1.827500000000000568e+01 3.690340636986915968e+01
1.832500000000000284e+01 3.690340636986915968e+01
1.837500000000000000e+01 3.690340636986915968e+01
1.842500000000000426e+01 3.690340636986915968e+01
1.847500000000000142e+01 3.690340636986915968e+01
1.852500000000000568e+01 3.690340636986915968e+01
1.857500000000000284e+01 3.690340636986915968e+01
1.862500000000000000e+01 3.690340636986915968e+01
1.867500000000000426e+01 3.690340636986915968e+01
1.872500000000000142e+01 3.690340636986915968e+01
1.877500000000000568e+01 3.690340636986915968e+01
1.882500000000000284e+01 3.690340636986915968e+01
1.887500000000000000e+01 3.690340636986915968e+01
1.892500000000000426e+01 3.690340636986915968e+01
1.897500000000000142e+01 3.690340636986915968e+01
1.902500000000000568e+01 3.690340636986915968e+01
1.907500000000000284e+01 3.690340636986915968e+01
1.912500000000000000e+01 3.690340636986915968e+01
1.917500000000000426e+01 3.690340636986915968e+01
1.922500000000000142e+01 3.690340636986915968e+01
1.927500000000000568e+01 3.690340636986915968e+01
1.932500000000000284e+01 3.690340636986915968e+01
1.937500000000000000e+01 3.690340636986915968e+01
1.942500000000000426e+01 3.690340636986915968e+01
1.947500000000000142e+01 3.690340636986915968e+01
1.952500000000000568e+01 3.690340636986915968e+01
1.957500000000000284e+01 3.690340636986915968e+01
1.962500000000000000e+01 3.690340636986915968e+01
1.967500000000000426e+01 3.690340636986915968e+01
1.972500000000000142e+01 3.690340636986915968e+01
1.977500000000000568e+01 3.690340636986915968e+01
1.982500000000000284e+01 3.690340636986915968e+01
1.987500000000000000e+01 3.690340636986915968e+01
1.992500000000000426e+01 3.690340636986915968e+01
1.997500000000000142e+01 3.690340636986915968e+01
2.002500000000000568e+01 3.690340636986915968e+01
2.007500000000000284e+01 3.690340636986915968e+01
2.012500000000000000e+01 3.690340636986915968e+01
2.017500000000000426e+01 3.690340636986915968e+01
2.022500000000000142e+01 3.690340636986915968e+01
2.027500000000000568e+01 3.690340636986915968e+01
2.032500000000000284e+01 3.690340636986915968e+01
2.037500000000000000e+01 3.690340636986915968e+01
2.042500000000000426e+01 3.690340636986915968e+01
2.047500000000000142e+01 3.690340636986915968e+01
2.052500000000000568e+01 3.690340636986915968e+01
2.057500000000000284e+01 3.690340636986915968e+01
2.062500000000000000e+01 3.690340636986915968e+01
2.067500000000000426e+01 3.690340636986915968e+01
2.072500000000000142e+01 3.690340636986915968e+01
2.077500000000000568e+01 3.690340636986915968e+01
2.082500000000000284e+01 3.690340636986915968e+01
2.087500000000000000e+01 3.690340636986915968e+01
2.092500000000000426e+01 3.690340636986915968e+01
2.097500000000000142e+01 3.690340636986915968e+01
2.102500000000000568e+01 3.690340636986915968e+01
2.107500000000000284e+01 3.690340636986915968e+01
2.112500000000000000e+01 3.690340636986915968e+01
2.117500000000000426e+01 3.690340636986915968e+01
2.122500000000000142e+01 3.690340636986915968e+01
2.127500000000000568e+01 3.690340636986915968e+01
2.132500000000000284e+01 3.690340636986915968e+01
2.137500000000000000e+01 3.690340636986915968e+01
2.142500000000000426e+01 3.690340636986915968e+01
2.147500000000000142e+01 3.690340636986915968e+01
2.152500000000000568e+01 3.690340636986915968e+01
2.157500000000000284e+01 3.690340636986915968e+01
2.162500000000000000e+01 3.690340636986915968e+01
2.167500000000000426e+01 3.690340636986915968e+01
2.172500000000000142e+01 3.690340636986915968e+01
2.177500000000000568e+01 3.690340636986915968e+01
2.182500000000000284e+01 3.690340636986915968e+01
2.187500000000000000e+01 3.690340636986915968e+01
2.192500000000000426e+01 3.690340636986915968e+01
2.197500000000000142e+01 3.690340636986915968e+01
2.202500000000000568e+01 3.690340636986915968e+01
2.207500000000000284e+01 3.690340636986915968e+01
2.212500000000000000e+01 3.690340636986915968e+01
2.217500000000000426e+01 3.690340636986915968e+01
2.222500000000000142e+01 3.690340636986915968e+01
2.227500000000000568e+01 3.690340636986915968e+01
2.232500000000000284e+01 3.690340636986915968e+01
2.237500000000000000e+01 3.690340636986915968e+01
2.242500000000000426e+01 3.690340636986915968e+01
2.247500000000000142e+01 3.690340636986915968e+01
2.252500000000000568e+01 3.690340636986915968e+01
2.257500000000000284e+01 3.690340636986915968e+01
2.262500000000000000e+01 3.690340636986915968e+01
2.267500000000000426e+01 3.690340636986915968e+01
2.272500000000000142e+01 3.690340636986915968e+01
2.277500000000000568e+01 3.690340636986915968e+01
2.282500000000000284e+01 3.690340636986915968e+01
2.287500000000000000e+01 3.690340636986915968e+01
2.292500000000000426e+01 3.690340636986915968e+01
2.297500000000000142e+01 3.690340636986915968e+01
2.302500000000000568e+01 3.690340636986915968e+01
2.307500000000000284e+01 3.690340636986915968e+01
2.312500000000000000e+01 3.690340636986915968e+01
2.317500000000000426e+01 3.690340636986915968e+01
2.322500000000000142e+01 3.690340636986915968e+01
2.327500000000000568e+01 3.690340636986915968e+01
2.332500000000000284e+01 3.690340636986915968e+01
2.337500000000000000e+01 3.690340636986915968e+01
2.342500000000000426e+01 3.690340636986915968e+01
2.347500000000000142e+01 3.690340636986915968e+01
2.352500000000000568e+01 3.690340636986915968e+01
2.357500000000000284e+01 3.690340636986915968e+01
2.362500000000000000e+01 3.690340636986915968e+01
2.367500000000000426e+01 3.690340636986915968e+01
2.372500000000000142e+01 3.690340636986915968e+01
2.377500000000000568e+01 3.690340636986915968e+01
2.382500000000000284e+01 3.690340636986915968e+01
2.387500000000000000e+01 3.690340636986915968e+01
2.392500000000000426e+01 3.690340636986915968e+01
2.397500000000000142e+01 3.690340636986915968e+01
2.402500000000000568e+01 3.690340636986915968e+01
2.407500000000000284e+01 3.690340636986915968e+01
2.412500000000000000e+01 3.690340636986915968e+01
2.417500000000000426e+01 3.690340636986915968e+01
2.422500000000000142e+01 3.690340636986915968e+01
2.427500000000000568e+01 3.690340636986915968e+01
2.432500000000000284e+01 3.690340636986915968e+01
2.437500000000000000e+01 3.690340636986915968e+01
2.442500000000000426e+01 3.690340636986915968e+01
2.447500000000000142e+01 3.690340636986915968e+01
2.452500000000000568e+01 3.690340636986915968e+01
2.457500000000000284e+01 3.690340636986915968e+01
2.462500000000000000e+01 3.690340636986915968e+01
2.467500000000000426e+01 3.690340636986915968e+01
2.472500000000000142e+01 3.690340636986915968e+01
2.477500000000000568e+01 3.690340636986915968e+01
2.482500000000000284e+01 3.690340636986915968e+01
2.487500000000000000e+01 3.690340636986915968e+01
2.492500000000000426e+01 3.690340636986915968e+01
2.497500000000000142e+01 3.690340636986915968e+01
2.502500000000000568e+01 3.690340636986915968e+01
2.507500000000000284e+01 3.690340636986915968e+01
2.512500000000000000e+01 3.690340636986915968e+01
2.517500000000000426e+01 3.690340636986915968e+01
2.522500000000000142e+01 3.690340636986915968e+01
2.527500000000000568e+01 3.690340636986915968e+01
2.532500000000000284e+01 3.690340636986915968e+01
2.537500000000000000e+01 3.690340636986915968e+01
2.542500000000000426e+01 3.690340636986915968e+01
2.547500000000000142e+01 3.690340636986915968e+01
2.552500000000000568e+01 3.690340636986915968e+01
2.557500000000000284e+01 3.690340636986915968e+01
2.562500000000000000e+01 3.690340636986915968e+01
2.567500000000000426e+01 3.690340636986915968e+01
2.572500000000000142e+01 3.690340636986915968e+01
2.577500000000000568e+01 3.690340636986915968e+01
2.582500000000000284e+01 3.690340636986915968e+01
2.587500000000000000e+01 3.690340636986915968e+01
2.592500000000000426e+01 3.690340636986915968e+01
2.597500000000000142e+01 3.690340636986915968e+01
2.602500000000000568e+01 3.690340636986915968e+01
2.607500000000000284e+01 3.690340636986915968e+01
2.612500000000000000e+01 3.690340636986915968e+01
2.617500000000000426e+01 3.690340636986915968e+01
2.622500000000000142e+01 3.690340636986915968e+01
2.627500000000000568e+01 3.690340636986915968e+01
2.632500000000000284e+01 3.690340636986915968e+01
2.637500000000000000e+01 3.690340636986915968e+01
2.642500000000000426e+01 3.690340636986915968e+01
2.647500000000000142e+01 3.690340636986915968e+01
2.652500000000000568e+01 2.952272509589532845e+01
2.657500000000000284e+01 2.214204382192149723e+01
