# r_minus_2Rs_A,    PMF_over_kBT
-5.974999999999999645e+00 2.148395104853628013e+01
-5.924999999999999822e+00 2.864526806471504017e+01
-5.875000000000000000e+00 3.580658508089379666e+01
-5.825000000000000178e+00 3.580658508089379666e+01
-5.775000000000000355e+00 3.580658508089379666e+01
-5.724999999999999645e+00 3.580658508089379666e+01
-5.674999999999999822e+00 3.580658508089379666e+01
-5.625000000000000000e+00 3.580658508089379666e+01
-5.575000000000000178e+00 3.580658508089379666e+01
-5.525000000000000355e+00 3.580658508089379666e+01
-5.474999999999999645e+00 3.580658508089379666e+01
-5.424999999999999822e+00 3.580658508089379666e+01
-5.375000000000000000e+00 3.580658508089379666e+01
-5.325000000000000178e+00 3.580658508089379666e+01
-5.275000000000000355e+00 3.580658508089379666e+01
-5.224999999999999645e+00 3.580658508089379666e+01
-5.174999999999999822e+00 3.580658508089379666e+01
-5.125000000000000000e+00 3.580658508089379666e+01
-5.075000000000000178e+00 3.580658508089379666e+01
-5.025000000000000355e+00 3.580658508089379666e+01
-4.974999999999999645e+00 3.580658508089379666e+01
-4.924999999999999822e+00 3.580658508089379666e+01
-4.875000000000000000e+00 3.580658508089379666e+01
-4.824999999999999289e+00 3.580658508089379666e+01
-4.775000000000000355e+00 3.580658508089379666e+01
-4.724999999999999645e+00 3.580658508089379666e+01
-4.674999999999999822e+00 3.580658508089379666e+01
-4.625000000000000000e+00 3.580658508089379666e+01
-4.574999999999999289e+00 3.580658508089379666e+01
-4.525000000000000355e+00 3.580658508089379666e+01
-4.474999999999999645e+00 3.580658508089379666e+01
-4.424999999999999822e+00 3.580658508089379666e+01
-4.375000000000000000e+00 3.580658508089379666e+01
-4.324999999999999289e+00 3.580658508089379666e+01
-4.275000000000000355e+00 3.580658508089379666e+01
-4.224999999999999645e+00 3.580658508089379666e+01
-4.174999999999999822e+00 3.580658508089379666e+01
-4.125000000000000000e+00 3.580658508089379666e+01
-4.074999999999999289e+00 3.580658508089379666e+01
-4.025000000000000355e+00 3.580658508089379666e+01
-3.974999999999999645e+00 3.580658508089379666e+01
-3.924999999999999822e+00 3.580658508089379666e+01
-3.875000000000000000e+00 3.580658508089379666e+01
-3.825000000000000178e+00 3.580658508089379666e+01
-3.774999999999999911e+00 3.580658508089379666e+01
-3.724999999999999645e+00 3.580658508089379666e+01
-3.674999999999999822e+00 3.580658508089379666e+01
-3.625000000000000000e+00 3.580658508089379666e+01
-3.574999999999999734e+00 3.580658508089379666e+01
-3.524999999999999911e+00 3.580658508089379666e+01
-3.474999999999999645e+00 3.580658508089379666e+01
-3.424999999999999822e+00 3.580658508089379666e+01
-3.375000000000000000e+00 3.580658508089379666e+01
-3.324999999999999734e+00 3.580658508089379666e+01
-3.274999999999999911e+00 3.580658508089379666e+01
-3.224999999999999645e+00 3.580658508089379666e+01
-3.174999999999999822e+00 3.580658508089379666e+01
-3.125000000000000000e+00 3.580658508089379666e+01
-3.074999999999999734e+00 3.580658508089379666e+01
-3.024999999999999911e+00 3.580658508089379666e+01
-2.974999999999999645e+00 3.580658508089379666e+01
-2.924999999999999822e+00 3.580658508089379666e+01
-2.875000000000000000e+00 3.580658508089379666e+01
-2.824999999999999734e+00 3.580658508089379666e+01
-2.774999999999999911e+00 3.580658508089379666e+01
-2.724999999999999645e+00 3.580658508089379666e+01
-2.674999999999999822e+00 3.580658508089379666e+01
-2.625000000000000000e+00 3.580658508089379666e+01
-2.574999999999999734e+00 3.580658508089379666e+01
-2.524999999999999911e+00 3.580658508089379666e+01
-2.474999999999999645e+00 3.580658508089379666e+01
-2.424999999999999822e+00 3.580658508089379666e+01
-2.375000000000000000e+00 3.580658508089379666e+01
-2.324999999999999734e+00 3.580658508089379666e+01
-2.274999999999999911e+00 3.580658508089379666e+01
-2.224999999999999645e+00 3.580658508089379666e+01
-2.174999999999999822e+00 3.580658508089379666e+01
-2.125000000000000000e+00 3.580658508089379666e+01
-2.074999999999999734e+00 3.580658508089379666e+01
-2.024999999999999911e+00 3.580658508089379666e+01
-1.974999999999999645e+00 3.580658508089379666e+01
-1.924999999999999822e+00 3.580658508089379666e+01
-1.875000000000000000e+00 3.580658508089379666e+01
-1.824999999999999289e+00 3.580658508089379666e+01
-1.775000000000000355e+00 3.580658508089379666e+01
-1.724999999999999645e+00 3.580658508089379666e+01
-1.674999999999999822e+00 3.580658508089379666e+01
-1.625000000000000000e+00 3.580658508089379666e+01
-1.574999999999999289e+00 3.580658508089379666e+01
-1.525000000000000355e+00 3.580658508089379666e+01
-1.474999999999999645e+00 3.580658508089379666e+01
-1.424999999999999822e+00 3.580658508089379666e+01
-1.375000000000000000e+00 3.580658508089379666e+01
-1.324999999999999289e+00 3.580658508089379666e+01
-1.275000000000000355e+00 3.580658508089379666e+01
-1.224999999999999645e+00 3.580658508089379666e+01
-1.174999999999998934e+00 3.580658508089379666e+01
-1.125000000000000000e+00 3.580658508089379666e+01
-1.074999999999999289e+00 3.580658508089379666e+01
-1.025000000000000355e+00 3.580658508089379666e+01
-9.749999999999996447e-01 3.580658508089379666e+01
-9.249999999999989342e-01 3.580658508089379666e+01
-8.750000000000000000e-01 3.580658508089379666e+01
-8.249999999999992895e-01 3.580658508089379666e+01
-7.750000000000003553e-01 3.580658508089379666e+01
-7.249999999999996447e-01 3.580658508089379666e+01
-6.749999999999989342e-01 3.580658508089379666e+01
-6.250000000000000000e-01 3.580658508089379666e+01
-5.749999999999992895e-01 3.580658508089379666e+01
-5.250000000000003553e-01 3.580658508089379666e+01
-4.749999999999996447e-01 2.952601307786653351e+01
-4.249999999999989342e-01 2.278352537983317561e+01
-3.750000000000000000e-01 1.572659990795799878e+01
-3.249999999999992895e-01 8.479805139419600124e+00
-2.750000000000003553e-01 1.103295887342220949e+00
-2.249999999999996447e-01 -6.106247895043183382e-02
-1.749999999999989342e-01 -7.870675230829018432e-01
-1.250000000000000000e-01 -1.196751195494437203e+00
-7.499999999999928946e-02 -1.402775085495932661e+00
-2.500000000000035527e-02 -1.452369404832076105e+00
2.500000000000035527e-02 -1.411480706930681395e+00
7.500000000000106581e-02 -1.328826270509338103e+00
1.250000000000000000e-01 -1.223592283908392586e+00
1.750000000000007105e-01 -1.119066727776009573e+00
2.249999999999996447e-01 -1.026973181683815906e+00
2.750000000000003553e-01 -9.401826568218039082e-01
3.250000000000010658e-01 -8.546875025916403912e-01
3.750000000000000000e-01 -7.808492975195363561e-01
4.250000000000007105e-01 -7.030333882751712560e-01
4.749999999999996447e-01 -6.268733202449365827e-01
5.250000000000003553e-01 -5.582702157841542556e-01
5.750000000000010658e-01 -4.915316605651277593e-01
6.250000000000000000e-01 -4.237335220158069404e-01
6.750000000000007105e-01 -3.595379560583673029e-01
7.249999999999996447e-01 -3.072051006823536268e-01
7.750000000000003553e-01 -2.588093540149962735e-01
8.250000000000010658e-01 -2.082417336082048598e-01
8.750000000000000000e-01 -1.611001963687034022e-01
9.250000000000007105e-01 -1.282831934024855347e-01
9.749999999999996447e-01 -9.191233614752364334e-02
1.025000000000000355e+00 -6.185511623980417817e-02
1.075000000000001066e+00 -4.585103807064072612e-02
1.125000000000000000e+00 -3.659353661853401857e-02
1.175000000000000711e+00 -2.149601137730563355e-02
1.224999999999999645e+00 -7.047327209567555949e-03
1.275000000000000355e+00 7.294838677560732884e-03
1.325000000000001066e+00 1.827367748363641770e-02
1.375000000000000000e+00 2.361330678335669259e-02
1.425000000000000711e+00 4.526931496820445905e-02
1.474999999999999645e+00 4.053145677561289378e-02
1.525000000000000355e+00 3.975082140142660592e-02
1.575000000000001066e+00 3.393502895436064509e-02
1.625000000000000000e+00 3.266273539126274272e-02
1.675000000000000711e+00 9.916644854391875458e-03
1.724999999999999645e+00 1.036978208897529861e-02
1.775000000000000355e+00 7.869300054438000194e-03
1.825000000000001066e+00 8.306002058492368764e-03
1.875000000000000000e+00 -1.250914288339189219e-03
1.925000000000000711e+00 -1.432624660271564383e-02
1.974999999999999645e+00 -4.227276149643977715e-02
2.025000000000000355e+00 -5.535103629526823971e-02
2.074999999999999289e+00 -7.103397131811668708e-02
2.125000000000000000e+00 -8.869945104105207700e-02
2.175000000000000711e+00 -1.082707315826613864e-01
2.225000000000001421e+00 -1.071215855549660090e-01
2.275000000000000355e+00 -1.180464984723514077e-01
2.324999999999999289e+00 -1.243894132741164976e-01
2.375000000000000000e+00 -1.157886058141684854e-01
2.425000000000000711e+00 -1.068887324759671825e-01
2.475000000000001421e+00 -9.640781762640317221e-02
2.525000000000000355e+00 -8.977074966655322619e-02
2.574999999999999289e+00 -7.437932347846505643e-02
2.625000000000000000e+00 -5.322801193775035522e-02
2.675000000000000711e+00 -2.732167730512138903e-02
2.725000000000001421e+00 -5.632542721390977267e-03
2.775000000000000355e+00 2.903720778804412886e-02
2.824999999999999289e+00 5.086317687590629494e-02
2.875000000000000000e+00 6.917698315600483150e-02
2.925000000000000711e+00 9.781595250073671366e-02
2.975000000000001421e+00 1.160865343517748782e-01
3.025000000000000355e+00 1.354925685627453302e-01
3.074999999999999289e+00 1.647685378523505162e-01
3.125000000000000000e+00 1.908597505748790557e-01
3.175000000000000711e+00 2.193188536964520152e-01
3.225000000000001421e+00 2.556949626359426020e-01
3.275000000000000355e+00 2.834345149755435611e-01
3.324999999999999289e+00 3.064652722442733901e-01
3.375000000000000000e+00 3.288235930726440270e-01
3.425000000000000711e+00 3.634394138370183325e-01
3.475000000000001421e+00 3.808233152487897621e-01
3.525000000000000355e+00 4.078329721239388750e-01
3.575000000000001066e+00 4.251324350451596845e-01
3.625000000000000000e+00 4.474438011792333247e-01
3.675000000000000711e+00 4.581516057849885359e-01
3.725000000000001421e+00 4.807830167383326248e-01
3.775000000000000355e+00 4.885534256652822038e-01
3.825000000000001066e+00 5.104592039193509567e-01
3.875000000000000000e+00 5.270883151285258306e-01
3.925000000000000711e+00 5.257964971356717809e-01
3.975000000000001421e+00 5.284603070278344195e-01
4.025000000000000355e+00 5.303887072925291823e-01
4.075000000000001066e+00 5.318205729318062902e-01
4.125000000000000000e+00 5.196902464838366598e-01
4.175000000000000711e+00 5.119372064447844650e-01
4.225000000000001421e+00 4.936701473115398531e-01
4.275000000000000355e+00 4.831314485694679361e-01
4.325000000000001066e+00 4.598003081276700876e-01
4.375000000000000000e+00 4.401281764422882992e-01
4.425000000000000711e+00 4.059822160407158265e-01
4.475000000000001421e+00 3.823352513423596832e-01
4.525000000000000355e+00 3.454942584395958582e-01
4.575000000000001066e+00 3.065468265721392194e-01
4.625000000000000000e+00 2.665031682095364007e-01
4.675000000000000711e+00 2.325388330232940060e-01
4.725000000000001421e+00 1.987327152811761977e-01
4.775000000000000355e+00 1.625920848065138813e-01
4.825000000000001066e+00 1.337753200114676355e-01
4.875000000000000000e+00 9.532864780364071200e-02
4.925000000000000711e+00 5.797344191261829399e-02
4.975000000000001421e+00 1.453047600999007004e-02
5.025000000000000355e+00 -2.862859155156094459e-02
5.075000000000001066e+00 -6.521035614923675894e-02
5.125000000000000000e+00 -9.879526810998663644e-02
5.175000000000000711e+00 -1.237128915297855680e-01
5.225000000000001421e+00 -1.416371786576334779e-01
5.275000000000000355e+00 -1.558479717078515847e-01
5.325000000000001066e+00 -1.760344551644969502e-01
5.375000000000000000e+00 -1.815623201920686935e-01
5.425000000000000711e+00 -1.881870274791964670e-01
5.475000000000001421e+00 -1.966838783606185415e-01
5.525000000000000355e+00 -2.030837598493679397e-01
5.575000000000001066e+00 -2.075304084252316272e-01
5.625000000000000000e+00 -2.059734818893005914e-01
5.675000000000000711e+00 -2.076959186503416210e-01
5.725000000000001421e+00 -2.073507160816316086e-01
5.775000000000000355e+00 -1.990120962222139689e-01
5.825000000000001066e+00 -1.876726452285328861e-01
5.875000000000000000e+00 -1.793501317217842395e-01
5.925000000000000711e+00 -1.683760989052210388e-01
5.975000000000001421e+00 -1.539752527576212227e-01
6.025000000000000355e+00 -1.368373795848320806e-01
6.075000000000001066e+00 -1.249870763687450648e-01
6.125000000000000000e+00 -1.181164582118267303e-01
6.175000000000000711e+00 -1.062893305289929202e-01
6.225000000000001421e+00 -9.721551255123907220e-02
6.275000000000000355e+00 -8.971094307812670088e-02
6.325000000000001066e+00 -8.304364618778556362e-02
6.375000000000000000e+00 -7.014222344910266138e-02
6.425000000000000711e+00 -5.649843738082545308e-02
6.475000000000001421e+00 -4.782059318730951664e-02
6.525000000000000355e+00 -4.119121549593814102e-02
6.575000000000001066e+00 -2.525269467199180509e-02
6.625000000000000000e+00 -1.384693986405274163e-02
6.675000000000000711e+00 -7.977489941605141882e-03
6.725000000000001421e+00 4.835302604881164777e-03
6.775000000000000355e+00 2.006004916480854522e-02
6.825000000000001066e+00 2.612078511958841956e-02
6.875000000000000000e+00 4.015364046655563179e-02
6.925000000000000711e+00 4.976128853185315254e-02
6.975000000000001421e+00 5.574413391278056767e-02
7.025000000000000355e+00 6.049994803630092538e-02
7.075000000000001066e+00 6.482264772588806900e-02
7.125000000000000000e+00 6.826783243380382671e-02
7.175000000000000711e+00 8.018824525127321579e-02
7.225000000000001421e+00 8.675156890033229595e-02
7.275000000000000355e+00 9.472455937791544878e-02
7.325000000000001066e+00 9.855116519696914545e-02
7.375000000000000000e+00 9.681007078863929083e-02
7.425000000000000711e+00 9.774474241093641935e-02
7.475000000000001421e+00 1.058941871916925237e-01
7.525000000000000355e+00 9.988501226862175897e-02
7.575000000000001066e+00 1.075558664569395972e-01
7.625000000000000000e+00 1.046969270155688886e-01
7.675000000000000711e+00 9.729502052223254482e-02
7.725000000000001421e+00 8.495866190775984428e-02
7.775000000000000355e+00 8.430865677563623151e-02
7.825000000000001066e+00 7.248790893760458098e-02
7.875000000000000000e+00 7.609079353964069703e-02
7.925000000000000711e+00 6.452477949622377473e-02
7.975000000000001421e+00 6.483925957417006891e-02
8.025000000000000355e+00 5.631069230286839949e-02
8.075000000000001066e+00 5.667091830757904625e-02
8.125000000000000000e+00 4.814791045461284252e-02
8.175000000000000711e+00 4.926831231936255190e-02
8.225000000000001421e+00 3.667497296762185777e-02
8.275000000000000355e+00 3.522503782034185765e-02
8.325000000000001066e+00 2.242801112693229224e-02
8.375000000000000000e+00 1.599049994003109987e-02
8.425000000000000711e+00 1.517738307157543397e-02
8.475000000000001421e+00 1.993171475856172700e-02
8.525000000000000355e+00 1.460371612486390837e-02
8.575000000000001066e+00 1.744360353394363086e-02
8.625000000000000000e+00 1.403677617378207461e-02
8.675000000000000711e+00 7.026733300661193275e-03
8.725000000000001421e+00 -6.671892457557509256e-04
8.775000000000000355e+00 -1.186955933075140327e-03
8.825000000000001066e+00 -1.517130977722657825e-03
8.875000000000000000e+00 -3.430600408192319584e-03
8.925000000000000711e+00 -4.751896776805253179e-03
8.975000000000001421e+00 -5.418748995348820867e-03
9.025000000000000355e+00 -1.028619366214229662e-02
9.075000000000001066e+00 -1.158333216688021104e-02
9.125000000000000000e+00 -6.578382812710260007e-03
9.175000000000000711e+00 -6.888367034805754907e-03
9.225000000000001421e+00 -3.599298690624053512e-03
9.275000000000000355e+00 2.709314173205612606e-03
9.325000000000001066e+00 4.874331050908864774e-03
9.375000000000000000e+00 8.190779546932702715e-04
9.425000000000000711e+00 9.439101617813605918e-03
9.475000000000001421e+00 4.083456164457289865e-03
9.525000000000000355e+00 6.350440881718455791e-03
9.575000000000001066e+00 6.458732589179661671e-03
9.625000000000000000e+00 7.160116177446696449e-03
9.675000000000000711e+00 1.215715101684651349e-02
9.725000000000001421e+00 2.024715307606861706e-02
9.775000000000000355e+00 1.969306426365022983e-02
9.825000000000001066e+00 2.281654258416771983e-02
9.875000000000000000e+00 2.904766612450728619e-02
9.925000000000000711e+00 2.333469100228562076e-02
9.975000000000001421e+00 3.074648445178134251e-02
1.002499999999999858e+01 3.154120036102732449e-02
1.007500000000000284e+01 3.403779180841581820e-02
1.012500000000000000e+01 3.187070803766047650e-02
1.017500000000000071e+01 4.308494384120144932e-02
1.022500000000000142e+01 4.705835501481772654e-02
1.027499999999999858e+01 4.890783319756728670e-02
1.032500000000000284e+01 4.581775811197595638e-02
1.037500000000000000e+01 5.276006725760958027e-02
1.042500000000000071e+01 4.755313809789072504e-02
1.047500000000000142e+01 4.217022005665178874e-02
1.052499999999999858e+01 5.223032075616736158e-02
1.057500000000000284e+01 5.893620450805485411e-02
1.062500000000000000e+01 5.330521343019505032e-02
1.067500000000000071e+01 5.145715894642464289e-02
1.072500000000000142e+01 5.048554935732739446e-02
1.077499999999999858e+01 4.311507586543435189e-02
1.082500000000000284e+01 3.692744019422278257e-02
1.087500000000000000e+01 4.428702831198023937e-02
1.092500000000000071e+01 4.888321646763742895e-02
1.097500000000000142e+01 4.383088142407381288e-02
1.102499999999999858e+01 3.902377349126915501e-02
1.107500000000000284e+01 3.745419506153986611e-02
1.112500000000000000e+01 2.598638236235935317e-02
1.117500000000000071e+01 1.684079659098039125e-02
1.122500000000000142e+01 2.054127074534264560e-02
1.127499999999999858e+01 1.988737408912903681e-02
1.132500000000000284e+01 1.976321191151164669e-02
1.137500000000000000e+01 2.373209563818896861e-02
1.142500000000000071e+01 1.949656633774132786e-02
1.147500000000000142e+01 1.947082042905030896e-02
1.152499999999999858e+01 1.723033823047863747e-02
1.157500000000000284e+01 1.471334083554474287e-02
1.162500000000000000e+01 3.728029790062237746e-03
1.167500000000000071e+01 3.559409321098807325e-05
1.172500000000000142e+01 -8.579550629722732316e-03
1.177499999999999858e+01 -1.180319071725008905e-02
1.182500000000000284e+01 -1.770170906133792382e-02
1.187500000000000000e+01 -1.147068061114069407e-02
1.192500000000000071e+01 -1.033060140645929506e-02
1.197500000000000142e+01 -1.640072889910264634e-02
1.202499999999999858e+01 -1.674399255199184033e-02
1.207500000000000284e+01 -1.155683482468603494e-02
1.212500000000000000e+01 -1.568994293519771974e-02
1.217500000000000071e+01 -1.427176034205679400e-02
1.222500000000000142e+01 -1.087409896628095327e-02
1.227499999999999858e+01 -1.265139800468482144e-02
1.232500000000000284e+01 -1.952780737638271091e-02
1.237500000000000000e+01 -1.264443390484295583e-02
1.242500000000000071e+01 -1.093735576452381682e-02
1.247500000000000142e+01 -6.248789509676910305e-03
1.252499999999999858e+01 -7.246731481823687898e-03
1.257500000000000284e+01 -4.519042620154323751e-03
1.262500000000000000e+01 -5.291717079563440507e-03
1.267500000000000071e+01 -7.915847237464036443e-03
1.272500000000000142e+01 -1.084825353229383962e-02
1.277499999999999858e+01 -5.760223261502873254e-03
1.282500000000000284e+01 -1.121685453834331096e-03
1.287500000000000000e+01 -2.620131618092714099e-03
1.292500000000000071e+01 -6.069301807514192485e-04
1.297500000000000142e+01 -1.710721233187942203e-05
1.302499999999999858e+01 -2.398797143116837647e-03
1.307500000000000284e+01 -1.425171073743669624e-03
1.312500000000000000e+01 1.584237225496920457e-03
1.317500000000000426e+01 4.685613963140156102e-03
1.322500000000000142e+01 9.342006339238650980e-03
1.327499999999999858e+01 2.028348897543850310e-02
1.332500000000000284e+01 2.140893601922968723e-02
1.337500000000000000e+01 1.436733166759083212e-02
1.342500000000000426e+01 1.700661533492358116e-02
1.347500000000000142e+01 1.796583215639024900e-02
1.352499999999999858e+01 9.252353006998960058e-03
1.357500000000000284e+01 5.968600886365749147e-03
1.362500000000000000e+01 8.973836950988457045e-03
1.367500000000000426e+01 3.464794072113975155e-03
1.372500000000000142e+01 4.847808015123078462e-03
1.377499999999999858e+01 8.705890046526221226e-03
1.382500000000000284e+01 8.087567593822697978e-03
1.387500000000000000e+01 1.132081969362168719e-02
1.392500000000000426e+01 5.254873320885487115e-02
1.397500000000000142e+01 3.192177996811779161e-01
1.402499999999999858e+01 1.026089329296976826e+00
1.407500000000000284e+01 2.394740268355849633e+00
1.412500000000000000e+01 9.553109171773048303e+00
1.417500000000000426e+01 1.667358510197361809e+01
1.422500000000000142e+01 2.356326612216952299e+01
1.427499999999999858e+01 3.001334577716146512e+01
1.432500000000000284e+01 3.580658508089379666e+01
1.437500000000000000e+01 3.580658508089379666e+01
1.442500000000000426e+01 3.580658508089379666e+01
1.447500000000000142e+01 3.580658508089379666e+01
1.452499999999999858e+01 3.580658508089379666e+01
1.457500000000000284e+01 3.580658508089379666e+01
1.462500000000000000e+01 3.580658508089379666e+01
1.467500000000000426e+01 3.580658508089379666e+01
1.472500000000000142e+01 3.580658508089379666e+01
1.477499999999999858e+01 3.580658508089379666e+01
1.482500000000000284e+01 3.580658508089379666e+01
1.487500000000000000e+01 3.580658508089379666e+01
1.492500000000000426e+01 3.580658508089379666e+01
1.497500000000000142e+01 3.580658508089379666e+01
1.502499999999999858e+01 3.580658508089379666e+01
1.507500000000000284e+01 3.580658508089379666e+01
1.512500000000000000e+01 3.580658508089379666e+01
1.517500000000000426e+01 3.580658508089379666e+01
1.522500000000000142e+01 3.580658508089379666e+01
1.527499999999999858e+01 3.580658508089379666e+01
1.532500000000000284e+01 3.580658508089379666e+01
1.537500000000000000e+01 3.580658508089379666e+01
1.542500000000000426e+01 3.580658508089379666e+01
1.547500000000000142e+01 3.580658508089379666e+01
1.552499999999999858e+01 3.580658508089379666e+01
1.557500000000000284e+01 3.580658508089379666e+01
1.562500000000000000e+01 3.580658508089379666e+01
1.567500000000000426e+01 3.580658508089379666e+01
1.572500000000000142e+01 3.580658508089379666e+01
1.577499999999999858e+01 3.580658508089379666e+01
1.582500000000000284e+01 3.580658508089379666e+01
1.587500000000000000e+01 3.580658508089379666e+01
1.592500000000000426e+01 3.580658508089379666e+01
1.597500000000000142e+01 3.580658508089379666e+01
1.602499999999999858e+01 3.580658508089379666e+01
1.607500000000000284e+01 3.580658508089379666e+01
1.612500000000000000e+01 3.580658508089379666e+01
1.617500000000000426e+01 3.580658508089379666e+01
1.622500000000000142e+01 3.580658508089379666e+01
1.627499999999999858e+01 3.580658508089379666e+01
1.632500000000000284e+01 3.580658508089379666e+01
1.637500000000000000e+01 3.580658508089379666e+01
1.642500000000000426e+01 3.580658508089379666e+01
1.647500000000000142e+01 3.580658508089379666e+01
1.652499999999999858e+01 3.580658508089379666e+01
1.657500000000000284e+01 3.580658508089379666e+01
1.662500000000000000e+01 3.580658508089379666e+01
1.667500000000000426e+01 3.580658508089379666e+01
1.672500000000000142e+01 3.580658508089379666e+01
1.677499999999999858e+01 3.580658508089379666e+01
1.682500000000000284e+01 3.580658508089379666e+01
1.687500000000000000e+01 3.580658508089379666e+01
1.692500000000000426e+01 3.580658508089379666e+01
1.697500000000000142e+01 3.580658508089379666e+01
1.702499999999999858e+01 3.580658508089379666e+01
1.707500000000000284e+01 3.580658508089379666e+01
1.712500000000000000e+01 3.580658508089379666e+01
1.717500000000000426e+01 3.580658508089379666e+01
1.722500000000000142e+01 3.580658508089379666e+01
1.727499999999999858e+01 3.580658508089379666e+01
1.732500000000000284e+01 3.580658508089379666e+01
1.737500000000000000e+01 3.580658508089379666e+01
1.742500000000000426e+01 3.580658508089379666e+01
1.747500000000000142e+01 3.580658508089379666e+01
1.752499999999999858e+01 3.580658508089379666e+01
1.757500000000000284e+01 3.580658508089379666e+01
1.762500000000000000e+01 3.580658508089379666e+01
1.767500000000000426e+01 3.580658508089379666e+01
1.772500000000000142e+01 3.580658508089379666e+01
1.777499999999999858e+01 3.580658508089379666e+01
1.782500000000000284e+01 3.580658508089379666e+01
1.787500000000000000e+01 3.580658508089379666e+01
1.792500000000000426e+01 3.580658508089379666e+01
1.797500000000000142e+01 3.580658508089379666e+01
1.802499999999999858e+01 3.580658508089379666e+01
1.807500000000000284e+01 3.580658508089379666e+01
1.812500000000000000e+01 3.580658508089379666e+01
1.817500000000000426e+01 3.580658508089379666e+01
1.822500000000000142e+01 3.580658508089379666e+01
1.827499999999999858e+01 3.580658508089379666e+01
1.832500000000000284e+01 3.580658508089379666e+01
1.837500000000000000e+01 3.580658508089379666e+01
1.842500000000000426e+01 3.580658508089379666e+01
1.847500000000000142e+01 3.580658508089379666e+01
1.852499999999999858e+01 3.580658508089379666e+01
1.857500000000000284e+01 3.580658508089379666e+01
1.862500000000000000e+01 3.580658508089379666e+01
1.867500000000000426e+01 3.580658508089379666e+01
1.872500000000000142e+01 3.580658508089379666e+01
1.877499999999999858e+01 3.580658508089379666e+01
1.882500000000000284e+01 3.580658508089379666e+01
1.887500000000000000e+01 3.580658508089379666e+01
1.892500000000000426e+01 3.580658508089379666e+01
1.897500000000000142e+01 3.580658508089379666e+01
1.902499999999999858e+01 3.580658508089379666e+01
1.907500000000000284e+01 3.580658508089379666e+01
1.912500000000000000e+01 3.580658508089379666e+01
1.917500000000000426e+01 3.580658508089379666e+01
1.922500000000000142e+01 3.580658508089379666e+01
1.927499999999999858e+01 3.580658508089379666e+01
1.932500000000000284e+01 3.580658508089379666e+01
1.937500000000000000e+01 3.580658508089379666e+01
1.942500000000000426e+01 3.580658508089379666e+01
1.947500000000000142e+01 3.580658508089379666e+01
1.952499999999999858e+01 3.580658508089379666e+01
1.957500000000000284e+01 3.580658508089379666e+01
1.962500000000000000e+01 3.580658508089379666e+01
1.967500000000000426e+01 3.580658508089379666e+01
1.972500000000000142e+01 3.580658508089379666e+01
1.977499999999999858e+01 3.580658508089379666e+01
1.982500000000000284e+01 3.580658508089379666e+01
1.987500000000000000e+01 3.580658508089379666e+01
1.992500000000000426e+01 3.580658508089379666e+01
1.997500000000000142e+01 3.580658508089379666e+01
2.002499999999999858e+01 3.580658508089379666e+01
2.007500000000000284e+01 3.580658508089379666e+01
2.012500000000000000e+01 3.580658508089379666e+01
2.017500000000000426e+01 3.580658508089379666e+01
2.022500000000000142e+01 3.580658508089379666e+01
2.027499999999999858e+01 3.580658508089379666e+01
2.032500000000000284e+01 3.580658508089379666e+01
2.037500000000000000e+01 3.580658508089379666e+01
2.042500000000000426e+01 3.580658508089379666e+01
2.047500000000000142e+01 3.580658508089379666e+01
2.052499999999999858e+01 3.580658508089379666e+01
2.057500000000000284e+01 3.580658508089379666e+01
2.062500000000000000e+01 3.580658508089379666e+01
2.067500000000000426e+01 3.580658508089379666e+01
2.072500000000000142e+01 3.580658508089379666e+01
2.077499999999999858e+01 3.580658508089379666e+01
2.082500000000000284e+01 3.580658508089379666e+01
2.087500000000000000e+01 3.580658508089379666e+01
2.092500000000000426e+01 3.580658508089379666e+01
2.097500000000000142e+01 3.580658508089379666e+01
2.102499999999999858e+01 3.580658508089379666e+01
2.107500000000000284e+01 3.580658508089379666e+01
2.112500000000000000e+01 3.580658508089379666e+01
2.117500000000000426e+01 3.580658508089379666e+01
2.122500000000000142e+01 3.580658508089379666e+01
2.127499999999999858e+01 3.580658508089379666e+01
2.132500000000000284e+01 3.580658508089379666e+01
2.137500000000000000e+01 3.580658508089379666e+01
2.142500000000000426e+01 3.580658508089379666e+01
2.147500000000000142e+01 3.580658508089379666e+01
2.152499999999999858e+01 3.580658508089379666e+01
2.157500000000000284e+01 3.580658508089379666e+01
2.162500000000000000e+01 3.580658508089379666e+01
2.167500000000000426e+01 3.580658508089379666e+01
2.172500000000000142e+01 3.580658508089379666e+01
2.177499999999999858e+01 3.580658508089379666e+01
2.182500000000000284e+01 3.580658508089379666e+01
2.187500000000000000e+01 3.580658508089379666e+01
2.192500000000000426e+01 3.580658508089379666e+01
2.197500000000000142e+01 3.580658508089379666e+01
2.202499999999999858e+01 3.580658508089379666e+01
2.207500000000000284e+01 3.580658508089379666e+01
2.212500000000000000e+01 3.580658508089379666e+01
2.217500000000000426e+01 3.580658508089379666e+01
2.222500000000000142e+01 3.580658508089379666e+01
2.227499999999999858e+01 3.580658508089379666e+01
2.232500000000000284e+01 3.580658508089379666e+01
2.237500000000000000e+01 3.580658508089379666e+01
2.242500000000000426e+01 3.580658508089379666e+01
2.247500000000000142e+01 3.580658508089379666e+01
2.252499999999999858e+01 3.580658508089379666e+01
2.257500000000000284e+01 3.580658508089379666e+01
2.262500000000000000e+01 3.580658508089379666e+01
2.267500000000000426e+01 3.580658508089379666e+01
2.272500000000000142e+01 3.580658508089379666e+01
2.277499999999999858e+01 3.580658508089379666e+01
2.282500000000000284e+01 3.580658508089379666e+01
2.287500000000000000e+01 3.580658508089379666e+01
2.292500000000000426e+01 3.580658508089379666e+01
2.297500000000000142e+01 3.580658508089379666e+01
2.302499999999999858e+01 3.580658508089379666e+01
2.307500000000000284e+01 3.580658508089379666e+01
2.312500000000000000e+01 3.580658508089379666e+01
2.317500000000000426e+01 3.580658508089379666e+01
2.322500000000000142e+01 3.580658508089379666e+01
2.327499999999999858e+01 3.580658508089379666e+01
2.332500000000000284e+01 3.580658508089379666e+01
2.337500000000000000e+01 3.580658508089379666e+01
2.342500000000000426e+01 3.580658508089379666e+01
2.347500000000000142e+01 3.580658508089379666e+01
2.352499999999999858e+01 3.580658508089379666e+01
2.357500000000000284e+01 3.580658508089379666e+01
2.362500000000000000e+01 3.580658508089379666e+01
2.367500000000000426e+01 3.580658508089379666e+01
2.372500000000000142e+01 3.580658508089379666e+01
2.377499999999999858e+01 3.580658508089379666e+01
2.382500000000000284e+01 3.580658508089379666e+01
2.387500000000000000e+01 3.580658508089379666e+01
2.392500000000000426e+01 2.864526806471504017e+01
2.397500000000000142e+01 2.148395104853628013e+01
