# r_minus_2Rs_A,    PMF_over_kBT
-5.974999999999999645e+00 2.148204513262783877e+01
-5.924999999999999822e+00 2.864272684350378384e+01
-5.875000000000000000e+00 3.580340855437972891e+01
-5.825000000000000178e+00 3.580340855437972891e+01
-5.775000000000000355e+00 3.580340855437972891e+01
-5.724999999999999645e+00 3.580340855437972891e+01
-5.674999999999999822e+00 3.580340855437972891e+01
-5.625000000000000000e+00 3.580340855437972891e+01
-5.575000000000000178e+00 3.580340855437972891e+01
-5.525000000000000355e+00 3.580340855437972891e+01
-5.474999999999999645e+00 3.580340855437972891e+01
-5.424999999999999822e+00 3.580340855437972891e+01
-5.375000000000000000e+00 3.580340855437972891e+01
-5.325000000000000178e+00 3.580340855437972891e+01
-5.275000000000000355e+00 3.580340855437972891e+01
-5.224999999999999645e+00 3.580340855437972891e+01
-5.174999999999999822e+00 3.580340855437972891e+01
-5.125000000000000000e+00 3.580340855437972891e+01
-5.075000000000000178e+00 3.580340855437972891e+01
-5.025000000000000355e+00 3.580340855437972891e+01
-4.974999999999999645e+00 3.580340855437972891e+01
-4.924999999999999822e+00 3.580340855437972891e+01
-4.875000000000000000e+00 3.580340855437972891e+01
-4.824999999999999289e+00 3.580340855437972891e+01
-4.775000000000000355e+00 3.580340855437972891e+01
-4.724999999999999645e+00 3.580340855437972891e+01
-4.674999999999999822e+00 3.580340855437972891e+01
-4.625000000000000000e+00 3.580340855437972891e+01
-4.574999999999999289e+00 3.580340855437972891e+01
-4.525000000000000355e+00 3.580340855437972891e+01
-4.474999999999999645e+00 3.580340855437972891e+01
-4.424999999999999822e+00 3.580340855437972891e+01
-4.375000000000000000e+00 3.580340855437972891e+01
-4.324999999999999289e+00 3.580340855437972891e+01
-4.275000000000000355e+00 3.580340855437972891e+01
-4.224999999999999645e+00 3.580340855437972891e+01
-4.174999999999999822e+00 3.580340855437972891e+01
-4.125000000000000000e+00 3.580340855437972891e+01
-4.074999999999999289e+00 3.580340855437972891e+01
-4.025000000000000355e+00 3.580340855437972891e+01
-3.974999999999999645e+00 3.580340855437972891e+01
-3.924999999999999822e+00 3.580340855437972891e+01
-3.875000000000000000e+00 3.580340855437972891e+01
-3.825000000000000178e+00 3.580340855437972891e+01
-3.774999999999999911e+00 3.580340855437972891e+01
-3.724999999999999645e+00 3.580340855437972891e+01
-3.674999999999999822e+00 3.580340855437972891e+01
-3.625000000000000000e+00 3.580340855437972891e+01
-3.574999999999999734e+00 3.580340855437972891e+01
-3.524999999999999911e+00 3.580340855437972891e+01
-3.474999999999999645e+00 3.580340855437972891e+01
-3.424999999999999822e+00 3.580340855437972891e+01
-3.375000000000000000e+00 3.580340855437972891e+01
-3.324999999999999734e+00 3.580340855437972891e+01
-3.274999999999999911e+00 3.580340855437972891e+01
-3.224999999999999645e+00 3.580340855437972891e+01
-3.174999999999999822e+00 3.580340855437972891e+01
-3.125000000000000000e+00 3.580340855437972891e+01
-3.074999999999999734e+00 3.580340855437972891e+01
-3.024999999999999911e+00 3.580340855437972891e+01
-2.974999999999999645e+00 3.580340855437972891e+01
-2.924999999999999822e+00 3.580340855437972891e+01
-2.875000000000000000e+00 3.580340855437972891e+01
-2.824999999999999734e+00 3.580340855437972891e+01
-2.774999999999999911e+00 3.580340855437972891e+01
-2.724999999999999645e+00 3.580340855437972891e+01
-2.674999999999999822e+00 3.580340855437972891e+01
-2.625000000000000000e+00 3.580340855437972891e+01
-2.574999999999999734e+00 3.580340855437972891e+01
-2.524999999999999911e+00 3.580340855437972891e+01
-2.474999999999999645e+00 3.580340855437972891e+01
-2.424999999999999822e+00 3.580340855437972891e+01
-2.375000000000000000e+00 3.580340855437972891e+01
-2.324999999999999734e+00 3.580340855437972891e+01
-2.274999999999999911e+00 3.580340855437972891e+01
-2.224999999999999645e+00 3.580340855437972891e+01
-2.174999999999999822e+00 3.580340855437972891e+01
-2.125000000000000000e+00 3.580340855437972891e+01
-2.074999999999999734e+00 3.580340855437972891e+01
-2.024999999999999911e+00 3.580340855437972891e+01
-1.974999999999999645e+00 3.580340855437972891e+01
-1.924999999999999822e+00 3.580340855437972891e+01
-1.875000000000000000e+00 3.580340855437972891e+01
-1.824999999999999289e+00 3.580340855437972891e+01
-1.775000000000000355e+00 3.580340855437972891e+01
-1.724999999999999645e+00 3.580340855437972891e+01
-1.674999999999999822e+00 3.580340855437972891e+01
-1.625000000000000000e+00 3.580340855437972891e+01
-1.574999999999999289e+00 3.580340855437972891e+01
-1.525000000000000355e+00 3.580340855437972891e+01
-1.474999999999999645e+00 3.580340855437972891e+01
-1.424999999999999822e+00 3.580340855437972891e+01
-1.375000000000000000e+00 3.580340855437972891e+01
-1.324999999999999289e+00 3.580340855437972891e+01
-1.275000000000000355e+00 3.580340855437972891e+01
-1.224999999999999645e+00 3.580340855437972891e+01
-1.174999999999998934e+00 3.580340855437972891e+01
-1.125000000000000000e+00 3.580340855437972891e+01
-1.074999999999999289e+00 3.580340855437972891e+01
-1.025000000000000355e+00 3.580340855437972891e+01
-9.749999999999996447e-01 3.580340855437972891e+01
-9.249999999999989342e-01 3.580340855437972891e+01
-8.750000000000000000e-01 3.580340855437972891e+01
-8.249999999999992895e-01 3.580340855437972891e+01
-7.750000000000003553e-01 3.580340855437972891e+01
-7.249999999999996447e-01 3.580340855437972891e+01
-6.749999999999989342e-01 3.580340855437972891e+01
-6.250000000000000000e-01 3.580340855437972891e+01
-5.749999999999992895e-01 3.580340855437972891e+01
-5.250000000000003553e-01 3.580340855437972891e+01
-4.749999999999996447e-01 2.958037296584281961e+01
-4.249999999999989342e-01 2.295350083796449425e+01
-3.750000000000000000e-01 1.599157360024067209e+01
-3.249999999999992895e-01 8.821844557332111592e+00
-2.750000000000003553e-01 1.530454978968704749e+00
-2.249999999999996447e-01 3.821579634753202726e-01
-1.749999999999989342e-01 -3.872187046971518609e-01
-1.250000000000000000e-01 -8.206329172239392733e-01
-7.499999999999928946e-02 -1.032378679015775180e+00
-2.500000000000035527e-02 -1.110646178529047789e+00
2.500000000000035527e-02 -1.090913042016253831e+00
7.500000000000106581e-02 -1.028343243168790666e+00
1.250000000000000000e-01 -9.543550134779945626e-01
1.750000000000007105e-01 -8.706207802936550832e-01
2.249999999999996447e-01 -7.784207828006650676e-01
2.750000000000003553e-01 -6.932629784122813499e-01
3.250000000000010658e-01 -6.207782172980483848e-01
3.750000000000000000e-01 -5.471549417983585517e-01
4.250000000000007105e-01 -4.834535834671171983e-01
4.749999999999996447e-01 -4.313751710222806790e-01
5.250000000000003553e-01 -3.789887963112146818e-01
5.750000000000010658e-01 -3.279937781267954211e-01
6.250000000000000000e-01 -2.693321918127665748e-01
6.750000000000007105e-01 -2.159237387289216770e-01
7.249999999999996447e-01 -1.651487554559629700e-01
7.750000000000003553e-01 -1.170599393407783795e-01
8.250000000000010658e-01 -5.988038704330626849e-02
8.750000000000000000e-01 -2.032207159273795305e-02
9.250000000000007105e-01 1.176602237807174156e-02
9.749999999999996447e-01 5.766763099115728569e-02
1.025000000000000355e+00 9.684087970762471353e-02
1.075000000000001066e+00 1.238363495296138234e-01
1.125000000000000000e+00 1.398301166553921060e-01
1.175000000000000711e+00 1.502959733525745800e-01
1.224999999999999645e+00 1.467650224624542088e-01
1.275000000000000355e+00 1.471992997826134797e-01
1.325000000000001066e+00 1.529861489586064327e-01
1.375000000000000000e+00 1.546058449191928530e-01
1.425000000000000711e+00 1.708080228845947346e-01
1.474999999999999645e+00 1.726845908305179589e-01
1.525000000000000355e+00 1.630283230463735744e-01
1.575000000000001066e+00 1.649626514465197258e-01
1.625000000000000000e+00 1.660558177214298547e-01
1.675000000000000711e+00 1.537537613210172849e-01
1.724999999999999645e+00 1.592084317789830006e-01
1.775000000000000355e+00 1.621659755314439622e-01
1.825000000000001066e+00 1.399540421600100615e-01
1.875000000000000000e+00 1.243888140896704242e-01
1.925000000000000711e+00 1.088806262309685163e-01
1.974999999999999645e+00 8.342239570505576018e-02
2.025000000000000355e+00 6.090184921264488183e-02
2.074999999999999289e+00 3.629190623539671479e-02
2.125000000000000000e+00 2.040127661949924301e-02
2.175000000000000711e+00 1.067863340503976202e-02
2.225000000000001421e+00 5.616154504413373855e-03
2.275000000000000355e+00 -4.101564090453279667e-03
2.324999999999999289e+00 -2.970542256843345264e-03
2.375000000000000000e+00 1.326573802280605827e-03
2.425000000000000711e+00 1.495142285882167417e-02
2.475000000000001421e+00 1.587480888293306761e-02
2.525000000000000355e+00 3.507923696706001515e-02
2.574999999999999289e+00 5.911958153813899608e-02
2.625000000000000000e+00 6.775708923619988555e-02
2.675000000000000711e+00 8.501032534204747138e-02
2.725000000000001421e+00 1.145895409774404100e-01
2.775000000000000355e+00 1.315688725456432562e-01
2.824999999999999289e+00 1.403746029867733169e-01
2.875000000000000000e+00 1.719686815340857322e-01
2.925000000000000711e+00 1.866395770656556485e-01
2.975000000000001421e+00 1.964766839125627051e-01
3.025000000000000355e+00 2.165903978212984637e-01
3.074999999999999289e+00 2.415302182775388717e-01
3.125000000000000000e+00 2.649999021845957370e-01
3.175000000000000711e+00 2.733855514945052190e-01
3.225000000000001421e+00 2.975685382967704351e-01
3.275000000000000355e+00 3.227724543031335602e-01
3.324999999999999289e+00 3.495974250687204909e-01
3.375000000000000000e+00 3.565136094414342316e-01
3.425000000000000711e+00 3.829257745541863045e-01
3.475000000000001421e+00 4.117178278966701077e-01
3.525000000000000355e+00 4.301862411426420341e-01
3.575000000000001066e+00 4.408221796176363672e-01
3.625000000000000000e+00 4.567755733921601280e-01
3.675000000000000711e+00 4.819975762241593964e-01
3.725000000000001421e+00 4.848235589781357269e-01
3.775000000000000355e+00 4.892589143918567030e-01
3.825000000000001066e+00 4.934784687956117466e-01
3.875000000000000000e+00 5.004490511759581706e-01
3.925000000000000711e+00 4.924994630479499480e-01
3.975000000000001421e+00 4.943724890281227524e-01
4.025000000000000355e+00 5.033918141565187909e-01
4.075000000000001066e+00 5.038503239948050050e-01
4.125000000000000000e+00 5.016547536792732576e-01
4.175000000000000711e+00 5.001197776048492694e-01
4.225000000000001421e+00 4.882280614117753825e-01
4.275000000000000355e+00 4.747545662149394996e-01
4.325000000000001066e+00 4.620587432767102598e-01
4.375000000000000000e+00 4.419550847894530565e-01
4.425000000000000711e+00 4.213614829616332824e-01
4.475000000000001421e+00 3.958134886413717246e-01
4.525000000000000355e+00 3.556890539911105598e-01
4.575000000000001066e+00 3.293162087215630862e-01
4.625000000000000000e+00 2.967511407209677543e-01
4.675000000000000711e+00 2.620018771636509203e-01
4.725000000000001421e+00 2.192839380316378706e-01
4.775000000000000355e+00 1.887515052275574590e-01
4.825000000000001066e+00 1.435649537151313382e-01
4.875000000000000000e+00 1.116501631540696565e-01
4.925000000000000711e+00 7.387854892861903111e-02
4.975000000000001421e+00 4.968639493519048933e-02
5.025000000000000355e+00 1.930303689668377842e-02
5.075000000000001066e+00 -2.452221965617340516e-03
5.125000000000000000e+00 -2.219814738160117568e-02
5.175000000000000711e+00 -5.370410478672944798e-02
5.225000000000001421e+00 -7.631242954348316232e-02
5.275000000000000355e+00 -9.626172022836386455e-02
5.325000000000001066e+00 -1.101013733654976900e-01
5.375000000000000000e+00 -1.268776079942942059e-01
5.425000000000000711e+00 -1.249811060366340654e-01
5.475000000000001421e+00 -1.283760134425318000e-01
5.525000000000000355e+00 -1.308439172473626344e-01
5.575000000000001066e+00 -1.394277907354244117e-01
5.625000000000000000e+00 -1.348859400136692699e-01
5.675000000000000711e+00 -1.285423014902654926e-01
5.725000000000001421e+00 -1.294484648821640493e-01
5.775000000000000355e+00 -1.249530844105560534e-01
5.825000000000001066e+00 -1.169028841384196910e-01
5.875000000000000000e+00 -1.089678485976325190e-01
5.925000000000000711e+00 -1.081216737174457987e-01
5.975000000000001421e+00 -9.468032122078788582e-02
6.025000000000000355e+00 -8.689638905032097405e-02
6.075000000000001066e+00 -7.566688081524759746e-02
6.125000000000000000e+00 -7.384230890033977035e-02
6.175000000000000711e+00 -6.493620063971229650e-02
6.225000000000001421e+00 -6.361439415968420108e-02
6.275000000000000355e+00 -5.630294661354469377e-02
6.325000000000001066e+00 -5.055684106305698144e-02
6.375000000000000000e+00 -3.551511759665651469e-02
6.425000000000000711e+00 -2.328674774823120963e-02
6.475000000000001421e+00 -8.997195112802457845e-03
6.525000000000000355e+00 -2.667785470819693662e-04
6.575000000000001066e+00 3.670794711910830427e-03
6.625000000000000000e+00 4.237167167966405558e-03
6.675000000000000711e+00 1.014317096894963403e-02
6.725000000000001421e+00 1.326111928167641486e-02
6.775000000000000355e+00 2.436160855127944558e-02
6.825000000000001066e+00 3.205527385422506093e-02
6.875000000000000000e+00 4.414018347842123963e-02
6.925000000000000711e+00 5.232802632127935699e-02
6.975000000000001421e+00 6.911051967198780788e-02
7.025000000000000355e+00 6.618537238245779386e-02
7.075000000000001066e+00 7.325408791779929041e-02
7.125000000000000000e+00 7.237339573206683085e-02
7.175000000000000711e+00 7.523731601946402614e-02
7.225000000000001421e+00 7.201313028890724000e-02
7.275000000000000355e+00 8.389625431057723404e-02
7.325000000000001066e+00 9.470629684286713257e-02
7.375000000000000000e+00 1.004188360641943972e-01
7.425000000000000711e+00 9.259998515296104238e-02
7.475000000000001421e+00 9.287685519388980127e-02
7.525000000000000355e+00 8.215800377778494090e-02
7.575000000000001066e+00 7.691358828134689518e-02
7.625000000000000000e+00 7.532250849797605952e-02
7.675000000000000711e+00 7.968321657666842250e-02
7.725000000000001421e+00 7.857405908746067924e-02
7.775000000000000355e+00 8.172201010792932985e-02
7.825000000000001066e+00 7.666715145608088422e-02
7.875000000000000000e+00 7.221461734450898562e-02
7.925000000000000711e+00 6.802057566737822192e-02
7.975000000000001421e+00 6.354274382640312524e-02
8.025000000000000355e+00 5.718468892462028053e-02
8.075000000000001066e+00 4.996828358162304362e-02
8.125000000000000000e+00 4.218964810973632046e-02
8.175000000000000711e+00 3.149649835369707634e-02
8.225000000000001421e+00 1.870107964012284255e-02
8.275000000000000355e+00 8.504917076896845521e-03
8.325000000000001066e+00 8.148449307152106150e-03
8.375000000000000000e+00 3.501718757614824627e-03
8.425000000000000711e+00 2.032454460260169765e-03
8.475000000000001421e+00 2.495623900477994886e-03
8.525000000000000355e+00 7.364993460292622611e-04
8.575000000000001066e+00 -7.126716749744588415e-03
8.625000000000000000e+00 -1.471208461307078712e-02
8.675000000000000711e+00 -1.924860635948242443e-02
8.725000000000001421e+00 -2.151686164474888446e-02
8.775000000000000355e+00 -1.784534209942450003e-02
8.825000000000001066e+00 -1.990348434116811019e-02
8.875000000000000000e+00 -1.953125958170609522e-02
8.925000000000000711e+00 -2.208218054812185679e-02
8.975000000000001421e+00 -2.734830473274314430e-02
9.025000000000000355e+00 -3.096837693937892766e-02
9.075000000000001066e+00 -3.235892117849629990e-02
9.125000000000000000e+00 -3.489502428092024211e-02
9.175000000000000711e+00 -3.357978271659334268e-02
9.225000000000001421e+00 -3.711114286554924313e-02
9.275000000000000355e+00 -3.483993465908988285e-02
9.325000000000001066e+00 -3.377812168795486791e-02
9.375000000000000000e+00 -3.186669752086253304e-02
9.425000000000000711e+00 -3.158373854018812349e-02
9.475000000000001421e+00 -2.365826697021482586e-02
9.525000000000000355e+00 -2.293939077577497945e-02
9.575000000000001066e+00 -2.295488413735107328e-02
9.625000000000000000e+00 -1.709297275527497245e-02
9.675000000000000711e+00 -1.311883116513641416e-02
9.725000000000001421e+00 -1.099935664687166220e-02
9.775000000000000355e+00 -1.094701225182426359e-02
9.825000000000001066e+00 -5.653143912033797673e-03
9.875000000000000000e+00 -1.522874722209621333e-03
9.925000000000000711e+00 -3.614604495217932627e-03
9.975000000000001421e+00 -2.524152518556733137e-03
1.002499999999999858e+01 5.674972582863092342e-03
1.007500000000000284e+01 1.068541464582253332e-02
1.012500000000000000e+01 1.351981663604284734e-02
1.017500000000000071e+01 2.165256654917975532e-02
1.022500000000000142e+01 2.625278127266171199e-02
1.027499999999999858e+01 2.464829155128533955e-02
1.032500000000000284e+01 2.102715858509434169e-02
1.037500000000000000e+01 2.266582713817797551e-02
1.042500000000000071e+01 2.046264532485118567e-02
1.047500000000000142e+01 2.394771960009833833e-02
1.052499999999999858e+01 2.700196886275137154e-02
1.057500000000000284e+01 2.988339449652279919e-02
1.062500000000000000e+01 2.308131243563629406e-02
1.067500000000000071e+01 2.711838288996304414e-02
1.072500000000000142e+01 2.183240081966708601e-02
1.077499999999999858e+01 2.104054644984714242e-02
1.082500000000000284e+01 1.954266980619756566e-02
1.087500000000000000e+01 2.471121231607362884e-02
1.092500000000000071e+01 2.184658146409219903e-02
1.097500000000000142e+01 2.549704019803051766e-02
1.102499999999999858e+01 2.596532158277433874e-02
1.107500000000000284e+01 3.352004887905195990e-02
1.112500000000000000e+01 2.775302845213226122e-02
1.117500000000000071e+01 3.000225367505820334e-02
1.122500000000000142e+01 2.670165959659734009e-02
1.127499999999999858e+01 2.284031553963430244e-02
1.132500000000000284e+01 1.656102764043439202e-02
1.137500000000000000e+01 2.072389277197217439e-02
1.142500000000000071e+01 2.040205081880266599e-02
1.147500000000000142e+01 2.196802421938777450e-02
1.152499999999999858e+01 2.243377619904336415e-02
1.157500000000000284e+01 2.105404415114407041e-02
1.162500000000000000e+01 2.315608320888423027e-02
1.167500000000000071e+01 2.400703128709729198e-02
1.172500000000000142e+01 2.288189928772617343e-02
1.177499999999999858e+01 2.096890673414400150e-02
1.182500000000000284e+01 1.610503147585405290e-02
1.187500000000000000e+01 9.343790650885709301e-03
1.192500000000000071e+01 8.102595226391073185e-03
1.197500000000000142e+01 4.190097684730886840e-03
1.202499999999999858e+01 -2.193668916398295102e-03
1.207500000000000284e+01 8.834639912230104856e-04
1.212500000000000000e+01 1.569587702346098056e-03
1.217500000000000071e+01 -5.655899387104668455e-03
1.222500000000000142e+01 -6.846597489007423369e-03
1.227499999999999858e+01 9.528154744447901812e-04
1.232500000000000284e+01 -2.155978307541772665e-03
1.237500000000000000e+01 2.953149333482230077e-04
1.242500000000000071e+01 2.647928367766638671e-03
1.247500000000000142e+01 3.386004479738247575e-03
1.252499999999999858e+01 1.011303379774730832e-03
1.257500000000000284e+01 1.986783435211592237e-03
1.262500000000000000e+01 -1.702939537188541365e-03
1.267500000000000071e+01 -1.898781528352344507e-03
1.272500000000000142e+01 -2.628084564655353006e-03
1.277499999999999858e+01 -2.117522317365683367e-03
1.282500000000000284e+01 -7.393092113794353911e-04
1.287500000000000000e+01 1.197941778047706450e-03
1.292500000000000071e+01 -2.558150207526566165e-03
1.297500000000000142e+01 -4.416530746593494601e-03
1.302499999999999858e+01 -4.156600223052820016e-03
1.307500000000000284e+01 -2.639083407831677251e-03
1.312500000000000000e+01 -4.603224131951577647e-03
1.317500000000000426e+01 -3.005181762745225377e-04
1.322500000000000142e+01 2.662727457029135172e-03
1.327499999999999858e+01 -2.322244949898433133e-03
1.332500000000000284e+01 -3.244370188256695715e-03
1.337500000000000000e+01 7.264017131412027473e-05
1.342500000000000426e+01 3.064040348029096073e-03
1.347500000000000142e+01 3.383516576472445341e-03
1.352499999999999858e+01 5.989372335578480554e-03
1.357500000000000284e+01 4.731412196191798862e-03
1.362500000000000000e+01 5.942544270034469980e-05
1.367500000000000426e+01 -4.748210187621282438e-04
1.372500000000000142e+01 -1.242452642177482858e-03
1.377499999999999858e+01 -6.162840072526875289e-04
1.382500000000000284e+01 1.236203265633762120e-03
1.387500000000000000e+01 3.111253641369415932e-03
1.392500000000000426e+01 3.833326459066874886e-02
1.397500000000000142e+01 3.058534726896152134e-01
1.402499999999999858e+01 1.029875191399800771e+00
1.407500000000000284e+01 2.375058203542532720e+00
1.412500000000000000e+01 9.535751434300655305e+00
1.417500000000000426e+01 1.665814181840946517e+01
1.422500000000000142e+01 2.355198099253918187e+01
1.427499999999999858e+01 2.998909714751583167e+01
1.432500000000000284e+01 3.580340855437972891e+01
1.437500000000000000e+01 3.580340855437972891e+01
1.442500000000000426e+01 3.580340855437972891e+01
1.447500000000000142e+01 3.580340855437972891e+01
1.452499999999999858e+01 3.580340855437972891e+01
1.457500000000000284e+01 3.580340855437972891e+01
1.462500000000000000e+01 3.580340855437972891e+01
1.467500000000000426e+01 3.580340855437972891e+01
1.472500000000000142e+01 3.580340855437972891e+01
1.477499999999999858e+01 3.580340855437972891e+01
1.482500000000000284e+01 3.580340855437972891e+01
1.487500000000000000e+01 3.580340855437972891e+01
1.492500000000000426e+01 3.580340855437972891e+01
1.497500000000000142e+01 3.580340855437972891e+01
1.502499999999999858e+01 3.580340855437972891e+01
1.507500000000000284e+01 3.580340855437972891e+01
1.512500000000000000e+01 3.580340855437972891e+01
1.517500000000000426e+01 3.580340855437972891e+01
1.522500000000000142e+01 3.580340855437972891e+01
1.527499999999999858e+01 3.580340855437972891e+01
1.532500000000000284e+01 3.580340855437972891e+01
1.537500000000000000e+01 3.580340855437972891e+01
1.542500000000000426e+01 3.580340855437972891e+01
1.547500000000000142e+01 3.580340855437972891e+01
1.552499999999999858e+01 3.580340855437972891e+01
1.557500000000000284e+01 3.580340855437972891e+01
1.562500000000000000e+01 3.580340855437972891e+01
1.567500000000000426e+01 3.580340855437972891e+01
1.572500000000000142e+01 3.580340855437972891e+01
1.577499999999999858e+01 3.580340855437972891e+01
1.582500000000000284e+01 3.580340855437972891e+01
1.587500000000000000e+01 3.580340855437972891e+01
1.592500000000000426e+01 3.580340855437972891e+01
1.597500000000000142e+01 3.580340855437972891e+01
1.602499999999999858e+01 3.580340855437972891e+01
1.607500000000000284e+01 3.580340855437972891e+01
1.612500000000000000e+01 3.580340855437972891e+01
1.617500000000000426e+01 3.580340855437972891e+01
1.622500000000000142e+01 3.580340855437972891e+01
1.627499999999999858e+01 3.580340855437972891e+01
1.632500000000000284e+01 3.580340855437972891e+01
1.637500000000000000e+01 3.580340855437972891e+01
1.642500000000000426e+01 3.580340855437972891e+01
1.647500000000000142e+01 3.580340855437972891e+01
1.652499999999999858e+01 3.580340855437972891e+01
1.657500000000000284e+01 3.580340855437972891e+01
1.662500000000000000e+01 3.580340855437972891e+01
1.667500000000000426e+01 3.580340855437972891e+01
1.672500000000000142e+01 3.580340855437972891e+01
1.677499999999999858e+01 3.580340855437972891e+01
1.682500000000000284e+01 3.580340855437972891e+01
1.687500000000000000e+01 3.580340855437972891e+01
1.692500000000000426e+01 3.580340855437972891e+01
1.697500000000000142e+01 3.580340855437972891e+01
1.702499999999999858e+01 3.580340855437972891e+01
1.707500000000000284e+01 3.580340855437972891e+01
1.712500000000000000e+01 3.580340855437972891e+01
1.717500000000000426e+01 3.580340855437972891e+01
1.722500000000000142e+01 3.580340855437972891e+01
1.727499999999999858e+01 3.580340855437972891e+01
1.732500000000000284e+01 3.580340855437972891e+01
1.737500000000000000e+01 3.580340855437972891e+01
1.742500000000000426e+01 3.580340855437972891e+01
1.747500000000000142e+01 3.580340855437972891e+01
1.752499999999999858e+01 3.580340855437972891e+01
1.757500000000000284e+01 3.580340855437972891e+01
1.762500000000000000e+01 3.580340855437972891e+01
1.767500000000000426e+01 3.580340855437972891e+01
1.772500000000000142e+01 3.580340855437972891e+01
1.777499999999999858e+01 3.580340855437972891e+01
1.782500000000000284e+01 3.580340855437972891e+01
1.787500000000000000e+01 3.580340855437972891e+01
1.792500000000000426e+01 3.580340855437972891e+01
1.797500000000000142e+01 3.580340855437972891e+01
1.802499999999999858e+01 3.580340855437972891e+01
1.807500000000000284e+01 3.580340855437972891e+01
1.812500000000000000e+01 3.580340855437972891e+01
1.817500000000000426e+01 3.580340855437972891e+01
1.822500000000000142e+01 3.580340855437972891e+01
1.827499999999999858e+01 3.580340855437972891e+01
1.832500000000000284e+01 3.580340855437972891e+01
1.837500000000000000e+01 3.580340855437972891e+01
1.842500000000000426e+01 3.580340855437972891e+01
1.847500000000000142e+01 3.580340855437972891e+01
1.852499999999999858e+01 3.580340855437972891e+01
1.857500000000000284e+01 3.580340855437972891e+01
1.862500000000000000e+01 3.580340855437972891e+01
1.867500000000000426e+01 3.580340855437972891e+01
1.872500000000000142e+01 3.580340855437972891e+01
1.877499999999999858e+01 3.580340855437972891e+01
1.882500000000000284e+01 3.580340855437972891e+01
1.887500000000000000e+01 3.580340855437972891e+01
1.892500000000000426e+01 3.580340855437972891e+01
1.897500000000000142e+01 3.580340855437972891e+01
1.902499999999999858e+01 3.580340855437972891e+01
1.907500000000000284e+01 3.580340855437972891e+01
1.912500000000000000e+01 3.580340855437972891e+01
1.917500000000000426e+01 3.580340855437972891e+01
1.922500000000000142e+01 3.580340855437972891e+01
1.927499999999999858e+01 3.580340855437972891e+01
1.932500000000000284e+01 3.580340855437972891e+01
1.937500000000000000e+01 3.580340855437972891e+01
1.942500000000000426e+01 3.580340855437972891e+01
1.947500000000000142e+01 3.580340855437972891e+01
1.952499999999999858e+01 3.580340855437972891e+01
1.957500000000000284e+01 3.580340855437972891e+01
1.962500000000000000e+01 3.580340855437972891e+01
1.967500000000000426e+01 3.580340855437972891e+01
1.972500000000000142e+01 3.580340855437972891e+01
1.977499999999999858e+01 3.580340855437972891e+01
1.982500000000000284e+01 3.580340855437972891e+01
1.987500000000000000e+01 3.580340855437972891e+01
1.992500000000000426e+01 3.580340855437972891e+01
1.997500000000000142e+01 3.580340855437972891e+01
2.002499999999999858e+01 3.580340855437972891e+01
2.007500000000000284e+01 3.580340855437972891e+01
2.012500000000000000e+01 3.580340855437972891e+01
2.017500000000000426e+01 3.580340855437972891e+01
2.022500000000000142e+01 3.580340855437972891e+01
2.027499999999999858e+01 3.580340855437972891e+01
2.032500000000000284e+01 3.580340855437972891e+01
2.037500000000000000e+01 3.580340855437972891e+01
2.042500000000000426e+01 3.580340855437972891e+01
2.047500000000000142e+01 3.580340855437972891e+01
2.052499999999999858e+01 3.580340855437972891e+01
2.057500000000000284e+01 3.580340855437972891e+01
2.062500000000000000e+01 3.580340855437972891e+01
2.067500000000000426e+01 3.580340855437972891e+01
2.072500000000000142e+01 3.580340855437972891e+01
2.077499999999999858e+01 3.580340855437972891e+01
2.082500000000000284e+01 3.580340855437972891e+01
2.087500000000000000e+01 3.580340855437972891e+01
2.092500000000000426e+01 3.580340855437972891e+01
2.097500000000000142e+01 3.580340855437972891e+01
2.102499999999999858e+01 3.580340855437972891e+01
2.107500000000000284e+01 3.580340855437972891e+01
2.112500000000000000e+01 3.580340855437972891e+01
2.117500000000000426e+01 3.580340855437972891e+01
2.122500000000000142e+01 3.580340855437972891e+01
2.127499999999999858e+01 3.580340855437972891e+01
2.132500000000000284e+01 3.580340855437972891e+01
2.137500000000000000e+01 3.580340855437972891e+01
2.142500000000000426e+01 3.580340855437972891e+01
2.147500000000000142e+01 3.580340855437972891e+01
2.152499999999999858e+01 3.580340855437972891e+01
2.157500000000000284e+01 3.580340855437972891e+01
2.162500000000000000e+01 3.580340855437972891e+01
2.167500000000000426e+01 3.580340855437972891e+01
2.172500000000000142e+01 3.580340855437972891e+01
2.177499999999999858e+01 3.580340855437972891e+01
2.182500000000000284e+01 3.580340855437972891e+01
2.187500000000000000e+01 3.580340855437972891e+01
2.192500000000000426e+01 3.580340855437972891e+01
2.197500000000000142e+01 3.580340855437972891e+01
2.202499999999999858e+01 3.580340855437972891e+01
2.207500000000000284e+01 3.580340855437972891e+01
2.212500000000000000e+01 3.580340855437972891e+01
2.217500000000000426e+01 3.580340855437972891e+01
2.222500000000000142e+01 3.580340855437972891e+01
2.227499999999999858e+01 3.580340855437972891e+01
2.232500000000000284e+01 3.580340855437972891e+01
2.237500000000000000e+01 3.580340855437972891e+01
2.242500000000000426e+01 3.580340855437972891e+01
2.247500000000000142e+01 3.580340855437972891e+01
2.252499999999999858e+01 3.580340855437972891e+01
2.257500000000000284e+01 3.580340855437972891e+01
2.262500000000000000e+01 3.580340855437972891e+01
2.267500000000000426e+01 3.580340855437972891e+01
2.272500000000000142e+01 3.580340855437972891e+01
2.277499999999999858e+01 3.580340855437972891e+01
2.282500000000000284e+01 3.580340855437972891e+01
2.287500000000000000e+01 3.580340855437972891e+01
2.292500000000000426e+01 3.580340855437972891e+01
2.297500000000000142e+01 3.580340855437972891e+01
2.302499999999999858e+01 3.580340855437972891e+01
2.307500000000000284e+01 3.580340855437972891e+01
2.312500000000000000e+01 3.580340855437972891e+01
2.317500000000000426e+01 3.580340855437972891e+01
2.322500000000000142e+01 3.580340855437972891e+01
2.327499999999999858e+01 3.580340855437972891e+01
2.332500000000000284e+01 3.580340855437972891e+01
2.337500000000000000e+01 3.580340855437972891e+01
2.342500000000000426e+01 3.580340855437972891e+01
2.347500000000000142e+01 3.580340855437972891e+01
2.352499999999999858e+01 3.580340855437972891e+01
2.357500000000000284e+01 3.580340855437972891e+01
2.362500000000000000e+01 3.580340855437972891e+01
2.367500000000000426e+01 3.580340855437972891e+01
2.372500000000000142e+01 3.580340855437972891e+01
2.377499999999999858e+01 3.580340855437972891e+01
2.382500000000000284e+01 3.580340855437972891e+01
2.387500000000000000e+01 3.580340855437972891e+01
2.392500000000000426e+01 2.864272684350378384e+01
2.397500000000000142e+01 2.148204513262783877e+01
