# r_minus_2Rs_A,    PMF_over_kBT
-5.974999999999999645e+00 2.174065825934088991e+01
-5.924999999999999822e+00 2.898754434578785322e+01
-5.875000000000000000e+00 3.623443043223481652e+01
-5.825000000000000178e+00 3.623443043223481652e+01
-5.775000000000000355e+00 3.623443043223481652e+01
-5.724999999999999645e+00 3.623443043223481652e+01
-5.674999999999999822e+00 3.623443043223481652e+01
-5.625000000000000000e+00 3.623443043223481652e+01
-5.575000000000000178e+00 3.623443043223481652e+01
-5.525000000000000355e+00 3.623443043223481652e+01
-5.474999999999999645e+00 3.623443043223481652e+01
-5.424999999999999822e+00 3.623443043223481652e+01
-5.375000000000000000e+00 3.623443043223481652e+01
-5.325000000000000178e+00 3.623443043223481652e+01
-5.275000000000000355e+00 3.623443043223481652e+01
-5.224999999999999645e+00 3.623443043223481652e+01
-5.174999999999999822e+00 3.623443043223481652e+01
-5.125000000000000000e+00 3.623443043223481652e+01
-5.075000000000000178e+00 3.623443043223481652e+01
-5.025000000000000355e+00 3.623443043223481652e+01
-4.974999999999999645e+00 3.623443043223481652e+01
-4.924999999999999822e+00 3.623443043223481652e+01
-4.875000000000000000e+00 3.623443043223481652e+01
-4.824999999999999289e+00 3.623443043223481652e+01
-4.775000000000000355e+00 3.623443043223481652e+01
-4.724999999999999645e+00 3.623443043223481652e+01
-4.674999999999999822e+00 3.623443043223481652e+01
-4.625000000000000000e+00 3.623443043223481652e+01
-4.574999999999999289e+00 3.623443043223481652e+01
-4.525000000000000355e+00 3.623443043223481652e+01
-4.474999999999999645e+00 3.623443043223481652e+01
-4.424999999999999822e+00 3.623443043223481652e+01
-4.375000000000000000e+00 3.623443043223481652e+01
-4.324999999999999289e+00 3.623443043223481652e+01
-4.275000000000000355e+00 3.623443043223481652e+01
-4.224999999999999645e+00 3.623443043223481652e+01
-4.174999999999999822e+00 3.623443043223481652e+01
-4.125000000000000000e+00 3.623443043223481652e+01
-4.074999999999999289e+00 3.623443043223481652e+01
-4.025000000000000355e+00 3.623443043223481652e+01
-3.974999999999999645e+00 3.623443043223481652e+01
-3.924999999999999822e+00 3.623443043223481652e+01
-3.875000000000000000e+00 3.623443043223481652e+01
-3.825000000000000178e+00 3.623443043223481652e+01
-3.774999999999999911e+00 3.623443043223481652e+01
-3.724999999999999645e+00 3.623443043223481652e+01
-3.674999999999999822e+00 3.623443043223481652e+01
-3.625000000000000000e+00 3.623443043223481652e+01
-3.574999999999999734e+00 3.623443043223481652e+01
-3.524999999999999911e+00 3.623443043223481652e+01
-3.474999999999999645e+00 3.623443043223481652e+01
-3.424999999999999822e+00 3.623443043223481652e+01
-3.375000000000000000e+00 3.623443043223481652e+01
-3.324999999999999734e+00 3.623443043223481652e+01
-3.274999999999999911e+00 3.623443043223481652e+01
-3.224999999999999645e+00 3.623443043223481652e+01
-3.174999999999999822e+00 3.623443043223481652e+01
-3.125000000000000000e+00 3.623443043223481652e+01
-3.074999999999999734e+00 3.623443043223481652e+01
-3.024999999999999911e+00 3.623443043223481652e+01
-2.974999999999999645e+00 3.623443043223481652e+01
-2.924999999999999822e+00 3.623443043223481652e+01
-2.875000000000000000e+00 3.623443043223481652e+01
-2.824999999999999734e+00 3.623443043223481652e+01
-2.774999999999999911e+00 3.623443043223481652e+01
-2.724999999999999645e+00 3.623443043223481652e+01
-2.674999999999999822e+00 3.623443043223481652e+01
-2.625000000000000000e+00 3.623443043223481652e+01
-2.574999999999999734e+00 3.623443043223481652e+01
-2.524999999999999911e+00 3.623443043223481652e+01
-2.474999999999999645e+00 3.623443043223481652e+01
-2.424999999999999822e+00 3.623443043223481652e+01
-2.375000000000000000e+00 3.623443043223481652e+01
-2.324999999999999734e+00 3.623443043223481652e+01
-2.274999999999999911e+00 3.623443043223481652e+01
-2.224999999999999645e+00 3.623443043223481652e+01
-2.174999999999999822e+00 3.623443043223481652e+01
-2.125000000000000000e+00 3.623443043223481652e+01
-2.074999999999999734e+00 3.623443043223481652e+01
-2.024999999999999911e+00 3.623443043223481652e+01
-1.974999999999999645e+00 3.623443043223481652e+01
-1.924999999999999822e+00 3.623443043223481652e+01
-1.875000000000000000e+00 3.623443043223481652e+01
-1.824999999999999289e+00 3.623443043223481652e+01
-1.775000000000000355e+00 3.623443043223481652e+01
-1.724999999999999645e+00 3.623443043223481652e+01
-1.674999999999999822e+00 3.623443043223481652e+01
-1.625000000000000000e+00 3.623443043223481652e+01
-1.574999999999999289e+00 3.623443043223481652e+01
-1.525000000000000355e+00 3.623443043223481652e+01
-1.474999999999999645e+00 3.623443043223481652e+01
-1.424999999999999822e+00 3.623443043223481652e+01
-1.375000000000000000e+00 3.623443043223481652e+01
-1.324999999999999289e+00 3.623443043223481652e+01
-1.275000000000000355e+00 3.623443043223481652e+01
-1.224999999999999645e+00 3.623443043223481652e+01
-1.174999999999998934e+00 3.623443043223481652e+01
-1.125000000000000000e+00 3.623443043223481652e+01
-1.074999999999999289e+00 3.623443043223481652e+01
-1.025000000000000355e+00 3.623443043223481652e+01
-9.749999999999996447e-01 3.623443043223481652e+01
-9.249999999999989342e-01 3.623443043223481652e+01
-8.750000000000000000e-01 3.623443043223481652e+01
-8.249999999999992895e-01 3.623443043223481652e+01
-7.750000000000003553e-01 3.623443043223481652e+01
-7.249999999999996447e-01 3.623443043223481652e+01
-6.749999999999989342e-01 3.623443043223481652e+01
-6.250000000000000000e-01 3.623443043223481652e+01
-5.749999999999992895e-01 3.623443043223481652e+01
-5.250000000000003553e-01 3.623443043223481652e+01
-4.749999999999996447e-01 3.009248786531953712e+01
-4.249999999999989342e-01 2.348381009308235434e+01
-3.750000000000000000e-01 1.652674139387234220e+01
-3.249999999999992895e-01 9.349907778832077909e+00
-2.750000000000003553e-01 2.034169513094175485e+00
-2.249999999999996447e-01 7.955780449615036387e-01
-1.749999999999989342e-01 6.987910662565962987e-03
-1.250000000000000000e-01 -4.499795386677110653e-01
-7.499999999999928946e-02 -6.733116917021263470e-01
-2.500000000000035527e-02 -7.390831637389350117e-01
2.500000000000035527e-02 -7.143862516606390711e-01
7.500000000000106581e-02 -6.622528417079603935e-01
1.250000000000000000e-01 -5.802711560150619619e-01
1.750000000000007105e-01 -5.009327259791842568e-01
2.249999999999996447e-01 -4.374074731385068082e-01
2.750000000000003553e-01 -3.816176143602739157e-01
3.250000000000010658e-01 -3.277337944758038635e-01
3.750000000000000000e-01 -2.860203533378502527e-01
4.250000000000007105e-01 -2.431646253356483101e-01
4.749999999999996447e-01 -1.984427673246273172e-01
5.250000000000003553e-01 -1.631835359961122944e-01
5.750000000000010658e-01 -1.317324912354099209e-01
6.250000000000000000e-01 -9.780747416026153163e-02
6.750000000000007105e-01 -7.061147609031621919e-02
7.249999999999996447e-01 -4.625854281912823024e-02
7.750000000000003553e-01 -3.144203414698835963e-02
8.250000000000010658e-01 -1.937131635058015819e-02
8.750000000000000000e-01 -2.900734348713740040e-03
9.250000000000007105e-01 3.666543661425336782e-03
9.749999999999996447e-01 6.975223404869979570e-03
1.025000000000000355e+00 9.896487494632922113e-03
1.075000000000001066e+00 4.984617887811281303e-03
1.125000000000000000e+00 -4.456196016266745705e-03
1.175000000000000711e+00 -2.092845377053684924e-02
1.224999999999999645e+00 -2.945009914174470320e-02
1.275000000000000355e+00 -3.060133112194130325e-02
1.325000000000001066e+00 -4.151338045615524802e-02
1.375000000000000000e+00 -5.193999174718549189e-02
1.425000000000000711e+00 -5.176346761596661850e-02
1.474999999999999645e+00 -7.225541069746981016e-02
1.525000000000000355e+00 -9.632380803557367976e-02
1.575000000000001066e+00 -1.072414359290068259e-01
1.625000000000000000e+00 -1.385840403325481474e-01
1.675000000000000711e+00 -1.615064814614307065e-01
1.724999999999999645e+00 -1.700874202276114744e-01
1.775000000000000355e+00 -1.805165926548266131e-01
1.825000000000001066e+00 -1.925739081365325234e-01
1.875000000000000000e+00 -1.926304693916534860e-01
1.925000000000000711e+00 -2.034794981284256954e-01
1.974999999999999645e+00 -2.212138517021778050e-01
2.025000000000000355e+00 -2.355678670160095689e-01
2.074999999999999289e+00 -2.499331420974816031e-01
2.125000000000000000e+00 -2.627172434855638006e-01
2.175000000000000711e+00 -2.691708731939957966e-01
2.225000000000001421e+00 -2.732727713576452166e-01
2.275000000000000355e+00 -2.631480589256060543e-01
2.324999999999999289e+00 -2.502325277957357930e-01
2.375000000000000000e+00 -2.238002122775558378e-01
2.425000000000000711e+00 -2.071951741089041177e-01
2.475000000000001421e+00 -1.786925453834932453e-01
2.525000000000000355e+00 -1.544751528640031235e-01
2.574999999999999289e+00 -1.218991739404430008e-01
2.625000000000000000e+00 -1.004672123297939978e-01
2.675000000000000711e+00 -6.104336274885006908e-02
2.725000000000001421e+00 -2.334858343285972984e-02
2.775000000000000355e+00 3.209927090262711807e-03
2.824999999999999289e+00 2.906255797654822351e-02
2.875000000000000000e+00 6.384025334152206022e-02
2.925000000000000711e+00 1.006624442339593001e-01
2.975000000000001421e+00 1.366723407188565886e-01
3.025000000000000355e+00 1.682282372006539961e-01
3.074999999999999289e+00 2.060342944874779814e-01
3.125000000000000000e+00 2.451588527357579372e-01
3.175000000000000711e+00 2.743052603058082628e-01
3.225000000000001421e+00 3.013750579741490410e-01
3.275000000000000355e+00 3.274477532554300185e-01
3.324999999999999289e+00 3.493658342683708673e-01
3.375000000000000000e+00 3.707897823457670938e-01
3.425000000000000711e+00 3.962978887297570196e-01
3.475000000000001421e+00 4.199262946470078695e-01
3.525000000000000355e+00 4.488496959162873168e-01
3.575000000000001066e+00 4.692727349194242836e-01
3.625000000000000000e+00 4.783975787282138126e-01
3.675000000000000711e+00 4.818843226577634309e-01
3.725000000000001421e+00 4.921941717332092847e-01
3.775000000000000355e+00 4.945260908912373909e-01
3.825000000000001066e+00 4.989990549766993855e-01
3.875000000000000000e+00 5.110936471106584111e-01
3.925000000000000711e+00 5.161101743659777252e-01
3.975000000000001421e+00 5.171937490070565024e-01
4.025000000000000355e+00 5.128217461093491636e-01
4.075000000000001066e+00 5.055213202293646901e-01
4.125000000000000000e+00 4.923123549063486704e-01
4.175000000000000711e+00 4.765732924531981274e-01
4.225000000000001421e+00 4.488246209456220881e-01
4.275000000000000355e+00 4.365603869379089952e-01
4.325000000000001066e+00 4.124304303531645122e-01
4.375000000000000000e+00 3.786845457276669658e-01
4.425000000000000711e+00 3.386007585854614033e-01
4.475000000000001421e+00 3.016593518628461479e-01
4.525000000000000355e+00 2.530712744229894895e-01
4.575000000000001066e+00 2.080299974676972363e-01
4.625000000000000000e+00 1.596755185951078404e-01
4.675000000000000711e+00 1.135675557713504841e-01
4.725000000000001421e+00 6.703235049095682130e-02
4.775000000000000355e+00 2.138668709108593191e-02
4.825000000000001066e+00 -2.588154321831019969e-02
4.875000000000000000e+00 -6.531656219093805171e-02
4.925000000000000711e+00 -1.091954347923103225e-01
4.975000000000001421e+00 -1.497181506958565333e-01
5.025000000000000355e+00 -1.867523404110617291e-01
5.075000000000001066e+00 -2.178061580080505877e-01
5.125000000000000000e+00 -2.439940447696912484e-01
5.175000000000000711e+00 -2.556210014124442043e-01
5.225000000000001421e+00 -2.625840405551042034e-01
5.275000000000000355e+00 -2.719326498209099774e-01
5.325000000000001066e+00 -2.759977070735555316e-01
5.375000000000000000e+00 -2.798334966969147630e-01
5.425000000000000711e+00 -2.783414648120220991e-01
5.475000000000001421e+00 -2.826711209202329989e-01
5.525000000000000355e+00 -2.801992097995739672e-01
5.575000000000001066e+00 -2.742492190026773469e-01
5.625000000000000000e+00 -2.628051303182498688e-01
5.675000000000000711e+00 -2.547647362303674945e-01
5.725000000000001421e+00 -2.417759592034212091e-01
5.775000000000000355e+00 -2.240217131521539673e-01
5.825000000000001066e+00 -2.092803691923222908e-01
5.875000000000000000e+00 -1.991942340633109376e-01
5.925000000000000711e+00 -1.777428659112814668e-01
5.975000000000001421e+00 -1.621464346237811438e-01
6.025000000000000355e+00 -1.462904164490957670e-01
6.075000000000001066e+00 -1.323994804175889495e-01
6.125000000000000000e+00 -1.127549181344690427e-01
6.175000000000000711e+00 -1.059868451655596316e-01
6.225000000000001421e+00 -9.483914985952210386e-02
6.275000000000000355e+00 -8.017669315096184746e-02
6.325000000000001066e+00 -6.468115861969252200e-02
6.375000000000000000e+00 -5.030047686235797344e-02
6.425000000000000711e+00 -3.481296064470101176e-02
6.475000000000001421e+00 -1.589511991523125112e-02
6.525000000000000355e+00 1.807477052571471524e-03
6.575000000000001066e+00 1.080516565083016085e-02
6.625000000000000000e+00 1.922424931672210915e-02
6.675000000000000711e+00 3.388936963728994556e-02
6.725000000000001421e+00 4.985260008265762072e-02
6.775000000000000355e+00 5.950025976477526374e-02
6.825000000000001066e+00 7.495879708148756038e-02
6.875000000000000000e+00 8.713513657055500794e-02
6.925000000000000711e+00 9.349243974143101044e-02
6.975000000000001421e+00 9.356887340244490758e-02
7.025000000000000355e+00 8.738137118599241526e-02
7.075000000000001066e+00 9.205656163383155177e-02
7.125000000000000000e+00 9.533663376554528390e-02
7.175000000000000711e+00 9.406529375216017563e-02
7.225000000000001421e+00 9.280529145241445121e-02
7.275000000000000355e+00 1.000776089936596946e-01
7.325000000000001066e+00 9.761237970558661603e-02
7.375000000000000000e+00 9.752088601658463751e-02
7.425000000000000711e+00 9.840564056776060498e-02
7.475000000000001421e+00 1.008110043577286064e-01
7.525000000000000355e+00 9.422902843481467672e-02
7.575000000000001066e+00 8.797827927850933316e-02
7.625000000000000000e+00 8.097817519157467225e-02
7.675000000000000711e+00 7.297526062032631822e-02
7.725000000000001421e+00 6.499405049052135730e-02
7.775000000000000355e+00 6.216400047395644751e-02
7.825000000000001066e+00 5.749812324580894085e-02
7.875000000000000000e+00 4.927957763903059729e-02
7.925000000000000711e+00 4.702667470365363284e-02
7.975000000000001421e+00 3.896328556712376490e-02
8.025000000000000355e+00 2.973659896086999765e-02
8.075000000000001066e+00 1.990597879003921239e-02
8.125000000000000000e+00 1.400720391120877789e-02
8.175000000000000711e+00 7.160081572740395472e-03
8.225000000000001421e+00 2.684706225687705314e-03
8.275000000000000355e+00 -5.309244685114223455e-03
8.325000000000001066e+00 -7.925227494890307520e-03
8.375000000000000000e+00 -1.424118357337214071e-02
8.425000000000000711e+00 -2.312029993315576834e-02
8.475000000000001421e+00 -2.400514310206638274e-02
8.525000000000000355e+00 -2.807998674015230872e-02
8.575000000000001066e+00 -2.917707787147528001e-02
8.625000000000000000e+00 -3.268284934478274395e-02
8.675000000000000711e+00 -3.145409886521229048e-02
8.725000000000001421e+00 -3.588563780292304550e-02
8.775000000000000355e+00 -3.165290649203101464e-02
8.825000000000001066e+00 -3.028913013073584320e-02
8.875000000000000000e+00 -2.399928554987589349e-02
8.925000000000000711e+00 -2.012543496416334746e-02
8.975000000000001421e+00 -1.984843316302544597e-02
9.025000000000000355e+00 -1.855990305418941944e-02
9.075000000000001066e+00 -2.291773502866085999e-02
9.125000000000000000e+00 -2.426186504422851720e-02
9.175000000000000711e+00 -2.718216795636792249e-02
9.225000000000001421e+00 -2.808747654702124091e-02
9.275000000000000355e+00 -2.525835136167984760e-02
9.325000000000001066e+00 -1.761173183752369475e-02
9.375000000000000000e+00 -1.295419976126304176e-02
9.425000000000000711e+00 -9.415045851083547745e-03
9.475000000000001421e+00 -2.787153290188016091e-03
9.525000000000000355e+00 1.208312417839963165e-03
9.575000000000001066e+00 2.302180953198629428e-03
9.625000000000000000e+00 3.344873540946125077e-03
9.675000000000000711e+00 5.980979741990211443e-03
9.725000000000001421e+00 1.281704382307360425e-02
9.775000000000000355e+00 1.230296490076412431e-02
9.825000000000001066e+00 1.376107433423960982e-02
9.875000000000000000e+00 1.845713167597686638e-02
9.925000000000000711e+00 2.118699298182597987e-02
9.975000000000001421e+00 1.845132478905000747e-02
1.002499999999999858e+01 2.205574407764601327e-02
1.007500000000000284e+01 2.813528517274122009e-02
1.012500000000000000e+01 2.789725142402055269e-02
1.017500000000000071e+01 3.133100387868026360e-02
1.022500000000000142e+01 3.538206096716543098e-02
1.027499999999999858e+01 3.561697752079809320e-02
1.032500000000000284e+01 3.358766821023131954e-02
1.037500000000000000e+01 3.620350819964386624e-02
1.042500000000000071e+01 3.598538433288958616e-02
1.047500000000000142e+01 3.950398649820066610e-02
1.052499999999999858e+01 3.922636041945821994e-02
1.057500000000000284e+01 3.814635703408804368e-02
1.062500000000000000e+01 3.508618128421687327e-02
1.067500000000000071e+01 3.079299497878018599e-02
1.072500000000000142e+01 2.602635885552224970e-02
1.077499999999999858e+01 2.877375611629453753e-02
1.082500000000000284e+01 2.708404517765430550e-02
1.087500000000000000e+01 2.870628390982155054e-02
1.092500000000000071e+01 3.510106871985421012e-02
1.097500000000000142e+01 3.252627472051940888e-02
1.102499999999999858e+01 3.081691313309242730e-02
1.107500000000000284e+01 3.101614494648998951e-02
1.112500000000000000e+01 2.768298943269584950e-02
1.117500000000000071e+01 2.439116919651418414e-02
1.122500000000000142e+01 2.486288787007957801e-02
1.127499999999999858e+01 2.244484522292466977e-02
1.132500000000000284e+01 2.014208860950468527e-02
1.137500000000000000e+01 1.748067508237341125e-02
1.142500000000000071e+01 1.811703606685491005e-02
1.147500000000000142e+01 1.893697385343813197e-02
1.152499999999999858e+01 1.708981350596019619e-02
1.157500000000000284e+01 2.170106995547058798e-02
1.162500000000000000e+01 2.306582561132337547e-02
1.167500000000000071e+01 1.707746105358438904e-02
1.172500000000000142e+01 1.299413355097733813e-02
1.177499999999999858e+01 8.402352836457892618e-03
1.182500000000000284e+01 6.734238883004551451e-03
1.187500000000000000e+01 5.460019523193793828e-03
1.192500000000000071e+01 6.166243011217531315e-03
1.197500000000000142e+01 5.985384604761279093e-03
1.202499999999999858e+01 6.856793286729612191e-03
1.207500000000000284e+01 2.687831784072614028e-03
1.212500000000000000e+01 -5.151771497434510551e-04
1.217500000000000071e+01 -3.471006118771313969e-03
1.222500000000000142e+01 -3.002236414984337833e-03
1.227499999999999858e+01 -2.753112402571744437e-03
1.232500000000000284e+01 -4.009495204392976575e-03
1.237500000000000000e+01 -3.483659745336709079e-03
1.242500000000000071e+01 -4.365786566651763678e-03
1.247500000000000142e+01 -4.656868550813086753e-03
1.252499999999999858e+01 -4.348487333323446807e-03
1.257500000000000284e+01 -3.714036899516415767e-03
1.262500000000000000e+01 -3.827314906125423781e-04
1.267500000000000071e+01 5.051808562496518627e-03
1.272500000000000142e+01 2.858888276138316174e-03
1.277499999999999858e+01 1.088850315252542968e-03
1.282500000000000284e+01 1.567907498174392908e-03
1.287500000000000000e+01 4.381568385694478707e-03
1.292500000000000071e+01 1.673717519791040418e-03
1.297500000000000142e+01 5.490271954394643737e-03
1.302499999999999858e+01 6.795043234554399951e-03
1.307500000000000284e+01 1.153338136878865466e-02
1.312500000000000000e+01 8.423168163708893638e-03
1.317500000000000426e+01 9.694215682093342695e-03
1.322500000000000142e+01 1.075550832944607328e-02
1.327499999999999858e+01 1.517828417859910101e-02
1.332500000000000284e+01 1.540529807506416798e-02
1.337500000000000000e+01 1.370584632643208171e-02
1.342500000000000426e+01 1.455095581200858273e-02
1.347500000000000142e+01 1.594953588905632241e-02
1.352499999999999858e+01 1.425983001508122211e-02
1.357500000000000284e+01 1.603760547798032191e-02
1.362500000000000000e+01 1.849679626859455223e-02
1.367500000000000426e+01 2.139102279405058482e-02
1.372500000000000142e+01 1.578512254978150717e-02
1.377499999999999858e+01 1.724005145077853879e-02
1.382500000000000284e+01 1.255189019669877837e-02
1.387500000000000000e+01 1.018029240811735465e-02
1.392500000000000426e+01 4.667884505216016167e-02
1.397500000000000142e+01 3.081628266864822052e-01
1.402499999999999858e+01 1.023405218754600554e+00
1.407500000000000284e+01 2.401057014301687609e+00
1.412500000000000000e+01 9.647887367346108078e+00
1.417500000000000426e+01 1.685328643133470550e+01
1.422500000000000142e+01 2.383956561648511752e+01
1.427499999999999858e+01 3.036764617247742137e+01
1.432500000000000284e+01 3.623443043223481652e+01
1.437500000000000000e+01 3.623443043223481652e+01
1.442500000000000426e+01 3.623443043223481652e+01
1.447500000000000142e+01 3.623443043223481652e+01
1.452499999999999858e+01 3.623443043223481652e+01
1.457500000000000284e+01 3.623443043223481652e+01
1.462500000000000000e+01 3.623443043223481652e+01
1.467500000000000426e+01 3.623443043223481652e+01
1.472500000000000142e+01 3.623443043223481652e+01
1.477499999999999858e+01 3.623443043223481652e+01
1.482500000000000284e+01 3.623443043223481652e+01
1.487500000000000000e+01 3.623443043223481652e+01
1.492500000000000426e+01 3.623443043223481652e+01
1.497500000000000142e+01 3.623443043223481652e+01
1.502499999999999858e+01 3.623443043223481652e+01
1.507500000000000284e+01 3.623443043223481652e+01
1.512500000000000000e+01 3.623443043223481652e+01
1.517500000000000426e+01 3.623443043223481652e+01
1.522500000000000142e+01 3.623443043223481652e+01
1.527499999999999858e+01 3.623443043223481652e+01
1.532500000000000284e+01 3.623443043223481652e+01
1.537500000000000000e+01 3.623443043223481652e+01
1.542500000000000426e+01 3.623443043223481652e+01
1.547500000000000142e+01 3.623443043223481652e+01
1.552499999999999858e+01 3.623443043223481652e+01
1.557500000000000284e+01 3.623443043223481652e+01
1.562500000000000000e+01 3.623443043223481652e+01
1.567500000000000426e+01 3.623443043223481652e+01
1.572500000000000142e+01 3.623443043223481652e+01
1.577499999999999858e+01 3.623443043223481652e+01
1.582500000000000284e+01 3.623443043223481652e+01
1.587500000000000000e+01 3.623443043223481652e+01
1.592500000000000426e+01 3.623443043223481652e+01
1.597500000000000142e+01 3.623443043223481652e+01
1.602499999999999858e+01 3.623443043223481652e+01
1.607500000000000284e+01 3.623443043223481652e+01
1.612500000000000000e+01 3.623443043223481652e+01
1.617500000000000426e+01 3.623443043223481652e+01
1.622500000000000142e+01 3.623443043223481652e+01
1.627499999999999858e+01 3.623443043223481652e+01
1.632500000000000284e+01 3.623443043223481652e+01
1.637500000000000000e+01 3.623443043223481652e+01
1.642500000000000426e+01 3.623443043223481652e+01
1.647500000000000142e+01 3.623443043223481652e+01
1.652499999999999858e+01 3.623443043223481652e+01
1.657500000000000284e+01 3.623443043223481652e+01
1.662500000000000000e+01 3.623443043223481652e+01
1.667500000000000426e+01 3.623443043223481652e+01
1.672500000000000142e+01 3.623443043223481652e+01
1.677499999999999858e+01 3.623443043223481652e+01
1.682500000000000284e+01 3.623443043223481652e+01
1.687500000000000000e+01 3.623443043223481652e+01
1.692500000000000426e+01 3.623443043223481652e+01
1.697500000000000142e+01 3.623443043223481652e+01
1.702499999999999858e+01 3.623443043223481652e+01
1.707500000000000284e+01 3.623443043223481652e+01
1.712500000000000000e+01 3.623443043223481652e+01
1.717500000000000426e+01 3.623443043223481652e+01
1.722500000000000142e+01 3.623443043223481652e+01
1.727499999999999858e+01 3.623443043223481652e+01
1.732500000000000284e+01 3.623443043223481652e+01
1.737500000000000000e+01 3.623443043223481652e+01
1.742500000000000426e+01 3.623443043223481652e+01
1.747500000000000142e+01 3.623443043223481652e+01
1.752499999999999858e+01 3.623443043223481652e+01
1.757500000000000284e+01 3.623443043223481652e+01
1.762500000000000000e+01 3.623443043223481652e+01
1.767500000000000426e+01 3.623443043223481652e+01
1.772500000000000142e+01 3.623443043223481652e+01
1.777499999999999858e+01 3.623443043223481652e+01
1.782500000000000284e+01 3.623443043223481652e+01
1.787500000000000000e+01 3.623443043223481652e+01
1.792500000000000426e+01 3.623443043223481652e+01
1.797500000000000142e+01 3.623443043223481652e+01
1.802499999999999858e+01 3.623443043223481652e+01
1.807500000000000284e+01 3.623443043223481652e+01
1.812500000000000000e+01 3.623443043223481652e+01
1.817500000000000426e+01 3.623443043223481652e+01
1.822500000000000142e+01 3.623443043223481652e+01
1.827499999999999858e+01 3.623443043223481652e+01
1.832500000000000284e+01 3.623443043223481652e+01
1.837500000000000000e+01 3.623443043223481652e+01
1.842500000000000426e+01 3.623443043223481652e+01
1.847500000000000142e+01 3.623443043223481652e+01
1.852499999999999858e+01 3.623443043223481652e+01
1.857500000000000284e+01 3.623443043223481652e+01
1.862500000000000000e+01 3.623443043223481652e+01
1.867500000000000426e+01 3.623443043223481652e+01
1.872500000000000142e+01 3.623443043223481652e+01
1.877499999999999858e+01 3.623443043223481652e+01
1.882500000000000284e+01 3.623443043223481652e+01
1.887500000000000000e+01 3.623443043223481652e+01
1.892500000000000426e+01 3.623443043223481652e+01
1.897500000000000142e+01 3.623443043223481652e+01
1.902499999999999858e+01 3.623443043223481652e+01
1.907500000000000284e+01 3.623443043223481652e+01
1.912500000000000000e+01 3.623443043223481652e+01
1.917500000000000426e+01 3.623443043223481652e+01
1.922500000000000142e+01 3.623443043223481652e+01
1.927499999999999858e+01 3.623443043223481652e+01
1.932500000000000284e+01 3.623443043223481652e+01
1.937500000000000000e+01 3.623443043223481652e+01
1.942500000000000426e+01 3.623443043223481652e+01
1.947500000000000142e+01 3.623443043223481652e+01
1.952499999999999858e+01 3.623443043223481652e+01
1.957500000000000284e+01 3.623443043223481652e+01
1.962500000000000000e+01 3.623443043223481652e+01
1.967500000000000426e+01 3.623443043223481652e+01
1.972500000000000142e+01 3.623443043223481652e+01
1.977499999999999858e+01 3.623443043223481652e+01
1.982500000000000284e+01 3.623443043223481652e+01
1.987500000000000000e+01 3.623443043223481652e+01
1.992500000000000426e+01 3.623443043223481652e+01
1.997500000000000142e+01 3.623443043223481652e+01
2.002499999999999858e+01 3.623443043223481652e+01
2.007500000000000284e+01 3.623443043223481652e+01
2.012500000000000000e+01 3.623443043223481652e+01
2.017500000000000426e+01 3.623443043223481652e+01
2.022500000000000142e+01 3.623443043223481652e+01
2.027499999999999858e+01 3.623443043223481652e+01
2.032500000000000284e+01 3.623443043223481652e+01
2.037500000000000000e+01 3.623443043223481652e+01
2.042500000000000426e+01 3.623443043223481652e+01
2.047500000000000142e+01 3.623443043223481652e+01
2.052499999999999858e+01 3.623443043223481652e+01
2.057500000000000284e+01 3.623443043223481652e+01
2.062500000000000000e+01 3.623443043223481652e+01
2.067500000000000426e+01 3.623443043223481652e+01
2.072500000000000142e+01 3.623443043223481652e+01
2.077499999999999858e+01 3.623443043223481652e+01
2.082500000000000284e+01 3.623443043223481652e+01
2.087500000000000000e+01 3.623443043223481652e+01
2.092500000000000426e+01 3.623443043223481652e+01
2.097500000000000142e+01 3.623443043223481652e+01
2.102499999999999858e+01 3.623443043223481652e+01
2.107500000000000284e+01 3.623443043223481652e+01
2.112500000000000000e+01 3.623443043223481652e+01
2.117500000000000426e+01 3.623443043223481652e+01
2.122500000000000142e+01 3.623443043223481652e+01
2.127499999999999858e+01 3.623443043223481652e+01
2.132500000000000284e+01 3.623443043223481652e+01
2.137500000000000000e+01 3.623443043223481652e+01
2.142500000000000426e+01 3.623443043223481652e+01
2.147500000000000142e+01 3.623443043223481652e+01
2.152499999999999858e+01 3.623443043223481652e+01
2.157500000000000284e+01 3.623443043223481652e+01
2.162500000000000000e+01 3.623443043223481652e+01
2.167500000000000426e+01 3.623443043223481652e+01
2.172500000000000142e+01 3.623443043223481652e+01
2.177499999999999858e+01 3.623443043223481652e+01
2.182500000000000284e+01 3.623443043223481652e+01
2.187500000000000000e+01 3.623443043223481652e+01
2.192500000000000426e+01 3.623443043223481652e+01
2.197500000000000142e+01 3.623443043223481652e+01
2.202499999999999858e+01 3.623443043223481652e+01
2.207500000000000284e+01 3.623443043223481652e+01
2.212500000000000000e+01 3.623443043223481652e+01
2.217500000000000426e+01 3.623443043223481652e+01
2.222500000000000142e+01 3.623443043223481652e+01
2.227499999999999858e+01 3.623443043223481652e+01
2.232500000000000284e+01 3.623443043223481652e+01
2.237500000000000000e+01 3.623443043223481652e+01
2.242500000000000426e+01 3.623443043223481652e+01
2.247500000000000142e+01 3.623443043223481652e+01
2.252499999999999858e+01 3.623443043223481652e+01
2.257500000000000284e+01 3.623443043223481652e+01
2.262500000000000000e+01 3.623443043223481652e+01
2.267500000000000426e+01 3.623443043223481652e+01
2.272500000000000142e+01 3.623443043223481652e+01
2.277499999999999858e+01 3.623443043223481652e+01
2.282500000000000284e+01 3.623443043223481652e+01
2.287500000000000000e+01 3.623443043223481652e+01
2.292500000000000426e+01 3.623443043223481652e+01
2.297500000000000142e+01 3.623443043223481652e+01
2.302499999999999858e+01 3.623443043223481652e+01
2.307500000000000284e+01 3.623443043223481652e+01
2.312500000000000000e+01 3.623443043223481652e+01
2.317500000000000426e+01 3.623443043223481652e+01
2.322500000000000142e+01 3.623443043223481652e+01
2.327499999999999858e+01 3.623443043223481652e+01
2.332500000000000284e+01 3.623443043223481652e+01
2.337500000000000000e+01 3.623443043223481652e+01
2.342500000000000426e+01 3.623443043223481652e+01
2.347500000000000142e+01 3.623443043223481652e+01
2.352499999999999858e+01 3.623443043223481652e+01
2.357500000000000284e+01 3.623443043223481652e+01
2.362500000000000000e+01 3.623443043223481652e+01
2.367500000000000426e+01 3.623443043223481652e+01
2.372500000000000142e+01 3.623443043223481652e+01
2.377499999999999858e+01 3.623443043223481652e+01
2.382500000000000284e+01 3.623443043223481652e+01
2.387500000000000000e+01 3.623443043223481652e+01
2.392500000000000426e+01 2.898754434578785322e+01
2.397500000000000142e+01 2.174065825934088991e+01
