# r_minus_2Rs_A PMF_over_kBT
-8.429999999999999716e-01 3.328630006895121340e+01
-8.288585190000006264e-01 4.437078313740046553e+01
-8.147170370000011985e-01 5.542985405710970070e+01
-8.005755559999983006e-01 6.642858280952066252e+01
-7.864340739999988728e-01 6.620698148628208912e+01
-7.722925929999995276e-01 6.575688043898567514e+01
-7.581511110000000997e-01 6.492683847073254810e+01
-7.440096300000007545e-01 6.352594704762729094e+01
-7.298681480000013266e-01 6.135528913500557735e+01
-7.157266669999984288e-01 5.825752521574480625e+01
-7.015851849999990009e-01 5.417339560815740640e+01
-6.874437039999996557e-01 4.918312310131522480e+01
-6.733022220000002278e-01 4.350680217358321755e+01
-6.591607410000008827e-01 3.746213718955019090e+01
-6.450192590000014548e-01 3.139464064131076526e+01
-6.308777779999985569e-01 2.560254877098385862e+01
-6.167362959999991290e-01 2.028269476260046744e+01
-6.025948149999997838e-01 1.551011671157892913e+01
-5.884533330000003559e-01 1.125973524091804379e+01
-5.743118520000010108e-01 7.451722739929453887e+00
-5.601703700000015829e-01 3.998147449093382377e+00
-5.460288889999986850e-01 8.372532563147280227e-01
-5.318874069999992571e-01 -2.061716214913456469e+00
-5.177459259999999119e-01 -4.705957267987098902e+00
-5.036044440000004840e-01 -7.098405167727187326e+00
-4.894629630000011389e-01 -9.247962473521258886e+00
-4.753214810000017110e-01 -1.116940017850068934e+01
-4.611799999999988131e-01 -1.288555704403811752e+01
-4.470385189999994680e-01 -1.442036599307949452e+01
-4.328970370000000401e-01 -1.579527229931735377e+01
-4.187555560000006949e-01 -1.702630133050583794e+01
-4.046140740000012670e-01 -1.812381850783506465e+01
-3.904725929999983691e-01 -1.909813690569247413e+01
-3.763311109999989412e-01 -1.995917454480725084e+01
-3.621896299999995961e-01 -2.071698746478286779e+01
-3.480481480000001682e-01 -2.138195709343253981e+01
-3.339066670000008230e-01 -2.196127952871362865e+01
-3.197651850000013951e-01 -2.246408044027894846e+01
-3.056237039999984972e-01 -2.289686925782303817e+01
-2.914822219999990693e-01 -2.326654100723560603e+01
-2.773407409999997242e-01 -2.357909431344754481e+01
-2.631992590000002963e-01 -2.383857010028593848e+01
-2.490577780000009511e-01 -2.405086604264807448e+01
-2.349162960000015232e-01 -2.421861012668495050e+01
-2.207748149999986254e-01 -2.434624295865897992e+01
-2.066333329999991975e-01 -2.443610407116041827e+01
-1.924918519999998523e-01 -2.449222461802398598e+01
-1.783503700000004244e-01 -2.451916840849030166e+01
-1.642088890000010792e-01 -2.452050161424553210e+01
-1.500674070000016513e-01 -2.450001579902614068e+01
-1.359259259999987535e-01 -2.446072209395828878e+01
-1.217844439999993256e-01 -2.440467046988256428e+01
-1.076429629999999804e-01 -2.433084203739473494e+01
-9.350148100000055251e-02 -2.423917058814950209e+01
-7.936000000000120735e-02 -2.413277277839651447e+01
-6.521851899999830948e-02 -2.401535886757633165e+01
-5.107703699999888158e-02 -2.388796707476313586e+01
-3.693555599999953643e-02 -2.374967565490369026e+01
-2.279407400000010853e-02 -2.359896813282778183e+01
-8.652593000000763368e-03 -2.343900323009288300e+01
5.488888999998664531e-03 -2.327470221213277313e+01
1.963037000000156240e-02 -2.311025245958139251e+01
3.377185200000099030e-02 -2.294633249356813920e+01
4.791333300000033546e-02 -2.278112122506665571e+01
6.205481499999976336e-02 -2.261474162751256856e+01
7.619629599999910852e-02 -2.244938715338796342e+01
9.033777799999853642e-02 -2.228589027603484496e+01
1.044792590000014343e-01 -2.212200287319027936e+01
1.186207410000008622e-01 -2.195644548057527956e+01
1.327622220000002073e-01 -2.179053020129889617e+01
1.469037039999996352e-01 -2.162787172810435266e+01
1.610451849999989804e-01 -2.146763134521930994e+01
1.751866669999984083e-01 -2.130763898953631141e+01
1.893281480000013062e-01 -2.114547301248614630e+01
2.034696300000007341e-01 -2.098204247605553263e+01
2.176111110000000792e-01 -2.081968980364190358e+01
2.317525929999995071e-01 -2.065928479241227578e+01
2.458940739999988523e-01 -2.050042144428436686e+01
2.600355559999982802e-01 -2.034072225592018768e+01
2.741770370000011781e-01 -2.018164541286345681e+01
2.883185190000006060e-01 -2.002457741061898844e+01
3.024599999999999511e-01 -1.986920470537887340e+01
3.166014809999992963e-01 -1.971477123441159662e+01
3.307429629999987242e-01 -1.955926747898550389e+01
3.448844440000016220e-01 -1.940245346103631974e+01
3.590259260000010499e-01 -1.924549715656824844e+01
3.731674070000003951e-01 -1.908857042492137879e+01
3.873088889999998230e-01 -1.893345096058651933e+01
4.014503699999991682e-01 -1.878015579341275654e+01
4.155918519999985961e-01 -1.862820628812249169e+01
4.297333330000014939e-01 -1.847654497301873633e+01
4.438748150000009218e-01 -1.832432486868199106e+01
4.580162960000002670e-01 -1.817277610829125933e+01
4.721577779999996949e-01 -1.802147612027269119e+01
4.862992589999990400e-01 -1.787070401627812544e+01
5.004407409999984679e-01 -1.771986871914885242e+01
5.145822220000013658e-01 -1.756894846304297531e+01
5.287237040000007937e-01 -1.741852391143407530e+01
5.428651850000001389e-01 -1.726874290528819245e+01
5.570066669999995668e-01 -1.712072014202902537e+01
5.711481479999989119e-01 -1.697246091890708897e+01
5.852896299999983398e-01 -1.682369733477714746e+01
5.994311110000012377e-01 -1.667657179227735043e+01
6.135725930000006656e-01 -1.653171473337767239e+01
6.277140740000000108e-01 -1.638783456518991599e+01
6.418555559999994387e-01 -1.624174382850404541e+01
6.559970369999987838e-01 -1.609267147278553267e+01
6.701385190000017644e-01 -1.594306566809770942e+01
6.842800000000011096e-01 -1.579504848671213146e+01
6.984214810000004547e-01 -1.564885518728345737e+01
7.125629629999998826e-01 -1.550324000315679385e+01
7.267044439999992278e-01 -1.535676209691309957e+01
7.408459259999986557e-01 -1.520998118635756491e+01
7.549874070000015536e-01 -1.506366264791727261e+01
7.691288890000009815e-01 -1.491833976950416130e+01
7.832703700000003266e-01 -1.477258012415379085e+01
7.974118519999997545e-01 -1.462494260548505665e+01
8.115533329999990997e-01 -1.447517825861159402e+01
8.256948149999985276e-01 -1.432344229000947244e+01
8.398362960000014255e-01 -1.417269510450933012e+01
8.539777780000008534e-01 -1.402471566536253711e+01
8.681192590000001985e-01 -1.388056331058547421e+01
8.822607409999996264e-01 -1.374017976945904707e+01
8.964022219999989716e-01 -1.360411948974206098e+01
9.105437039999983995e-01 -1.347144159272756170e+01
9.246851850000012973e-01 -1.333802253831359685e+01
9.388266670000007252e-01 -1.320029598773604640e+01
9.529681480000000704e-01 -1.305936895348971483e+01
9.671096299999994983e-01 -1.291820659054131504e+01
9.812511109999988435e-01 -1.277908029550644819e+01
9.953925929999982714e-01 -1.264322114855515622e+01
1.009534074000001169e+00 -1.250936226047662103e+01
1.023675556000000597e+00 -1.237554650373004606e+01
1.037817036999999942e+00 -1.223857740931003590e+01
1.051958518999999370e+00 -1.209905354982708126e+01
1.066099999999998715e+00 -1.195697307330481252e+01
1.080241481000001613e+00 -1.181245202183480814e+01
1.094382963000001041e+00 -1.166450354229082542e+01
1.108524444000000386e+00 -1.151460950666958816e+01
1.122665925999999814e+00 -1.136889784996391484e+01
1.136807406999999159e+00 -1.123216159652456803e+01
1.150948888999998587e+00 -1.110569687438799313e+01
1.165090370000001485e+00 -1.098536302731897862e+01
1.179231852000000913e+00 -1.086702194062324089e+01
1.193373333000000258e+00 -1.074677029822747976e+01
1.207514814999999686e+00 -1.062455706604622030e+01
1.221656295999999031e+00 -1.050120126881126126e+01
1.235797777999998459e+00 -1.037743726428406355e+01
1.249939259000001357e+00 -1.025180704133957299e+01
1.264080741000000785e+00 -1.012228570026370100e+01
1.278222222000000130e+00 -9.990867691948791318e+00
1.292363703999999558e+00 -9.858565878802254545e+00
1.306505184999998903e+00 -9.727393242222792225e+00
1.320646666999998331e+00 -9.598322298993185342e+00
1.334788148000001229e+00 -9.472935312023645693e+00
1.348929630000000657e+00 -9.351450500476454764e+00
1.363071111000000002e+00 -9.232600184307234059e+00
1.377212592999999430e+00 -9.112167336756790803e+00
1.391354073999998775e+00 -8.986447602223629261e+00
1.405495556000001756e+00 -8.855237305341338683e+00
1.419637037000001101e+00 -8.723239637131463553e+00
1.433778519000000529e+00 -8.596808839753789400e+00
1.447919999999999874e+00 -8.476853667028494854e+00
1.462061480999999219e+00 -8.358874089660364604e+00
1.476202962999998647e+00 -8.236338578079690720e+00
1.490344444000001545e+00 -8.109372153001093153e+00
1.504485926000000973e+00 -7.982684747732379904e+00
1.518627407000000318e+00 -7.861743223695825122e+00
1.532768888999999746e+00 -7.746942908491915247e+00
1.546910369999999091e+00 -7.634874124378184135e+00
1.561051851999998519e+00 -7.525259000760056161e+00
1.575193333000001417e+00 -7.415114672010971297e+00
1.589334815000000845e+00 -7.304101979869802364e+00
1.603476296000000190e+00 -7.191591814313956554e+00
1.617617777999999618e+00 -7.077419237294462206e+00
1.631759258999998963e+00 -6.964362462569189560e+00
1.645900740999998391e+00 -6.853007427546063290e+00
1.660042222000001289e+00 -6.744102360463694268e+00
1.674183704000000716e+00 -6.635752817434405593e+00
1.688325185000000062e+00 -6.523169330967426127e+00
1.702466666999999489e+00 -6.404596980118005156e+00
1.716608147999998835e+00 -6.281613063875511216e+00
1.730749629999998263e+00 -6.157764450492817510e+00
1.744891111000001160e+00 -6.035570069580335151e+00
1.759032593000000588e+00 -5.913223862190187141e+00
1.773174073999999933e+00 -5.791531646703750091e+00
1.787315555999999361e+00 -5.673323206844810507e+00
1.801457036999998707e+00 -5.561098380920445727e+00
1.815598519000001687e+00 -5.452150011769582250e+00
1.829740000000001032e+00 -5.342359705946249981e+00
1.843881481000000377e+00 -5.232741648324574335e+00
1.858022962999999805e+00 -5.125937127738739107e+00
1.872164443999999150e+00 -5.025727755198852620e+00
1.886305925999998578e+00 -4.930192416181438553e+00
1.900447407000001476e+00 -4.833920364723057972e+00
1.914588889000000904e+00 -4.733370159844895397e+00
1.928730370000000249e+00 -4.626576935193497775e+00
1.942871851999999677e+00 -4.517422394927845808e+00
1.957013332999999022e+00 -4.409511671774237307e+00
1.971154814999998450e+00 -4.305524757231599331e+00
1.985296296000001348e+00 -4.206783006144756420e+00
1.999437778000000776e+00 -4.109343424262836386e+00
2.013579259000000121e+00 -4.010609686872378177e+00
2.027720740999999549e+00 -3.908208926150313456e+00
2.041862221999998894e+00 -3.801347192504266115e+00
2.056003703999998322e+00 -3.692213013640195829e+00
2.070145185000001220e+00 -3.582232284647282494e+00
2.084286667000000648e+00 -3.474078566453830952e+00
2.098428147999999993e+00 -3.367475819426459793e+00
2.112569629999999421e+00 -3.261874741167962721e+00
2.126711110999998766e+00 -3.157588581739415368e+00
2.140852593000001747e+00 -3.056440180033427545e+00
2.154994074000001092e+00 -2.962345293387598222e+00
2.169135556000000520e+00 -2.876326449234702043e+00
2.183277036999999865e+00 -2.796475943646747453e+00
2.197418518999999293e+00 -2.720501574657968380e+00
2.211559999999998638e+00 -2.647054096859760008e+00
2.225701481000001536e+00 -2.574066398700163294e+00
2.239842963000000964e+00 -2.499445192484755385e+00
2.253984444000000309e+00 -2.423130788382588552e+00
2.268125925999999737e+00 -2.346948411932709977e+00
2.282267406999999082e+00 -2.271073094192305408e+00
2.296408888999998510e+00 -2.194278153674476872e+00
2.310550370000001408e+00 -2.113962582690501080e+00
2.324691852000000836e+00 -2.029647879071213801e+00
2.338833333000000181e+00 -1.944388648630827277e+00
2.352974814999999609e+00 -1.860376595830313340e+00
2.367116295999998954e+00 -1.778323349292355804e+00
2.381257777999998382e+00 -1.693363690586393799e+00
2.395399259000001280e+00 -1.602556002834651050e+00
2.409540741000000708e+00 -1.508143079313879920e+00
2.423682222000000053e+00 -1.414836206319745715e+00
2.437823703999999481e+00 -1.326883233717928823e+00
2.451965184999998826e+00 -1.243276504684634576e+00
2.466106666999998254e+00 -1.160557338648453340e+00
2.480248148000001152e+00 -1.076435606093195219e+00
2.494389630000000579e+00 -9.905647157764623234e-01
2.508531110999999925e+00 -9.046865360957466740e-01
2.522672592999999353e+00 -8.218725542294400555e-01
2.536814073999998698e+00 -7.427369313420406627e-01
2.550955556000001678e+00 -6.681701537366676602e-01
2.565097037000001023e+00 -5.977993551292624108e-01
2.579238519000000451e+00 -5.303562808802281259e-01
2.593379999999999797e+00 -4.615802735643406152e-01
2.607521480999999142e+00 -3.873922178698272489e-01
2.621662962999998570e+00 -3.080805683103508552e-01
2.635804444000001467e+00 -2.266355642331797648e-01
2.649945926000000895e+00 -1.468457312130825310e-01
2.664087407000000240e+00 -7.061510102901874530e-02
2.678228888999999668e+00 1.892923742031466352e-04
2.692370369999999014e+00 6.300560692463955115e-02
2.706511851999998441e+00 1.170231630093958586e-01
2.720653333000001339e+00 1.628246814759227445e-01
2.734794815000000767e+00 2.020509878707178186e-01
2.748936296000000112e+00 2.393936006414717210e-01
2.763077777999999540e+00 2.795805244487183927e-01
2.777219258999998885e+00 3.279148183986855258e-01
2.791360740999998313e+00 3.843279404714069480e-01
2.805502222000001211e+00 4.436737949326794994e-01
2.819643704000000639e+00 5.028320604609402000e-01
2.833785184999999984e+00 5.598308790997089668e-01
2.847926666999999412e+00 6.149004658097253495e-01
2.862068147999998757e+00 6.671499554355559969e-01
2.876209630000001738e+00 7.170901467064609847e-01
2.890351111000001083e+00 7.642319913791315589e-01
2.904492593000000511e+00 8.059165589658487949e-01
2.918634073999999856e+00 8.400306530566131746e-01
2.932775555999999284e+00 8.682916461389698082e-01
2.946917036999998629e+00 8.963101248438222202e-01
2.961058519000001610e+00 9.280312538326805916e-01
2.975200000000000955e+00 9.664155489078182226e-01
2.989341481000000300e+00 1.012278215501379863e+00
3.003482962999999728e+00 1.062979383422614665e+00
3.017624443999999073e+00 1.111928227743887110e+00
3.031765925999998501e+00 1.151821848327436726e+00
3.045907407000001399e+00 1.180141938524992273e+00
3.060048889000000827e+00 1.199648706150288291e+00
3.074190370000000172e+00 1.214072748071676644e+00
3.088331851999999600e+00 1.226946941432573768e+00
3.102473332999998945e+00 1.242168321294537581e+00
3.116614814999998373e+00 1.263209996849703032e+00
3.130756296000001271e+00 1.289975678229695832e+00
3.144897778000000699e+00 1.321702434036300389e+00
3.159039259000000044e+00 1.355801786448335156e+00
3.173180740999999472e+00 1.387288561198825931e+00
3.187322221999998817e+00 1.413026602278938615e+00
3.201463703999998245e+00 1.433041993866010388e+00
3.215605185000001143e+00 1.450660570384039172e+00
3.229746667000000571e+00 1.465789751519807282e+00
3.243888147999999916e+00 1.478806383940020508e+00
3.258029629999999344e+00 1.493576944679137375e+00
3.272171110999998689e+00 1.513510525833004605e+00
3.286312593000001669e+00 1.538742664901558754e+00
3.300454074000001015e+00 1.565090194078141650e+00
3.314595556000000443e+00 1.588013836352160979e+00
3.328737036999999788e+00 1.603617453369357460e+00
3.342878518999999216e+00 1.611010535510838393e+00
3.357019999999998561e+00 1.612032121993473455e+00
3.371161481000001459e+00 1.609479129315589008e+00
3.385302963000000886e+00 1.606553623937626130e+00
3.399444444000000232e+00 1.606691825640734095e+00
3.413585925999999660e+00 1.612089594893164390e+00
3.427727406999999005e+00 1.623940991817250934e+00
3.441868888999998433e+00 1.640360177899238492e+00
3.456010370000001330e+00 1.661053364926553311e+00
3.470151852000000758e+00 1.686270933192274724e+00
3.484293333000000104e+00 1.713243257253426410e+00
3.498434814999999531e+00 1.736738098209799297e+00
3.512576295999998877e+00 1.749981167313014341e+00
3.526717777999998304e+00 1.750169834620803666e+00
3.540859259000001202e+00 1.737114898551203934e+00
3.555000741000000630e+00 1.714144035273038158e+00
3.569142221999999975e+00 1.687189105451427196e+00
3.583283703999999403e+00 1.662871573466604191e+00
3.597425184999998748e+00 1.644477247334712677e+00
3.611566667000001729e+00 1.629780084414226282e+00
3.625708148000001074e+00 1.615964142916938018e+00
3.639849630000000502e+00 1.600047404615363433e+00
3.653991110999999847e+00 1.581786377232687446e+00
3.668132592999999275e+00 1.563859630922006971e+00
3.682274073999998620e+00 1.549443907277644028e+00
3.696415556000001601e+00 1.540038827481976735e+00
3.710557037000000946e+00 1.530940062653654454e+00
3.724698519000000374e+00 1.519433274645874521e+00
3.738839999999999719e+00 1.505518926458701889e+00
3.752981480999999064e+00 1.492465931025198644e+00
3.767122962999998492e+00 1.483478314803427622e+00
3.781264444000001390e+00 1.479876151592590450e+00
3.795405926000000818e+00 1.483936221203367101e+00
3.809547407000000163e+00 1.493998465712191859e+00
3.823688888999999591e+00 1.508050503894332817e+00
3.837830369999998936e+00 1.520274542129881779e+00
3.851971851999998364e+00 1.527360763820046374e+00
3.866113333000001262e+00 1.528267085932849545e+00
3.880254815000000690e+00 1.522760183998246530e+00
3.894396296000000035e+00 1.513497649759990793e+00
3.908537777999999463e+00 1.504593088517747645e+00
3.922679258999998808e+00 1.498122993618296928e+00
3.936820740999998236e+00 1.492031243141002106e+00
3.950962222000001134e+00 1.483797783899269751e+00
3.965103704000000562e+00 1.475328716292066078e+00
3.979245184999999907e+00 1.472623701670854102e+00
3.993386666999999335e+00 1.477432350606497691e+00
4.007528147999998680e+00 1.490470613697016944e+00
4.021669630000001661e+00 1.505403376958032169e+00
4.035811111000001006e+00 1.518039793651784208e+00
4.049952593000000434e+00 1.525176305326743975e+00
4.064094073999999779e+00 1.526993376282854031e+00
4.078235555999999207e+00 1.525052645001892415e+00
4.092377036999998552e+00 1.517035464368849063e+00
4.106518519000001533e+00 1.504510581664006086e+00
4.120660000000000878e+00 1.488855140838976299e+00
4.134801481000000223e+00 1.474072134448166427e+00
4.148942962999999651e+00 1.460672877185808405e+00
4.163084443999998996e+00 1.448380712287833605e+00
4.177225925999998424e+00 1.439159291984125844e+00
4.191367407000001322e+00 1.434354697831317083e+00
4.205508889000000750e+00 1.432772257168726471e+00
4.219650370000000095e+00 1.432545734318883435e+00
4.233791851999999523e+00 1.430498629766981056e+00
4.247933332999998868e+00 1.424947411483800552e+00
4.262074814999998296e+00 1.416477241597092984e+00
4.276216296000001194e+00 1.407938825678102912e+00
4.290357778000000621e+00 1.403055847064708983e+00
4.304499258999999967e+00 1.399344445484311139e+00
4.318640740999999394e+00 1.393883938395811928e+00
4.332782221999998740e+00 1.384146184437897720e+00
4.346923704000001720e+00 1.372519301506498923e+00
4.361065185000001065e+00 1.364436966161657550e+00
4.375206667000000493e+00 1.362621661380985616e+00
4.389348147999999838e+00 1.365626601479505098e+00
4.403489629999999266e+00 1.366442731986546422e+00
4.417631110999998612e+00 1.361002195226892475e+00
4.431772593000001592e+00 1.348591592406298334e+00
4.445914074000000937e+00 1.333451435994740253e+00
4.460055556000000365e+00 1.320547465091130190e+00
4.474197036999999710e+00 1.311676013876728719e+00
4.488338518999999138e+00 1.308336300305308786e+00
4.502479999999998483e+00 1.309571953580340509e+00
4.516621481000001381e+00 1.312064574320169985e+00
4.530762963000000809e+00 1.310832555688881795e+00
4.544904444000000154e+00 1.301772457036317832e+00
4.559045925999999582e+00 1.285209306721651901e+00
4.573187406999998927e+00 1.263206252910319849e+00
4.587328888999998355e+00 1.238790545107595342e+00
4.601470370000001253e+00 1.213986191630585409e+00
4.615611852000000681e+00 1.190037266089509105e+00
4.629753333000000026e+00 1.168424850405147764e+00
4.643894814999999454e+00 1.151396715344896959e+00
4.658036295999998799e+00 1.138264950164767697e+00
4.672177777999998227e+00 1.122755427954320595e+00
4.686319259000001125e+00 1.099594339842268509e+00
4.700460741000000553e+00 1.066747517626080111e+00
4.714602221999999898e+00 1.027949923990765457e+00
4.728743703999999326e+00 9.889903927402414752e-01
4.742885184999998671e+00 9.559278496007397319e-01
4.757026667000001652e+00 9.331681221914216451e-01
4.771168148000000997e+00 9.195762741549450281e-01
4.785309630000000425e+00 9.109437425567723512e-01
4.799451110999999770e+00 9.030436207098931911e-01
4.813592592999999198e+00 8.903012331352625486e-01
4.827734073999998543e+00 8.678815199876197539e-01
4.841875556000001524e+00 8.360217100583267058e-01
4.856017037000000869e+00 8.017152142417540706e-01
4.870158519000000297e+00 7.737513007227813100e-01
4.884299999999999642e+00 7.544793802838031249e-01
4.898441480999998987e+00 7.406822534810117986e-01
4.912582962999998415e+00 7.260868004073964821e-01
4.926724444000001313e+00 7.061752383275969880e-01
4.940865926000000741e+00 6.801529021006456066e-01
4.955007407000000086e+00 6.485684451964484065e-01
4.969148888999999514e+00 6.138513034148794789e-01
4.983290369999998859e+00 5.791730459649038210e-01
4.997431851999998287e+00 5.482709740793508812e-01
5.011573333000001185e+00 5.241248808238907486e-01
5.025714815000000613e+00 5.077417425580001975e-01
5.039856295999999958e+00 4.969004701383485378e-01
5.053997777999999386e+00 4.864803690009035786e-01
5.068139258999998731e+00 4.721906920428709520e-01
5.082280741000001711e+00 4.537349449676769675e-01
5.096422222000001057e+00 4.308816885858313128e-01
5.110563704000000484e+00 4.036944179030127478e-01
5.124705184999999830e+00 3.728144696484569920e-01
5.138846666999999258e+00 3.408320051435301812e-01
5.152988147999998603e+00 3.088990288975423937e-01
5.167129630000001583e+00 2.767284151572925177e-01
5.181271111000000928e+00 2.457549045836972257e-01
5.195412593000000356e+00 2.155785842589696133e-01
5.209554073999999702e+00 1.865796568491736029e-01
5.223695555999999129e+00 1.603268633948514155e-01
5.237837036999998475e+00 1.393964718757807475e-01
5.251978519000001455e+00 1.258061541651744053e-01
5.266120000000000800e+00 1.179025302458001079e-01
5.280261481000000146e+00 1.115371329931065109e-01
5.294402962999999573e+00 1.031305474902796393e-01
5.308544443999998919e+00 9.183183766033427287e-02
5.322685925999998346e+00 8.056520198856395587e-02
5.336827407000001244e+00 7.137190830700745892e-02
5.350968889000000672e+00 6.493308932752009377e-02
5.365110370000000017e+00 5.973364274796584550e-02
5.379251851999999445e+00 5.304686058350090161e-02
5.393393332999998790e+00 4.144024060078876220e-02
5.407534815000001771e+00 2.378250115955063762e-02
5.421676296000001116e+00 2.194057311298775511e-03
5.435817778000000544e+00 -2.206406533548961948e-02
5.449959258999999889e+00 -4.599486504045083995e-02
5.464100740999999317e+00 -6.707356382849383181e-02
5.478242221999998662e+00 -8.501741255839571909e-02
5.492383704000001643e+00 -9.960327292172739544e-02
5.506525185000000988e+00 -1.118028964566046141e-01
5.520666667000000416e+00 -1.215740967446734544e-01
5.534808147999999761e+00 -1.295078751389955873e-01
5.548949629999999189e+00 -1.373954228597102090e-01
5.563091110999998534e+00 -1.484928815855587059e-01
5.577232593000001515e+00 -1.664169562510622313e-01
5.591374074000000860e+00 -1.915006805272116142e-01
5.605515556000000288e+00 -2.201399473454965228e-01
5.619657036999999633e+00 -2.461030861184110852e-01
5.633798518999999061e+00 -2.660481529326688133e-01
5.647939999999998406e+00 -2.790889743450719607e-01
5.662081481000001304e+00 -2.860532064050704260e-01
5.676222963000000732e+00 -2.881766421851553739e-01
5.690364444000000077e+00 -2.856165206642759524e-01
5.704505925999999505e+00 -2.811774507334246498e-01
5.718647406999998850e+00 -2.777801516919531366e-01
5.732788888999998278e+00 -2.782903392505922113e-01
5.746930370000001176e+00 -2.842482266782913602e-01
5.761071852000000604e+00 -2.934276110135591864e-01
5.775213332999999949e+00 -3.012394606474751990e-01
5.789354814999999377e+00 -3.053804287805258477e-01
5.803496295999998722e+00 -3.056300548159663899e-01
5.817637778000001703e+00 -3.001099748647509391e-01
5.831779259000001048e+00 -2.854619622283287583e-01
5.845920741000000476e+00 -2.627464631579125021e-01
5.860062221999999821e+00 -2.405157615863716680e-01
5.874203703999999249e+00 -2.265041230849362819e-01
5.888345184999998594e+00 -2.229375765250468933e-01
5.902486667000001574e+00 -2.277849601531964085e-01
5.916628148000000920e+00 -2.368476689118625134e-01
5.930769630000000348e+00 -2.454540984633683254e-01
5.944911110999999693e+00 -2.507990319134426049e-01
5.959052592999999121e+00 -2.531623797485652583e-01
5.973194073999998466e+00 -2.554286389704855664e-01
5.987335556000001446e+00 -2.578333411336011238e-01
6.001477037000000792e+00 -2.590518998477833179e-01
6.015618519000000219e+00 -2.585828472300247260e-01
6.029759999999999565e+00 -2.557632819615266451e-01
6.043901480999998910e+00 -2.509956918596654707e-01
6.058042962999998338e+00 -2.435421995256478456e-01
6.072184444000001236e+00 -2.330958267060125877e-01
6.086325926000000663e+00 -2.217341522076559102e-01
6.100467407000000009e+00 -2.101132353437442646e-01
6.114608888999999436e+00 -1.995882379611077229e-01
6.128750369999998782e+00 -1.914159153629360621e-01
6.142891852000001762e+00 -1.866236511783535834e-01
6.157033333000001107e+00 -1.860720715759782429e-01
6.171174815000000535e+00 -1.890637723025735961e-01
6.185316295999999880e+00 -1.967338058502529352e-01
6.199457777999999308e+00 -2.100615162752177412e-01
6.213599258999998654e+00 -2.273604206960335716e-01
6.227740741000001634e+00 -2.452131767242302085e-01
6.241882222000000979e+00 -2.594350768530435114e-01
6.256023704000000407e+00 -2.690751112237835807e-01
6.270165184999999752e+00 -2.735511243348630050e-01
6.284306666999999180e+00 -2.734300648187991678e-01
6.298448147999998525e+00 -2.705546578300944138e-01
6.312589630000001506e+00 -2.668442523709870784e-01
6.326731111000000851e+00 -2.644529415479013323e-01
6.340872593000000279e+00 -2.617492737424633731e-01
6.355014073999999624e+00 -2.576495347896082255e-01
6.369155555999999052e+00 -2.504337039118927355e-01
6.383297036999998397e+00 -2.375769657416846314e-01
6.397438519000001378e+00 -2.207940249958054435e-01
6.411580000000000723e+00 -2.038616647061175513e-01
6.425721481000000068e+00 -1.923834847272504756e-01
6.439862962999999496e+00 -1.895648762454840153e-01
6.454004443999998841e+00 -1.935245067275393471e-01
6.468145925999998269e+00 -2.014829680258974354e-01
6.482287407000001167e+00 -2.095097942886034736e-01
6.496428889000000595e+00 -2.145935934514516252e-01
6.510570369999999940e+00 -2.167860212332435033e-01
6.524711851999999368e+00 -2.164425700637041816e-01
6.538853332999998713e+00 -2.159377298181463234e-01
6.552994815000001694e+00 -2.150081536253101999e-01
6.567136296000001039e+00 -2.123537554986896225e-01
6.581277778000000467e+00 -2.083429021855399133e-01
6.595419258999999812e+00 -2.041912647781683465e-01
6.609560740999999240e+00 -2.015096530026856958e-01
6.623702221999998585e+00 -1.993278650701277854e-01
6.637843704000001566e+00 -1.969466616859397168e-01
6.651985185000000911e+00 -1.921531878521799686e-01
6.666126667000000339e+00 -1.846547313270635871e-01
6.680268147999999684e+00 -1.772022016988449022e-01
6.694409629999999112e+00 -1.719259132971432957e-01
6.708551110999998457e+00 -1.704807458679742926e-01
6.722692593000001438e+00 -1.719693316732448241e-01
6.736834074000000783e+00 -1.737686059412718864e-01
6.750975556000000211e+00 -1.747494398063977883e-01
6.765117036999999556e+00 -1.728502533508340377e-01
6.779258518999998984e+00 -1.668093101398835931e-01
6.793399999999998329e+00 -1.565517433461411090e-01
6.807541481000001227e+00 -1.437122139438014590e-01
6.821682963000000655e+00 -1.333369512913596400e-01
6.835824444000000000e+00 -1.258194283616103915e-01
6.849965925999999428e+00 -1.192145613875498500e-01
6.864107406999998773e+00 -1.109786248937349312e-01
6.878248889000001753e+00 -1.013366485838898823e-01
6.892390370000001099e+00 -9.277653826406151438e-02
6.906531852000000526e+00 -8.718079276663340260e-02
6.920673332999999872e+00 -8.443694165564133436e-02
6.934814814999999300e+00 -8.195164535270649253e-02
6.948956295999998645e+00 -8.035411980720515157e-02
6.963097778000001625e+00 -8.141940131522436286e-02
6.977239259000000970e+00 -8.574481009398364495e-02
6.991380741000000398e+00 -9.072683761943285685e-02
7.005522221999999744e+00 -9.264086757676419370e-02
7.019663703999999171e+00 -8.830115577348016109e-02
7.033805184999998517e+00 -7.923343906026759920e-02
7.047946667000001497e+00 -6.956931394860414730e-02
7.062088148000000842e+00 -6.336734581232524033e-02
7.076229630000000270e+00 -6.203301796207583152e-02
7.090371110999999615e+00 -6.376928799883074817e-02
7.104512592999999043e+00 -6.848678131993797547e-02
7.118654073999998388e+00 -7.369365383276496595e-02
7.132795556000001369e+00 -7.790326490937005133e-02
7.146937037000000714e+00 -7.686842344760216883e-02
7.161078519000000142e+00 -6.864556574022984137e-02
7.175219999999999487e+00 -5.801400595857705150e-02
7.189361480999998832e+00 -5.025381296041686596e-02
7.203502962999998260e+00 -4.828936954960263983e-02
7.217644444000001158e+00 -4.777029472674243493e-02
7.231785926000000586e+00 -4.779080693069085589e-02
7.245927406999999931e+00 -4.729334466837423895e-02
7.260068888999999359e+00 -4.724770571201493408e-02
7.274210369999998704e+00 -4.976610809343521430e-02
7.288351852000001685e+00 -5.391837195806085253e-02
7.302493333000001030e+00 -5.628211859957706065e-02
7.316634815000000458e+00 -5.291612980337134786e-02
7.330776295999999803e+00 -4.441411520838063620e-02
7.344917777999999231e+00 -3.266582367081719701e-02
7.359059258999998576e+00 -1.977686232032737843e-02
7.373200741000001557e+00 -8.772893085429462473e-03
7.387342222000000902e+00 -3.304046827527903126e-03
7.401483704000000330e+00 -5.206852463286299609e-03
7.415625184999999675e+00 -1.294817804396330985e-02
7.429766666999999103e+00 -2.161692427779489736e-02
7.443908147999998448e+00 -2.523592428220548106e-02
7.458049630000001429e+00 -2.079088695104757897e-02
7.472191111000000774e+00 -1.011913908775597011e-02
7.486332593000000202e+00 1.879684733552267062e-03
7.500474073999999547e+00 1.157999566327324106e-02
7.514615555999998975e+00 1.724994255671674290e-02
7.528757036999998320e+00 2.012329566584251245e-02
7.542898519000001301e+00 2.043429556658082902e-02
7.557040000000000646e+00 1.771463410963391993e-02
7.571181480999999991e+00 1.433119165776967387e-02
7.585322962999999419e+00 1.171012911160336858e-02
7.599464443999998764e+00 1.355942321094971703e-02
7.613605926000001745e+00 2.183958498906927309e-02
7.627747407000001090e+00 3.655718701960589817e-02
7.641888889000000518e+00 5.396611879752081370e-02
7.656030369999999863e+00 6.691613701221162114e-02
7.670171851999999291e+00 7.284088807163156820e-02
7.684313332999998636e+00 7.116778020476979827e-02
7.698454815000001616e+00 6.268941664465543795e-02
7.712596296000000962e+00 4.888961212688040098e-02
7.726737778000000390e+00 3.518910853811026834e-02
7.740879258999999735e+00 2.684446091612949920e-02
7.755020740999999163e+00 2.660945895252453397e-02
7.769162221999998508e+00 3.368809955249574273e-02
7.783303704000001488e+00 4.531949393555242261e-02
7.797445185000000833e+00 5.730151988098459992e-02
7.811586667000000261e+00 6.527301653487427302e-02
7.825728147999999607e+00 6.926843176070107688e-02
7.839869629999999034e+00 7.124025187967455985e-02
7.854011110999998380e+00 7.294109026850510713e-02
7.868152593000001360e+00 7.147960377916480479e-02
7.882294074000000705e+00 6.577953542675749055e-02
7.896435556000000133e+00 5.637726048832665537e-02
7.910577036999999478e+00 4.671471274713331207e-02
7.924718518999998906e+00 3.929441175958340443e-02
7.938859999999998251e+00 3.433066391011862367e-02
7.953001481000001149e+00 3.208252377609236566e-02
7.967142963000000577e+00 3.052142769213972429e-02
7.981284443999999922e+00 2.873520177292358119e-02
7.995425925999999350e+00 2.615787187054626275e-02
8.009567406999998695e+00 2.264801058523601904e-02
8.023708889000001676e+00 1.825899129834714432e-02
8.037850370000001021e+00 1.535361242083036794e-02
8.051991852000000449e+00 1.567000997070758933e-02
8.066133332999999794e+00 1.998331873155004962e-02
8.080274814999999222e+00 2.684208063412185305e-02
8.094416295999998567e+00 3.448682501487235902e-02
8.108557778000001548e+00 4.114272658237064922e-02
8.122699259000000893e+00 4.257348805868824831e-02
8.136840741000000321e+00 3.819902526701331180e-02
8.150982221999999666e+00 2.834094354984273423e-02
8.165123703999999094e+00 1.682451481010005523e-02
8.179265184999998439e+00 7.081452147129853672e-03
8.193406667000001420e+00 1.214930404791183562e-03
8.207548148000000765e+00 1.807910182643961616e-03
8.221689630000000193e+00 7.802908201494316784e-03
8.235831110999999538e+00 1.691032566803111342e-02
8.249972592999998966e+00 2.489049121013664490e-02
8.264114073999998311e+00 2.874543250568232719e-02
8.278255556000001292e+00 3.009686878729548806e-02
8.292397037000000637e+00 3.132633471471162057e-02
8.306538519000000065e+00 3.452536927959215518e-02
8.320679999999999410e+00 3.974955807997677948e-02
8.334821480999998755e+00 4.410929346722032574e-02
8.348962963000001736e+00 4.669150389565501769e-02
8.363104444000001081e+00 4.698312393569044343e-02
8.377245926000000509e+00 4.667751620896964937e-02
8.391387406999999854e+00 4.595579579499068507e-02
8.405528888999999282e+00 4.419083390249056026e-02
8.419670369999998627e+00 4.235502261635441107e-02
8.433811852000001608e+00 3.945494912143014676e-02
8.447953333000000953e+00 3.423660443173660167e-02
8.462094815000000381e+00 2.296350458751679480e-02
8.476236295999999726e+00 6.771765836406967894e-03
8.490377777999999154e+00 -8.458299109652973186e-03
8.504519258999998499e+00 -1.789740305921938557e-02
8.518660741000001480e+00 -1.994283563208654186e-02
8.532802222000000825e+00 -1.938015186251836400e-02
8.546943704000000253e+00 -2.209847318153160961e-02
8.561085184999999598e+00 -2.935156843337930616e-02
8.575226666999999026e+00 -3.986006175212845198e-02
8.589368147999998371e+00 -4.938872867876516193e-02
8.603509630000001351e+00 -5.580582018569064939e-02
8.617651111000000697e+00 -5.937793257278300291e-02
8.631792593000000124e+00 -6.259910962723816419e-02
8.645934073999999470e+00 -6.848361710213049514e-02
8.660075555999998898e+00 -7.491016539157038800e-02
8.674217036999998243e+00 -7.757536503566105079e-02
8.688358519000001223e+00 -7.210128662841340519e-02
8.702500000000000568e+00 -5.902958291493949627e-02
8.716641480999999914e+00 -3.984974982946809519e-02
8.730782962999999341e+00 -1.843075198238727092e-02
8.744924443999998687e+00 1.333284430960667228e-03
8.759065926000001667e+00 1.512510052328508436e-02
8.773207407000001012e+00 2.033447754056775386e-02
8.787348889000000440e+00 1.863044851184506717e-02
8.801490369999999785e+00 1.143725083084608761e-02
8.815631851999999213e+00 2.329778629260204070e-03
8.829773332999998559e+00 -6.069816225897047175e-03
8.843914815000001539e+00 -1.158943154144272646e-02
8.858056296000000884e+00 -1.412355260375501055e-02
8.872197778000000312e+00 -1.445244689012407241e-02
8.886339258999999657e+00 -1.052804968384416645e-02
8.900480740999999085e+00 -1.206781453275831235e-03
8.914622221999998430e+00 8.364539179729272092e-03
8.928763704000001411e+00 1.098949312905380532e-02
8.942905185000000756e+00 2.999979757434566730e-03
8.957046667000000184e+00 -9.611126135345909177e-03
8.971188147999999529e+00 -1.712302366543028143e-02
8.985329629999998957e+00 -1.498057745264702416e-02
8.999471110999998302e+00 -5.497048552185172625e-03
9.013612593000001283e+00 3.374135085341122085e-03
9.027754074000000628e+00 5.296571996660523127e-03
9.041895556000000056e+00 -5.008137186675794576e-04
9.056037036999999401e+00 -8.047039273973176365e-03
9.070178518999998829e+00 -1.217333944255234897e-02
9.084320000000001727e+00 -1.228120143293883262e-02
9.098461481000001072e+00 -1.235222192241162281e-02
9.112602963000000500e+00 -1.467767880160408649e-02
9.126744443999999845e+00 -1.866072218804622554e-02
9.140885925999999273e+00 -2.389780808246181470e-02
9.155027406999998618e+00 -2.869558120560119011e-02
9.169168889000001599e+00 -3.183224885690923850e-02
9.183310370000000944e+00 -3.076386621772305568e-02
9.197451852000000372e+00 -2.507744136686203620e-02
9.211593332999999717e+00 -1.699133878152162686e-02
9.225734814999999145e+00 -9.161402746883593948e-03
9.239876295999998490e+00 -3.364062484006778795e-03
9.254017778000001471e+00 2.383467106149340844e-03
9.268159259000000816e+00 1.151978227343519560e-02
9.282300741000000244e+00 2.350256485338420021e-02
9.296442221999999589e+00 3.340236721262593994e-02
9.310583703999999017e+00 3.604744848150431835e-02
9.324725184999998362e+00 3.056179245474174161e-02
9.338866667000001343e+00 2.165273884723243475e-02
9.353008148000000688e+00 1.686139098452580851e-02
9.367149630000000116e+00 2.124400006512772165e-02
9.381291110999999461e+00 3.468772122435954952e-02
9.395432592999998889e+00 5.206961023160516788e-02
9.409574073999998234e+00 6.777583887114009553e-02
9.423715556000001214e+00 7.826041914262778232e-02
9.437857037000000560e+00 8.165711892818450224e-02
9.451998518999999987e+00 7.803654036672824645e-02
9.466139999999999333e+00 6.809918458141339670e-02
9.480281480999998678e+00 5.396274281685009555e-02
9.494422963000001658e+00 3.667062650680463776e-02
9.508564444000001004e+00 1.966439275556079377e-02
9.522705926000000431e+00 6.800500734376175443e-03
9.536847406999999777e+00 4.004537758617014546e-03
9.550988888999999205e+00 1.436819838334339218e-02
9.565130369999998550e+00 3.460416372067124519e-02
9.579271852000001530e+00 5.940237208585703865e-02
9.593413333000000875e+00 8.065696134656263894e-02
9.607554815000000303e+00 9.287479126716273459e-02
9.621696295999999649e+00 9.508439382196341716e-02
9.635837777999999076e+00 8.770290212972160770e-02
9.649979258999998422e+00 7.319301674682539283e-02
9.664120741000001402e+00 5.674382009494986084e-02
9.678262222000000747e+00 4.420626923606718606e-02
9.692403704000000175e+00 3.927643688918891485e-02
9.706545184999999520e+00 3.924385733796734860e-02
9.720686666999998948e+00 4.151227418198525504e-02
9.734828147999998293e+00 4.542018196004703884e-02
9.748969630000001274e+00 5.001400545145055776e-02
9.763111111000000619e+00 5.414989959804353964e-02
9.777252593000000047e+00 5.305182910279289399e-02
9.791394073999999392e+00 4.488833262730551610e-02
9.805535555999998820e+00 3.342012479470449909e-02
9.819677037000001718e+00 2.518538139636916640e-02
9.833818519000001146e+00 2.660058126753857624e-02
9.847960000000000491e+00 3.722027265404410923e-02
9.862101480999999836e+00 5.333511908547095004e-02
9.876242962999999264e+00 7.051133274280610430e-02
9.890384443999998609e+00 8.658028452316439416e-02
9.904525926000001590e+00 1.032115632046088222e-01
9.918667407000000935e+00 1.183939861957436362e-01
9.932808889000000363e+00 1.297033129134490537e-01
9.946950369999999708e+00 1.359797353281161636e-01
9.961091851999999136e+00 1.372033624304584976e-01
9.975233332999998481e+00 1.380121608956829393e-01
9.989374815000001462e+00 1.480886007675543403e-01
1.000351629600000081e+01 1.834946128379802421e-01
1.001765777800000023e+01 2.644713714897501400e-01
1.003179925899999958e+01 4.113146372892396707e-01
1.004594074099999901e+01 6.419576351393569968e-01
1.006008222199999835e+01 9.671132364261367798e-01
1.007422370400000133e+01 1.392524659722532476e+00
1.008836518500000068e+01 1.921442237015018151e+00
1.010250666700000011e+01 2.554371133795895421e+00
1.011664814799999945e+01 3.290370539552540663e+00
1.013078962999999888e+01 4.128831948451519906e+00
1.014493111099999822e+01 5.069926402723981873e+00
1.015907259300000121e+01 6.113658785690692987e+00
1.017321407400000055e+01 7.258855814210683377e+00
1.018735555599999998e+01 8.504366495812483606e+00
1.020149703699999932e+01 9.849304307307590989e+00
1.021563851899999875e+01 1.129207057698303096e+01
1.022978000000000165e+01 1.283250728258359352e+01
1.024392148100000099e+01 1.447178411813871612e+01
1.025806296300000042e+01 1.621203454888106421e+01
1.027220444399999977e+01 1.805685605027428409e+01
1.028634592599999920e+01 2.001107486273531677e+01
1.030048740699999854e+01 2.208023148141377945e+01
1.031462888900000152e+01 2.426205049569534467e+01
1.032877037000000087e+01 2.654388155551016482e+01
1.034291185200000029e+01 2.890515067241230085e+01
1.035705333299999964e+01 3.132490511197970307e+01
1.037119481499999907e+01 3.379468242422723279e+01
1.038533629599999841e+01 3.632614475337229720e+01
1.039947777800000139e+01 3.895338121890925720e+01
1.041361925900000074e+01 4.172153272828536785e+01
1.042776074100000017e+01 4.466595579219943346e+01
1.044190222199999951e+01 4.778681888589162696e+01
1.045604370399999894e+01 5.102818169643580859e+01
1.047018518499999828e+01 5.427385672100784575e+01
1.048432666700000127e+01 5.736566764194510171e+01
1.049846814800000061e+01 6.013890938677091214e+01
1.051260963000000004e+01 6.246530384505649636e+01
1.052675111099999938e+01 6.428025131570714734e+01
1.054089259299999881e+01 6.558972469759349622e+01
1.055503407400000171e+01 6.645896516980127444e+01
1.056917555600000114e+01 6.698635224241155584e+01
1.058331703700000048e+01 6.727710530141119705e+01
1.059745851899999991e+01 5.616784585820677478e+01
1.061159999999999926e+01 4.497786377183847151e+01
