# r_minus_2Rs_A,    PMF_over_kBT
-5.974999999999999645e+00 2.172563530108388719e+01
-5.924999999999999822e+00 2.896751373477851743e+01
-5.875000000000000000e+00 3.620939216847314412e+01
-5.825000000000000178e+00 3.620939216847314412e+01
-5.775000000000000355e+00 3.620939216847314412e+01
-5.724999999999999645e+00 3.620939216847314412e+01
-5.674999999999999822e+00 3.620939216847314412e+01
-5.625000000000000000e+00 3.620939216847314412e+01
-5.575000000000000178e+00 3.620939216847314412e+01
-5.525000000000000355e+00 3.620939216847314412e+01
-5.474999999999999645e+00 3.620939216847314412e+01
-5.424999999999999822e+00 3.620939216847314412e+01
-5.375000000000000000e+00 3.620939216847314412e+01
-5.325000000000000178e+00 3.620939216847314412e+01
-5.275000000000000355e+00 3.620939216847314412e+01
-5.224999999999999645e+00 3.620939216847314412e+01
-5.174999999999999822e+00 3.620939216847314412e+01
-5.125000000000000000e+00 3.620939216847314412e+01
-5.075000000000000178e+00 3.620939216847314412e+01
-5.025000000000000355e+00 3.620939216847314412e+01
-4.974999999999999645e+00 3.620939216847314412e+01
-4.924999999999999822e+00 3.620939216847314412e+01
-4.875000000000000000e+00 3.620939216847314412e+01
-4.824999999999999289e+00 3.620939216847314412e+01
-4.775000000000000355e+00 3.620939216847314412e+01
-4.724999999999999645e+00 3.620939216847314412e+01
-4.674999999999999822e+00 3.620939216847314412e+01
-4.625000000000000000e+00 3.620939216847314412e+01
-4.574999999999999289e+00 3.620939216847314412e+01
-4.525000000000000355e+00 3.620939216847314412e+01
-4.474999999999999645e+00 3.620939216847314412e+01
-4.424999999999999822e+00 3.620939216847314412e+01
-4.375000000000000000e+00 3.620939216847314412e+01
-4.324999999999999289e+00 3.620939216847314412e+01
-4.275000000000000355e+00 3.620939216847314412e+01
-4.224999999999999645e+00 3.620939216847314412e+01
-4.174999999999999822e+00 3.620939216847314412e+01
-4.125000000000000000e+00 3.620939216847314412e+01
-4.074999999999999289e+00 3.620939216847314412e+01
-4.025000000000000355e+00 3.620939216847314412e+01
-3.974999999999999645e+00 3.620939216847314412e+01
-3.924999999999999822e+00 3.620939216847314412e+01
-3.875000000000000000e+00 3.620939216847314412e+01
-3.825000000000000178e+00 3.620939216847314412e+01
-3.774999999999999911e+00 3.620939216847314412e+01
-3.724999999999999645e+00 3.620939216847314412e+01
-3.674999999999999822e+00 3.620939216847314412e+01
-3.625000000000000000e+00 3.620939216847314412e+01
-3.574999999999999734e+00 3.620939216847314412e+01
-3.524999999999999911e+00 3.620939216847314412e+01
-3.474999999999999645e+00 3.620939216847314412e+01
-3.424999999999999822e+00 3.620939216847314412e+01
-3.375000000000000000e+00 3.620939216847314412e+01
-3.324999999999999734e+00 3.620939216847314412e+01
-3.274999999999999911e+00 3.620939216847314412e+01
-3.224999999999999645e+00 3.620939216847314412e+01
-3.174999999999999822e+00 3.620939216847314412e+01
-3.125000000000000000e+00 3.620939216847314412e+01
-3.074999999999999734e+00 3.620939216847314412e+01
-3.024999999999999911e+00 3.620939216847314412e+01
-2.974999999999999645e+00 3.620939216847314412e+01
-2.924999999999999822e+00 3.620939216847314412e+01
-2.875000000000000000e+00 3.620939216847314412e+01
-2.824999999999999734e+00 3.620939216847314412e+01
-2.774999999999999911e+00 3.620939216847314412e+01
-2.724999999999999645e+00 3.620939216847314412e+01
-2.674999999999999822e+00 3.620939216847314412e+01
-2.625000000000000000e+00 3.620939216847314412e+01
-2.574999999999999734e+00 3.620939216847314412e+01
-2.524999999999999911e+00 3.620939216847314412e+01
-2.474999999999999645e+00 3.620939216847314412e+01
-2.424999999999999822e+00 3.620939216847314412e+01
-2.375000000000000000e+00 3.620939216847314412e+01
-2.324999999999999734e+00 3.620939216847314412e+01
-2.274999999999999911e+00 3.620939216847314412e+01
-2.224999999999999645e+00 3.620939216847314412e+01
-2.174999999999999822e+00 3.620939216847314412e+01
-2.125000000000000000e+00 3.620939216847314412e+01
-2.074999999999999734e+00 3.620939216847314412e+01
-2.024999999999999911e+00 3.620939216847314412e+01
-1.974999999999999645e+00 3.620939216847314412e+01
-1.924999999999999822e+00 3.620939216847314412e+01
-1.875000000000000000e+00 3.620939216847314412e+01
-1.824999999999999289e+00 3.620939216847314412e+01
-1.775000000000000355e+00 3.620939216847314412e+01
-1.724999999999999645e+00 3.620939216847314412e+01
-1.674999999999999822e+00 3.620939216847314412e+01
-1.625000000000000000e+00 3.620939216847314412e+01
-1.574999999999999289e+00 3.620939216847314412e+01
-1.525000000000000355e+00 3.620939216847314412e+01
-1.474999999999999645e+00 3.620939216847314412e+01
-1.424999999999999822e+00 3.620939216847314412e+01
-1.375000000000000000e+00 3.620939216847314412e+01
-1.324999999999999289e+00 3.620939216847314412e+01
-1.275000000000000355e+00 3.620939216847314412e+01
-1.224999999999999645e+00 3.620939216847314412e+01
-1.174999999999998934e+00 3.620939216847314412e+01
-1.125000000000000000e+00 3.620939216847314412e+01
-1.074999999999999289e+00 3.620939216847314412e+01
-1.025000000000000355e+00 3.620939216847314412e+01
-9.749999999999996447e-01 3.620939216847314412e+01
-9.249999999999989342e-01 3.620939216847314412e+01
-8.750000000000000000e-01 3.620939216847314412e+01
-8.249999999999992895e-01 3.620939216847314412e+01
-7.750000000000003553e-01 3.620939216847314412e+01
-7.249999999999996447e-01 3.620939216847314412e+01
-6.749999999999989342e-01 3.620939216847314412e+01
-6.250000000000000000e-01 3.620939216847314412e+01
-5.749999999999992895e-01 3.620939216847314412e+01
-5.250000000000003553e-01 3.620939216847314412e+01
-4.749999999999996447e-01 2.995552644397078268e+01
-4.249999999999989342e-01 2.330801746884541004e+01
-3.750000000000000000e-01 1.629860205991858280e+01
-3.249999999999992895e-01 9.065308749004659106e+00
-2.750000000000003553e-01 1.704362901398639885e+00
-2.249999999999996447e-01 5.273588587200149780e-01
-1.749999999999989342e-01 -2.870511219098205169e-01
-1.250000000000000000e-01 -7.397783920588051343e-01
-7.499999999999928946e-02 -9.568060487781054890e-01
-2.500000000000035527e-02 -1.029560922057726868e+00
2.500000000000035527e-02 -1.011649830373584358e+00
7.500000000000106581e-02 -9.447680586516770118e-01
1.250000000000000000e-01 -8.646589897803839131e-01
1.750000000000007105e-01 -7.813156611167582088e-01
2.249999999999996447e-01 -6.978765633532262314e-01
2.750000000000003553e-01 -6.325932690603490727e-01
3.250000000000010658e-01 -5.654953454973210558e-01
3.750000000000000000e-01 -5.029307550341087785e-01
4.250000000000007105e-01 -4.339414178125046706e-01
4.749999999999996447e-01 -3.643483508952776728e-01
5.250000000000003553e-01 -2.995410594152467798e-01
5.750000000000010658e-01 -2.532550178396658080e-01
6.250000000000000000e-01 -2.027020444300337287e-01
6.750000000000007105e-01 -1.678994727543550169e-01
7.249999999999996447e-01 -1.511153439963411893e-01
7.750000000000003553e-01 -1.170326135365151315e-01
8.250000000000010658e-01 -8.687098868762391235e-02
8.750000000000000000e-01 -5.937145152716247209e-02
9.250000000000007105e-01 -3.527734473101134388e-02
9.749999999999996447e-01 -6.314310964875245735e-03
1.025000000000000355e+00 7.313073242512757068e-03
1.075000000000001066e+00 2.843002006849850924e-02
1.125000000000000000e+00 3.365459836501081409e-02
1.175000000000000711e+00 4.020720685677830336e-02
1.224999999999999645e+00 5.463332561831997503e-02
1.275000000000000355e+00 6.169140796943183014e-02
1.325000000000001066e+00 5.745754001403292205e-02
1.375000000000000000e+00 6.615375472415899183e-02
1.425000000000000711e+00 6.786021634972599914e-02
1.474999999999999645e+00 5.717698979301566453e-02
1.525000000000000355e+00 4.529168091059077028e-02
1.575000000000001066e+00 4.422096331483373749e-02
1.625000000000000000e+00 3.694327800750727558e-02
1.675000000000000711e+00 2.765689520789145484e-02
1.724999999999999645e+00 1.046144720783139838e-02
1.775000000000000355e+00 8.725847104933839946e-04
1.825000000000001066e+00 -1.884356287252657650e-02
1.875000000000000000e+00 -4.217451955402467395e-02
1.925000000000000711e+00 -5.719056000894724712e-02
1.974999999999999645e+00 -6.775809734287784047e-02
2.025000000000000355e+00 -7.933705810139352055e-02
2.074999999999999289e+00 -8.590572562723082506e-02
2.125000000000000000e+00 -8.967576869920357296e-02
2.175000000000000711e+00 -1.111407529785996273e-01
2.225000000000001421e+00 -1.118182345811330747e-01
2.275000000000000355e+00 -1.133641401368993967e-01
2.324999999999999289e+00 -1.178547688421055367e-01
2.375000000000000000e+00 -1.153390496754614358e-01
2.425000000000000711e+00 -9.400460078965160171e-02
2.475000000000001421e+00 -8.805962065333580724e-02
2.525000000000000355e+00 -6.961974078447000225e-02
2.574999999999999289e+00 -4.390558934448485218e-02
2.625000000000000000e+00 -2.307498728191994739e-02
2.675000000000000711e+00 -5.659079386969532175e-04
2.725000000000001421e+00 2.635119716962961572e-02
2.775000000000000355e+00 5.100924092859387277e-02
2.824999999999999289e+00 7.819500489543181054e-02
2.875000000000000000e+00 1.072826794815689849e-01
2.925000000000000711e+00 1.283389541931981570e-01
2.975000000000001421e+00 1.457903875005769068e-01
3.025000000000000355e+00 1.636223973714933944e-01
3.074999999999999289e+00 1.910402778520573774e-01
3.125000000000000000e+00 2.093384855603048489e-01
3.175000000000000711e+00 2.344231725996028526e-01
3.225000000000001421e+00 2.702644305363279265e-01
3.275000000000000355e+00 2.963580288577258859e-01
3.324999999999999289e+00 3.102835979129786037e-01
3.375000000000000000e+00 3.445482727348704310e-01
3.425000000000000711e+00 3.748547082471145320e-01
3.475000000000001421e+00 3.942134898671629251e-01
3.525000000000000355e+00 4.119380608572893454e-01
3.575000000000001066e+00 4.326739507754773228e-01
3.625000000000000000e+00 4.389471102726034690e-01
3.675000000000000711e+00 4.504068781906181429e-01
3.725000000000001421e+00 4.500645826347849932e-01
3.775000000000000355e+00 4.683399635324914656e-01
3.825000000000001066e+00 4.834912646017937021e-01
3.875000000000000000e+00 4.933205564982032221e-01
3.925000000000000711e+00 4.937635743851593872e-01
3.975000000000001421e+00 5.109956961087768201e-01
4.025000000000000355e+00 5.040458983421779449e-01
4.075000000000001066e+00 4.923910456260180979e-01
4.125000000000000000e+00 4.837798484223402307e-01
4.175000000000000711e+00 4.809476127216548713e-01
4.225000000000001421e+00 4.605680932782323378e-01
4.275000000000000355e+00 4.428453869621204464e-01
4.325000000000001066e+00 4.242810533138357543e-01
4.375000000000000000e+00 4.017148113855480429e-01
4.425000000000000711e+00 3.692749679565420218e-01
4.475000000000001421e+00 3.360553136723304357e-01
4.525000000000000355e+00 3.051558936521313603e-01
4.575000000000001066e+00 2.696250503873180993e-01
4.625000000000000000e+00 2.299986086256073370e-01
4.675000000000000711e+00 1.894448048719358235e-01
4.725000000000001421e+00 1.491928396718037453e-01
4.775000000000000355e+00 1.065520167220533748e-01
4.825000000000001066e+00 6.475015431028659230e-02
4.875000000000000000e+00 3.235751620626139968e-02
4.925000000000000711e+00 -7.735009199196341001e-03
4.975000000000001421e+00 -4.176912154328284860e-02
5.025000000000000355e+00 -7.159104836283668172e-02
5.075000000000001066e+00 -9.884419091607199448e-02
5.125000000000000000e+00 -1.282905814770515518e-01
5.175000000000000711e+00 -1.447562518246517382e-01
5.225000000000001421e+00 -1.623868207208303827e-01
5.275000000000000355e+00 -1.711140397117603129e-01
5.325000000000001066e+00 -1.802657957858542770e-01
5.375000000000000000e+00 -1.914632078392443926e-01
5.425000000000000711e+00 -1.999150979219937174e-01
5.475000000000001421e+00 -1.972943440192437836e-01
5.525000000000000355e+00 -2.048267350908048456e-01
5.575000000000001066e+00 -2.082668518311543149e-01
5.625000000000000000e+00 -2.024034061387617323e-01
5.675000000000000711e+00 -1.895002480906242681e-01
5.725000000000001421e+00 -1.914387168986405041e-01
5.775000000000000355e+00 -1.819170653785740221e-01
5.825000000000001066e+00 -1.706123933205390408e-01
5.875000000000000000e+00 -1.594950019401725483e-01
5.925000000000000711e+00 -1.556455328347993994e-01
5.975000000000001421e+00 -1.369506502748514543e-01
6.025000000000000355e+00 -1.258702585876232405e-01
6.075000000000001066e+00 -1.178442965550463156e-01
6.125000000000000000e+00 -1.098173047663824203e-01
6.175000000000000711e+00 -9.590763355624752629e-02
6.225000000000001421e+00 -8.850585507612862557e-02
6.275000000000000355e+00 -7.534154585440440421e-02
6.325000000000001066e+00 -5.762851350960929153e-02
6.375000000000000000e+00 -4.750100082778381527e-02
6.425000000000000711e+00 -3.834563019681631879e-02
6.475000000000001421e+00 -3.023385094342465745e-02
6.525000000000000355e+00 -2.448939870910607150e-02
6.575000000000001066e+00 -1.827201146424855052e-02
6.625000000000000000e+00 -9.774345341120494954e-03
6.675000000000000711e+00 -4.604310110903498537e-03
6.725000000000001421e+00 8.254140683794730995e-03
6.775000000000000355e+00 2.018467197785440981e-02
6.825000000000001066e+00 3.011686141407103959e-02
6.875000000000000000e+00 3.610189192064829772e-02
6.925000000000000711e+00 4.325568773191612593e-02
6.975000000000001421e+00 5.028722866097724148e-02
7.025000000000000355e+00 5.449437620803756349e-02
7.075000000000001066e+00 5.766014298878766042e-02
7.125000000000000000e+00 6.264753301650038964e-02
7.175000000000000711e+00 6.791589590436473978e-02
7.225000000000001421e+00 6.926258822500558354e-02
7.275000000000000355e+00 7.161488466610670123e-02
7.325000000000001066e+00 6.806758229551911066e-02
7.375000000000000000e+00 7.434572026370532549e-02
7.425000000000000711e+00 7.178829535207356671e-02
7.475000000000001421e+00 7.034164826326971820e-02
7.525000000000000355e+00 6.984340308111462725e-02
7.575000000000001066e+00 7.302248150775164648e-02
7.625000000000000000e+00 6.955808010867059465e-02
7.675000000000000711e+00 7.295387282246323934e-02
7.725000000000001421e+00 7.174925775323579002e-02
7.775000000000000355e+00 6.768459812719740398e-02
7.825000000000001066e+00 6.241360417947809658e-02
7.875000000000000000e+00 5.575417326083140918e-02
7.925000000000000711e+00 4.568713622073801439e-02
7.975000000000001421e+00 3.964195553767595886e-02
8.025000000000000355e+00 3.801990658967255993e-02
8.075000000000001066e+00 3.325888286696603718e-02
8.125000000000000000e+00 2.701744025964956247e-02
8.175000000000000711e+00 2.212236667017286607e-02
8.225000000000001421e+00 1.462536149005195900e-02
8.275000000000000355e+00 5.941057285664187206e-03
8.325000000000001066e+00 -5.688223088507271888e-03
8.375000000000000000e+00 -1.091640009562411251e-02
8.425000000000000711e+00 -1.372377093350500912e-02
8.475000000000001421e+00 -1.603016603022382539e-02
8.525000000000000355e+00 -2.281242875872990794e-02
8.575000000000001066e+00 -2.011640884135381530e-02
8.625000000000000000e+00 -2.450467753625780454e-02
8.675000000000000711e+00 -2.809882273500079533e-02
8.725000000000001421e+00 -2.821500553804128647e-02
8.775000000000000355e+00 -2.556443618580744176e-02
8.825000000000001066e+00 -2.318609160848943487e-02
8.875000000000000000e+00 -1.662394418217267786e-02
8.925000000000000711e+00 -1.654157174396147026e-02
8.975000000000001421e+00 -2.290299401075905975e-02
9.025000000000000355e+00 -2.650202704465378853e-02
9.075000000000001066e+00 -3.144672789142255453e-02
9.125000000000000000e+00 -3.640375127919313891e-02
9.175000000000000711e+00 -3.253119592524669756e-02
9.225000000000001421e+00 -2.608761078276451359e-02
9.275000000000000355e+00 -2.635687164348254896e-02
9.325000000000001066e+00 -2.426421608876516700e-02
9.375000000000000000e+00 -2.536458085107540575e-02
9.425000000000000711e+00 -2.445796261486137338e-02
9.475000000000001421e+00 -1.771421651431879379e-02
9.525000000000000355e+00 -1.516132470004443074e-02
9.575000000000001066e+00 -9.496551854634915565e-03
9.625000000000000000e+00 -6.621506092029961002e-03
9.675000000000000711e+00 -1.025055631317606242e-02
9.725000000000001421e+00 -1.439721988488251898e-02
9.775000000000000355e+00 -7.762628958452567028e-03
9.825000000000001066e+00 -6.356468041827765744e-03
9.875000000000000000e+00 -1.779022025685606532e-03
9.925000000000000711e+00 -1.867802921749373447e-03
9.975000000000001421e+00 1.488767697914286420e-04
1.002499999999999858e+01 8.981593309549399848e-05
1.007500000000000284e+01 4.859207553664646184e-03
1.012500000000000000e+01 1.213840213045855841e-02
1.017500000000000071e+01 2.082264346227234025e-02
1.022500000000000142e+01 2.914902421670149263e-02
1.027499999999999858e+01 3.006663582510711238e-02
1.032500000000000284e+01 2.831337900833155036e-02
1.037500000000000000e+01 2.341911644281964230e-02
1.042500000000000071e+01 2.439365246238658566e-02
1.047500000000000142e+01 1.838982945710725472e-02
1.052499999999999858e+01 2.143602982795620587e-02
1.057500000000000284e+01 2.109877704101101661e-02
1.062500000000000000e+01 2.477227661272252135e-02
1.067500000000000071e+01 2.661107908375868331e-02
1.072500000000000142e+01 2.943530707832629073e-02
1.077499999999999858e+01 2.591082160803779427e-02
1.082500000000000284e+01 2.586543994333645458e-02
1.087500000000000000e+01 2.241390217656125117e-02
1.092500000000000071e+01 2.490023152244340635e-02
1.097500000000000142e+01 2.031729495606029307e-02
1.102499999999999858e+01 2.384369075287082543e-02
1.107500000000000284e+01 2.771083397448954877e-02
1.112500000000000000e+01 3.012997813353380031e-02
1.117500000000000071e+01 2.327766119930388053e-02
1.122500000000000142e+01 1.932301953713313689e-02
1.127499999999999858e+01 1.406157386138246965e-02
1.132500000000000284e+01 5.237637990754251925e-03
1.137500000000000000e+01 -4.936176076199672675e-04
1.142500000000000071e+01 2.387731480410338388e-03
1.147500000000000142e+01 2.648493642382376920e-03
1.152499999999999858e+01 4.484638678443176631e-03
1.157500000000000284e+01 5.397120449036308179e-03
1.162500000000000000e+01 3.943568271471064972e-03
1.167500000000000071e+01 -3.044870980431113767e-03
1.172500000000000142e+01 -1.482913035937727386e-03
1.177499999999999858e+01 -6.512457580171827388e-03
1.182500000000000284e+01 -1.070870807366723979e-02
1.187500000000000000e+01 -8.200002461434152679e-03
1.192500000000000071e+01 -8.318303855571685529e-03
1.197500000000000142e+01 -7.568629985067687471e-03
1.202499999999999858e+01 -5.896602292221331254e-03
1.207500000000000284e+01 -2.380039817658285723e-03
1.212500000000000000e+01 -6.815573367759952816e-03
1.217500000000000071e+01 -2.149686088926827752e-03
1.222500000000000142e+01 -6.189935943704228186e-03
1.227499999999999858e+01 -9.295077341323577588e-03
1.232500000000000284e+01 -1.076584593856679851e-02
1.237500000000000000e+01 -7.801381377284854861e-03
1.242500000000000071e+01 -7.088553562859447460e-03
1.247500000000000142e+01 -6.270621178374113751e-03
1.252499999999999858e+01 1.903773728432867724e-04
1.257500000000000284e+01 3.608428724367485161e-03
1.262500000000000000e+01 6.176607670465728700e-03
1.267500000000000071e+01 1.068729279847246754e-03
1.272500000000000142e+01 6.268500860554838093e-03
1.277499999999999858e+01 4.747283633428978251e-03
1.282500000000000284e+01 6.545293240271732836e-03
1.287500000000000000e+01 8.440347074584764533e-03
1.292500000000000071e+01 1.122429473006576577e-02
1.297500000000000142e+01 1.263947961236624486e-02
1.302499999999999858e+01 1.385340664966783382e-02
1.307500000000000284e+01 1.429293839776591031e-02
1.312500000000000000e+01 1.365749313499016286e-02
1.317500000000000426e+01 1.455308957843684005e-02
1.322500000000000142e+01 1.098388111581236407e-02
1.327499999999999858e+01 1.242044983431078720e-02
1.332500000000000284e+01 1.225783744376762914e-02
1.337500000000000000e+01 1.017579298568769414e-02
1.342500000000000426e+01 8.366683854408663371e-03
1.347500000000000142e+01 8.691524031376475154e-03
1.352499999999999858e+01 6.204097688100063471e-03
1.357500000000000284e+01 7.069291341593598142e-03
1.362500000000000000e+01 1.385583892682298347e-02
1.367500000000000426e+01 1.513596637050476125e-02
1.372500000000000142e+01 1.911433998225469180e-02
1.377499999999999858e+01 2.247742335035063377e-02
1.382500000000000284e+01 2.269790345301849616e-02
1.387500000000000000e+01 2.059789055793181944e-02
1.392500000000000426e+01 6.426323541664764882e-02
1.397500000000000142e+01 3.203343711623145018e-01
1.402499999999999858e+01 1.031699118602681819e+00
1.407500000000000284e+01 2.556633736752590647e+00
1.412500000000000000e+01 9.793078888681808536e+00
1.417500000000000426e+01 1.699029984317673225e+01
1.422500000000000142e+01 2.397144455731632107e+01
1.427499999999999858e+01 3.049724588636244960e+01
1.432500000000000284e+01 3.620939216847314412e+01
1.437500000000000000e+01 3.620939216847314412e+01
1.442500000000000426e+01 3.620939216847314412e+01
1.447500000000000142e+01 3.620939216847314412e+01
1.452499999999999858e+01 3.620939216847314412e+01
1.457500000000000284e+01 3.620939216847314412e+01
1.462500000000000000e+01 3.620939216847314412e+01
1.467500000000000426e+01 3.620939216847314412e+01
1.472500000000000142e+01 3.620939216847314412e+01
1.477499999999999858e+01 3.620939216847314412e+01
1.482500000000000284e+01 3.620939216847314412e+01
1.487500000000000000e+01 3.620939216847314412e+01
1.492500000000000426e+01 3.620939216847314412e+01
1.497500000000000142e+01 3.620939216847314412e+01
1.502499999999999858e+01 3.620939216847314412e+01
1.507500000000000284e+01 3.620939216847314412e+01
1.512500000000000000e+01 3.620939216847314412e+01
1.517500000000000426e+01 3.620939216847314412e+01
1.522500000000000142e+01 3.620939216847314412e+01
1.527499999999999858e+01 3.620939216847314412e+01
1.532500000000000284e+01 3.620939216847314412e+01
1.537500000000000000e+01 3.620939216847314412e+01
1.542500000000000426e+01 3.620939216847314412e+01
1.547500000000000142e+01 3.620939216847314412e+01
1.552499999999999858e+01 3.620939216847314412e+01
1.557500000000000284e+01 3.620939216847314412e+01
1.562500000000000000e+01 3.620939216847314412e+01
1.567500000000000426e+01 3.620939216847314412e+01
1.572500000000000142e+01 3.620939216847314412e+01
1.577499999999999858e+01 3.620939216847314412e+01
1.582500000000000284e+01 3.620939216847314412e+01
1.587500000000000000e+01 3.620939216847314412e+01
1.592500000000000426e+01 3.620939216847314412e+01
1.597500000000000142e+01 3.620939216847314412e+01
1.602499999999999858e+01 3.620939216847314412e+01
1.607500000000000284e+01 3.620939216847314412e+01
1.612500000000000000e+01 3.620939216847314412e+01
1.617500000000000426e+01 3.620939216847314412e+01
1.622500000000000142e+01 3.620939216847314412e+01
1.627499999999999858e+01 3.620939216847314412e+01
1.632500000000000284e+01 3.620939216847314412e+01
1.637500000000000000e+01 3.620939216847314412e+01
1.642500000000000426e+01 3.620939216847314412e+01
1.647500000000000142e+01 3.620939216847314412e+01
1.652499999999999858e+01 3.620939216847314412e+01
1.657500000000000284e+01 3.620939216847314412e+01
1.662500000000000000e+01 3.620939216847314412e+01
1.667500000000000426e+01 3.620939216847314412e+01
1.672500000000000142e+01 3.620939216847314412e+01
1.677499999999999858e+01 3.620939216847314412e+01
1.682500000000000284e+01 3.620939216847314412e+01
1.687500000000000000e+01 3.620939216847314412e+01
1.692500000000000426e+01 3.620939216847314412e+01
1.697500000000000142e+01 3.620939216847314412e+01
1.702499999999999858e+01 3.620939216847314412e+01
1.707500000000000284e+01 3.620939216847314412e+01
1.712500000000000000e+01 3.620939216847314412e+01
1.717500000000000426e+01 3.620939216847314412e+01
1.722500000000000142e+01 3.620939216847314412e+01
1.727499999999999858e+01 3.620939216847314412e+01
1.732500000000000284e+01 3.620939216847314412e+01
1.737500000000000000e+01 3.620939216847314412e+01
1.742500000000000426e+01 3.620939216847314412e+01
1.747500000000000142e+01 3.620939216847314412e+01
1.752499999999999858e+01 3.620939216847314412e+01
1.757500000000000284e+01 3.620939216847314412e+01
1.762500000000000000e+01 3.620939216847314412e+01
1.767500000000000426e+01 3.620939216847314412e+01
1.772500000000000142e+01 3.620939216847314412e+01
1.777499999999999858e+01 3.620939216847314412e+01
1.782500000000000284e+01 3.620939216847314412e+01
1.787500000000000000e+01 3.620939216847314412e+01
1.792500000000000426e+01 3.620939216847314412e+01
1.797500000000000142e+01 3.620939216847314412e+01
1.802499999999999858e+01 3.620939216847314412e+01
1.807500000000000284e+01 3.620939216847314412e+01
1.812500000000000000e+01 3.620939216847314412e+01
1.817500000000000426e+01 3.620939216847314412e+01
1.822500000000000142e+01 3.620939216847314412e+01
1.827499999999999858e+01 3.620939216847314412e+01
1.832500000000000284e+01 3.620939216847314412e+01
1.837500000000000000e+01 3.620939216847314412e+01
1.842500000000000426e+01 3.620939216847314412e+01
1.847500000000000142e+01 3.620939216847314412e+01
1.852499999999999858e+01 3.620939216847314412e+01
1.857500000000000284e+01 3.620939216847314412e+01
1.862500000000000000e+01 3.620939216847314412e+01
1.867500000000000426e+01 3.620939216847314412e+01
1.872500000000000142e+01 3.620939216847314412e+01
1.877499999999999858e+01 3.620939216847314412e+01
1.882500000000000284e+01 3.620939216847314412e+01
1.887500000000000000e+01 3.620939216847314412e+01
1.892500000000000426e+01 3.620939216847314412e+01
1.897500000000000142e+01 3.620939216847314412e+01
1.902499999999999858e+01 3.620939216847314412e+01
1.907500000000000284e+01 3.620939216847314412e+01
1.912500000000000000e+01 3.620939216847314412e+01
1.917500000000000426e+01 3.620939216847314412e+01
1.922500000000000142e+01 3.620939216847314412e+01
1.927499999999999858e+01 3.620939216847314412e+01
1.932500000000000284e+01 3.620939216847314412e+01
1.937500000000000000e+01 3.620939216847314412e+01
1.942500000000000426e+01 3.620939216847314412e+01
1.947500000000000142e+01 3.620939216847314412e+01
1.952499999999999858e+01 3.620939216847314412e+01
1.957500000000000284e+01 3.620939216847314412e+01
1.962500000000000000e+01 3.620939216847314412e+01
1.967500000000000426e+01 3.620939216847314412e+01
1.972500000000000142e+01 3.620939216847314412e+01
1.977499999999999858e+01 3.620939216847314412e+01
1.982500000000000284e+01 3.620939216847314412e+01
1.987500000000000000e+01 3.620939216847314412e+01
1.992500000000000426e+01 3.620939216847314412e+01
1.997500000000000142e+01 3.620939216847314412e+01
2.002499999999999858e+01 3.620939216847314412e+01
2.007500000000000284e+01 3.620939216847314412e+01
2.012500000000000000e+01 3.620939216847314412e+01
2.017500000000000426e+01 3.620939216847314412e+01
2.022500000000000142e+01 3.620939216847314412e+01
2.027499999999999858e+01 3.620939216847314412e+01
2.032500000000000284e+01 3.620939216847314412e+01
2.037500000000000000e+01 3.620939216847314412e+01
2.042500000000000426e+01 3.620939216847314412e+01
2.047500000000000142e+01 3.620939216847314412e+01
2.052499999999999858e+01 3.620939216847314412e+01
2.057500000000000284e+01 3.620939216847314412e+01
2.062500000000000000e+01 3.620939216847314412e+01
2.067500000000000426e+01 3.620939216847314412e+01
2.072500000000000142e+01 3.620939216847314412e+01
2.077499999999999858e+01 3.620939216847314412e+01
2.082500000000000284e+01 3.620939216847314412e+01
2.087500000000000000e+01 3.620939216847314412e+01
2.092500000000000426e+01 3.620939216847314412e+01
2.097500000000000142e+01 3.620939216847314412e+01
2.102499999999999858e+01 3.620939216847314412e+01
2.107500000000000284e+01 3.620939216847314412e+01
2.112500000000000000e+01 3.620939216847314412e+01
2.117500000000000426e+01 3.620939216847314412e+01
2.122500000000000142e+01 3.620939216847314412e+01
2.127499999999999858e+01 3.620939216847314412e+01
2.132500000000000284e+01 3.620939216847314412e+01
2.137500000000000000e+01 3.620939216847314412e+01
2.142500000000000426e+01 3.620939216847314412e+01
2.147500000000000142e+01 3.620939216847314412e+01
2.152499999999999858e+01 3.620939216847314412e+01
2.157500000000000284e+01 3.620939216847314412e+01
2.162500000000000000e+01 3.620939216847314412e+01
2.167500000000000426e+01 3.620939216847314412e+01
2.172500000000000142e+01 3.620939216847314412e+01
2.177499999999999858e+01 3.620939216847314412e+01
2.182500000000000284e+01 3.620939216847314412e+01
2.187500000000000000e+01 3.620939216847314412e+01
2.192500000000000426e+01 3.620939216847314412e+01
2.197500000000000142e+01 3.620939216847314412e+01
2.202499999999999858e+01 3.620939216847314412e+01
2.207500000000000284e+01 3.620939216847314412e+01
2.212500000000000000e+01 3.620939216847314412e+01
2.217500000000000426e+01 3.620939216847314412e+01
2.222500000000000142e+01 3.620939216847314412e+01
2.227499999999999858e+01 3.620939216847314412e+01
2.232500000000000284e+01 3.620939216847314412e+01
2.237500000000000000e+01 3.620939216847314412e+01
2.242500000000000426e+01 3.620939216847314412e+01
2.247500000000000142e+01 3.620939216847314412e+01
2.252499999999999858e+01 3.620939216847314412e+01
2.257500000000000284e+01 3.620939216847314412e+01
2.262500000000000000e+01 3.620939216847314412e+01
2.267500000000000426e+01 3.620939216847314412e+01
2.272500000000000142e+01 3.620939216847314412e+01
2.277499999999999858e+01 3.620939216847314412e+01
2.282500000000000284e+01 3.620939216847314412e+01
2.287500000000000000e+01 3.620939216847314412e+01
2.292500000000000426e+01 3.620939216847314412e+01
2.297500000000000142e+01 3.620939216847314412e+01
2.302499999999999858e+01 3.620939216847314412e+01
2.307500000000000284e+01 3.620939216847314412e+01
2.312500000000000000e+01 3.620939216847314412e+01
2.317500000000000426e+01 3.620939216847314412e+01
2.322500000000000142e+01 3.620939216847314412e+01
2.327499999999999858e+01 3.620939216847314412e+01
2.332500000000000284e+01 3.620939216847314412e+01
2.337500000000000000e+01 3.620939216847314412e+01
2.342500000000000426e+01 3.620939216847314412e+01
2.347500000000000142e+01 3.620939216847314412e+01
2.352499999999999858e+01 3.620939216847314412e+01
2.357500000000000284e+01 3.620939216847314412e+01
2.362500000000000000e+01 3.620939216847314412e+01
2.367500000000000426e+01 3.620939216847314412e+01
2.372500000000000142e+01 3.620939216847314412e+01
2.377499999999999858e+01 3.620939216847314412e+01
2.382500000000000284e+01 3.620939216847314412e+01
2.387500000000000000e+01 3.620939216847314412e+01
2.392500000000000426e+01 2.896751373477851743e+01
2.397500000000000142e+01 2.172563530108388719e+01
