# r_minus_2Rs_A,    PMF_over_kBT
-5.974999999999999645e+00 2.095219130596040102e+01
-5.924999999999999822e+00 2.793625507461386803e+01
-5.875000000000000000e+00 3.492031884326733149e+01
-5.825000000000000178e+00 3.492031884326733149e+01
-5.775000000000000355e+00 3.492031884326733149e+01
-5.724999999999999645e+00 3.492031884326733149e+01
-5.674999999999999822e+00 3.492031884326733149e+01
-5.625000000000000000e+00 3.492031884326733149e+01
-5.575000000000000178e+00 3.492031884326733149e+01
-5.525000000000000355e+00 3.492031884326733149e+01
-5.474999999999999645e+00 3.492031884326733149e+01
-5.424999999999999822e+00 3.492031884326733149e+01
-5.375000000000000000e+00 3.492031884326733149e+01
-5.325000000000000178e+00 3.492031884326733149e+01
-5.275000000000000355e+00 3.492031884326733149e+01
-5.224999999999999645e+00 3.492031884326733149e+01
-5.174999999999999822e+00 3.492031884326733149e+01
-5.125000000000000000e+00 3.492031884326733149e+01
-5.075000000000000178e+00 3.492031884326733149e+01
-5.025000000000000355e+00 3.492031884326733149e+01
-4.974999999999999645e+00 3.492031884326733149e+01
-4.924999999999999822e+00 3.492031884326733149e+01
-4.875000000000000000e+00 3.492031884326733149e+01
-4.824999999999999289e+00 3.492031884326733149e+01
-4.775000000000000355e+00 3.492031884326733149e+01
-4.724999999999999645e+00 3.492031884326733149e+01
-4.674999999999999822e+00 3.492031884326733149e+01
-4.625000000000000000e+00 3.492031884326733149e+01
-4.574999999999999289e+00 3.492031884326733149e+01
-4.525000000000000355e+00 3.492031884326733149e+01
-4.474999999999999645e+00 3.492031884326733149e+01
-4.424999999999999822e+00 3.492031884326733149e+01
-4.375000000000000000e+00 3.492031884326733149e+01
-4.324999999999999289e+00 3.492031884326733149e+01
-4.275000000000000355e+00 3.492031884326733149e+01
-4.224999999999999645e+00 3.492031884326733149e+01
-4.174999999999999822e+00 3.492031884326733149e+01
-4.125000000000000000e+00 3.492031884326733149e+01
-4.074999999999999289e+00 3.492031884326733149e+01
-4.025000000000000355e+00 3.492031884326733149e+01
-3.974999999999999645e+00 3.492031884326733149e+01
-3.924999999999999822e+00 3.492031884326733149e+01
-3.875000000000000000e+00 3.492031884326733149e+01
-3.825000000000000178e+00 3.492031884326733149e+01
-3.774999999999999911e+00 3.492031884326733149e+01
-3.724999999999999645e+00 3.492031884326733149e+01
-3.674999999999999822e+00 3.492031884326733149e+01
-3.625000000000000000e+00 3.492031884326733149e+01
-3.574999999999999734e+00 3.492031884326733149e+01
-3.524999999999999911e+00 3.492031884326733149e+01
-3.474999999999999645e+00 3.492031884326733149e+01
-3.424999999999999822e+00 3.492031884326733149e+01
-3.375000000000000000e+00 3.492031884326733149e+01
-3.324999999999999734e+00 3.492031884326733149e+01
-3.274999999999999911e+00 3.492031884326733149e+01
-3.224999999999999645e+00 3.492031884326733149e+01
-3.174999999999999822e+00 3.492031884326733149e+01
-3.125000000000000000e+00 3.492031884326733149e+01
-3.074999999999999734e+00 3.492031884326733149e+01
-3.024999999999999911e+00 3.492031884326733149e+01
-2.974999999999999645e+00 3.492031884326733149e+01
-2.924999999999999822e+00 3.492031884326733149e+01
-2.875000000000000000e+00 3.492031884326733149e+01
-2.824999999999999734e+00 3.492031884326733149e+01
-2.774999999999999911e+00 3.492031884326733149e+01
-2.724999999999999645e+00 3.492031884326733149e+01
-2.674999999999999822e+00 3.492031884326733149e+01
-2.625000000000000000e+00 3.492031884326733149e+01
-2.574999999999999734e+00 3.492031884326733149e+01
-2.524999999999999911e+00 3.492031884326733149e+01
-2.474999999999999645e+00 3.492031884326733149e+01
-2.424999999999999822e+00 3.492031884326733149e+01
-2.375000000000000000e+00 3.492031884326733149e+01
-2.324999999999999734e+00 3.492031884326733149e+01
-2.274999999999999911e+00 3.492031884326733149e+01
-2.224999999999999645e+00 3.492031884326733149e+01
-2.174999999999999822e+00 3.492031884326733149e+01
-2.125000000000000000e+00 3.492031884326733149e+01
-2.074999999999999734e+00 3.492031884326733149e+01
-2.024999999999999911e+00 3.492031884326733149e+01
-1.974999999999999645e+00 3.492031884326733149e+01
-1.924999999999999822e+00 3.492031884326733149e+01
-1.875000000000000000e+00 3.492031884326733149e+01
-1.824999999999999289e+00 3.492031884326733149e+01
-1.775000000000000355e+00 3.492031884326733149e+01
-1.724999999999999645e+00 3.492031884326733149e+01
-1.674999999999999822e+00 3.492031884326733149e+01
-1.625000000000000000e+00 3.492031884326733149e+01
-1.574999999999999289e+00 3.492031884326733149e+01
-1.525000000000000355e+00 3.492031884326733149e+01
-1.474999999999999645e+00 3.492031884326733149e+01
-1.424999999999999822e+00 3.492031884326733149e+01
-1.375000000000000000e+00 3.492031884326733149e+01
-1.324999999999999289e+00 3.492031884326733149e+01
-1.275000000000000355e+00 3.492031884326733149e+01
-1.224999999999999645e+00 3.492031884326733149e+01
-1.174999999999998934e+00 3.492031884326733149e+01
-1.125000000000000000e+00 3.492031884326733149e+01
-1.074999999999999289e+00 3.492031884326733149e+01
-1.025000000000000355e+00 3.492031884326733149e+01
-9.749999999999996447e-01 3.492031884326733149e+01
-9.249999999999989342e-01 3.492031884326733149e+01
-8.750000000000000000e-01 3.492031884326733149e+01
-8.249999999999992895e-01 3.492031884326733149e+01
-7.750000000000003553e-01 3.492031884326733149e+01
-7.249999999999996447e-01 3.492031884326733149e+01
-6.749999999999989342e-01 3.492031884326733149e+01
-6.250000000000000000e-01 3.492031884326733149e+01
-5.749999999999992895e-01 3.492031884326733149e+01
-5.250000000000003553e-01 2.905206369627831364e+01
-4.749999999999996447e-01 2.277149169325104694e+01
-4.249999999999989342e-01 1.608172089939223071e+01
-3.750000000000000000e-01 9.033437178383300292e+00
-3.249999999999992895e-01 1.775063614161121572e+00
-2.750000000000003553e-01 2.677841698710963225e-01
-2.249999999999996447e-01 -8.977249865317539212e-01
-1.749999999999989342e-01 -1.678923381573297569e+00
-1.250000000000000000e-01 -2.098012949792412485e+00
-7.499999999999928946e-02 -2.284288473973642208e+00
-2.500000000000035527e-02 -2.331976673580339554e+00
2.500000000000035527e-02 -2.287314702950248524e+00
7.500000000000106581e-02 -2.196233244679782093e+00
1.250000000000000000e-01 -2.084931243351859198e+00
1.750000000000007105e-01 -1.982701119996763683e+00
2.249999999999996447e-01 -1.876798729317594283e+00
2.750000000000003553e-01 -1.773032999949925026e+00
3.250000000000010658e-01 -1.672546230016548563e+00
3.750000000000000000e-01 -1.583335008244455722e+00
4.250000000000007105e-01 -1.491473537860268372e+00
4.749999999999996447e-01 -1.399369270028949508e+00
5.250000000000003553e-01 -1.315262408617478451e+00
5.750000000000010658e-01 -1.232880667478467585e+00
6.250000000000000000e-01 -1.158413136343741545e+00
6.750000000000007105e-01 -1.068791787538019733e+00
7.249999999999996447e-01 -9.955680171329867045e-01
7.750000000000003553e-01 -9.205947204003366302e-01
8.250000000000010658e-01 -8.471969758314504828e-01
8.750000000000000000e-01 -7.611571415159741338e-01
9.250000000000007105e-01 -6.957047892200435291e-01
9.749999999999996447e-01 -6.222491072901049636e-01
1.025000000000000355e+00 -5.599795150126546384e-01
1.075000000000001066e+00 -5.003104795846958774e-01
1.125000000000000000e+00 -4.425099448643933786e-01
1.175000000000000711e+00 -3.979646638835070971e-01
1.224999999999999645e+00 -3.437126904404849137e-01
1.275000000000000355e+00 -3.047883860730085659e-01
1.325000000000001066e+00 -2.486646329359971097e-01
1.375000000000000000e+00 -2.201861653609860914e-01
1.425000000000000711e+00 -1.841833280808551077e-01
1.474999999999999645e+00 -1.812145915832317489e-01
1.525000000000000355e+00 -1.502672692194835236e-01
1.575000000000001066e+00 -1.403950513663815847e-01
1.625000000000000000e+00 -1.307143185059317092e-01
1.675000000000000711e+00 -1.025188514823781871e-01
1.724999999999999645e+00 -6.033506404985190807e-02
1.775000000000000355e+00 -5.242206555733659734e-02
1.825000000000001066e+00 -3.773302784211516464e-02
1.875000000000000000e+00 -2.010629241981938195e-02
1.925000000000000711e+00 -2.292434076259084602e-02
1.974999999999999645e+00 -2.216891229114885745e-02
2.025000000000000355e+00 -7.899536773215132951e-03
2.074999999999999289e+00 -3.300083797958102555e-02
2.125000000000000000e+00 -4.491625402224031643e-02
2.175000000000000711e+00 -4.832629425728107719e-02
2.225000000000001421e+00 -7.565738590756580784e-02
2.275000000000000355e+00 -9.833486295849845626e-02
2.324999999999999289e+00 -9.629542953752406875e-02
2.375000000000000000e+00 -9.822136366843067790e-02
2.425000000000000711e+00 -1.146953098345107891e-01
2.475000000000001421e+00 -1.117769082819176363e-01
2.525000000000000355e+00 -1.061837764759317737e-01
2.574999999999999289e+00 -9.596088265944260898e-02
2.625000000000000000e+00 -8.462391462338381132e-02
2.675000000000000711e+00 -7.447985652705499393e-02
2.725000000000001421e+00 -6.984262731583860961e-02
2.775000000000000355e+00 -5.870250470821609945e-02
2.824999999999999289e+00 -5.255579119196376187e-02
2.875000000000000000e+00 -5.203835760958952505e-02
2.925000000000000711e+00 -2.827025305521040435e-02
2.975000000000001421e+00 -4.637571865839262321e-03
3.025000000000000355e+00 7.633677313856071511e-03
3.074999999999999289e+00 3.383611300013598250e-02
3.125000000000000000e+00 6.669755035736067705e-02
3.175000000000000711e+00 7.346037468661387182e-02
3.225000000000001421e+00 9.507762997640016589e-02
3.275000000000000355e+00 1.228689876888651722e-01
3.324999999999999289e+00 1.357945713325620085e-01
3.375000000000000000e+00 1.495960482146326542e-01
3.425000000000000711e+00 1.686572702923644362e-01
3.475000000000001421e+00 1.820993590472618218e-01
3.525000000000000355e+00 1.904232703280754890e-01
3.575000000000001066e+00 2.114659875516846366e-01
3.625000000000000000e+00 2.447368616758804905e-01
3.675000000000000711e+00 2.684384105190808500e-01
3.725000000000001421e+00 2.730696446942832978e-01
3.775000000000000355e+00 2.926157163816540674e-01
3.825000000000001066e+00 2.995576363463126057e-01
3.875000000000000000e+00 2.893765653123559489e-01
3.925000000000000711e+00 2.827886545954150788e-01
3.975000000000001421e+00 2.873176115035704914e-01
4.025000000000000355e+00 3.009576041961189441e-01
4.075000000000001066e+00 2.944522301954826671e-01
4.125000000000000000e+00 3.018340074893938740e-01
4.175000000000000711e+00 3.048560659002167439e-01
4.225000000000001421e+00 3.040541641241891191e-01
4.275000000000000355e+00 2.843686728955816534e-01
4.325000000000001066e+00 2.822161325500054940e-01
4.375000000000000000e+00 2.739291805304848726e-01
4.425000000000000711e+00 2.719187928924292064e-01
4.475000000000001421e+00 2.727854998392949537e-01
4.525000000000000355e+00 2.506579295085810677e-01
4.575000000000001066e+00 2.368302828293199214e-01
4.625000000000000000e+00 2.222952129068577476e-01
4.675000000000000711e+00 1.957266933872851833e-01
4.725000000000001421e+00 1.698947796770369223e-01
4.775000000000000355e+00 1.586426949306385947e-01
4.825000000000001066e+00 1.341648945737947962e-01
4.875000000000000000e+00 1.014103493121446403e-01
4.925000000000000711e+00 8.051256653540123098e-02
4.975000000000001421e+00 5.776468686243597245e-02
5.025000000000000355e+00 1.409306908443071042e-02
5.075000000000001066e+00 -1.325067232738170661e-02
5.125000000000000000e+00 -4.588486268005560753e-02
5.175000000000000711e+00 -6.870551817945162731e-02
5.225000000000001421e+00 -1.060488095053259000e-01
5.275000000000000355e+00 -1.245254434679345934e-01
5.325000000000001066e+00 -1.386051723258823754e-01
5.375000000000000000e+00 -1.643840219049419460e-01
5.425000000000000711e+00 -1.865383782840868976e-01
5.475000000000001421e+00 -1.986581523140639460e-01
5.525000000000000355e+00 -2.103043057891152978e-01
5.575000000000001066e+00 -2.217896942325527643e-01
5.625000000000000000e+00 -2.165136965865851748e-01
5.675000000000000711e+00 -2.134955009325743558e-01
5.725000000000001421e+00 -2.073216679758150827e-01
5.775000000000000355e+00 -2.031948097444257195e-01
5.825000000000001066e+00 -1.983768397156563390e-01
5.875000000000000000e+00 -1.939063638355886243e-01
5.925000000000000711e+00 -1.975199595340011993e-01
5.975000000000001421e+00 -1.905345848466783731e-01
6.025000000000000355e+00 -1.768744035724217900e-01
6.075000000000001066e+00 -1.792934118554569412e-01
6.125000000000000000e+00 -1.862853159798007197e-01
6.175000000000000711e+00 -1.831578919806617078e-01
6.225000000000001421e+00 -2.004227753416607805e-01
6.275000000000000355e+00 -2.026460496210578666e-01
6.325000000000001066e+00 -2.071838172410054024e-01
6.375000000000000000e+00 -1.937425453836446876e-01
6.425000000000000711e+00 -1.891360554895190338e-01
6.475000000000001421e+00 -1.610805779257635240e-01
6.525000000000000355e+00 -1.516659691226678597e-01
6.575000000000001066e+00 -1.346944733244591075e-01
6.625000000000000000e+00 -1.334778300548414842e-01
6.675000000000000711e+00 -1.237867082584454409e-01
6.725000000000001421e+00 -1.184449612388796397e-01
6.775000000000000355e+00 -1.111170368863891866e-01
6.825000000000001066e+00 -1.076662317784005951e-01
6.875000000000000000e+00 -9.238856531333149158e-02
6.925000000000000711e+00 -7.904979218149499332e-02
6.975000000000001421e+00 -8.303130126138250078e-02
7.025000000000000355e+00 -7.352878938624379801e-02
7.075000000000001066e+00 -6.738279405092199859e-02
7.125000000000000000e+00 -7.058285723179161253e-02
7.175000000000000711e+00 -6.779443876791475809e-02
7.225000000000001421e+00 -6.146378876359790550e-02
7.275000000000000355e+00 -6.735100199583783642e-02
7.325000000000001066e+00 -6.651991324989517396e-02
7.375000000000000000e+00 -5.829195605818072307e-02
7.425000000000000711e+00 -5.313086870535244088e-02
7.475000000000001421e+00 -4.754929178427254322e-02
7.525000000000000355e+00 -3.246746390412589417e-02
7.575000000000001066e+00 -3.073150609796471144e-02
7.625000000000000000e+00 -2.836190345034133101e-02
7.675000000000000711e+00 -3.632898409037111503e-02
7.725000000000001421e+00 -3.992062561295526418e-02
7.775000000000000355e+00 -3.995727584062791493e-02
7.825000000000001066e+00 -3.854542034780337328e-02
7.875000000000000000e+00 -4.701933077787501247e-02
7.925000000000000711e+00 -4.597208531287400035e-02
7.975000000000001421e+00 -4.363681143394835399e-02
8.025000000000000355e+00 -5.451349614082730277e-02
8.075000000000001066e+00 -5.261750659253152523e-02
8.125000000000000000e+00 -4.795206869723749737e-02
8.175000000000000711e+00 -4.850471629036583882e-02
8.225000000000001421e+00 -5.677867407529149646e-02
8.275000000000000355e+00 -5.867546928502705150e-02
8.325000000000001066e+00 -6.521924953827529237e-02
8.375000000000000000e+00 -6.215935137420346146e-02
8.425000000000000711e+00 -6.570964540134767440e-02
8.475000000000001421e+00 -6.774808430561307659e-02
8.525000000000000355e+00 -7.874037380219611748e-02
8.575000000000001066e+00 -7.997310403685665980e-02
8.625000000000000000e+00 -9.528950259580533377e-02
8.675000000000000711e+00 -1.010970495099240279e-01
8.725000000000001421e+00 -1.009300789337938820e-01
8.775000000000000355e+00 -9.923812297171537289e-02
8.825000000000001066e+00 -1.073027999766573148e-01
8.875000000000000000e+00 -1.059807849918229378e-01
8.925000000000000711e+00 -1.080829047675965909e-01
8.975000000000001421e+00 -1.183816036815596162e-01
9.025000000000000355e+00 -1.179667496403620647e-01
9.075000000000001066e+00 -1.120676525964064835e-01
9.125000000000000000e+00 -1.050699260458056727e-01
9.175000000000000711e+00 -1.072698027097438028e-01
9.225000000000001421e+00 -1.052906444211558490e-01
9.275000000000000355e+00 -1.065701961285903249e-01
9.325000000000001066e+00 -1.096592012894827689e-01
9.375000000000000000e+00 -1.201395658119508991e-01
9.425000000000000711e+00 -1.179929496655013621e-01
9.475000000000001421e+00 -1.130014820836049150e-01
9.525000000000000355e+00 -1.166272107444093903e-01
9.575000000000001066e+00 -1.131879008394633956e-01
9.625000000000000000e+00 -1.099419948882808112e-01
9.675000000000000711e+00 -1.085783437038216476e-01
9.725000000000001421e+00 -9.648530131772689589e-02
9.775000000000000355e+00 -8.528981595219882472e-02
9.825000000000001066e+00 -8.767617368094918207e-02
9.875000000000000000e+00 -8.943283907705641689e-02
9.925000000000000711e+00 -8.262926222465374893e-02
9.975000000000001421e+00 -8.756281726830472678e-02
1.002499999999999858e+01 -8.379294425818459291e-02
1.007500000000000284e+01 -7.290993258035669000e-02
1.012500000000000000e+01 -5.761183877163916084e-02
1.017500000000000071e+01 -5.783652440594231475e-02
1.022500000000000142e+01 -4.653068871523657890e-02
1.027499999999999858e+01 -3.832629741084048192e-02
1.032500000000000284e+01 -3.825994143255932733e-02
1.037500000000000000e+01 -3.290973570116086794e-02
1.042500000000000071e+01 -2.887861770451110449e-02
1.047500000000000142e+01 -2.986554130680545496e-02
1.052499999999999858e+01 -3.628807172873429326e-02
1.057500000000000284e+01 -3.214610885056608247e-02
1.062500000000000000e+01 -3.501225111444448285e-02
1.067500000000000071e+01 -3.113294167443108468e-02
1.072500000000000142e+01 -3.485901882438575961e-02
1.077499999999999858e+01 -2.464889347599772546e-02
1.082500000000000284e+01 -1.943516813871788360e-02
1.087500000000000000e+01 -1.910968319734429599e-02
1.092500000000000071e+01 -1.642089563812057160e-02
1.097500000000000142e+01 -8.196873980890018868e-03
1.102499999999999858e+01 -6.957262490365324382e-03
1.107500000000000284e+01 -9.593735683634819697e-03
1.112500000000000000e+01 -5.946093424583054864e-03
1.117500000000000071e+01 -2.976820416432346319e-03
1.122500000000000142e+01 -4.755609960900031470e-03
1.127499999999999858e+01 5.190613014096002314e-03
1.132500000000000284e+01 2.514766273294455953e-03
1.137500000000000000e+01 1.894624976858948900e-03
1.142500000000000071e+01 -1.687264275363631588e-03
1.147500000000000142e+01 -4.836736490647908920e-03
1.152499999999999858e+01 -1.846069973593316219e-02
1.157500000000000284e+01 -2.130901765270643011e-02
1.162500000000000000e+01 -1.341966002104797405e-02
1.167500000000000071e+01 -7.301354032793837441e-03
1.172500000000000142e+01 2.130989218155581832e-04
1.177499999999999858e+01 -1.911021292458770469e-03
1.182500000000000284e+01 9.710427566534464081e-03
1.187500000000000000e+01 6.186270175008346146e-03
1.192500000000000071e+01 3.345986037422221584e-03
1.197500000000000142e+01 1.849753824827615918e-03
1.202499999999999858e+01 6.188719324087089274e-03
1.207500000000000284e+01 1.039563582600884321e-02
1.212500000000000000e+01 9.516008789643138482e-03
1.217500000000000071e+01 1.094176997382625451e-02
1.222500000000000142e+01 9.261022978644818660e-03
1.227499999999999858e+01 8.143471400997271195e-03
1.232500000000000284e+01 -3.843450733275233060e-03
1.237500000000000000e+01 -6.784674651968814960e-03
1.242500000000000071e+01 -9.888325293708179198e-03
1.247500000000000142e+01 -1.354050223344352086e-02
1.252499999999999858e+01 -1.243772447650570885e-02
1.257500000000000284e+01 -9.601463881409699752e-03
1.262500000000000000e+01 -4.157115606418316026e-03
1.267500000000000071e+01 1.205141474535766300e-04
1.272500000000000142e+01 8.695148141521258020e-03
1.277499999999999858e+01 1.041279411564062160e-02
1.282500000000000284e+01 1.163270437612595742e-02
1.287500000000000000e+01 1.356960490132870338e-02
1.292500000000000071e+01 4.769435555032687166e-03
1.297500000000000142e+01 -2.432867970283325489e-03
1.302499999999999858e+01 -4.978042885183953277e-03
1.307500000000000284e+01 -6.990465594163098456e-03
1.312500000000000000e+01 -1.649525211733049446e-02
1.317500000000000426e+01 -1.095803694557986353e-02
1.322500000000000142e+01 -1.022014512999511703e-02
1.327499999999999858e+01 -1.081183407310852898e-02
1.332500000000000284e+01 1.957745898550342889e-06
1.337500000000000000e+01 1.602858062807755498e-03
1.342500000000000426e+01 1.772886882858770675e-03
1.347500000000000142e+01 8.430533480922262337e-04
1.352499999999999858e+01 1.799398309230681222e-03
1.357500000000000284e+01 -5.542298120462874240e-03
1.362500000000000000e+01 1.520011327987802648e-03
1.367500000000000426e+01 5.626938857849595778e-03
1.372500000000000142e+01 4.283578697056711522e-03
1.377499999999999858e+01 7.173002998445099539e-03
1.382500000000000284e+01 4.037219534807334580e-03
1.387500000000000000e+01 1.228559293929621472e-03
1.392500000000000426e+01 3.597449760553566439e-02
1.397500000000000142e+01 3.070419003797262292e-01
1.402499999999999858e+01 1.038720119184675772e+00
1.407500000000000284e+01 2.349065243471441189e+00
1.412500000000000000e+01 9.331911738080858498e+00
1.417500000000000426e+01 1.627723472294134055e+01
1.422500000000000142e+01 2.299438256501413846e+01
1.427499999999999858e+01 2.924463687251542510e+01
1.432500000000000284e+01 3.492031884326733149e+01
1.437500000000000000e+01 3.492031884326733149e+01
1.442500000000000426e+01 3.492031884326733149e+01
1.447500000000000142e+01 3.492031884326733149e+01
1.452499999999999858e+01 3.492031884326733149e+01
1.457500000000000284e+01 3.492031884326733149e+01
1.462500000000000000e+01 3.492031884326733149e+01
1.467500000000000426e+01 3.492031884326733149e+01
1.472500000000000142e+01 3.492031884326733149e+01
1.477499999999999858e+01 3.492031884326733149e+01
1.482500000000000284e+01 3.492031884326733149e+01
1.487500000000000000e+01 3.492031884326733149e+01
1.492500000000000426e+01 3.492031884326733149e+01
1.497500000000000142e+01 3.492031884326733149e+01
1.502499999999999858e+01 3.492031884326733149e+01
1.507500000000000284e+01 3.492031884326733149e+01
1.512500000000000000e+01 3.492031884326733149e+01
1.517500000000000426e+01 3.492031884326733149e+01
1.522500000000000142e+01 3.492031884326733149e+01
1.527499999999999858e+01 3.492031884326733149e+01
1.532500000000000284e+01 3.492031884326733149e+01
1.537500000000000000e+01 3.492031884326733149e+01
1.542500000000000426e+01 3.492031884326733149e+01
1.547500000000000142e+01 3.492031884326733149e+01
1.552499999999999858e+01 3.492031884326733149e+01
1.557500000000000284e+01 3.492031884326733149e+01
1.562500000000000000e+01 3.492031884326733149e+01
1.567500000000000426e+01 3.492031884326733149e+01
1.572500000000000142e+01 3.492031884326733149e+01
1.577499999999999858e+01 3.492031884326733149e+01
1.582500000000000284e+01 3.492031884326733149e+01
1.587500000000000000e+01 3.492031884326733149e+01
1.592500000000000426e+01 3.492031884326733149e+01
1.597500000000000142e+01 3.492031884326733149e+01
1.602499999999999858e+01 3.492031884326733149e+01
1.607500000000000284e+01 3.492031884326733149e+01
1.612500000000000000e+01 3.492031884326733149e+01
1.617500000000000426e+01 3.492031884326733149e+01
1.622500000000000142e+01 3.492031884326733149e+01
1.627499999999999858e+01 3.492031884326733149e+01
1.632500000000000284e+01 3.492031884326733149e+01
1.637500000000000000e+01 3.492031884326733149e+01
1.642500000000000426e+01 3.492031884326733149e+01
1.647500000000000142e+01 3.492031884326733149e+01
1.652499999999999858e+01 3.492031884326733149e+01
1.657500000000000284e+01 3.492031884326733149e+01
1.662500000000000000e+01 3.492031884326733149e+01
1.667500000000000426e+01 3.492031884326733149e+01
1.672500000000000142e+01 3.492031884326733149e+01
1.677499999999999858e+01 3.492031884326733149e+01
1.682500000000000284e+01 3.492031884326733149e+01
1.687500000000000000e+01 3.492031884326733149e+01
1.692500000000000426e+01 3.492031884326733149e+01
1.697500000000000142e+01 3.492031884326733149e+01
1.702499999999999858e+01 3.492031884326733149e+01
1.707500000000000284e+01 3.492031884326733149e+01
1.712500000000000000e+01 3.492031884326733149e+01
1.717500000000000426e+01 3.492031884326733149e+01
1.722500000000000142e+01 3.492031884326733149e+01
1.727499999999999858e+01 3.492031884326733149e+01
1.732500000000000284e+01 3.492031884326733149e+01
1.737500000000000000e+01 3.492031884326733149e+01
1.742500000000000426e+01 3.492031884326733149e+01
1.747500000000000142e+01 3.492031884326733149e+01
1.752499999999999858e+01 3.492031884326733149e+01
1.757500000000000284e+01 3.492031884326733149e+01
1.762500000000000000e+01 3.492031884326733149e+01
1.767500000000000426e+01 3.492031884326733149e+01
1.772500000000000142e+01 3.492031884326733149e+01
1.777499999999999858e+01 3.492031884326733149e+01
1.782500000000000284e+01 3.492031884326733149e+01
1.787500000000000000e+01 3.492031884326733149e+01
1.792500000000000426e+01 3.492031884326733149e+01
1.797500000000000142e+01 3.492031884326733149e+01
1.802499999999999858e+01 3.492031884326733149e+01
1.807500000000000284e+01 3.492031884326733149e+01
1.812500000000000000e+01 3.492031884326733149e+01
1.817500000000000426e+01 3.492031884326733149e+01
1.822500000000000142e+01 3.492031884326733149e+01
1.827499999999999858e+01 3.492031884326733149e+01
1.832500000000000284e+01 3.492031884326733149e+01
1.837500000000000000e+01 3.492031884326733149e+01
1.842500000000000426e+01 3.492031884326733149e+01
1.847500000000000142e+01 3.492031884326733149e+01
1.852499999999999858e+01 3.492031884326733149e+01
1.857500000000000284e+01 3.492031884326733149e+01
1.862500000000000000e+01 3.492031884326733149e+01
1.867500000000000426e+01 3.492031884326733149e+01
1.872500000000000142e+01 3.492031884326733149e+01
1.877499999999999858e+01 3.492031884326733149e+01
1.882500000000000284e+01 3.492031884326733149e+01
1.887500000000000000e+01 3.492031884326733149e+01
1.892500000000000426e+01 3.492031884326733149e+01
1.897500000000000142e+01 3.492031884326733149e+01
1.902499999999999858e+01 3.492031884326733149e+01
1.907500000000000284e+01 3.492031884326733149e+01
1.912500000000000000e+01 3.492031884326733149e+01
1.917500000000000426e+01 3.492031884326733149e+01
1.922500000000000142e+01 3.492031884326733149e+01
1.927499999999999858e+01 3.492031884326733149e+01
1.932500000000000284e+01 3.492031884326733149e+01
1.937500000000000000e+01 3.492031884326733149e+01
1.942500000000000426e+01 3.492031884326733149e+01
1.947500000000000142e+01 3.492031884326733149e+01
1.952499999999999858e+01 3.492031884326733149e+01
1.957500000000000284e+01 3.492031884326733149e+01
1.962500000000000000e+01 3.492031884326733149e+01
1.967500000000000426e+01 3.492031884326733149e+01
1.972500000000000142e+01 3.492031884326733149e+01
1.977499999999999858e+01 3.492031884326733149e+01
1.982500000000000284e+01 3.492031884326733149e+01
1.987500000000000000e+01 3.492031884326733149e+01
1.992500000000000426e+01 3.492031884326733149e+01
1.997500000000000142e+01 3.492031884326733149e+01
2.002499999999999858e+01 3.492031884326733149e+01
2.007500000000000284e+01 3.492031884326733149e+01
2.012500000000000000e+01 3.492031884326733149e+01
2.017500000000000426e+01 3.492031884326733149e+01
2.022500000000000142e+01 3.492031884326733149e+01
2.027499999999999858e+01 3.492031884326733149e+01
2.032500000000000284e+01 3.492031884326733149e+01
2.037500000000000000e+01 3.492031884326733149e+01
2.042500000000000426e+01 3.492031884326733149e+01
2.047500000000000142e+01 3.492031884326733149e+01
2.052499999999999858e+01 3.492031884326733149e+01
2.057500000000000284e+01 3.492031884326733149e+01
2.062500000000000000e+01 3.492031884326733149e+01
2.067500000000000426e+01 3.492031884326733149e+01
2.072500000000000142e+01 3.492031884326733149e+01
2.077499999999999858e+01 3.492031884326733149e+01
2.082500000000000284e+01 3.492031884326733149e+01
2.087500000000000000e+01 3.492031884326733149e+01
2.092500000000000426e+01 3.492031884326733149e+01
2.097500000000000142e+01 3.492031884326733149e+01
2.102499999999999858e+01 3.492031884326733149e+01
2.107500000000000284e+01 3.492031884326733149e+01
2.112500000000000000e+01 3.492031884326733149e+01
2.117500000000000426e+01 3.492031884326733149e+01
2.122500000000000142e+01 3.492031884326733149e+01
2.127499999999999858e+01 3.492031884326733149e+01
2.132500000000000284e+01 3.492031884326733149e+01
2.137500000000000000e+01 3.492031884326733149e+01
2.142500000000000426e+01 3.492031884326733149e+01
2.147500000000000142e+01 3.492031884326733149e+01
2.152499999999999858e+01 3.492031884326733149e+01
2.157500000000000284e+01 3.492031884326733149e+01
2.162500000000000000e+01 3.492031884326733149e+01
2.167500000000000426e+01 3.492031884326733149e+01
2.172500000000000142e+01 3.492031884326733149e+01
2.177499999999999858e+01 3.492031884326733149e+01
2.182500000000000284e+01 3.492031884326733149e+01
2.187500000000000000e+01 3.492031884326733149e+01
2.192500000000000426e+01 3.492031884326733149e+01
2.197500000000000142e+01 3.492031884326733149e+01
2.202499999999999858e+01 3.492031884326733149e+01
2.207500000000000284e+01 3.492031884326733149e+01
2.212500000000000000e+01 3.492031884326733149e+01
2.217500000000000426e+01 3.492031884326733149e+01
2.222500000000000142e+01 3.492031884326733149e+01
2.227499999999999858e+01 3.492031884326733149e+01
2.232500000000000284e+01 3.492031884326733149e+01
2.237500000000000000e+01 3.492031884326733149e+01
2.242500000000000426e+01 3.492031884326733149e+01
2.247500000000000142e+01 3.492031884326733149e+01
2.252499999999999858e+01 3.492031884326733149e+01
2.257500000000000284e+01 3.492031884326733149e+01
2.262500000000000000e+01 3.492031884326733149e+01
2.267500000000000426e+01 3.492031884326733149e+01
2.272500000000000142e+01 3.492031884326733149e+01
2.277499999999999858e+01 3.492031884326733149e+01
2.282500000000000284e+01 3.492031884326733149e+01
2.287500000000000000e+01 3.492031884326733149e+01
2.292500000000000426e+01 3.492031884326733149e+01
2.297500000000000142e+01 3.492031884326733149e+01
2.302499999999999858e+01 3.492031884326733149e+01
2.307500000000000284e+01 3.492031884326733149e+01
2.312500000000000000e+01 3.492031884326733149e+01
2.317500000000000426e+01 3.492031884326733149e+01
2.322500000000000142e+01 3.492031884326733149e+01
2.327499999999999858e+01 3.492031884326733149e+01
2.332500000000000284e+01 3.492031884326733149e+01
2.337500000000000000e+01 3.492031884326733149e+01
2.342500000000000426e+01 3.492031884326733149e+01
2.347500000000000142e+01 3.492031884326733149e+01
2.352499999999999858e+01 3.492031884326733149e+01
2.357500000000000284e+01 3.492031884326733149e+01
2.362500000000000000e+01 3.492031884326733149e+01
2.367500000000000426e+01 3.492031884326733149e+01
2.372500000000000142e+01 3.492031884326733149e+01
2.377499999999999858e+01 3.492031884326733149e+01
2.382500000000000284e+01 3.492031884326733149e+01
2.387500000000000000e+01 3.492031884326733149e+01
2.392500000000000426e+01 2.793625507461386803e+01
2.397500000000000142e+01 2.095219130596040102e+01
