# # R_Angstrom  sphere_volume_A3  mean_Nv  var_Nv  var_Nv_sem  rho_sub_A^-3  rho_bulk_A^-3  kappa_local_A3_per_J  kappa_local_sem_A3_per_J  kappa_local_over_kappa_bulk  kappa_local_over_kappa_bulk_sem
# # T_K = 300.0
# # kB_J_per_K = 1.380649e-23
# # n_frames = 56938
# # n_centers_per_frame = 100
# # n_samples_total = 5693800
# # V_mean_A3 = 213943.97641766377
# # V_mean_sem_A3 = 2.731770389063598
# # V_var_A6 = 424903.7798317558
# # V_var_sem_A6 = 2548.442706496807
# # rho_bulk_A^-3 = 0.03281263291045572
# # rho_bulk_sem_A^-3 = 4.1894505246169386e-07
# # kappa_T_from_NpT_volume_fluctuations_A3_per_J = 4.794971096338585e+20
# # kappa_T_from_NpT_volume_fluctuations_sem_A3_per_J = 2.8758832917172516e+18
1.000000000000000000e+00 4.188790204786390525e+00 1.374447644806631730e-01 1.185537220198815272e-01 1.048246298358234270e-04 3.281252050379836194e-02 3.281263291045571906e-02 6.346603612145560060e+21 1.072146335234678272e+18 1.323595801649731385e+01 2.235980809255271127e-03
1.250000000000000000e+00 8.181230868723419647e+00 2.686871684990691511e-01 1.964944084972821692e-01 8.684212468226861219e-05 3.284190029720973625e-02 3.281263291045571906e-02 5.380933842782435410e+21 1.383781628191984384e+18 1.122203603456815202e+01 2.885901917633315866e-03
1.500000000000000000e+00 1.413716694115406725e+01 4.638736871684990826e-01 2.600880294519181679e-01 7.012019207388811180e-05 3.281235123694672962e-02 3.281263291045571906e-02 4.125484965146693468e+21 1.736318107665322752e+18 8.603774417528590845e+00 3.621123199243403857e-03
1.750000000000000000e+00 2.244929750377706057e+01 7.363818539463978796e-01 3.385217958221578005e-01 1.743159729839282093e-04 3.280199987649960042e-02 3.281263291045571906e-02 3.382501055533067796e+21 1.988882315519451648e+18 7.054267872680042295e+00 4.147850478260759789e-03
2.000000000000000000e+00 3.351032163829112420e+01 1.099490849696160844e+00 4.336997712891362822e-01 2.340053100273848611e-04 3.281051317752227414e-02 3.281263291045571906e-02 2.902364520491419435e+21 1.719149511930680576e+18 6.052934339286529131e+00 3.585317778543887970e-03
2.250000000000000000e+00 4.771293842639497740e+01 1.565537251044996303e+00 5.347446197680817415e-01 3.153395016450268799e-04 3.281158743681431011e-02 3.281263291045571906e-02 2.513259891735182967e+21 1.575299649743004928e+18 5.241449512916345199e+00 3.285316257580563146e-03
2.500000000000000000e+00 6.544984694978735718e+01 2.147367487442481515e+00 6.612182377830565505e-01 4.186777699811918734e-04 3.280935842508426320e-02 3.281263291045571906e-02 2.265650066553111577e+21 1.457315646124364288e+18 4.725054689658401585e+00 3.039258458173320441e-03
2.750000000000000000e+00 8.711374629016697213e+01 2.857894727598440543e+00 8.403884513776553877e-01 5.090203220309659146e-04 3.280647256380279930e-02 3.281263291045571906e-02 2.163656088632837014e+21 1.302935945524822016e+18 4.512344381564663998e+00 2.717296766438774113e-03
3.000000000000000000e+00 1.130973355292325380e+02 3.711039551793178681e+00 1.058866898365192766e+00 6.219426439199060054e-04 3.281279381541201551e-02 3.281263291045571906e-02 2.099424067308028953e+21 1.227995381092109824e+18 4.378387325235679306e+00 2.561006847423545185e-03
3.250000000000000000e+00 1.437933137486828059e+02 4.718265657381713218e+00 1.269460680497762617e+00 7.404820752245929285e-04 3.281283068299088029e-02 3.281263291045571906e-02 1.979662911591114605e+21 1.156756830343619072e+18 4.128623242594256837e+00 2.412437545717246480e-03
3.500000000000000000e+00 1.795943800302164846e+02 5.893011170044609948e+00 1.465275520563483314e+00 8.625558873272988611e-04 3.281289297055464682e-02 3.281263291045571906e-02 1.829516845227951522e+21 1.082264775572655488e+18 3.815490872562216751e+00 2.257083001812184523e-03
3.750000000000000000e+00 2.208932334555323109e+02 7.248274614492957291e+00 1.682599008096378190e+00 9.925503643094704242e-04 3.281347509430204701e-02 3.281263291045571906e-02 1.708049183967004066e+21 1.012360700415749632e+18 3.562167841368765853e+00 2.111296773381560101e-03
4.000000000000000000e+00 2.680825731063289936e+02 8.796716955284695771e+00 1.944921208191965789e+00 1.156029263335456346e-03 3.281346061907453038e-02 3.281263291045571906e-02 1.626806041219979018e+21 9.707300206893495040e+17 3.392733779901613289e+00 2.024475228704911318e-03
4.250000000000000000e+00 3.215550980643052412e+02 1.055172556113667426e+01 2.246658522041133477e+00 1.343603533237119896e-03 3.281467351833593921e-02 3.281263291045571906e-02 1.566635498215413121e+21 9.401286158543827200e+17 3.267247010960478981e+00 1.960655438720496514e-03
4.500000000000000000e+00 3.817035074111598192e+02 1.252410095191260631e+01 2.570516929689802499e+00 1.531965200974862119e-03 3.281107118154408947e-02 3.281263291045571906e-02 1.510178529694198006e+21 9.027115281358959360e+17 3.149504969586495839e+00 1.882621417311987171e-03
4.750000000000000000e+00 4.489205002285914361e+02 1.472973444799606568e+01 2.916456147948288891e+00 1.721530747400234779e-03 3.281145423409188855e-02 3.281263291045571906e-02 1.456850261007072494e+21 8.618583450337841920e+17 3.038287888991689556e+00 1.797421356078443859e-03
5.000000000000000000e+00 5.235987755982988574e+02 1.718075187045558394e+01 3.290334889243315075e+00 1.962722585173254548e-03 3.281281903461999438e-02 3.281263291045571906e-02 1.409134083623450575e+21 8.423356208349178880e+17 2.938774927547442406e+00 1.756706357371207085e-03
5.250000000000000000e+00 6.061310326019806780e+02 1.988815255189855691e+01 3.687900539972861047e+00 2.191573885809149601e-03 3.281163887373214627e-02 3.281263291045571906e-02 1.364391923893137048e+21 8.129019759357655040e+17 2.845464334362682202e+00 1.695321952110396017e-03
5.500000000000000000e+00 6.969099703213357770e+02 2.286649618883697954e+01 4.093161328554964840e+00 2.447461232734483762e-03 3.281126280672028162e-02 3.281263291045571906e-02 1.317084448552084570e+21 7.894859032222803200e+17 2.746803728510070819e+00 1.646487303802785527e-03
5.750000000000000000e+00 7.963282878380626926e+02 2.612907249991218350e+01 4.540492198888019360e+00 2.714611318921638251e-03 3.281193560365604223e-02 3.281263291045571906e-02 1.278595944634500514e+21 7.659893876182286080e+17 2.666535249004586827e+00 1.597484890374280091e-03
6.000000000000000000e+00 9.047786842338603037e+02 2.968749727774070024e+01 5.026682036938152187e+00 3.017126770194704637e-03 3.281188847069180237e-02 3.281263291045571906e-02 1.245839827132421243e+21 7.491753428877112320e+17 2.598221766307909686e+00 1.562418892284413770e-03
6.250000000000000000e+00 1.022653858590427376e+03 3.355539393726509445e+01 5.552042957721535998e+00 3.314687792756568045e-03 3.281207385607100291e-02 3.281263291045571906e-02 1.217432408525331497e+21 7.281595731183580160e+17 2.538977574765688860e+00 1.518590119707659801e-03
6.500000000000000000e+00 1.150346509989462447e+03 3.774603270223752105e+01 6.103608220457569011e+00 3.670820201288615536e-03 3.281275022304652039e-02 3.281263291045571906e-02 1.189788371886399029e+21 7.168854475672208640e+17 2.481325430292823597e+00 1.495077724482283014e-03
6.750000000000000000e+00 1.288249337512664397e+03 4.227018616741016643e+01 6.675566064644869790e+00 4.032311829924685627e-03 3.281211558705313114e-02 3.281263291045571906e-02 1.162005865829321671e+21 7.032865540472499200e+17 2.423384505313542547e+00 1.466716983099806276e-03
7.000000000000000000e+00 1.436755040241731876e+03 4.714380308405634423e+01 7.276646760462923247e+00 4.388260526047125729e-03 3.281269371856490591e-02 3.281263291045571906e-02 1.135693294419391676e+21 6.862063549025912320e+17 2.368509155950076828e+00 1.431095915106922814e-03
7.250000000000000000e+00 1.596256317258363651e+03 5.237677104921142046e+01 7.926260395757340760e+00 4.806634073424330585e-03 3.281225607875475764e-02 3.281263291045571906e-02 1.113484041785727779e+21 6.762178740920865280e+17 2.322191353011446857e+00 1.410264755523642395e-03
7.500000000000000000e+00 1.767145867644258487e+03 5.798419087428430885e+01 8.610890366368964877e+00 5.244383467640615498e-03 3.281233990693801367e-02 3.281263291045571906e-02 1.092679615719733461e+21 6.666176927735729920e+17 2.278803341596987053e+00 1.390243401639269143e-03
7.750000000000000000e+00 1.949816390481114922e+03 6.397787523270926613e+01 9.334517226960914016e+00 5.704803688025788730e-03 3.281225634631310117e-02 3.281263291045571906e-02 1.073535552399405220e+21 6.572613584915296000e+17 2.238878047083852962e+00 1.370730595213412320e-03
8.000000000000000000e+00 2.144660584850631949e+03 7.037253222803751385e+01 1.008790421846961749e+01 6.221045930052154782e-03 3.281289949800551137e-02 3.281263291045571906e-02 1.054756363404570919e+21 6.512805182480820480e+17 2.199713704656066415e+00 1.358257443398139469e-03
8.250000000000000000e+00 2.352071149834508105e+03 7.717798587937757304e+01 1.087240351521524495e+01 6.692557698000647752e-03 3.281277689444378476e-02 3.281263291045571906e-02 1.036541046091447665e+21 6.388894731464555520e+17 2.161725326942940395e+00 1.332415692003458213e-03
8.500000000000000000e+00 2.572440784514441930e+03 8.440888580561312438e+01 1.170966998140733750e+01 7.219438829687683905e-03 3.281276144964620500e-02 3.281263291045571906e-02 1.020729979350396699e+21 6.300455674661150720e+17 2.128751057811007374e+00 1.313971564807167765e-03
8.750000000000000000e+00 2.806162187972132870e+03 9.207903122694861509e+01 1.256362454958691721e+01 7.751042665339782922e-03 3.281315371635355749e-02 3.281263291045571906e-02 1.003941924754317509e+21 6.200288923374026240e+17 2.093739262622297037e+00 1.293081605457128839e-03
9.000000000000000000e+00 3.053628059289278553e+03 1.001977457936703075e+02 1.347836621336283791e+01 8.384474045996610433e-03 3.281268833277323910e-02 3.281263291045571906e-02 9.897686271816495268e+20 6.165137849841000960e+17 2.064180591072659166e+00 1.285750784722908616e-03
9.250000000000000000e+00 3.315231097547578884e+03 1.087796515508096462e+02 1.442205887992483504e+01 9.036012556379289379e-03 3.281208710647010723e-02 3.281263291045571906e-02 9.755150717885769318e+20 6.120908018407240960e+17 2.034454540369336595e+00 1.276526572408566776e-03
9.500000000000000000e+00 3.591364001828731489e+03 1.178392409287294953e+02 1.542843897357498939e+01 9.656292973760138842e-03 3.281183440852151328e-02 3.281263291045571906e-02 9.633551721849815040e+20 6.037454411651059200e+17 2.009094847142237406e+00 1.259122169946181365e-03
9.750000000000000000e+00 3.882419471214435816e+03 1.273912497804629567e+02 1.646324846496632333e+01 1.040881289265958853e-02 3.281233538132202060e-02 3.281263291045571906e-02 9.508900807108204954e+20 6.018570609730351360e+17 1.983098670682113651e+00 1.255183918486203320e-03
1.000000000000000000e+01 4.188790204786390859e+03 1.374430109944149763e+02 1.754093602160969212e+01 1.112222422461303824e-02 3.281210188979229170e-02 3.281263291045571906e-02 9.390408525180770714e+20 5.961344796372222720e+17 1.958386888369616718e+00 1.243249370350589912e-03
