# r_minus_2Rs_Angstrom   kappa_over_kappaT
# T = 300 K
# P = 0
# Rs = 2 Angstrom
# D0 = 0.01
# rho_b = 3.33300000e+28
# chi_b = 1.96700000e-10
-2.712500000000002132e-01 5.004358303992916923e+00
-1.212499999999998579e-01 8.674166934974110177e+00
2.875000000000005329e-02 6.871956461537914507e+00
1.787499999999999645e-01 5.828244464996794605e+00
3.287499999999998757e-01 4.472519504880894559e+00
4.787499999999997868e-01 3.193107186405440778e+00
6.287500000000001421e-01 2.121792110081983207e+00
7.787500000000000533e-01 1.035253837685649270e+00
9.287499999999999645e-01 2.306563886403400765e-01
1.078750000000000320e+00 -7.144224352164137981e-01
1.228749999999999787e+00 -1.674240317794033706e+00
1.378750000000000142e+00 -2.353240931768324717e+00
1.528749999999999609e+00 -2.670490750040149130e+00
1.678749999999999964e+00 -2.742476758763007894e+00
1.828750000000000320e+00 -3.044076529970415113e+00
1.978749999999999787e+00 -2.514832635350066958e+00
2.128750000000000142e+00 -1.713170108705824646e+00
2.278749999999999609e+00 -1.115794221988740231e+00
2.428749999999999964e+00 1.980569988516329150e-01
2.578750000000000320e+00 1.578508888683259226e+00
2.728749999999999787e+00 2.800972521928811076e+00
2.878750000000000142e+00 3.192574581232219266e+00
3.028749999999999609e+00 2.842755223591315605e+00
3.178749999999999964e+00 2.560833909008981557e+00
3.328750000000000320e+00 2.175655707302672326e+00
3.478749999999999787e+00 1.847378202853226625e+00
3.628750000000000142e+00 1.608952021074499861e+00
3.778749999999999609e+00 1.407339983745254708e+00
3.928749999999999964e+00 1.258406317053468726e+00
4.078750000000000320e+00 9.967156373056775820e-01
4.228749999999999787e+00 7.885587487849825550e-01
4.378750000000000142e+00 7.905224140091537954e-01
4.528749999999999609e+00 5.506635318500721077e-01
4.678749999999999964e+00 2.818547028050117365e-01
4.828750000000000320e+00 1.784822056407626145e-01
4.978750000000000675e+00 2.645947031568808838e-01
5.128749999999999254e+00 3.948474047897316264e-01
5.278749999999999609e+00 2.888133102657203244e-01
5.428749999999999964e+00 3.863936188531351679e-01
5.578750000000000320e+00 6.687176760220401306e-01
5.728750000000000675e+00 8.387512818900773048e-01
5.878749999999999254e+00 1.049815778172315861e+00
6.028749999999999609e+00 1.186446887559714725e+00
6.178749999999999964e+00 1.350577884266921824e+00
6.328750000000000320e+00 1.515360468996594934e+00
6.478750000000000675e+00 1.499854142290891090e+00
6.628749999999999254e+00 1.510642283403425434e+00
6.778749999999999609e+00 1.418149177970406072e+00
6.928749999999999964e+00 1.288635545753991085e+00
7.078750000000000320e+00 1.210735273880712004e+00
7.228750000000000675e+00 1.124375093111451340e+00
7.378749999999999254e+00 1.113964775010149566e+00
7.528749999999999609e+00 1.030929895293034138e+00
7.678749999999999964e+00 9.081956655601255424e-01
7.828750000000000320e+00 8.536893074083254929e-01
7.978750000000000675e+00 8.963094450444292205e-01
8.128750000000000142e+00 9.292715396620185864e-01
8.278749999999998721e+00 7.763115832490634638e-01
8.428750000000000853e+00 6.580156642603995909e-01
8.578749999999999432e+00 7.430788749528184356e-01
8.728750000000001563e+00 8.287768878896383251e-01
8.878750000000000142e+00 8.818065323015706891e-01
9.028749999999998721e+00 9.674803930680628827e-01
9.178750000000000853e+00 1.027148215400169207e+00
9.328749999999999432e+00 1.027449897274004265e+00
9.478750000000001563e+00 9.081809765081914065e-01
9.628750000000000142e+00 1.185742971866528439e+00
9.778749999999998721e+00 1.304177853482261895e+00
9.928750000000000853e+00 1.210916195504585957e+00
1.007874999999999943e+01 1.386917465964673468e+00
1.022875000000000156e+01 1.039440084333999703e+00
1.037875000000000014e+01 7.790312514408355149e-01
1.052874999999999872e+01 7.762376778826715062e-01
