# r_minus_2Rs_Angstrom   kappa_over_kappaT
# T = 300 K
# P = 0
# Rs = 10 Angstrom
# D0 = 0.2
# rho_b = 3.33300000e+28
# chi_b = 1.96700000e-10
-1.712499999999987921e-01 1.774121491618639013e+01
-2.124999999999843681e-02 3.382281606283955000e+01
1.287500000000001421e-01 3.024183319930751779e+01
2.787500000000004974e-01 2.646341656186592317e+01
4.287500000000008527e-01 2.213222856916275560e+01
5.787500000000012079e-01 1.807905616683990857e+01
7.287500000000015632e-01 1.512681045988311190e+01
8.787500000000001421e-01 1.175488730310814134e+01
1.028750000000000497e+00 9.962689971983468951e+00
1.178750000000000853e+00 8.081409256573984123e+00
1.328750000000001208e+00 4.576709466248590985e+00
1.478750000000001563e+00 1.940996213771115420e+00
1.628750000000000142e+00 2.341394965797406191e-01
1.778750000000000497e+00 -1.386325001585178240e+00
1.928750000000000853e+00 -4.461043728049581603e+00
2.078750000000001208e+00 -6.939625339279844596e+00
2.228750000000001563e+00 -8.026114642518638931e+00
2.378750000000000142e+00 -7.924704011892661271e+00
2.528750000000000497e+00 -7.302946690564432686e+00
2.678750000000000853e+00 -5.342294091571272219e+00
2.828750000000001208e+00 -1.533891213073149018e+00
2.978750000000001563e+00 1.128347322556870980e+00
3.128750000000000142e+00 3.327865802063419753e+00
3.278750000000000497e+00 4.787155378575780773e+00
3.428750000000000853e+00 5.234294032358041804e+00
3.578750000000001208e+00 5.835410986798621025e+00
3.728750000000001563e+00 5.498936033722777061e+00
3.878750000000000142e+00 3.972222681177744796e+00
4.028750000000000497e+00 3.110934209903555736e+00
4.178750000000000853e+00 2.519044678806350746e+00
4.328750000000001208e+00 2.375497041637486539e+00
4.478750000000001563e+00 2.421452099049173246e+00
4.628750000000000142e+00 1.180207239211592096e+00
4.778750000000000497e+00 9.889509533310678058e-02
4.928750000000000853e+00 2.199807759431271492e-02
5.078749999999999432e+00 -3.310911613584843760e-01
5.228750000000001563e+00 -1.145102677451704798e+00
5.378750000000000142e+00 -8.649437054838876593e-01
5.528750000000002274e+00 -4.475795454635861370e-01
5.678750000000000853e+00 -7.122942892719528185e-01
5.828749999999999432e+00 -7.210221034121149231e-01
5.978750000000001563e+00 -4.101175774384098194e-01
6.128750000000000142e+00 -1.224661525162283604e-02
6.278750000000002274e+00 5.682756200134210234e-01
6.428750000000000853e+00 1.177261467101200942e+00
6.578749999999999432e+00 1.677470032104750874e+00
6.728750000000001563e+00 2.107976424079159639e+00
6.878750000000000142e+00 2.337474482283538713e+00
7.028750000000002274e+00 2.421643660883595839e+00
7.178750000000000853e+00 2.273329193815579963e+00
7.328749999999999432e+00 2.239868055740497077e+00
7.478750000000001563e+00 1.954539906975750307e+00
7.628750000000000142e+00 1.689566322627794603e+00
7.778750000000002274e+00 1.777166574560645307e+00
7.928750000000000853e+00 1.287020484051198510e+00
8.078749999999999432e+00 6.654011260331025301e-01
8.228750000000001563e+00 5.528701551396290048e-01
8.378750000000000142e+00 7.646252592439877205e-01
8.528750000000002274e+00 3.539260459935363312e-01
8.678750000000000853e+00 3.071256009059292191e-01
8.828749999999999432e+00 3.799620613355662591e-01
8.978750000000001563e+00 1.564665102166024058e-02
9.128750000000000142e+00 2.156595623046337479e-02
9.278750000000002274e+00 1.925801440275861920e-01
9.428750000000000853e+00 1.119708721859701495e+00
9.578749999999999432e+00 1.570819675376939006e+00
9.728750000000001563e+00 1.167818707073643214e+00
9.878750000000000142e+00 1.357501009826831861e+00
1.002875000000000227e+01 1.642315134250793118e+00
1.017875000000000085e+01 1.758672721077235046e+00
1.032874999999999943e+01 1.820092509350210941e+00
1.047875000000000156e+01 1.685192823537416951e+00
1.062875000000000014e+01 1.337350432343789697e+00
1.077875000000000227e+01 1.181283892946292990e+00
1.092875000000000085e+01 1.458025338734660004e+00
1.107874999999999943e+01 1.440409295183643135e+00
1.122875000000000156e+01 1.076504430286299385e+00
1.137875000000000014e+01 9.712854030276286688e-01
1.152875000000000227e+01 1.147549418501161655e+00
1.167875000000000085e+01 1.101040209717378371e+00
1.182874999999999943e+01 9.141010274110525913e-01
1.197875000000000156e+01 6.172975117152474933e-01
1.212875000000000014e+01 5.694188716922606863e-01
1.227875000000000227e+01 8.901119873718472686e-01
1.242875000000000085e+01 9.097397432407733353e-01
1.257874999999999943e+01 8.501863787790573390e-01
1.272875000000000156e+01 7.413443738481906298e-01
1.287875000000000014e+01 9.155010408354848916e-01
1.302875000000000227e+01 9.339711038116007558e-01
1.317875000000000085e+01 7.334257154532390910e-01
1.332874999999999943e+01 1.010759988629180262e+00
1.347875000000000156e+01 1.074880936531890985e+00
1.362875000000000014e+01 1.117777414404835135e+00
1.377875000000000227e+01 1.219798517074710764e+00
1.392875000000000085e+01 9.903624889765988426e-01
1.407874999999999943e+01 7.739462385577872139e-01
1.422875000000000156e+01 8.279090348248848708e-01
1.437875000000000014e+01 8.536330877150766216e-01
1.452875000000000227e+01 1.022300871602259464e+00
1.467875000000000085e+01 1.226937718555237700e+00
1.482874999999999943e+01 1.002792081736437080e+00
1.497875000000000156e+01 8.031967434309779108e-01
1.512875000000000014e+01 8.581481525780313424e-01
1.527875000000000227e+01 1.050086678459781542e+00
1.542875000000000085e+01 1.133726735102658534e+00
1.557874999999999943e+01 1.080596376579197049e+00
1.572875000000000156e+01 8.688405377749996994e-01
1.587875000000000014e+01 1.669650232635883746e+00
1.602875000000000227e+01 1.665214716386199445e+00
1.617875000000000085e+01 8.657794177102706712e-01
1.632874999999999943e+01 7.942495754311902356e-01
1.647875000000000156e+01 1.121850483515728802e+00
1.662875000000000014e+01 1.322116626850004639e+00
1.677875000000000227e+01 1.038405921316899905e+00
1.692875000000000085e+01 5.088718195438262093e-01
1.707874999999999943e+01 1.434206657762106540e-01
1.722875000000000156e+01 3.859153301421782700e-01
1.737875000000000014e+01 3.276976531735916742e-01
1.752875000000000227e+01 1.067098118527633144e+00
1.767875000000000085e+01 1.684023610368862167e+00
1.782874999999999943e+01 1.169241927611996079e+00
1.797875000000000156e+01 1.368567265938333222e+00
1.812875000000000014e+01 1.127494134144933824e+00
1.827875000000000227e+01 3.766769069767113565e-01
1.842875000000000085e+01 1.224143115732327258e+00
1.857874999999999943e+01 1.671476537612628599e+00
