# r_minus_2Rs_Angstrom   kappa_over_kappaT
# T = 300 K
# P = 0
# Rs = 5 Angstrom
# D0 = 1.0
# rho_b = 3.33300000e+28
# chi_b = 1.96700000e-10
-2.712500000000002132e-01 3.045777511455399988e+01
-1.212499999999998579e-01 3.454006446338365066e+01
2.874999999999960920e-02 6.444612762717950361e+00
1.787499999999999645e-01 4.624768475161239678e+00
3.287500000000003197e-01 3.165440543026457831e+00
4.787499999999997868e-01 1.202644062605570774e+00
6.287500000000001421e-01 1.143760211729736576e-01
7.787499999999996092e-01 -1.898598062695846744e+00
9.287499999999999645e-01 -3.125835508039636501e+00
1.078750000000000320e+00 -4.369157471566743389e+00
1.228749999999999787e+00 -5.448395613592214914e+00
1.378750000000000142e+00 -5.461282739527872465e+00
1.528749999999999609e+00 -6.886890106572539416e+00
1.678749999999999964e+00 -7.269591124957777595e+00
1.828750000000000320e+00 -7.142558768881662523e+00
1.978750000000000675e+00 -6.839766342808253796e+00
2.128749999999999254e+00 -4.948660929120994645e+00
2.278749999999999609e+00 -2.334976357357006815e+00
2.428749999999999964e+00 7.799640914059110530e-01
2.578750000000000320e+00 3.361853149023827037e+00
2.728750000000000675e+00 4.475259179427517608e+00
2.878749999999999254e+00 4.736195503444816879e+00
3.028749999999999609e+00 4.101853986763187798e+00
3.178749999999999964e+00 2.935844643997413073e+00
3.328750000000000320e+00 1.706417374839822587e+00
3.478750000000000675e+00 8.515136373770992861e-01
3.628749999999999254e+00 4.672518837497385280e-01
3.778749999999999609e+00 8.513687604834261347e-01
3.928749999999999964e+00 1.195532040542172103e+00
4.078750000000000320e+00 1.043163950545456520e-01
4.228750000000000675e+00 -1.909274601416675599e-01
4.378749999999999254e+00 3.186680629601296166e-01
4.528749999999999609e+00 -2.087199838545299446e-01
4.678749999999999964e+00 -2.619205384365176359e-01
4.828750000000000320e+00 -4.552704254746841039e-01
4.978750000000000675e+00 -1.324391066330095068e+00
5.128749999999999254e+00 -9.508063459904739778e-01
5.278749999999999609e+00 -2.975309390140060684e-01
5.428749999999999964e+00 -8.119492025183135120e-02
5.578750000000000320e+00 2.542753398790879027e-01
5.728750000000000675e+00 1.069441201752200588e+00
5.878749999999999254e+00 2.032951152981655074e+00
6.028749999999999609e+00 2.032825959798334026e+00
6.178749999999999964e+00 2.074979614216474033e+00
6.328750000000000320e+00 2.146878949267954084e+00
6.478750000000000675e+00 2.163559058536257851e+00
6.628749999999999254e+00 1.921610968861206636e+00
6.778749999999999609e+00 1.748760317813275122e+00
6.928749999999999964e+00 1.419954509520437780e+00
7.078750000000000320e+00 7.205252404983223391e-01
7.228750000000000675e+00 1.325271320494026739e+00
7.378749999999999254e+00 1.085577834784759110e+00
7.528749999999999609e+00 9.787481435833175758e-02
7.678749999999999964e+00 -3.372631037131943593e-02
7.828750000000000320e+00 -1.107864346893056018e-01
7.978750000000000675e+00 -6.397175748612407564e-02
8.128750000000000142e+00 7.872423996366882670e-02
8.278749999999998721e+00 4.849120939364949257e-01
8.428750000000000853e+00 2.690744664200940273e-01
8.578749999999999432e+00 2.810814323359269173e-01
8.728750000000001563e+00 4.355528102895485087e-01
8.878750000000000142e+00 4.164684449466751759e-01
9.028749999999998721e+00 4.890999351240181148e-01
9.178750000000000853e+00 8.487525291049426990e-01
9.328749999999999432e+00 1.682509009761938845e+00
9.478750000000001563e+00 1.609620215807281207e+00
9.628750000000000142e+00 9.401933098045573978e-01
9.778749999999998721e+00 7.433044983150949303e-01
9.928750000000000853e+00 1.030052272563254157e+00
1.007874999999999943e+01 8.891216609302214913e-01
1.022875000000000156e+01 5.823291687653409099e-01
1.037875000000000014e+01 8.124500597010968495e-01
1.052875000000000227e+01 1.503335164152070913e+00
1.067875000000000085e+01 1.216431201226447101e+00
1.082874999999999943e+01 1.004599485137968040e+00
1.097875000000000156e+01 1.367446911043218361e+00
1.112875000000000014e+01 1.436370853823992544e+00
1.127875000000000227e+01 1.022091621212186885e+00
1.142875000000000085e+01 5.277338672523639307e-01
1.157874999999999943e+01 7.539940372893227938e-01
1.172875000000000156e+01 9.343358729016277842e-01
1.187875000000000014e+01 5.039505442189724516e-01
1.202875000000000227e+01 4.465139259434345864e-01
1.217875000000000085e+01 4.947530444252096760e-01
1.232874999999999943e+01 6.803278709747615505e-01
1.247875000000000156e+01 9.649066576496594383e-01
1.262875000000000014e+01 9.494543553543595138e-01
1.277875000000000227e+01 7.934801312672905560e-01
1.292875000000000085e+01 6.991822876508053675e-01
1.307874999999999943e+01 9.245947224691674071e-01
1.322875000000000156e+01 7.607683220105785349e-01
1.337875000000000014e+01 7.696922719158704185e-01
1.352875000000000227e+01 7.608507555114203402e-01
1.367875000000000085e+01 4.434853712496240608e-01
1.382874999999999943e+01 9.032985012820774484e-01
1.397875000000000156e+01 1.308523337776006157e+00
1.412875000000000014e+01 1.170823060465972176e+00
1.427875000000000227e+01 1.229142061343054371e+00
1.442875000000000085e+01 1.267774552971753010e+00
1.457874999999999943e+01 1.365880317454250203e+00
1.472875000000000156e+01 1.391597247897979006e+00
1.487875000000000014e+01 1.409326121733957660e+00
1.502875000000000227e+01 1.101170812997645410e+00
1.517875000000000085e+01 1.047570600894980553e+00
1.532874999999999943e+01 1.379731999711079071e+00
1.547875000000000156e+01 8.179851792548712419e-01
1.562875000000000014e+01 8.044504261826322944e-01
1.577875000000000227e+01 1.045201973041380406e+00
1.592875000000000085e+01 1.113622571986482290e+00
1.607874999999999943e+01 9.679649669191863204e-01
1.622875000000000156e+01 8.779196784958736011e-01
1.637875000000000014e+01 9.773821002718348083e-01
1.652875000000000227e+01 1.033484423234658944e+00
1.667875000000000085e+01 1.008034764572087294e+00
1.682874999999999943e+01 6.997867820857599508e-01
1.697875000000000156e+01 7.927324243679187976e-01
1.712875000000000014e+01 8.277825716590467842e-01
1.727875000000000227e+01 1.097970254565626025e+00
1.742875000000000085e+01 1.423272316265256965e+00
1.757874999999999943e+01 1.205461134911360199e+00
1.772875000000000156e+01 8.539897956792616984e-01
1.787875000000000014e+01 9.241015391438154314e-01
1.802875000000000227e+01 9.859369980354785179e-01
1.817875000000000085e+01 8.241619769526216110e-01
1.832874999999999943e+01 9.821274958029913016e-01
1.847875000000000156e+01 9.054991939321340721e-01
1.862875000000000014e+01 1.106446250034312850e+00
1.877875000000000227e+01 1.164478878336697498e+00
1.892875000000000085e+01 7.366097725593161449e-01
1.907874999999999943e+01 7.090749996273659761e-01
1.922875000000000156e+01 8.602020838001318559e-01
1.937875000000000014e+01 1.070032872519854905e+00
1.952875000000000227e+01 1.179171404280451751e+00
1.967875000000000085e+01 1.039955817230499013e+00
1.982874999999999943e+01 7.241142903623287719e-01
1.997875000000000156e+01 7.899568629928894747e-01
2.012875000000000014e+01 1.021528280672260980e+00
2.027875000000000227e+01 1.112451943623558037e+00
2.042875000000000085e+01 1.133443649706944445e+00
2.057874999999999943e+01 1.210032719248720134e+00
2.072875000000000156e+01 1.114086679520441381e+00
2.087875000000000014e+01 7.879688381933508401e-01
2.102875000000000227e+01 8.583205781252205568e-01
2.117875000000000085e+01 6.734267637762386682e-01
2.132874999999999943e+01 4.895996584874550139e-01
2.147875000000000156e+01 1.005558507001210078e+00
2.162875000000000014e+01 1.556560295224075796e+00
2.177875000000000227e+01 1.646131424242540442e+00
2.192875000000000085e+01 1.499870946925934145e+00
2.207874999999999943e+01 6.469857215702704556e-01
2.222875000000000156e+01 8.606238073066257988e-01
2.237875000000000014e+01 1.135178373527072182e+00
2.252875000000000227e+01 1.154048114135970415e+00
2.267875000000000085e+01 1.930726002768138994e+00
2.282874999999999943e+01 1.417268932879515386e+00
2.297875000000000156e+01 4.784287057382864417e-01
2.312875000000000014e+01 9.080064834503593918e-01
2.327875000000000227e+01 1.847801864660816751e+00
2.342875000000000085e+01 1.590751781396668729e+00
2.357874999999999943e+01 1.579388302234401298e+00
