# r_minus_2Rs_Angstrom   kappa_over_kappaT
# T = 300 K
# P = 0
# Rs = 10 Angstrom
# D0 = 0.8
# rho_b = 3.33300000e+28
# chi_b = 1.96700000e-10
-1.712499999999987921e-01 1.007182873283529467e+01
-2.124999999999843681e-02 1.815832267285763280e+01
1.287500000000001421e-01 1.500795569506714955e+01
2.787500000000004974e-01 1.224270331680413193e+01
4.287500000000008527e-01 8.983171713980345530e+00
5.787500000000012079e-01 6.547915191968668225e+00
7.287500000000015632e-01 4.280158052820364212e+00
8.787500000000001421e-01 2.201849876617117285e+00
1.028750000000000497e+00 -2.075855493985589995e-02
1.178750000000000853e+00 -2.655194480283396885e+00
1.328750000000001208e+00 -4.181646567854619967e+00
1.478750000000001563e+00 -5.508840916709250024e+00
1.628750000000000142e+00 -6.588038154467942498e+00
1.778750000000000497e+00 -7.875480556052005809e+00
1.928750000000000853e+00 -9.509779529846685620e+00
2.078750000000001208e+00 -9.836049173996343598e+00
2.228750000000001563e+00 -8.463551227174500369e+00
2.378750000000000142e+00 -5.247040573566655652e+00
2.528750000000000497e+00 -1.776480041881923988e+00
2.678750000000000853e+00 1.768244398784214244e+00
2.828750000000001208e+00 5.838767634659724592e+00
2.978750000000001563e+00 7.780906139230825858e+00
3.128750000000000142e+00 6.858156849607138561e+00
3.278750000000000497e+00 5.611138908030336658e+00
3.428750000000000853e+00 5.157782104790485711e+00
3.578750000000001208e+00 3.079966149214067084e+00
3.728750000000001563e+00 1.695646484434082613e+00
3.878750000000000142e+00 1.043153925494114675e+00
4.028750000000000497e+00 2.584344796851948955e-01
4.178750000000000853e+00 -6.836672498938400899e-02
4.328750000000001208e+00 -3.650296242773408140e-01
4.478750000000001563e+00 -4.607596117154199589e-01
4.628750000000000142e+00 -1.152309917973913134e+00
4.778750000000000497e+00 -1.526053751827036509e+00
4.928750000000000853e+00 -1.467655308991438368e+00
5.078749999999999432e+00 -1.032798825880089977e+00
5.228750000000001563e+00 -5.093552873132196623e-01
5.378750000000000142e+00 -3.239353488613032628e-01
5.528750000000002274e+00 -6.924783677296232343e-01
5.678750000000000853e+00 -1.406838443960957696e-01
5.828749999999999432e+00 8.264312712667944982e-01
5.978750000000001563e+00 1.283702452642802694e+00
6.128750000000000142e+00 2.035033413810960923e+00
6.278750000000002274e+00 2.049833630397692730e+00
6.428750000000000853e+00 1.329366170518082813e+00
6.578749999999999432e+00 1.735209994191912131e+00
6.728750000000001563e+00 2.244818944437102282e+00
6.878750000000000142e+00 2.118185536064087326e+00
7.028750000000002274e+00 2.033065963403664078e+00
7.178750000000000853e+00 1.764527212437116521e+00
7.328749999999999432e+00 1.436706821558755731e+00
7.478750000000001563e+00 8.579836459325111964e-01
7.628750000000000142e+00 3.445164038534690998e-01
7.778750000000002274e+00 4.910723465067757809e-01
7.928750000000000853e+00 6.442607411274312579e-01
8.078749999999999432e+00 2.017595755923008993e-01
8.228750000000001563e+00 -1.417765174620553292e-01
8.378750000000000142e+00 2.101732891303778605e-01
8.528750000000002274e+00 4.214015075735968452e-01
8.678750000000000853e+00 4.226697136194672577e-01
8.828749999999999432e+00 9.413219552948225433e-01
8.978750000000001563e+00 1.083268512150381335e+00
9.128750000000000142e+00 1.229187411975433575e+00
9.278750000000002274e+00 1.367945716960357938e+00
9.428750000000000853e+00 1.091416732461331751e+00
9.578749999999999432e+00 1.125269879901472203e+00
9.728750000000001563e+00 1.325632685800038679e+00
9.878750000000000142e+00 1.241094668402457302e+00
1.002875000000000227e+01 1.398550997475933144e+00
1.017875000000000085e+01 1.248772694942408723e+00
1.032874999999999943e+01 1.166505182166563515e+00
1.047875000000000156e+01 1.565898544638192114e+00
1.062875000000000014e+01 1.374949753586640178e+00
1.077875000000000227e+01 1.335059997656355080e+00
1.092875000000000085e+01 1.161685972722792171e+00
1.107874999999999943e+01 6.964964608323307438e-01
1.122875000000000156e+01 1.031353638876208567e+00
1.137875000000000014e+01 1.362837006004416374e+00
1.152875000000000227e+01 1.080993440865501531e+00
1.167875000000000085e+01 8.155605691892244824e-01
1.182874999999999943e+01 7.547956927578153286e-01
1.197875000000000156e+01 9.462973115633559473e-01
1.212875000000000014e+01 7.361977212926842373e-01
1.227875000000000227e+01 5.926992444780082581e-01
1.242875000000000085e+01 9.243920882151015483e-01
1.257874999999999943e+01 1.031178510021848904e+00
1.272875000000000156e+01 1.248601830879575436e+00
1.287875000000000014e+01 1.235279379101789976e+00
1.302875000000000227e+01 1.151933955463373627e+00
1.317875000000000085e+01 1.179461367184512666e+00
1.332874999999999943e+01 1.159730022890456347e+00
1.347875000000000156e+01 1.358289027253451575e+00
1.362875000000000014e+01 1.262939697727868626e+00
1.377875000000000227e+01 1.179518288763815814e+00
1.392875000000000085e+01 9.892122680641070032e-01
1.407874999999999943e+01 1.117838634925826469e+00
1.422875000000000156e+01 1.304047708573779829e+00
1.437875000000000014e+01 8.776252189278828109e-01
1.452875000000000227e+01 8.844961636307011599e-01
1.467875000000000085e+01 1.020828940345131386e+00
1.482874999999999943e+01 9.940310373635269370e-01
1.497875000000000156e+01 8.453494166405706167e-01
1.512875000000000014e+01 8.213181780754008621e-01
1.527875000000000227e+01 1.070355437553133449e+00
1.542875000000000085e+01 8.108022576014046745e-01
1.557874999999999943e+01 8.321706372560504494e-01
1.572875000000000156e+01 1.105892286345398601e+00
1.587875000000000014e+01 1.212815067412830405e+00
1.602875000000000227e+01 1.055734938137697476e+00
1.617875000000000085e+01 1.367733596638536664e+00
1.632874999999999943e+01 1.622622066116108375e+00
1.647875000000000156e+01 1.676570541064824837e+00
1.662875000000000014e+01 1.364954054500476133e+00
1.677875000000000227e+01 1.706467955894805266e+00
1.692875000000000085e+01 1.516473787592413913e+00
1.707874999999999943e+01 1.023100828561784637e+00
1.722875000000000156e+01 1.103400474463829939e+00
1.737875000000000014e+01 9.450287477379942791e-01
1.752875000000000227e+01 1.241177918264879221e+00
1.767875000000000085e+01 9.689452787875832973e-01
1.782874999999999943e+01 1.031211956481588699e+00
1.797875000000000156e+01 6.724225613225606191e-01
1.812875000000000014e+01 1.282875267571783606e-01
1.827875000000000227e+01 -1.478406848216381742e-01
1.842875000000000085e+01 8.586666741312094508e-01
1.857874999999999943e+01 1.602344858451104415e+00
