# r_minus_2Rs_Angstrom   kappa_over_kappaT
# T = 300 K
# P = 0
# Rs = 10 Angstrom
# D0 = 0.4
# rho_b = 3.33300000e+28
# chi_b = 1.96700000e-10
-1.712499999999987921e-01 1.435262008440013481e+01
-2.124999999999843681e-02 2.665227273127707974e+01
1.287500000000001421e-01 2.390784858709555039e+01
2.787500000000004974e-01 2.077754787137708803e+01
4.287500000000008527e-01 1.659542674666496254e+01
5.787500000000012079e-01 1.325971685301243852e+01
7.287500000000015632e-01 1.050379316493274118e+01
8.787500000000001421e-01 8.923537628389304643e+00
1.028750000000000497e+00 6.685419963679692046e+00
1.178750000000000853e+00 3.609655162539386897e+00
1.328750000000001208e+00 1.084636771368242325e+00
1.478750000000001563e+00 -8.906736303320009762e-01
1.628750000000000142e+00 -2.760593187337617938e+00
1.778750000000000497e+00 -4.870449937481712510e+00
1.928750000000000853e+00 -6.540934365888840141e+00
2.078750000000001208e+00 -8.061047372006996170e+00
2.228750000000001563e+00 -8.079593928686044535e+00
2.378750000000000142e+00 -6.588810253104682602e+00
2.528750000000000497e+00 -4.742345191080842071e+00
2.678750000000000853e+00 -1.727194542982017023e+00
2.828750000000001208e+00 1.204770718077115443e+00
2.978750000000001563e+00 4.119727781506609787e+00
3.128750000000000142e+00 6.433098133568076804e+00
3.278750000000000497e+00 6.880188819520677512e+00
3.428750000000000853e+00 5.974534533831620031e+00
3.578750000000001208e+00 4.597886486879358081e+00
3.728750000000001563e+00 3.712489394178347446e+00
3.878750000000000142e+00 3.505969372317297772e+00
4.028750000000000497e+00 3.464127131016285333e+00
4.178750000000000853e+00 2.698030851294719312e+00
4.328750000000001208e+00 1.601161496753315872e+00
4.478750000000001563e+00 3.157375954354377789e-01
4.628750000000000142e+00 -4.920303746045809890e-01
4.778750000000000497e+00 -1.646945947298298352e-01
4.928750000000000853e+00 -6.027468548789474689e-02
5.078749999999999432e+00 -5.879189529510969736e-01
5.228750000000001563e+00 -1.389875703691171083e+00
5.378750000000000142e+00 -2.078959923720039349e+00
5.528750000000002274e+00 -1.871929807599830076e+00
5.678750000000000853e+00 -8.564089166543735754e-01
5.828749999999999432e+00 -2.255326772211021236e-01
5.978750000000001563e+00 1.469480776660391785e-01
6.128750000000000142e+00 1.181541291725882958e+00
6.278750000000002274e+00 1.689634726978979096e+00
6.428750000000000853e+00 1.819091897353146470e+00
6.578749999999999432e+00 1.855260459724920485e+00
6.728750000000001563e+00 1.872535500038499112e+00
6.878750000000000142e+00 1.712473521907225571e+00
7.028750000000002274e+00 1.580677170578493662e+00
7.178750000000000853e+00 1.654187935219634031e+00
7.328749999999999432e+00 1.665497045120638342e+00
7.478750000000001563e+00 1.829934437545680526e+00
7.628750000000000142e+00 1.571958877557289913e+00
7.778750000000002274e+00 1.333852211048633052e+00
7.928750000000000853e+00 7.484490941921496665e-01
8.078749999999999432e+00 7.746266066742893419e-02
8.228750000000001563e+00 4.779915739893952908e-01
8.378750000000000142e+00 4.335421825587755240e-01
8.528750000000002274e+00 2.904896625439276625e-01
8.678750000000000853e+00 4.502707440551392271e-01
8.828749999999999432e+00 4.947754904856893066e-01
8.978750000000001563e+00 4.795029855772208194e-01
9.128750000000000142e+00 2.623106964690208320e-01
9.278750000000002274e+00 4.361762023693808166e-01
9.428750000000000853e+00 5.968083234966430339e-01
9.578749999999999432e+00 8.235652614914739100e-01
9.728750000000001563e+00 1.014066437664885356e+00
9.878750000000000142e+00 9.962087396204674095e-01
1.002875000000000227e+01 1.444426590038461411e+00
1.017875000000000085e+01 1.400730833736019587e+00
1.032874999999999943e+01 8.905192481507605562e-01
1.047875000000000156e+01 1.056539922559179168e+00
1.062875000000000014e+01 1.385991301141140886e+00
1.077875000000000227e+01 1.187382232689527140e+00
1.092875000000000085e+01 1.066295524266090089e+00
1.107874999999999943e+01 1.357729843795553393e+00
1.122875000000000156e+01 8.951817457802331290e-01
1.137875000000000014e+01 6.369424771165911325e-01
1.152875000000000227e+01 1.193502034864738715e+00
1.167875000000000085e+01 1.309541615050650032e+00
1.182874999999999943e+01 1.072128387737013133e+00
1.197875000000000156e+01 8.071352001227736217e-01
1.212875000000000014e+01 9.556194135399076472e-01
1.227875000000000227e+01 8.590864675901054293e-01
1.242875000000000085e+01 7.779066818177523546e-01
1.257874999999999943e+01 1.189722781854321010e+00
1.272875000000000156e+01 1.023316035823598646e+00
1.287875000000000014e+01 1.029339622927722075e+00
1.302875000000000227e+01 1.090933825659311518e+00
1.317875000000000085e+01 1.114858515920961191e+00
1.332874999999999943e+01 1.328415497258961686e+00
1.347875000000000156e+01 1.025500264802934769e+00
1.362875000000000014e+01 8.362623342794904824e-01
1.377875000000000227e+01 1.096949212505282878e+00
1.392875000000000085e+01 1.125870445076062820e+00
1.407874999999999943e+01 1.231289001628586011e+00
1.422875000000000156e+01 1.239319508991098662e+00
1.437875000000000014e+01 1.072019775554361676e+00
1.452875000000000227e+01 9.367650061697605501e-01
1.467875000000000085e+01 9.994273865001408463e-01
1.482874999999999943e+01 1.133730488970229988e+00
1.497875000000000156e+01 1.051099202375035624e+00
1.512875000000000014e+01 1.003007315091729801e+00
1.527875000000000227e+01 9.970663384188807044e-01
1.542875000000000085e+01 8.546209124065347051e-01
1.557874999999999943e+01 7.690739459535166356e-01
1.572875000000000156e+01 1.082452677083848736e+00
1.587875000000000014e+01 1.756554996426902271e+00
1.602875000000000227e+01 1.554172123658541516e+00
1.617875000000000085e+01 4.599396595516623831e-01
1.632874999999999943e+01 1.578777242253171231e-01
1.647875000000000156e+01 4.067772020476941308e-01
1.662875000000000014e+01 1.348227177385691977e+00
1.677875000000000227e+01 1.593423222500006897e+00
1.692875000000000085e+01 1.049775395957159851e+00
1.707874999999999943e+01 7.334360579163298199e-01
1.722875000000000156e+01 2.008421715093512139e-01
1.737875000000000014e+01 3.270720561482530209e-01
1.752875000000000227e+01 7.249529948851887173e-01
1.767875000000000085e+01 9.037133668647261420e-01
1.782874999999999943e+01 1.434262587070939565e+00
1.797875000000000156e+01 1.447180025027730021e+00
1.812875000000000014e+01 1.007563413800392160e+00
1.827875000000000227e+01 6.879317404313392004e-01
1.842875000000000085e+01 1.068548208872892369e+00
1.857874999999999943e+01 9.861701571716778858e-01
