# r_minus_2Rs_Angstrom   kappa_over_kappaT
# T = 300 K
# P = 0
# Rs = 5 Angstrom
# D0 = 0.01
# rho_b = 3.33300000e+28
# chi_b = 1.96700000e-10
-2.712500000000002132e-01 3.742925251064221470e+01
-1.212499999999998579e-01 4.785780168335076468e+01
2.874999999999960920e-02 1.999274978388903534e+01
1.787499999999999645e-01 1.770096359577463474e+01
3.287500000000003197e-01 1.502610959062900164e+01
4.787499999999997868e-01 1.226414708859600466e+01
6.287500000000001421e-01 9.661936905465346115e+00
7.787499999999996092e-01 7.333121197298046567e+00
9.287499999999999645e-01 4.817984843252039795e+00
1.078750000000000320e+00 2.648209724969811329e+00
1.228749999999999787e+00 1.734561376027967672e-01
1.378750000000000142e+00 -2.087918387098487649e+00
1.528749999999999609e+00 -4.146293852248691181e+00
1.678749999999999964e+00 -5.701557686731204555e+00
1.828750000000000320e+00 -6.869415419798034605e+00
1.978750000000000675e+00 -8.302155969209616515e+00
2.128749999999999254e+00 -8.802709784008998284e+00
2.278749999999999609e+00 -8.054377867573222716e+00
2.428749999999999964e+00 -6.026393219479770025e+00
2.578750000000000320e+00 -3.005762604054027953e+00
2.728750000000000675e+00 8.263370798785192317e-01
2.878749999999999254e+00 4.436959287458520862e+00
3.028749999999999609e+00 6.109786205611369425e+00
3.178749999999999964e+00 5.806019764748286960e+00
3.328750000000000320e+00 4.920704237528959801e+00
3.478750000000000675e+00 4.154122458181418232e+00
3.628749999999999254e+00 3.221765592340641859e+00
3.778749999999999609e+00 2.585754149525069767e+00
3.928749999999999964e+00 2.172806516277872912e+00
4.078750000000000320e+00 1.477166744737679949e+00
4.228750000000000675e+00 1.026918474476963272e+00
4.378749999999999254e+00 2.559667777611751571e-01
4.528749999999999609e+00 -8.171690002450548995e-03
4.678749999999999964e+00 4.667065365483298311e-01
4.828750000000000320e+00 2.495513812160691236e-01
4.978750000000000675e+00 -2.880671085265376075e-01
5.128749999999999254e+00 -7.105711025905382394e-01
5.278749999999999609e+00 -7.704303739979536658e-01
5.428749999999999964e+00 -2.243506884766221232e-01
5.578750000000000320e+00 -1.688332205834412181e-01
5.728750000000000675e+00 -2.690526263844639221e-01
5.878749999999999254e+00 3.258883037008171724e-01
6.028749999999999609e+00 4.250327703179688776e-01
6.178749999999999964e+00 6.949362381252294218e-01
6.328750000000000320e+00 8.570531687746985039e-01
6.478750000000000675e+00 1.066447166906399069e+00
6.628749999999999254e+00 2.623232087888355046e+00
6.778749999999999609e+00 2.167123135134870981e+00
6.928749999999999964e+00 8.200053996688706492e-01
7.078750000000000320e+00 1.080498732555250418e+00
7.228750000000000675e+00 1.475119742303279580e+00
7.378749999999999254e+00 1.105575346954465354e+00
7.528749999999999609e+00 1.364768266065874425e+00
7.678749999999999964e+00 1.947864243875410573e+00
7.828750000000000320e+00 1.411784560861780724e+00
7.978750000000000675e+00 1.276577285881514090e+00
8.128750000000000142e+00 4.281134968700889831e-01
8.278749999999998721e+00 3.889473578372932283e-01
8.428750000000000853e+00 3.267816224356733801e-01
8.578749999999999432e+00 -3.344478142035265944e-01
8.728750000000001563e+00 6.721995845247792367e-01
8.878750000000000142e+00 6.371788459626250845e-01
9.028749999999998721e+00 8.915159698033305047e-02
9.178750000000000853e+00 5.151847759664417437e-01
9.328749999999999432e+00 1.074967386005494907e+00
9.478750000000001563e+00 9.048289951058745562e-01
9.628750000000000142e+00 7.299437178208338928e-01
9.778749999999998721e+00 9.090689310904827014e-01
9.928750000000000853e+00 1.420411763998289167e+00
1.007874999999999943e+01 1.528636296090158941e+00
1.022875000000000156e+01 1.003580948229264136e+00
1.037875000000000014e+01 1.183462839373445874e+00
1.052875000000000227e+01 1.221057807574494225e+00
1.067875000000000085e+01 1.642725400423514559e+00
1.082874999999999943e+01 2.137023913499704442e+00
1.097875000000000156e+01 1.659554139415117424e+00
1.112875000000000014e+01 1.123963079975111024e+00
1.127875000000000227e+01 8.552079165136583505e-01
1.142875000000000085e+01 8.183331847678201321e-01
1.157874999999999943e+01 4.993291412374014637e-01
1.172875000000000156e+01 -6.665806566833681890e-02
1.187875000000000014e+01 3.760357949945085654e-01
1.202875000000000227e+01 1.278824935735272117e+00
1.217875000000000085e+01 1.484209058377107038e+00
1.232874999999999943e+01 1.343156013193330889e+00
1.247875000000000156e+01 1.126482352646647200e+00
1.262875000000000014e+01 5.065233267295849995e-01
1.277875000000000227e+01 8.193868103807291359e-01
1.292875000000000085e+01 1.445853192975326662e+00
1.307874999999999943e+01 1.036791570693636810e+00
1.322875000000000156e+01 9.658354070071659692e-01
1.337875000000000014e+01 1.236072630090085944e+00
1.352875000000000227e+01 1.078173605666001400e+00
1.367875000000000085e+01 1.177205235709241293e+00
1.382874999999999943e+01 1.285458788653573325e+00
1.397875000000000156e+01 1.130265033172927369e+00
1.412875000000000014e+01 1.061233943940093960e+00
1.427875000000000227e+01 1.037496099966378260e+00
1.442875000000000085e+01 1.286954571867245267e+00
1.457874999999999943e+01 1.306725379702660561e+00
1.472875000000000156e+01 1.408762045865135315e+00
1.487875000000000014e+01 1.579538631030454443e+00
1.502875000000000227e+01 9.770208837957826686e-01
1.517875000000000085e+01 6.079594760997881764e-01
1.532874999999999943e+01 9.019052189963148169e-01
1.547875000000000156e+01 9.830432298221485343e-01
1.562875000000000014e+01 1.001547309196376023e+00
1.577875000000000227e+01 1.105147696065132523e+00
1.592875000000000085e+01 1.110057982197160786e+00
1.607874999999999943e+01 9.660215037773320912e-01
1.622875000000000156e+01 1.188017771814521506e+00
1.637875000000000014e+01 1.376299176012397929e+00
1.652875000000000227e+01 1.107558705839764235e+00
1.667875000000000085e+01 8.805201737621906055e-01
1.682874999999999943e+01 8.545422704958791638e-01
1.697875000000000156e+01 1.223825345437985046e+00
1.712875000000000014e+01 1.233482981721896632e+00
1.727875000000000227e+01 8.819619143473902412e-01
1.742875000000000085e+01 1.032747424719820062e+00
1.757874999999999943e+01 1.120661858684145251e+00
1.772875000000000156e+01 9.641698837725390936e-01
1.787875000000000014e+01 9.359396810869131667e-01
1.802875000000000227e+01 9.278178793100081423e-01
1.817875000000000085e+01 9.719469957036748209e-01
1.832874999999999943e+01 1.237070086702266591e+00
1.847875000000000156e+01 1.207396537426682404e+00
1.862875000000000014e+01 1.041427530210688790e+00
1.877875000000000227e+01 9.632178877846544474e-01
1.892875000000000085e+01 1.199807169724416145e+00
1.907874999999999943e+01 1.413473533199862464e+00
1.922875000000000156e+01 1.110712038195485363e+00
1.937875000000000014e+01 9.934388138614119734e-01
1.952875000000000227e+01 9.351179334333280524e-01
1.967875000000000085e+01 8.570266489915434605e-01
1.982874999999999943e+01 8.421055152035452629e-01
1.997875000000000156e+01 8.310007763853096696e-01
2.012875000000000014e+01 8.650415324388891491e-01
2.027875000000000227e+01 8.362030447957489177e-01
2.042875000000000085e+01 1.018927673410950696e+00
2.057874999999999943e+01 1.142495070374192512e+00
2.072875000000000156e+01 1.052867013244322525e+00
2.087875000000000014e+01 1.187653024705920268e+00
2.102875000000000227e+01 1.607593039122596767e+00
2.117875000000000085e+01 1.881007506913586758e+00
2.132874999999999943e+01 1.417635263807816459e+00
2.147875000000000156e+01 1.185281516439631533e+00
2.162875000000000014e+01 6.085963696345271234e-01
2.177875000000000227e+01 5.579488979909456026e-01
2.192875000000000085e+01 1.002544336938505420e+00
2.207874999999999943e+01 3.400423272075941972e-01
2.222875000000000156e+01 2.493507988117481533e-01
2.237875000000000014e+01 3.245583477947974194e-01
2.252875000000000227e+01 2.648312608796530299e-01
2.267875000000000085e+01 3.575831061600466265e-01
2.282874999999999943e+01 3.180640122282986648e-01
2.297875000000000156e+01 5.635122477638728755e-01
2.312875000000000014e+01 1.012780632299544958e+00
2.327875000000000227e+01 8.185554140170862025e-01
2.342875000000000085e+01 4.774004303868109034e-01
2.357874999999999943e+01 5.896890793424326427e-01
