# r_minus_2Rs_Angstrom   kappa_over_kappaT
# T = 300 K
# P = 0
# Rs = 10 Angstrom
# D0 = 0.6
# rho_b = 3.33300000e+28
# chi_b = 1.96700000e-10
-1.712499999999987921e-01 1.147750044605833253e+01
-2.124999999999843681e-02 2.121215908041993714e+01
1.287500000000001421e-01 1.839753360397984139e+01
2.787500000000004974e-01 1.568943526858057069e+01
4.287500000000008527e-01 1.358668869770375665e+01
5.787500000000012079e-01 1.129444808456729454e+01
7.287500000000015632e-01 8.090776442810950542e+00
8.787500000000001421e-01 5.000121929229598194e+00
1.028750000000000497e+00 2.628763362682884352e+00
1.178750000000000853e+00 3.182911251133343500e-01
1.328750000000001208e+00 -1.726826205383578783e+00
1.478750000000001563e+00 -2.920772275694227371e+00
1.628750000000000142e+00 -4.522479960217738792e+00
1.778750000000000497e+00 -6.409521767383056456e+00
1.928750000000000853e+00 -7.921313551231261130e+00
2.078750000000001208e+00 -9.017654809603335764e+00
2.228750000000001563e+00 -9.020640431149576699e+00
2.378750000000000142e+00 -7.257608426744385000e+00
2.528750000000000497e+00 -3.675071260100109427e+00
2.678750000000000853e+00 8.690581809178452577e-01
2.828750000000001208e+00 4.543645527537307771e+00
2.978750000000001563e+00 6.976708981917063568e+00
3.128750000000000142e+00 7.307109974303731548e+00
3.278750000000000497e+00 6.618792730146177306e+00
3.428750000000000853e+00 5.499870040680766792e+00
3.578750000000001208e+00 4.252826779319969219e+00
3.728750000000001563e+00 3.638658774564837550e+00
3.878750000000000142e+00 2.311217301105542354e+00
4.028750000000000497e+00 9.545582346243979277e-01
4.178750000000000853e+00 8.005135314462783480e-01
4.328750000000001208e+00 3.505114439799972836e-01
4.478750000000001563e+00 -3.204333423281892357e-02
4.628750000000000142e+00 -4.627806389471288973e-01
4.778750000000000497e+00 -8.622877407320381771e-01
4.928750000000000853e+00 -6.625271773941983078e-01
5.078749999999999432e+00 -1.634264452994230510e+00
5.228750000000001563e+00 -1.516965610634726014e+00
5.378750000000000142e+00 -1.502616482245613394e-01
5.528750000000002274e+00 -3.265933490829602825e-01
5.678750000000000853e+00 1.009763992277734612e-01
5.828749999999999432e+00 9.101893268415963689e-01
5.978750000000001563e+00 4.835725411379361849e-01
6.128750000000000142e+00 3.845437017957336612e-01
6.278750000000002274e+00 1.193542513025489527e+00
6.428750000000000853e+00 1.364874824718496527e+00
6.578749999999999432e+00 9.814943627700124518e-01
6.728750000000001563e+00 1.983206343886341649e+00
6.878750000000000142e+00 2.460290204477894260e+00
7.028750000000002274e+00 2.365485535075742884e+00
7.178750000000000853e+00 2.370312626831834635e+00
7.328749999999999432e+00 1.521039622340196740e+00
7.478750000000001563e+00 9.665179720288641363e-01
7.628750000000000142e+00 1.381659032592414516e+00
7.778750000000002274e+00 1.857426981534260113e+00
7.928750000000000853e+00 1.437891549018608828e+00
8.078749999999999432e+00 6.836907694650814493e-01
8.228750000000001563e+00 4.915111220538288528e-01
8.378750000000000142e+00 2.900842441129596327e-01
8.528750000000002274e+00 3.661483234105226969e-02
8.678750000000000853e+00 -6.347535454531991195e-02
8.828749999999999432e+00 -1.822337294010251130e-01
8.978750000000001563e+00 3.651858846585631646e-01
9.128750000000000142e+00 8.754498257815717110e-01
9.278750000000002274e+00 1.305938576172810173e+00
9.428750000000000853e+00 1.221584844808699888e+00
9.578749999999999432e+00 8.769542518150241772e-01
9.728750000000001563e+00 8.889360560016918988e-01
9.878750000000000142e+00 8.701168195293640384e-01
1.002875000000000227e+01 1.478886701814515536e+00
1.017875000000000085e+01 1.629749307901334099e+00
1.032874999999999943e+01 1.532713599780024527e+00
1.047875000000000156e+01 1.414577087013940915e+00
1.062875000000000014e+01 6.427221226465501536e-01
1.077875000000000227e+01 6.159729283798669464e-01
1.092875000000000085e+01 9.373346550926426879e-01
1.107874999999999943e+01 1.277003248978391348e+00
1.122875000000000156e+01 1.527418762452896317e+00
1.137875000000000014e+01 9.925887783424343080e-01
1.152875000000000227e+01 6.735735894234431420e-01
1.167875000000000085e+01 7.774375800710244810e-01
1.182874999999999943e+01 9.570218320495094133e-01
1.197875000000000156e+01 1.255866673753411877e+00
1.212875000000000014e+01 9.916435521104396411e-01
1.227875000000000227e+01 8.580216741090580523e-01
1.242875000000000085e+01 1.395656411542591346e+00
1.257874999999999943e+01 1.289008821995475174e+00
1.272875000000000156e+01 1.063968746914118135e+00
1.287875000000000014e+01 1.144800720383094772e+00
1.302875000000000227e+01 1.087036992407609759e+00
1.317875000000000085e+01 1.003608688869285892e+00
1.332874999999999943e+01 9.596206925872483584e-01
1.347875000000000156e+01 1.091182174420997297e+00
1.362875000000000014e+01 1.302316075080940827e+00
1.377875000000000227e+01 1.452393267395857279e+00
1.392875000000000085e+01 1.288146087229471437e+00
1.407874999999999943e+01 9.953543680100069846e-01
1.422875000000000156e+01 9.829133395512861249e-01
1.437875000000000014e+01 8.853923492124855521e-01
1.452875000000000227e+01 8.480958236834603703e-01
1.467875000000000085e+01 8.128182054647601351e-01
1.482874999999999943e+01 6.656892841739131539e-01
1.497875000000000156e+01 6.785173350818209936e-01
1.512875000000000014e+01 9.349066830746529666e-01
1.527875000000000227e+01 1.177582875528226047e+00
1.542875000000000085e+01 1.263359652748608841e+00
1.557874999999999943e+01 1.093709392260789892e+00
1.572875000000000156e+01 7.816800251656947918e-01
1.587875000000000014e+01 3.315223761238652589e-01
1.602875000000000227e+01 1.129808165239286621e-01
1.617875000000000085e+01 2.445140544352029655e-01
1.632874999999999943e+01 8.181345089175310337e-01
1.647875000000000156e+01 1.421134746308150509e+00
1.662875000000000014e+01 8.363138460917040051e-01
1.677875000000000227e+01 9.276585078255883410e-01
1.692875000000000085e+01 1.486277763765664561e+00
1.707874999999999943e+01 7.667916476467248055e-01
1.722875000000000156e+01 5.544358387416886691e-01
1.737875000000000014e+01 6.224132461395341931e-01
1.752875000000000227e+01 5.115544981932738933e-02
1.767875000000000085e+01 4.552020174186979240e-01
1.782874999999999943e+01 1.409846528378061237e+00
1.797875000000000156e+01 1.156167632742485241e+00
1.812875000000000014e+01 5.825416324945438262e-01
1.827875000000000227e+01 3.807661240340288189e-01
1.842875000000000085e+01 6.347842977570896661e-01
1.857874999999999943e+01 1.106132257328245716e+00
