# r_minus_2Rs_Angstrom   kappa_over_kappaT
# T = 300 K
# P = 0
# Rs = 10 Angstrom
# D0 = 0.01
# rho_b = 3.33300000e+28
# chi_b = 1.96700000e-10
-1.712499999999987921e-01 2.119291618577826597e+01
-2.124999999999843681e-02 4.117886396662140669e+01
1.287500000000001421e-01 3.723866141733340385e+01
2.787500000000004974e-01 3.210363992255810928e+01
4.287500000000008527e-01 2.765449298579916970e+01
5.787500000000012079e-01 2.341929001351490314e+01
7.287500000000015632e-01 1.949607398550844550e+01
8.787500000000001421e-01 1.632603314847066400e+01
1.028750000000000497e+00 1.338865983994781672e+01
1.178750000000000853e+00 1.040312338172892126e+01
1.328750000000001208e+00 7.810640261681887964e+00
1.478750000000001563e+00 4.816148655833989878e+00
1.628750000000000142e+00 1.794277992693074975e+00
1.778750000000000497e+00 4.680668756799875041e-01
1.928750000000000853e+00 -1.126153195565426257e+00
2.078750000000001208e+00 -4.234766280894508128e+00
2.228750000000001563e+00 -6.063626163163800875e+00
2.378750000000000142e+00 -6.203298936946104902e+00
2.528750000000000497e+00 -7.057289112776865991e+00
2.678750000000000853e+00 -6.727735582480685039e+00
2.828750000000001208e+00 -4.726150477888266366e+00
2.978750000000001563e+00 -2.071897035244716356e+00
3.128750000000000142e+00 2.535380284542450013e-01
3.278750000000000497e+00 2.223382061446238289e+00
3.428750000000000853e+00 4.040427182956268126e+00
3.578750000000001208e+00 4.571079434736594393e+00
3.728750000000001563e+00 4.714114573637012917e+00
3.878750000000000142e+00 5.260193685549399589e+00
4.028750000000000497e+00 5.594163872085283984e+00
4.178750000000000853e+00 4.481577310284251325e+00
4.328750000000001208e+00 3.576943733399170267e+00
4.478750000000001563e+00 2.250692861562881397e+00
4.628750000000000142e+00 9.528146572826137195e-01
4.778750000000000497e+00 5.570869168707281993e-01
4.928750000000000853e+00 -2.311232938582569174e-01
5.078749999999999432e+00 -4.944981604022595789e-01
5.228750000000001563e+00 -6.676986784938937491e-01
5.378750000000000142e+00 -1.118747831979524987e+00
5.528750000000002274e+00 -1.503159816574239249e+00
5.678750000000000853e+00 -1.660580733451206381e+00
5.828749999999999432e+00 -1.207634272278412357e+00
5.978750000000001563e+00 -6.382061598143109471e-01
6.128750000000000142e+00 -3.413815034876800936e-01
6.278750000000002274e+00 5.302833471629624373e-01
6.428750000000000853e+00 7.863874265751464865e-01
6.578749999999999432e+00 3.281470146954043043e-01
6.728750000000001563e+00 7.915895035599775920e-01
6.878750000000000142e+00 1.770603174993230944e+00
7.028750000000002274e+00 1.989844705855176477e+00
7.178750000000000853e+00 1.917977190575201663e+00
7.328749999999999432e+00 2.036083253914999780e+00
7.478750000000001563e+00 2.116799423375280487e+00
7.628750000000000142e+00 2.231107812798600598e+00
7.778750000000002274e+00 1.501478347575767147e+00
7.928750000000000853e+00 9.917589484980937620e-01
8.078749999999999432e+00 1.193049069835530718e+00
8.228750000000001563e+00 1.425331402086082999e+00
8.378750000000000142e+00 9.396174555121774574e-01
8.528750000000002274e+00 2.345381422334018584e-01
8.678750000000000853e+00 9.245190849538945099e-02
8.828749999999999432e+00 7.438031102645809023e-02
8.978750000000001563e+00 3.599669468446364123e-02
9.128750000000000142e+00 3.583231092622840008e-01
9.278750000000002274e+00 7.555134540022672152e-01
9.428750000000000853e+00 8.104544449314936561e-01
9.578749999999999432e+00 8.952997978781140898e-01
9.728750000000001563e+00 1.185148085908438897e+00
9.878750000000000142e+00 1.491747011984735583e+00
1.002875000000000227e+01 1.589638132198532894e+00
1.017875000000000085e+01 1.494793101504200639e+00
1.032874999999999943e+01 1.585069254361358038e+00
1.047875000000000156e+01 1.521229100429523307e+00
1.062875000000000014e+01 1.486511683821541530e+00
1.077875000000000227e+01 1.539791871939806711e+00
1.092875000000000085e+01 1.434145377267856070e+00
1.107874999999999943e+01 1.075058781533296148e+00
1.122875000000000156e+01 8.723157028188776030e-01
1.137875000000000014e+01 8.951149310713819585e-01
1.152875000000000227e+01 7.956080765034989621e-01
1.167875000000000085e+01 8.764572357181519280e-01
1.182874999999999943e+01 7.133104197803552537e-01
1.197875000000000156e+01 8.090369154507395244e-01
1.212875000000000014e+01 7.653403058912571222e-01
1.227875000000000227e+01 5.038158151746465752e-01
1.242875000000000085e+01 8.078223515261122589e-01
1.257874999999999943e+01 1.011207427417098348e+00
1.272875000000000156e+01 7.935196227441919659e-01
1.287875000000000014e+01 9.511257882656256601e-01
1.302875000000000227e+01 1.314216872085395948e+00
1.317875000000000085e+01 1.123199258383149157e+00
1.332874999999999943e+01 8.246407817957749353e-01
1.347875000000000156e+01 1.085824473339986440e+00
1.362875000000000014e+01 1.103669828253261098e+00
1.377875000000000227e+01 7.944920311886287667e-01
1.392875000000000085e+01 9.181133126521406895e-01
1.407874999999999943e+01 8.884303878380197528e-01
1.422875000000000156e+01 7.529401132049502454e-01
1.437875000000000014e+01 7.658037848819747584e-01
1.452875000000000227e+01 7.811930202532583190e-01
1.467875000000000085e+01 1.051937950873355954e+00
1.482874999999999943e+01 1.021824152360991000e+00
1.497875000000000156e+01 8.969697932796207862e-01
1.512875000000000014e+01 9.625117244310531506e-01
1.527875000000000227e+01 9.997678617003797896e-01
1.542875000000000085e+01 9.834968701342396979e-01
1.557874999999999943e+01 1.069932172641156809e+00
1.572875000000000156e+01 1.229129444448468167e+00
1.587875000000000014e+01 1.495654677985263525e+00
1.602875000000000227e+01 6.274681155601204985e-01
1.617875000000000085e+01 7.415900587269118605e-01
1.632874999999999943e+01 1.529152730432993046e+00
1.647875000000000156e+01 1.443056597003581576e+00
1.662875000000000014e+01 1.951706608764441464e+00
1.677875000000000227e+01 1.400603031343479188e+00
1.692875000000000085e+01 9.159309336485821351e-01
1.707874999999999943e+01 1.655709143015311025e+00
1.722875000000000156e+01 1.680047891848462704e+00
1.737875000000000014e+01 8.688030597169642544e-01
1.752875000000000227e+01 8.056771005048102285e-01
1.767875000000000085e+01 5.837580241513106172e-01
1.782874999999999943e+01 9.054545111281998571e-01
1.797875000000000156e+01 8.559337402196460776e-01
1.812875000000000014e+01 7.430364373494513508e-01
1.827875000000000227e+01 1.570134400964249277e+00
1.842875000000000085e+01 1.168172914395132045e+00
1.857874999999999943e+01 1.077476428496648708e+00
