# r_minus_2Rs_Angstrom   kappa_over_kappaT
# T = 300 K
# P = 0
# Rs = 5 Angstrom
# D0 = 0.6
# rho_b = 3.33300000e+28
# chi_b = 1.96700000e-10
-2.712500000000002132e-01 5.229330831233912846e+01
-1.212499999999998579e-01 5.808351371717450462e+01
2.874999999999960920e-02 1.037374982863464723e+01
1.787499999999999645e-01 8.770493035543085014e+00
3.287500000000003197e-01 6.791287381124355704e+00
4.787499999999997868e-01 4.542757256912803854e+00
6.287500000000001421e-01 3.242610823382258367e+00
7.787499999999996092e-01 1.249688520090305177e+00
9.287499999999999645e-01 -1.125044703265775992e+00
1.078750000000000320e+00 -2.997265777644365414e+00
1.228749999999999787e+00 -4.327637705746530727e+00
1.378750000000000142e+00 -5.859242746363095833e+00
1.528749999999999609e+00 -7.253736268594165537e+00
1.678749999999999964e+00 -8.026573086774334342e+00
1.828750000000000320e+00 -8.496811330084371505e+00
1.978750000000000675e+00 -7.833252270916457149e+00
2.128749999999999254e+00 -6.899276701674171619e+00
2.278749999999999609e+00 -5.525538873057419309e+00
2.428749999999999964e+00 -1.854422453532415194e+00
2.578750000000000320e+00 2.452954447283056449e+00
2.728750000000000675e+00 5.297632846889612779e+00
2.878749999999999254e+00 6.508469588666756067e+00
3.028749999999999609e+00 6.098991104060697666e+00
3.178749999999999964e+00 5.062025903097993051e+00
3.328750000000000320e+00 4.247609528199911111e+00
3.478750000000000675e+00 3.196189924867083754e+00
3.628749999999999254e+00 1.484876037956030181e+00
3.778749999999999609e+00 1.031887395374688987e+00
3.928749999999999964e+00 1.063079508504339410e+00
4.078750000000000320e+00 4.873760456152245735e-01
4.228750000000000675e+00 -1.160012390634367341e-01
4.378749999999999254e+00 -5.522427741567255133e-01
4.528749999999999609e+00 -5.160701634196702692e-01
4.678749999999999964e+00 -3.320629259458189875e-01
4.828750000000000320e+00 -1.678305794607959020e-02
4.978750000000000675e+00 -2.218978357560691950e-01
5.128749999999999254e+00 -8.010079752519885243e-01
5.278749999999999609e+00 -6.958734693783458214e-01
5.428749999999999964e+00 -3.307440565763105633e-01
5.578750000000000320e+00 3.724360126971957285e-01
5.728750000000000675e+00 1.356622001774991038e+00
5.878749999999999254e+00 1.414032809115838729e+00
6.028749999999999609e+00 1.727061930920060107e+00
6.178749999999999964e+00 2.053203954148521859e+00
6.328750000000000320e+00 1.542718696298646996e+00
6.478750000000000675e+00 1.333277991908587978e+00
6.628749999999999254e+00 2.055534644431121549e+00
6.778749999999999609e+00 2.432975151496890920e+00
6.928749999999999964e+00 1.688176648471436225e+00
7.078750000000000320e+00 1.814799905674585601e+00
7.228750000000000675e+00 1.219492030248870096e+00
7.378749999999999254e+00 8.988005928580530268e-01
7.528749999999999609e+00 1.497377562144935670e+00
7.678749999999999964e+00 1.002035224359142163e+00
7.828750000000000320e+00 7.355062940662737692e-01
7.978750000000000675e+00 7.556641228121269149e-01
8.128750000000000142e+00 1.042177592206259051e+00
8.278749999999998721e+00 7.078544174135473765e-01
8.428750000000000853e+00 1.259412702658502248e-02
8.578749999999999432e+00 7.172041364985630441e-02
8.728750000000001563e+00 9.212420906679834598e-01
8.878750000000000142e+00 1.583559907682243306e+00
9.028749999999998721e+00 1.208365819188885082e+00
9.178750000000000853e+00 5.927838154262776715e-01
9.328749999999999432e+00 1.385633876902158779e+00
9.478750000000001563e+00 1.940733912555781426e+00
9.628750000000000142e+00 1.677819538500902929e+00
9.778749999999998721e+00 1.321990215412664815e+00
9.928750000000000853e+00 1.550342062494084905e+00
1.007874999999999943e+01 1.819602378180284807e+00
1.022875000000000156e+01 1.163995038470687193e+00
1.037875000000000014e+01 1.047877797669751310e+00
1.052875000000000227e+01 1.340996637952665882e+00
1.067875000000000085e+01 1.461765504315728936e+00
1.082874999999999943e+01 1.139671228032503647e+00
1.097875000000000156e+01 8.519827688872978477e-01
1.112875000000000014e+01 8.838382004529472535e-01
1.127875000000000227e+01 1.262813343717976267e+00
1.142875000000000085e+01 1.246205325460039148e+00
1.157874999999999943e+01 1.033180884937854316e+00
1.172875000000000156e+01 8.652562422044083323e-01
1.187875000000000014e+01 1.029638562476922647e+00
1.202875000000000227e+01 1.618817902047537949e+00
1.217875000000000085e+01 1.243348707330803160e+00
1.232874999999999943e+01 1.036363593862636101e+00
1.247875000000000156e+01 1.294604178287808605e+00
1.262875000000000014e+01 9.220125106997935083e-01
1.277875000000000227e+01 8.979320880635510704e-01
1.292875000000000085e+01 1.208451889957296022e+00
1.307874999999999943e+01 1.092908148382254696e+00
1.322875000000000156e+01 9.464948627237343981e-01
1.337875000000000014e+01 1.182308975036477250e+00
1.352875000000000227e+01 1.199249669306416521e+00
1.367875000000000085e+01 9.326392839051587114e-01
1.382874999999999943e+01 1.038494789360383752e+00
1.397875000000000156e+01 1.196291273464907157e+00
1.412875000000000014e+01 8.058061666666874734e-01
1.427875000000000227e+01 4.057578281408924514e-01
1.442875000000000085e+01 7.039830336325936244e-01
1.457874999999999943e+01 1.143435115039869832e+00
1.472875000000000156e+01 8.714933676558209719e-01
1.487875000000000014e+01 1.012732534526823658e+00
1.502875000000000227e+01 1.196616544778660085e+00
1.517875000000000085e+01 7.605637921664722967e-01
1.532874999999999943e+01 5.989084320048123633e-01
1.547875000000000156e+01 7.809611947274067711e-01
1.562875000000000014e+01 1.001636134709416481e+00
1.577875000000000227e+01 9.833833329827252889e-01
1.592875000000000085e+01 1.251911231818026771e+00
1.607874999999999943e+01 1.550985711750906937e+00
1.622875000000000156e+01 1.115697428835334959e+00
1.637875000000000014e+01 8.782011743870035136e-01
1.652875000000000227e+01 1.090433828018807949e+00
1.667875000000000085e+01 8.996619589635462821e-01
1.682874999999999943e+01 9.575506743306533286e-01
1.697875000000000156e+01 8.315085465599725278e-01
1.712875000000000014e+01 9.764933440787451069e-01
1.727875000000000227e+01 1.193428963392201059e+00
1.742875000000000085e+01 9.368803483070393678e-01
1.757874999999999943e+01 8.665798095864071238e-01
1.772875000000000156e+01 8.857916894304003197e-01
1.787875000000000014e+01 8.777445931267153778e-01
1.802875000000000227e+01 8.284101127920066032e-01
1.817875000000000085e+01 9.028200808678215061e-01
1.832874999999999943e+01 9.016464086473944262e-01
1.847875000000000156e+01 1.172697255748381240e+00
1.862875000000000014e+01 1.066618123851170274e+00
1.877875000000000227e+01 6.243876003305950384e-01
1.892875000000000085e+01 6.145406035020687385e-01
1.907874999999999943e+01 9.369474374058921473e-01
1.922875000000000156e+01 1.210753030744891934e+00
1.937875000000000014e+01 1.134889347905009727e+00
1.952875000000000227e+01 9.561404207272554689e-01
1.967875000000000085e+01 1.054316677558142956e+00
1.982874999999999943e+01 1.339103260266286011e+00
1.997875000000000156e+01 1.072931431870975505e+00
2.012875000000000014e+01 7.427720435721214542e-01
2.027875000000000227e+01 1.087881018427007129e+00
2.042875000000000085e+01 1.217137932093666164e+00
2.057874999999999943e+01 1.069964974329821406e+00
2.072875000000000156e+01 9.828838214895518899e-01
2.087875000000000014e+01 9.368487464544641430e-01
2.102875000000000227e+01 1.418382369460383874e+00
2.117875000000000085e+01 7.088027994545118560e-01
2.132874999999999943e+01 1.094896796226895397e+00
2.147875000000000156e+01 1.797317918060273634e+00
2.162875000000000014e+01 7.415167786495626689e-01
2.177875000000000227e+01 1.349756041121755512e+00
2.192875000000000085e+01 1.262908294469462955e+00
2.207874999999999943e+01 1.047634086498911987e+00
2.222875000000000156e+01 1.082368630834956713e+00
2.237875000000000014e+01 8.518343593757191634e-01
2.252875000000000227e+01 1.432617226025722168e+00
2.267875000000000085e+01 1.295396710512352278e+00
2.282874999999999943e+01 1.016551582205106552e+00
2.297875000000000156e+01 9.300343770946351007e-01
2.312875000000000014e+01 8.727421875074209412e-01
2.327875000000000227e+01 2.763726564942938224e-01
2.342875000000000085e+01 5.290583106218413878e-01
2.357874999999999943e+01 1.401860211866313932e+00
