# r_minus_2Rs_Angstrom   kappa_over_kappaT
# T = 300 K
# P = 0
# Rs = 2 Angstrom
# D0 = 0.2
# rho_b = 3.33300000e+28
# chi_b = 1.96700000e-10
-2.712500000000002132e-01 -3.647845900626961679e+00
-1.212499999999998579e-01 -7.681950796344616528e-01
2.875000000000005329e-02 5.282109577207634743e+00
1.787499999999999645e-01 4.426793533348849508e+00
3.287499999999998757e-01 3.656031814560144255e+00
4.787499999999997868e-01 2.664898306053821386e+00
6.287500000000001421e-01 1.432102463397019410e+00
7.787500000000000533e-01 4.322178161004008312e-01
9.287499999999999645e-01 -4.119901033769565735e-01
1.078750000000000320e+00 -1.178355088859564859e+00
1.228749999999999787e+00 -1.727601892132420769e+00
1.378750000000000142e+00 -1.941080566654057815e+00
1.528749999999999609e+00 -2.400217430294966370e+00
1.678749999999999964e+00 -2.548138517889684707e+00
1.828750000000000320e+00 -2.077974184938214286e+00
1.978749999999999787e+00 -1.828335260658355832e+00
2.128750000000000142e+00 -1.138598381766172896e+00
2.278749999999999609e+00 -2.069149650713165145e-01
2.428749999999999964e+00 1.065647301069023056e+00
2.578750000000000320e+00 2.293500688828403522e+00
2.728749999999999787e+00 2.754091398975416105e+00
2.878750000000000142e+00 2.691800107383132357e+00
3.028749999999999609e+00 2.519984567745829462e+00
3.178749999999999964e+00 2.349961876340759481e+00
3.328750000000000320e+00 2.022382536106313022e+00
3.478749999999999787e+00 1.627035427739510487e+00
3.628750000000000142e+00 1.431674717805873964e+00
3.778749999999999609e+00 1.459718567549414869e+00
3.928749999999999964e+00 1.333062348990822876e+00
4.078750000000000320e+00 9.642110987296967917e-01
4.228749999999999787e+00 6.827669665704194646e-01
4.378750000000000142e+00 6.264999654769680681e-01
4.528749999999999609e+00 4.830547833535716040e-01
4.678749999999999964e+00 2.328312501684199620e-01
4.828750000000000320e+00 1.510530054828888857e-01
4.978750000000000675e+00 1.079445668496435279e-01
5.128749999999999254e+00 5.070451776312512315e-02
5.278749999999999609e+00 3.438081175984705196e-01
5.428749999999999964e+00 5.843822594108614155e-01
5.578750000000000320e+00 6.668358713497672952e-01
5.728750000000000675e+00 8.337365443584411340e-01
5.878749999999999254e+00 1.140654356895331123e+00
6.028749999999999609e+00 1.372255574845327342e+00
6.178749999999999964e+00 1.412702677328822043e+00
6.328750000000000320e+00 1.448052007532071084e+00
6.478750000000000675e+00 1.517015359192817714e+00
6.628749999999999254e+00 1.477835130236250460e+00
6.778749999999999609e+00 1.395522197669220255e+00
6.928749999999999964e+00 1.439077214666349747e+00
7.078750000000000320e+00 1.296934517244610952e+00
7.228750000000000675e+00 1.036522066984075341e+00
7.378749999999999254e+00 9.515816640637753121e-01
7.528749999999999609e+00 9.335934199604596362e-01
7.678749999999999964e+00 9.237250617084513671e-01
7.828750000000000320e+00 8.247582644995414825e-01
7.978750000000000675e+00 6.668610466361164502e-01
8.128750000000000142e+00 5.992971303148207918e-01
8.278749999999998721e+00 6.919939546619890969e-01
8.428750000000000853e+00 7.963316038939469710e-01
8.578749999999999432e+00 8.048782679144284025e-01
8.728750000000001563e+00 7.787721427494344040e-01
8.878750000000000142e+00 8.475954989931480110e-01
9.028749999999998721e+00 9.926852341816509995e-01
9.178750000000000853e+00 1.032970262160097796e+00
9.328749999999999432e+00 1.037403284515748814e+00
9.478750000000001563e+00 1.065159539142840783e+00
9.628750000000000142e+00 9.658989866591587425e-01
9.778749999999998721e+00 1.144603518842991274e+00
9.928750000000000853e+00 1.242096541620050232e+00
1.007874999999999943e+01 8.844988223821812490e-01
1.022875000000000156e+01 8.833491356524909577e-01
1.037875000000000014e+01 1.185969643923916461e+00
1.052874999999999872e+01 1.156448020654210485e+00
