# r_minus_2Rs_Angstrom   rho_over_rhob
# T = 300 K
# P = 0
# Rs = 10 Angstrom
# D0 = 0.2
# rho_b = 3.33300000e+28
-1.712499999999987921e-01 1.004426474248112655e-01
-2.124999999999843681e-02 1.164265030839925608e+00
1.287500000000001421e-01 1.281489513704458183e+00
2.787500000000004974e-01 1.198105139354208815e+00
4.287500000000008527e-01 1.145305247215055999e+00
5.787500000000012079e-01 1.117226309654095973e+00
7.287500000000015632e-01 1.105759431889425715e+00
8.787500000000001421e-01 1.103083556449719227e+00
1.028750000000000497e+00 1.104307792574790170e+00
1.178750000000000853e+00 1.102508875258407572e+00
1.328750000000001208e+00 1.098703241196680391e+00
1.478750000000001563e+00 1.085771790866177033e+00
1.628750000000000142e+00 1.066705865602783687e+00
1.778750000000000497e+00 1.038818829471399363e+00
1.928750000000000853e+00 1.006367544722726048e+00
2.078750000000001208e+00 9.700875168232998558e-01
2.228750000000001563e+00 9.360164393158095786e-01
2.378750000000000142e+00 9.090622262185630298e-01
2.528750000000000497e+00 8.957392293509518488e-01
2.678750000000000853e+00 9.013382936141093316e-01
2.828750000000001208e+00 9.199269650315394786e-01
2.978750000000001563e+00 9.424267153723315804e-01
3.128750000000000142e+00 9.655480289561569895e-01
3.278750000000000497e+00 9.892987365334953154e-01
3.428750000000000853e+00 1.011311344592968231e+00
3.578750000000001208e+00 1.031195272225249981e+00
3.728750000000001563e+00 1.046971253997649232e+00
3.878750000000000142e+00 1.058241144274465917e+00
4.028750000000000497e+00 1.065041078095224414e+00
4.178750000000000853e+00 1.066244655467740943e+00
4.328750000000001208e+00 1.061272796783800265e+00
4.478750000000001563e+00 1.052064852217918123e+00
4.628750000000000142e+00 1.040471314274951098e+00
4.778750000000000497e+00 1.027335613435303330e+00
4.928750000000000853e+00 1.013900301517926872e+00
5.078749999999999432e+00 1.001420465367793389e+00
5.228750000000001563e+00 9.895911118547089380e-01
5.378750000000000142e+00 9.827690487508946582e-01
5.528750000000002274e+00 9.786148017099854934e-01
5.678750000000000853e+00 9.747597276330761673e-01
5.828749999999999432e+00 9.746716133959498762e-01
5.978750000000001563e+00 9.755332453005933768e-01
6.128750000000000142e+00 9.784462780408247351e-01
6.278750000000002274e+00 9.828308135316068395e-01
6.428750000000000853e+00 9.861410186533271505e-01
6.578749999999999432e+00 9.913007555553384753e-01
6.728750000000001563e+00 9.958432512827819494e-01
6.878750000000000142e+00 1.000191611924786894e+00
7.028750000000002274e+00 1.004348746556402272e+00
7.178750000000000853e+00 1.007332260530452217e+00
7.328749999999999432e+00 1.009443128934366163e+00
7.478750000000001563e+00 1.010548652505127265e+00
7.628750000000000142e+00 1.011019289549121236e+00
7.778750000000002274e+00 1.010919986052630781e+00
7.928750000000000853e+00 1.009446105854523879e+00
8.078749999999999432e+00 1.007664132334493035e+00
8.228750000000001563e+00 1.005327275255772923e+00
8.378750000000000142e+00 1.003055589724059171e+00
8.528750000000002274e+00 1.000315094199555555e+00
8.678750000000000853e+00 9.982640281754981970e-01
8.828749999999999432e+00 9.964477251281739223e-01
8.978750000000001563e+00 9.951379902835226776e-01
9.128750000000000142e+00 9.945635158907318862e-01
9.278750000000002274e+00 9.942786736433590900e-01
9.428750000000000853e+00 9.942261522273434515e-01
9.578749999999999432e+00 9.952257946445701720e-01
9.728750000000001563e+00 9.958874875520898895e-01
9.878750000000000142e+00 9.971928995181836841e-01
1.002875000000000227e+01 9.988955748267621670e-01
1.017875000000000085e+01 9.997939727513208696e-01
1.032874999999999943e+01 1.000749039600971724e+00
1.047875000000000156e+01 1.001866588812139414e+00
1.062875000000000014e+01 1.002935834544716354e+00
1.077875000000000227e+01 1.003302503842782079e+00
1.092875000000000085e+01 1.002819197972482090e+00
1.107874999999999943e+01 1.003367825498215238e+00
1.122875000000000156e+01 1.002381424214609851e+00
1.137875000000000014e+01 1.002132110242499374e+00
1.152875000000000227e+01 1.001595507150047526e+00
1.167875000000000085e+01 1.000895494751453452e+00
1.182874999999999943e+01 1.000918270777705343e+00
1.197875000000000156e+01 1.000133471829860676e+00
1.212875000000000014e+01 9.991133951301002236e-01
1.227875000000000227e+01 9.990081292801752388e-01
1.242875000000000085e+01 9.995635926712717056e-01
1.257874999999999943e+01 9.988597537548731253e-01
1.272875000000000156e+01 9.983146074662134772e-01
1.287875000000000014e+01 9.993449314861799770e-01
1.302875000000000227e+01 9.989306812411596903e-01
1.317875000000000085e+01 9.992733625515302087e-01
1.332874999999999943e+01 9.995408888800612068e-01
1.347875000000000156e+01 9.997306886025149053e-01
1.362875000000000014e+01 1.000189020354124159e+00
1.377875000000000227e+01 1.000804121890470855e+00
1.392875000000000085e+01 1.000866810053546496e+00
1.407874999999999943e+01 1.000531114295589274e+00
1.422875000000000156e+01 1.000633491489678395e+00
1.437875000000000014e+01 1.000869052954952876e+00
1.452875000000000227e+01 1.000516379640729703e+00
1.467875000000000085e+01 1.000670411338424381e+00
1.482874999999999943e+01 1.000289112341910425e+00
1.497875000000000156e+01 1.000194640177635153e+00
1.512875000000000014e+01 1.000641425220038183e+00
1.527875000000000227e+01 1.000596060732871662e+00
1.542875000000000085e+01 9.999785006965564715e-01
1.557874999999999943e+01 1.000142311866486944e+00
1.572875000000000156e+01 9.998386175879218074e-01
1.587875000000000014e+01 9.998233098862417956e-01
1.602875000000000227e+01 9.998077653600428993e-01
1.617875000000000085e+01 9.997219024032998336e-01
1.632874999999999943e+01 1.000009209344052019e+00
1.647875000000000156e+01 1.000171298718999680e+00
1.662875000000000014e+01 1.000226550687777216e+00
1.677875000000000227e+01 1.000086841014760308e+00
1.692875000000000085e+01 9.995269754864057887e-01
1.707874999999999943e+01 1.000401936076753762e+00
1.722875000000000156e+01 1.000349805602127828e+00
1.737875000000000014e+01 1.000378139026226521e+00
1.752875000000000227e+01 1.000073542744659427e+00
1.767875000000000085e+01 1.000460073104800562e+00
1.782874999999999943e+01 1.000314758902986156e+00
1.797875000000000156e+01 1.000100833408070544e+00
1.812875000000000014e+01 1.000109163200042728e+00
1.827875000000000227e+01 1.000248734456281374e+00
1.842875000000000085e+01 1.000031331754968500e+00
1.857874999999999943e+01 1.000031450853438475e+00
