# r_minus_2Rs_Angstrom   rho_over_rhob
# T = 300 K
# P = 0
# Rs = 10 Angstrom
# D0 = 0.01
# rho_b = 3.33300000e+28
-1.712499999999987921e-01 7.047193033489163039e-02
-2.124999999999843681e-02 8.298817135311359339e-01
1.287500000000001421e-01 9.755113828739052639e-01
2.787500000000004974e-01 9.961395213683030825e-01
4.287500000000008527e-01 1.016331983023020191e+00
5.787500000000012079e-01 1.035302763157163630e+00
7.287500000000015632e-01 1.054166383941844476e+00
8.787500000000001421e-01 1.073743974810522417e+00
1.028750000000000497e+00 1.091079998556466979e+00
1.178750000000000853e+00 1.105585431502883020e+00
1.328750000000001208e+00 1.112492075439207362e+00
1.478750000000001563e+00 1.111273904103603494e+00
1.628750000000000142e+00 1.100808247647292903e+00
1.778750000000000497e+00 1.080599252390898490e+00
1.928750000000000853e+00 1.052917910971147730e+00
2.078750000000001208e+00 1.020487304016153063e+00
2.228750000000001563e+00 9.829294214610513336e-01
2.378750000000000142e+00 9.486129586276086378e-01
2.528750000000000497e+00 9.231161039851535355e-01
2.678750000000000853e+00 9.097219898580066744e-01
2.828750000000001208e+00 9.092940293063084267e-01
2.978750000000001563e+00 9.187488065880540233e-01
3.128750000000000142e+00 9.351652234498806227e-01
3.278750000000000497e+00 9.560478702015741126e-01
3.428750000000000853e+00 9.805250561076255256e-01
3.578750000000001208e+00 1.004982830445040110e+00
3.728750000000001563e+00 1.026013393431756793e+00
3.878750000000000142e+00 1.043140423465307443e+00
4.028750000000000497e+00 1.054953875198280100e+00
4.178750000000000853e+00 1.061241751942603617e+00
4.328750000000001208e+00 1.061972809953722008e+00
4.478750000000001563e+00 1.056761483547745684e+00
4.628750000000000142e+00 1.048873796086239318e+00
4.778750000000000497e+00 1.038624741623058512e+00
4.928750000000000853e+00 1.026761758487437559e+00
5.078749999999999432e+00 1.014202178279218325e+00
5.228750000000001563e+00 1.003827837920908239e+00
5.378750000000000142e+00 9.946461470308815001e-01
5.528750000000002274e+00 9.880321646560669135e-01
5.678750000000000853e+00 9.822105832838294859e-01
5.828749999999999432e+00 9.790977454183803497e-01
5.978750000000001563e+00 9.772545618920390753e-01
6.128750000000000142e+00 9.785417310406876457e-01
6.278750000000002274e+00 9.803132738469665375e-01
6.428750000000000853e+00 9.831691247195188943e-01
6.578749999999999432e+00 9.855878453358460911e-01
6.728750000000001563e+00 9.906912190211298874e-01
6.878750000000000142e+00 9.938239127383242666e-01
7.028750000000002274e+00 9.981860688197941034e-01
7.178750000000000853e+00 1.001859063439120012e+00
7.328749999999999432e+00 1.005060053566815492e+00
7.478750000000001563e+00 1.007253469494144849e+00
7.628750000000000142e+00 1.009339460080268758e+00
7.778750000000002274e+00 1.010526535643932355e+00
7.928750000000000853e+00 1.010447000835863918e+00
8.078749999999999432e+00 1.009797688757918754e+00
8.228750000000001563e+00 1.007423789884248189e+00
8.378750000000000142e+00 1.005680878610532680e+00
8.528750000000002274e+00 1.003620622656234307e+00
8.678750000000000853e+00 1.001177344121130020e+00
8.828749999999999432e+00 9.989642879228778360e-01
8.978750000000001563e+00 9.972887860153635264e-01
9.128750000000000142e+00 9.965593857260108823e-01
9.278750000000002274e+00 9.948026296564140836e-01
9.428750000000000853e+00 9.950792729589196250e-01
9.578749999999999432e+00 9.945877844746178198e-01
9.728750000000001563e+00 9.951604403196698811e-01
9.878750000000000142e+00 9.960210383877931006e-01
1.002875000000000227e+01 9.975034942073378597e-01
1.017875000000000085e+01 9.983272993623693026e-01
1.032874999999999943e+01 9.999623331247058378e-01
1.047875000000000156e+01 1.001185597755555934e+00
1.062875000000000014e+01 1.001358597179305088e+00
1.077875000000000227e+01 1.001707171545870745e+00
1.092875000000000085e+01 1.002432257670807791e+00
1.107874999999999943e+01 1.002408647239645845e+00
1.122875000000000156e+01 1.002957487302194028e+00
1.137875000000000014e+01 1.002734899292202497e+00
1.152875000000000227e+01 1.002168789701491258e+00
1.167875000000000085e+01 1.001652921616333236e+00
1.182874999999999943e+01 1.001308578943863159e+00
1.197875000000000156e+01 1.000275726101061524e+00
1.212875000000000014e+01 1.000073003665318705e+00
1.227875000000000227e+01 9.996724536701520059e-01
1.242875000000000085e+01 9.994352614159003334e-01
1.257874999999999943e+01 1.000031182408030572e+00
1.272875000000000156e+01 9.987789902830265243e-01
1.287875000000000014e+01 9.990016574276812111e-01
1.302875000000000227e+01 9.988682985899680622e-01
1.317875000000000085e+01 9.991528071071351658e-01
1.332874999999999943e+01 9.991862794099959366e-01
1.347875000000000156e+01 9.995372331564366108e-01
1.362875000000000014e+01 9.994839252551411812e-01
1.377875000000000227e+01 1.000275892070150885e+00
1.392875000000000085e+01 1.000251574749336791e+00
1.407874999999999943e+01 1.000513672978621926e+00
1.422875000000000156e+01 1.000832938099659231e+00
1.437875000000000014e+01 1.000903122027744674e+00
1.452875000000000227e+01 1.000699175514686567e+00
1.467875000000000085e+01 1.000962831934312458e+00
1.482874999999999943e+01 1.000681575196196382e+00
1.497875000000000156e+01 1.000722010929167238e+00
1.512875000000000014e+01 1.000374994196759904e+00
1.527875000000000227e+01 1.000616498532411525e+00
1.542875000000000085e+01 9.999335936673011682e-01
1.557874999999999943e+01 1.000095686323877686e+00
1.572875000000000156e+01 9.997200554835226072e-01
1.587875000000000014e+01 9.997321138582803135e-01
1.602875000000000227e+01 1.000138476258558340e+00
1.617875000000000085e+01 1.000055371013851779e+00
1.632874999999999943e+01 9.999209708274697794e-01
1.647875000000000156e+01 1.000042450033092445e+00
1.662875000000000014e+01 9.997331446507491393e-01
1.677875000000000227e+01 1.000188534557477693e+00
1.692875000000000085e+01 9.997986270877762260e-01
1.707874999999999943e+01 1.000240669875868349e+00
1.722875000000000156e+01 1.000320255847730211e+00
1.737875000000000014e+01 1.000192950237785317e+00
1.752875000000000227e+01 1.000185427645704950e+00
1.767875000000000085e+01 9.999179000655782357e-01
1.782874999999999943e+01 1.000235404980879927e+00
1.797875000000000156e+01 1.000688013715374636e+00
1.812875000000000014e+01 9.999944061934701312e-01
1.827875000000000227e+01 1.000318355340117149e+00
1.842875000000000085e+01 1.000279798008959276e+00
1.857874999999999943e+01 1.000561092392549423e+00
