# r_minus_2Rs_Angstrom   rho_over_rhob
# T = 300 K
# P = 0
# Rs = 10 Angstrom
# D0 = 0.4
# rho_b = 3.33300000e+28
-1.712499999999987921e-01 1.412416415623492516e-01
-2.124999999999843681e-02 1.617103096925753603e+00
1.287500000000001421e-01 1.666585433771951896e+00
2.787500000000004974e-01 1.422419243348585827e+00
4.287500000000008527e-01 1.271382260592967661e+00
5.787500000000012079e-01 1.184942213267616618e+00
7.287500000000015632e-01 1.138328844593437417e+00
8.787500000000001421e-01 1.111805957748170703e+00
1.028750000000000497e+00 1.094083410724878469e+00
1.178750000000000853e+00 1.078073119411239178e+00
1.328750000000001208e+00 1.059660243282593228e+00
1.478750000000001563e+00 1.037383165749009351e+00
1.628750000000000142e+00 1.009436314825426839e+00
1.778750000000000497e+00 9.764554736042314609e-01
1.928750000000000853e+00 9.426680161565055283e-01
2.078750000000001208e+00 9.081806814434045805e-01
2.228750000000001563e+00 8.820877054732449984e-01
2.378750000000000142e+00 8.680604077547635633e-01
2.528750000000000497e+00 8.779696097967154556e-01
2.678750000000000853e+00 9.123181245923102090e-01
2.828750000000001208e+00 9.560255390576092305e-01
2.978750000000001563e+00 9.917867185957611742e-01
3.128750000000000142e+00 1.015733566772242469e+00
3.278750000000000497e+00 1.033435710120075735e+00
3.428750000000000853e+00 1.046830550524933789e+00
3.578750000000001208e+00 1.057378548562589282e+00
3.728750000000001563e+00 1.063899031590761490e+00
3.878750000000000142e+00 1.067003204447126929e+00
4.028750000000000497e+00 1.067925097984071758e+00
4.178750000000000853e+00 1.063760037162524874e+00
4.328750000000001208e+00 1.055084944517606482e+00
4.478750000000001563e+00 1.043267575878737530e+00
4.628750000000000142e+00 1.028159962332088062e+00
4.778750000000000497e+00 1.012447685819739096e+00
4.928750000000000853e+00 9.971393928161084164e-01
5.078749999999999432e+00 9.846065336676680380e-01
5.228750000000001563e+00 9.756375863070250176e-01
5.378750000000000142e+00 9.690321706914560851e-01
5.528750000000002274e+00 9.667107997261774610e-01
5.678750000000000853e+00 9.681025865377668183e-01
5.828749999999999432e+00 9.710801861717941463e-01
5.978750000000001563e+00 9.761429906762464359e-01
6.128750000000000142e+00 9.819303125358267437e-01
6.278750000000002274e+00 9.875583673493474324e-01
6.428750000000000853e+00 9.933760431956328851e-01
6.578749999999999432e+00 9.993159585176072390e-01
6.728750000000001563e+00 1.003927978831836043e+00
6.878750000000000142e+00 1.008537341615996619e+00
7.028750000000002274e+00 1.011235035753529798e+00
7.178750000000000853e+00 1.013031739672072051e+00
7.328749999999999432e+00 1.013733440802074393e+00
7.478750000000001563e+00 1.013277903807852320e+00
7.628750000000000142e+00 1.011419035064436533e+00
7.778750000000002274e+00 1.009217981475677206e+00
7.928750000000000853e+00 1.006948220118484061e+00
8.078749999999999432e+00 1.003821160222418962e+00
8.228750000000001563e+00 1.001488586499409639e+00
8.378750000000000142e+00 9.991425800230184784e-01
8.528750000000002274e+00 9.969686557372250402e-01
8.678750000000000853e+00 9.949517934489288118e-01
8.828749999999999432e+00 9.939668864109973967e-01
8.978750000000001563e+00 9.932609321902796662e-01
9.128750000000000142e+00 9.933305461083201671e-01
9.278750000000002274e+00 9.936939691070512115e-01
9.428750000000000853e+00 9.951728168987853396e-01
9.578749999999999432e+00 9.967562814684443051e-01
9.728750000000001563e+00 9.971925373342841459e-01
9.878750000000000142e+00 9.992212585389816937e-01
1.002875000000000227e+01 1.000587977407229490e+00
1.017875000000000085e+01 1.001612508402230040e+00
1.032874999999999943e+01 1.003006097045978873e+00
1.047875000000000156e+01 1.003062558180169095e+00
1.062875000000000014e+01 1.003497224115456055e+00
1.077875000000000227e+01 1.003744186751431178e+00
1.092875000000000085e+01 1.003180125480766183e+00
1.107874999999999943e+01 1.003059861910179595e+00
1.122875000000000156e+01 1.002470049305007382e+00
1.137875000000000014e+01 1.001613649194567968e+00
1.152875000000000227e+01 1.001099278704980833e+00
1.167875000000000085e+01 9.998095453909635610e-01
1.182874999999999943e+01 9.997143202036330445e-01
1.197875000000000156e+01 9.989835831376550068e-01
1.212875000000000014e+01 9.989583364338606719e-01
1.227875000000000227e+01 9.984333442644995893e-01
1.242875000000000085e+01 9.987793461106684312e-01
1.257874999999999943e+01 9.982684075597696438e-01
1.272875000000000156e+01 9.989875454402779020e-01
1.287875000000000014e+01 9.992597995196721428e-01
1.302875000000000227e+01 9.992724296781220206e-01
1.317875000000000085e+01 9.996564609637190735e-01
1.332874999999999943e+01 9.995620595946921316e-01
1.347875000000000156e+01 1.000606466635437064e+00
1.362875000000000014e+01 1.000204516949706468e+00
1.377875000000000227e+01 1.000689289320836117e+00
1.392875000000000085e+01 1.001171906249486598e+00
1.407874999999999943e+01 1.001029437637511954e+00
1.422875000000000156e+01 1.001052083140255622e+00
1.437875000000000014e+01 1.000886087491348553e+00
1.452875000000000227e+01 1.000624614039782978e+00
1.467875000000000085e+01 1.000637127693364103e+00
1.482874999999999943e+01 1.000244460879446740e+00
1.497875000000000156e+01 1.000429285313779282e+00
1.512875000000000014e+01 1.000512803346731427e+00
1.527875000000000227e+01 9.999806558800641287e-01
1.542875000000000085e+01 1.000081786863843414e+00
1.557874999999999943e+01 9.997892899010185630e-01
1.572875000000000156e+01 9.996519920532191961e-01
1.587875000000000014e+01 9.994064137584183216e-01
1.602875000000000227e+01 9.997261613720974660e-01
1.617875000000000085e+01 1.000048999002185024e+00
1.632874999999999943e+01 9.997781084672889840e-01
1.647875000000000156e+01 9.995977142462506571e-01
1.662875000000000014e+01 1.000134037055834479e+00
1.677875000000000227e+01 1.000357345838388090e+00
1.692875000000000085e+01 1.000366077099527518e+00
1.707874999999999943e+01 1.000397954195250350e+00
1.722875000000000156e+01 1.000093707730682846e+00
1.737875000000000014e+01 1.000524340701311798e+00
1.752875000000000227e+01 1.000384119797561366e+00
1.767875000000000085e+01 1.000587980124617138e+00
1.782874999999999943e+01 1.000397891583288290e+00
1.797875000000000156e+01 1.000229863475599279e+00
1.812875000000000014e+01 9.999647914820966044e-01
1.827875000000000227e+01 9.999207834508435644e-01
1.842875000000000085e+01 1.000000500176006168e+00
1.857874999999999943e+01 1.000182264037456470e+00
