# r_minus_2Rs_A,    PMF_over_kBT
-7.947100000000002495e-01 3.548567578554294499e+01
-7.805709949999997121e-01 4.729099461872647936e+01
-7.664319889999999802e-01 5.904797254259284500e+01
-7.522929840000003310e-01 7.069995385004924060e+01
-7.381539779999997108e-01 7.032078807404276688e+01
-7.240149730000000616e-01 6.960382792911801175e+01
-7.098759670000003297e-01 6.838127074061075916e+01
-6.957369619999997923e-01 6.648403154619943223e+01
-6.815979570000001431e-01 6.378679772116073821e+01
-6.674589510000004111e-01 6.025179692190435787e+01
-6.533199459999998737e-01 5.595814697081824818e+01
-6.391809400000001418e-01 5.110231124686499271e+01
-6.250419349999996044e-01 4.596477669785556941e+01
-6.109029289999998724e-01 4.085108971159296232e+01
-5.967639240000002232e-01 3.602015885104868431e+01
-5.826249189999996858e-01 3.163574544494025531e+01
-5.684859129999999539e-01 2.774900006847911982e+01
-5.543469080000003046e-01 2.431927860731693514e+01
-5.402079019999996845e-01 2.125776169701920182e+01
-5.260688970000000353e-01 1.847336550923477816e+01
-5.119298920000003861e-01 1.590352307112974017e+01
-4.977908859999997659e-01 1.352145070238842806e+01
-4.836518810000001167e-01 1.132749461808011127e+01
-4.695128750000003848e-01 9.332551553053390236e+00
-4.553738699999998474e-01 7.540968211495016504e+00
-4.412348640000001154e-01 5.939969360198945836e+00
-4.270958589999995780e-01 4.506485149837573090e+00
-4.129568539999999288e-01 3.216823252619670725e+00
-3.988178480000001969e-01 2.055490905913825550e+00
-3.846788429999996595e-01 1.010091350678979261e+00
-3.705398369999999275e-01 6.874135369554790209e-02
-3.564008320000002783e-01 -7.796524290236063193e-01
-3.422618259999996582e-01 -1.544141989192820974e+00
-3.281228210000000090e-01 -2.230178949387924714e+00
-3.139838160000003597e-01 -2.844282884927489707e+00
-2.998448099999997396e-01 -3.390044453415109960e+00
-2.857058050000000904e-01 -3.873169495040836630e+00
-2.715667990000003584e-01 -4.297126810268021124e+00
-2.574277939999998210e-01 -4.663900762749169537e+00
-2.432887880000000891e-01 -4.975600197977466443e+00
-2.291497830000004399e-01 -5.238221562181291979e+00
-2.150107779999999025e-01 -5.462514104811719839e+00
-2.008717720000001705e-01 -5.656386304895424821e+00
-1.867327669999996331e-01 -5.821981652929048678e+00
-1.725937609999999012e-01 -5.960573352147420678e+00
-1.584547560000002520e-01 -6.076188078734247711e+00
-1.443157499999996318e-01 -6.172373220873566879e+00
-1.301767449999999826e-01 -6.251459195069431374e+00
-1.160377400000003334e-01 -6.311453333409021482e+00
-1.018987339999997133e-01 -6.351864450736186996e+00
-8.775972900000006405e-02 -6.371902577803313150e+00
-7.362072300000033209e-02 -6.375992844036135310e+00
-5.948171799999979470e-02 -6.371251471305123815e+00
-4.534271200000006274e-02 -6.359920114365474220e+00
-3.120370700000041353e-02 -6.340332039795173458e+00
-1.706470199999987614e-02 -6.311110478804238255e+00
-2.925696000000144181e-03 -6.274959834801665082e+00
1.121330900000039321e-02 -6.235583150726104584e+00
2.535231499999923699e-02 -6.195749105382315491e+00
3.949131999999977438e-02 -6.155413382791858901e+00
5.363032500000031177e-02 -6.113114533801303985e+00
6.776933099999915555e-02 -6.067497806852645503e+00
8.190833599999969294e-02 -6.018825484145108540e+00
9.604734200000031308e-02 -5.968513297539701057e+00
1.101863470000008505e-01 -5.917448676021537679e+00
1.243253529999996942e-01 -5.866166929737417490e+00
1.384643580000002316e-01 -5.815304668319871695e+00
1.526033630000007690e-01 -5.766377599712586566e+00
1.667423689999996128e-01 -5.720464774202556946e+00
1.808813740000001502e-01 -5.675918772979173355e+00
1.950203800000007703e-01 -5.628435873668460765e+00
2.091593849999995314e-01 -5.578156347965409267e+00
2.232983910000001515e-01 -5.529411383161916937e+00
2.374373960000006889e-01 -5.485269165080329579e+00
2.515764009999994499e-01 -5.445526170634370722e+00
2.657154070000000701e-01 -5.406277553577905515e+00
2.798544120000006075e-01 -5.362506466735633026e+00
2.939934179999994512e-01 -5.314759210894561825e+00
3.081324229999999886e-01 -5.267671449769655290e+00
3.222714290000006088e-01 -5.225730326393677849e+00
3.364104339999993698e-01 -5.188316057420331973e+00
3.505494389999999072e-01 -5.151051782169401072e+00
3.646884450000005273e-01 -5.111820970269808306e+00
3.788274499999992884e-01 -5.068769386984172343e+00
3.929664559999999085e-01 -5.021291092375316012e+00
4.071054610000004459e-01 -4.969463629891983203e+00
4.212444669999992897e-01 -4.915166817273600941e+00
4.353834719999998271e-01 -4.863838245246161485e+00
4.495224770000003645e-01 -4.819060460475708574e+00
4.636614829999992082e-01 -4.779393423924446438e+00
4.778004879999997456e-01 -4.738833412471615603e+00
4.919394940000003658e-01 -4.693291707536272561e+00
5.060784989999991268e-01 -4.644438322325275870e+00
5.202175049999997469e-01 -4.595740222784741036e+00
5.343565100000002843e-01 -4.548747749584649114e+00
5.484955150000008217e-01 -4.500782752467793912e+00
5.626345209999996655e-01 -4.448850580880895578e+00
5.767735260000002029e-01 -4.396342138975032121e+00
5.909125320000008230e-01 -4.348898239565833990e+00
6.050515369999995841e-01 -4.310397197517424672e+00
6.191905420000001214e-01 -4.278215772941607042e+00
6.333295480000007416e-01 -4.246297482943991675e+00
6.474685529999995026e-01 -4.211199759399983478e+00
6.616075590000001228e-01 -4.174482169473385795e+00
6.757465640000006601e-01 -4.140015736889684383e+00
6.898855699999995039e-01 -4.107112063114975342e+00
7.040245750000000413e-01 -4.071930627185543550e+00
7.181635800000005787e-01 -4.031773673060269125e+00
7.323025859999994225e-01 -3.988465440297412901e+00
7.464415909999999599e-01 -3.944406832323332779e+00
7.605805970000005800e-01 -3.900399500001291653e+00
7.747196019999993410e-01 -3.856176942631772242e+00
7.888586079999999612e-01 -3.810340296181503383e+00
8.029976130000004986e-01 -3.763303783568552774e+00
8.171366179999992596e-01 -3.715623282576042019e+00
8.312756239999998797e-01 -3.667983503233924747e+00
8.454146290000004171e-01 -3.621539491934598232e+00
8.595536349999992609e-01 -3.576463454612593296e+00
8.736926399999997983e-01 -3.534550764838250814e+00
8.878316460000004184e-01 -3.497363539450326186e+00
9.019706509999991795e-01 -3.463440628095757923e+00
9.161096559999997169e-01 -3.428159667028717994e+00
9.302486620000003370e-01 -3.388447164256819022e+00
9.443876670000008744e-01 -3.345178858324875826e+00
9.585266729999997182e-01 -3.300063694910858825e+00
9.726656780000002556e-01 -3.253877481372882130e+00
9.868046840000008757e-01 -3.209185635257734592e+00
1.000943688999999637e+00 -3.167601035335133819e+00
1.015082694000000174e+00 -3.128246303053797472e+00
1.029221700000000794e+00 -3.087640856567896996e+00
1.043360704999999555e+00 -3.044352177659741976e+00
1.057499711000000175e+00 -3.000919209190574755e+00
1.071638716000000713e+00 -2.960073768481914058e+00
1.085777721999999557e+00 -2.922937858414177636e+00
1.099916727000000094e+00 -2.887135305392710904e+00
1.114055732000000631e+00 -2.850246778811412529e+00
1.128194737999999475e+00 -2.814406278021157171e+00
1.142333743000000013e+00 -2.782169564612395618e+00
1.156472749000000633e+00 -2.753398816163866059e+00
1.170611753999999394e+00 -2.723461160944722792e+00
1.184750758999999931e+00 -2.686744182265243808e+00
1.198889765000000551e+00 -2.641696192589707337e+00
1.213028769999999312e+00 -2.592074740040397618e+00
1.227167775999999932e+00 -2.543904904662546596e+00
1.241306781000000470e+00 -2.500457120365112473e+00
1.255445786999999314e+00 -2.460398380205425894e+00
1.269584791999999851e+00 -2.421752761354987626e+00
1.283723797000000388e+00 -2.385035878034256207e+00
1.297862802999999232e+00 -2.352467960433142657e+00
1.312001807999999770e+00 -2.322382755366857232e+00
1.326140814000000390e+00 -2.290531965057544195e+00
1.340279818999999151e+00 -2.254293556938911536e+00
1.354418824999999771e+00 -2.213153899619977327e+00
1.368557830000000308e+00 -2.168792066872908375e+00
1.382696835000000846e+00 -2.120233855194238348e+00
1.396835840999999689e+00 -2.067213192982419567e+00
1.410974846000000227e+00 -2.012187085951396170e+00
1.425113852000000847e+00 -1.960886151919663867e+00
1.439252856999999608e+00 -1.918911523487838000e+00
1.453391863000000228e+00 -1.889105457445545255e+00
1.467530868000000766e+00 -1.869234319126351407e+00
1.481669872999999527e+00 -1.852125735149442676e+00
1.495808879000000147e+00 -1.831540810232993977e+00
1.509947884000000684e+00 -1.804886526267338587e+00
1.524086889999999528e+00 -1.775251599290735616e+00
1.538225895000000065e+00 -1.743449641168294928e+00
1.552364901000000685e+00 -1.708759513456513446e+00
1.566503905999999446e+00 -1.670837440625476233e+00
1.580642910999999984e+00 -1.631024746019811289e+00
1.594781917000000604e+00 -1.591164231056469536e+00
1.608920921999999365e+00 -1.551630702412805762e+00
1.623059927999999985e+00 -1.511700703383501265e+00
1.637198933000000522e+00 -1.471657830219399443e+00
1.651337938999999366e+00 -1.434034990486333871e+00
1.665476943999999904e+00 -1.400763603130388280e+00
1.679615949000000441e+00 -1.372848928439997396e+00
1.693754954999999285e+00 -1.347868322002746311e+00
1.707893959999999822e+00 -1.323751164894659382e+00
1.722032966000000442e+00 -1.297661364010885165e+00
1.736171970999999203e+00 -1.270346414754252695e+00
1.750310975999999741e+00 -1.244107086563883913e+00
1.764449982000000361e+00 -1.219667453678849656e+00
1.778588986999999122e+00 -1.195677982577192155e+00
1.792727992999999742e+00 -1.169097272113736041e+00
1.806866998000000279e+00 -1.139270104087465540e+00
1.821006003999999123e+00 -1.106578080540216780e+00
1.835145008999999661e+00 -1.071224023247942858e+00
1.849284014000000198e+00 -1.033841654105939201e+00
1.863423020000000818e+00 -9.977635596266479778e-01
1.877562024999999579e+00 -9.676266489991717235e-01
1.891701031000000199e+00 -9.445695293671267923e-01
1.905840036000000737e+00 -9.238638920687261002e-01
1.919979041999999581e+00 -9.008462454101884287e-01
1.934118047000000118e+00 -8.721499305519984091e-01
1.948257052000000655e+00 -8.366272925804854044e-01
1.962396057999999499e+00 -7.975214148884053333e-01
1.976535063000000036e+00 -7.601440473866246661e-01
1.990674069000000657e+00 -7.288220718197255810e-01
2.004813073999999418e+00 -7.035962065880194682e-01
2.018952080000000038e+00 -6.818100921478773557e-01
2.033091085000000575e+00 -6.605300032206974370e-01
2.047230089999999336e+00 -6.374941478702211839e-01
2.061369095999999956e+00 -6.113161077270844457e-01
2.075508101000000494e+00 -5.831480885353574894e-01
2.089647106999999338e+00 -5.559567673507052055e-01
2.103786111999999875e+00 -5.325962939297591570e-01
2.117925118000000495e+00 -5.133105105139723623e-01
2.132064122999999256e+00 -4.952806277841451110e-01
2.146203127999999793e+00 -4.770273096860506157e-01
2.160342134000000414e+00 -4.576101137273624331e-01
2.174481138999999175e+00 -4.371477436785630166e-01
2.188620144999999795e+00 -4.158702274149846390e-01
2.202759150000000332e+00 -3.947628139882131681e-01
2.216898155999999176e+00 -3.730438079495238535e-01
2.231037160999999713e+00 -3.493780265012702557e-01
2.245176166000000251e+00 -3.258007147374376022e-01
2.259315172000000871e+00 -3.037123752262165799e-01
2.273454176999999632e+00 -2.839042286647336377e-01
2.287593183000000252e+00 -2.662235961179248989e-01
2.301732188000000789e+00 -2.505666842393546867e-01
2.315871192999999550e+00 -2.370746869602721463e-01
2.330010199000000171e+00 -2.269654008980452609e-01
2.344149204000000708e+00 -2.204491191055358290e-01
2.358288209999999552e+00 -2.159449658520316007e-01
2.372427215000000089e+00 -2.101642087631958311e-01
2.386566221000000709e+00 -2.019959709837166884e-01
2.400705225999999470e+00 -1.927687760990177135e-01
2.414844231000000008e+00 -1.822253106459660321e-01
2.428983237000000628e+00 -1.701098048400713769e-01
2.443122241999999389e+00 -1.537888738693406199e-01
2.457261248000000009e+00 -1.334359660911109413e-01
2.471400253000000546e+00 -1.123697848488423578e-01
2.485539258999999390e+00 -9.506913915750202226e-02
2.499678263999999928e+00 -8.416893941674412349e-02
2.513817269000000465e+00 -7.922187965930760356e-02
2.527956274999999309e+00 -7.905163963404977789e-02
2.542095279999999846e+00 -8.223535689036036433e-02
2.556234286000000466e+00 -8.686048592290045167e-02
2.570373290999999227e+00 -9.022356472616147038e-02
2.584512296999999847e+00 -8.787705001060193422e-02
2.598651302000000385e+00 -7.597663541051247194e-02
2.612790306999999146e+00 -5.693479641205811959e-02
2.626929312999999766e+00 -3.468443491525619038e-02
2.641068318000000303e+00 -1.450229023170853185e-02
2.655207323999999147e+00 3.072009970210844393e-04
2.669346328999999685e+00 9.542900077159780295e-03
2.683485335000000305e+00 1.461134830058341376e-02
2.697624340000000842e+00 2.017936416162531901e-02
2.711763344999999603e+00 2.895516719788323104e-02
2.725902351000000223e+00 4.091420064603568107e-02
2.740041356000000761e+00 5.346387996942070231e-02
2.754180361999999604e+00 6.350011675375100140e-02
2.768319367000000142e+00 7.174892643591826435e-02
2.782458373000000762e+00 8.071850309569582327e-02
2.796597377999999523e+00 9.160213986588416901e-02
2.810736383000000060e+00 1.040428885768610173e-01
2.824875389000000681e+00 1.158051874260953157e-01
2.839014393999999442e+00 1.253651784546126469e-01
2.853153400000000062e+00 1.307702293728235932e-01
2.867292405000000599e+00 1.314567758770290029e-01
2.881431409999999360e+00 1.297256517578872781e-01
2.895570415999999980e+00 1.285558223231125508e-01
2.909709421000000518e+00 1.314386918388971703e-01
2.923848426999999361e+00 1.390735217803443502e-01
2.937987431999999899e+00 1.503581368844682797e-01
2.952126438000000519e+00 1.624307081222416682e-01
2.966265442999999280e+00 1.727758857795507197e-01
2.980404447999999817e+00 1.831544353034738892e-01
2.994543454000000438e+00 1.959824765425229598e-01
3.008682458999999199e+00 2.098449329441531286e-01
3.022821464999999819e+00 2.214015888779148900e-01
3.036960470000000356e+00 2.267256395110711087e-01
3.051099475999999200e+00 2.259014297807505900e-01
3.065238480999999737e+00 2.228520025348738332e-01
3.079377486000000275e+00 2.219761523607720333e-01
3.093516491999999118e+00 2.263342851564663361e-01
3.107655496999999656e+00 2.333814058154785875e-01
3.121794503000000276e+00 2.385091471344532865e-01
3.135933508000000813e+00 2.404941816038999036e-01
3.150072513999999657e+00 2.406274903260007536e-01
3.164211519000000195e+00 2.425772282226669463e-01
3.178350524000000732e+00 2.458749467840869729e-01
3.192489529999999576e+00 2.489265672512743777e-01
3.206628535000000113e+00 2.521546234581464319e-01
3.220767541000000733e+00 2.571329382718445800e-01
3.234906545999999494e+00 2.648005036575232229e-01
3.249045552000000114e+00 2.737229410105210259e-01
3.263184557000000652e+00 2.833596803274739950e-01
3.277323561999999413e+00 2.920166318511950854e-01
3.291462568000000033e+00 2.983663844037185986e-01
3.305601573000000570e+00 3.014332262599594969e-01
3.319740578999999414e+00 3.013342625705680566e-01
3.333879583999999952e+00 2.997105485252191115e-01
3.348018590000000572e+00 2.985024229751805369e-01
3.362157594999999333e+00 2.982552744525884814e-01
3.376296599999999870e+00 2.973672014228156968e-01
3.390435606000000490e+00 2.934511599708689578e-01
3.404574610999999251e+00 2.865290080705638620e-01
3.418713616999999871e+00 2.795495851580440672e-01
3.432852622000000409e+00 2.760479996158527460e-01
3.446991626999999170e+00 2.787089398783280103e-01
3.461130632999999790e+00 2.875126898785751450e-01
3.475269638000000327e+00 3.019265480169508464e-01
3.489408643999999171e+00 3.195056793258809202e-01
3.503547648999999709e+00 3.348293848502095216e-01
3.517686655000000329e+00 3.433156198863471786e-01
3.531825660000000866e+00 3.444773997793433296e-01
3.545964664999999627e+00 3.425863503617468386e-01
3.560103671000000247e+00 3.419248225615660886e-01
3.574242676000000785e+00 3.435363909134683813e-01
3.588381681999999628e+00 3.465766676180995209e-01
3.602520687000000166e+00 3.487996433704315113e-01
3.616659693000000786e+00 3.508102171407756487e-01
3.630798697999999547e+00 3.562678752224665013e-01
3.644937703000000084e+00 3.682790319081448160e-01
3.659076709000000704e+00 3.856024972124221795e-01
3.673215713999999465e+00 4.029476325627285860e-01
3.687354720000000086e+00 4.167108830736386271e-01
3.701493725000000623e+00 4.243983334452536837e-01
3.715632730999999467e+00 4.240666037050099257e-01
3.729771736000000004e+00 4.154622183642899258e-01
3.743910741000000542e+00 4.026896434098408140e-01
3.758049746999999385e+00 3.923065548758656873e-01
3.772188751999999923e+00 3.878355660343354994e-01
3.786327758000000543e+00 3.903368914970073433e-01
3.800466762999999304e+00 3.987621618176717675e-01
3.814605768999999924e+00 4.090697434377853492e-01
3.828744774000000461e+00 4.170501288090993630e-01
3.842883778999999222e+00 4.192900062121840965e-01
3.857022784999999843e+00 4.179607624147460010e-01
3.871161790000000380e+00 4.163482577276174657e-01
3.885300795999999224e+00 4.158660310303498031e-01
3.899439800999999761e+00 4.177967183067939350e-01
3.913578807000000381e+00 4.222344730541228164e-01
3.927717811999999142e+00 4.291059264744703228e-01
3.941856816999999680e+00 4.340039348597907742e-01
3.955995823000000300e+00 4.347091036436481204e-01
3.970134828000000837e+00 4.323546169224362079e-01
3.984273833999999681e+00 4.298577201321762686e-01
3.998412839000000218e+00 4.281557191868046175e-01
4.012551844000000756e+00 4.278030668075937792e-01
4.026690849999999600e+00 4.286000920689900795e-01
4.040829855000000137e+00 4.302875731865043463e-01
4.054968861000000757e+00 4.329223193019893778e-01
4.069107865999999518e+00 4.360970597370084079e-01
4.083246872000000138e+00 4.378218828549194086e-01
4.097385877000000676e+00 4.354842672640231727e-01
4.111524881999999437e+00 4.294249294420637852e-01
4.125663888000000057e+00 4.213094425989657443e-01
4.139802893000000594e+00 4.145139363674796296e-01
4.153941898999999438e+00 4.093957427401069826e-01
4.168080903999999975e+00 4.060328035814369518e-01
4.182219910000000596e+00 4.024652518233106102e-01
4.196358914999999357e+00 3.999650273971179226e-01
4.210497919999999894e+00 3.999620511354369801e-01
4.224636926000000514e+00 4.015345901394055672e-01
4.238775930999999275e+00 4.016901250921378064e-01
4.252914936999999895e+00 3.983154766257281376e-01
4.267053942000000433e+00 3.937857606026966550e-01
4.281192947999999276e+00 3.897740859031557648e-01
4.295331952999999814e+00 3.884700604466999052e-01
4.309470958000000351e+00 3.887459195845958115e-01
4.323609963999999195e+00 3.901521859028586059e-01
4.337748968999999732e+00 3.914242511370104594e-01
4.351887975000000353e+00 3.920841086361240846e-01
4.366026979999999114e+00 3.927775144814541486e-01
4.380165985999999734e+00 3.927213106683140609e-01
4.394304991000000271e+00 3.923645347218804313e-01
4.408443996000000809e+00 3.918022960141722133e-01
4.422583001999999652e+00 3.940236999234679738e-01
4.436722007000000190e+00 4.003701176356339597e-01
4.450861013000000810e+00 4.105068397209900022e-01
4.465000017999999571e+00 4.206111374211876641e-01
4.479139024000000191e+00 4.263549519371304664e-01
4.493278029000000728e+00 4.249723953319251568e-01
4.507417033999999489e+00 4.166355596473133582e-01
4.521556040000000110e+00 4.055245419718739308e-01
4.535695045000000647e+00 3.959201097414203341e-01
4.549834050999999491e+00 3.914926891301107048e-01
4.563973056000000028e+00 3.933270346835844866e-01
4.578112061000000566e+00 3.979234701680169906e-01
4.592251066999999409e+00 3.997862179232356539e-01
4.606390071999999947e+00 3.943291148329824414e-01
4.620529078000000567e+00 3.812950731304643459e-01
4.634668082999999328e+00 3.652570221591157074e-01
4.648807088999999948e+00 3.498459947589532826e-01
4.662946094000000485e+00 3.390814654493088942e-01
4.677085098999999246e+00 3.326965888545838079e-01
4.691224104999999867e+00 3.290957854551095352e-01
4.705363110000000404e+00 3.273401726779401888e-01
4.719502115999999248e+00 3.271863686482039957e-01
4.733641120999999785e+00 3.295612816300584891e-01
4.747780127000000405e+00 3.341792035551212625e-01
4.761919131999999166e+00 3.392323404073848692e-01
4.776058136999999704e+00 3.418688697963289669e-01
4.790197143000000324e+00 3.407360160767538559e-01
4.804336148000000861e+00 3.358424637579962568e-01
4.818475153999999705e+00 3.273341530905587993e-01
4.832614159000000242e+00 3.155618980570219501e-01
4.846753165000000863e+00 3.029724394795394460e-01
4.860892169999999624e+00 2.912582178197358762e-01
4.875031175000000161e+00 2.821955056052137256e-01
4.889170181000000781e+00 2.747918935055437273e-01
4.903309185999999542e+00 2.683837349219260204e-01
4.917448192000000162e+00 2.615031523564539384e-01
4.931587197000000700e+00 2.518420469672975059e-01
4.945726202999999543e+00 2.404339159262581238e-01
4.959865208000000081e+00 2.278412890728820916e-01
4.974004213000000618e+00 2.157867858224117585e-01
4.988143218999999462e+00 2.022263167383281657e-01
5.002282223999999999e+00 1.859525731689259664e-01
5.016421230000000619e+00 1.692605468684410253e-01
5.030560234999999381e+00 1.562063878560545904e-01
5.044699241000000001e+00 1.468885950022880138e-01
5.058838246000000538e+00 1.387008905451073137e-01
5.072977250999999299e+00 1.304365629032583629e-01
5.087116256999999919e+00 1.235552382875676897e-01
5.101255262000000457e+00 1.204930459643852175e-01
5.115394267999999300e+00 1.207089010817010005e-01
5.129533272999999838e+00 1.239133635035708919e-01
5.143672278000000375e+00 1.269719849490490160e-01
5.157811283999999219e+00 1.253312422183607000e-01
5.171950288999999756e+00 1.175688320501559192e-01
5.186089295000000376e+00 1.063615216379290018e-01
5.200228299999999138e+00 9.607569706997290404e-02
5.214367305999999758e+00 8.685417193525542257e-02
5.228506311000000295e+00 7.633269173050886980e-02
5.242645316000000832e+00 6.450703481989468469e-02
5.256784321999999676e+00 5.247338247496220742e-02
5.270923327000000214e+00 4.243535536017143533e-02
5.285062333000000834e+00 3.674412323623717919e-02
5.299201337999999595e+00 3.719105922270197345e-02
5.313340344000000215e+00 4.296166530155668545e-02
5.327479349000000752e+00 5.027206418533343435e-02
5.341618353999999513e+00 5.513909149852953828e-02
5.355757360000000133e+00 5.455293261521867998e-02
5.369896365000000671e+00 4.793864459345323348e-02
5.384035370999999515e+00 3.841131738816016411e-02
5.398174376000000052e+00 2.924744155352480141e-02
5.412313382000000672e+00 2.330198267756126290e-02
5.426452386999999433e+00 1.858771939322896929e-02
5.440591391999999971e+00 1.129802671093689884e-02
5.454730398000000591e+00 2.846646058832406163e-04
5.468869402999999352e+00 -1.315721351767014727e-02
5.483008408999999972e+00 -2.536905604571870407e-02
5.497147414000000509e+00 -3.517629217086929577e-02
5.511286419999999353e+00 -4.036613866913067034e-02
5.525425424999999890e+00 -3.804708535156701293e-02
5.539564430000000428e+00 -3.009666954703267908e-02
5.553703435999999272e+00 -2.097720773283621651e-02
5.567842440999999809e+00 -1.501983023149477785e-02
5.581981447000000429e+00 -1.282280852655996034e-02
5.596120451999999190e+00 -1.518230053418297316e-02
5.610259457999999810e+00 -2.277993336672068381e-02
5.624398463000000348e+00 -3.406656114773909394e-02
5.638537468000000885e+00 -4.617647033356556824e-02
5.652676473999999729e+00 -5.661215753166951720e-02
5.666815479000000266e+00 -6.415670312705638867e-02
5.680954485000000886e+00 -6.703807670774608596e-02
5.695093489999999647e+00 -6.367581378264000613e-02
5.709232495000000185e+00 -5.577467895608378967e-02
5.723371501000000805e+00 -4.809963938324083449e-02
5.737510505999999566e+00 -4.484320533450869561e-02
5.751649512000000186e+00 -4.667850013544475735e-02
5.765788517000000724e+00 -5.177364783725124653e-02
5.779927522999999567e+00 -5.868890691655081343e-02
5.794066528000000105e+00 -6.574581597317555315e-02
5.808205533000000642e+00 -7.085618143712224537e-02
5.822344538999999486e+00 -7.436428836544688170e-02
5.836483544000000023e+00 -7.753124549417833578e-02
5.850622550000000643e+00 -7.914109415645971535e-02
5.864761554999999404e+00 -7.806017257947435450e-02
5.878900561000000025e+00 -7.532527771205128897e-02
5.893039566000000562e+00 -7.406769856636448435e-02
5.907178570999999323e+00 -7.561243353925324595e-02
5.921317576999999943e+00 -7.820546572568314037e-02
5.935456582000000481e+00 -8.037428998243237310e-02
5.949595587999999324e+00 -8.079168560634997220e-02
5.963734592999999862e+00 -7.940422078254272265e-02
5.977873599000000482e+00 -7.729642516269545627e-02
5.992012603999999243e+00 -7.503776409527536384e-02
6.006151608999999780e+00 -7.264564432607537037e-02
6.020290615000000400e+00 -6.886418972958570361e-02
6.034429619999999161e+00 -6.422912239871672591e-02
6.048568625999999782e+00 -6.143637079207072554e-02
6.062707631000000319e+00 -6.248043519339793045e-02
6.076846636999999163e+00 -6.647176891044163927e-02
6.090985641999999700e+00 -7.137319716978632322e-02
6.105124647000000238e+00 -7.500551577384820257e-02
6.119263653000000858e+00 -7.650081727636148798e-02
6.133402657999999619e+00 -7.592837453648590418e-02
6.147541664000000239e+00 -7.415955962217424258e-02
6.161680669000000776e+00 -7.208649158847889316e-02
6.175819674999999620e+00 -6.937679413125626138e-02
6.189958680000000157e+00 -6.812400677618293821e-02
6.204097685000000695e+00 -7.152601134774035085e-02
6.218236690999999539e+00 -8.015721360900583681e-02
6.232375696000000076e+00 -9.075796936817917548e-02
6.246514702000000696e+00 -1.004127127152211613e-01
6.260653706999999457e+00 -1.093688118238323598e-01
6.274792711999999995e+00 -1.194032695306267017e-01
6.288931718000000615e+00 -1.295706223317362460e-01
6.303070722999999376e+00 -1.357035479809501344e-01
6.317209728999999996e+00 -1.346649938196170238e-01
6.331348734000000533e+00 -1.259704819215793636e-01
6.345487739999999377e+00 -1.128444756597630771e-01
6.359626744999999914e+00 -9.967683477447290830e-02
6.373765750000000452e+00 -8.988239120837941687e-02
6.387904755999999296e+00 -8.389688647366710939e-02
6.402043760999999833e+00 -8.306666344569178795e-02
6.416182767000000453e+00 -8.690836441933195988e-02
6.430321771999999214e+00 -9.396500197980373059e-02
6.444460777999999834e+00 -1.020859449922705692e-01
6.458599783000000372e+00 -1.088317019273929986e-01
6.472738787999999133e+00 -1.128123165104308046e-01
6.486877793999999753e+00 -1.115048628697271199e-01
6.501016799000000290e+00 -1.041610235363682052e-01
6.515155804999999134e+00 -9.225740703716903135e-02
6.529294809999999671e+00 -8.000764246566660631e-02
6.543433816000000292e+00 -7.256369065912811334e-02
6.557572821000000829e+00 -7.370335141681039204e-02
6.571711825999999590e+00 -8.252038472055527041e-02
6.585850832000000210e+00 -9.491270947369656596e-02
6.599989837000000747e+00 -1.058438886631236642e-01
6.614128842999999591e+00 -1.115890987774553200e-01
6.628267848000000129e+00 -1.113956706901267357e-01
6.642406854000000749e+00 -1.067127182938823610e-01
6.656545858999999510e+00 -9.921606730370532978e-02
6.670684864000000047e+00 -8.940124370347983518e-02
6.684823870000000667e+00 -7.850925349645621054e-02
6.698962874999999428e+00 -6.598674647409079330e-02
6.713101881000000049e+00 -5.379815739910516481e-02
6.727240886000000586e+00 -4.595766806885848155e-02
6.741379891999999430e+00 -4.510406250923418986e-02
6.755518896999999967e+00 -5.151248697467518400e-02
6.769657902000000504e+00 -6.115373741271194069e-02
6.783796907999999348e+00 -6.966319539337462174e-02
6.797935912999999886e+00 -7.341489455658489760e-02
6.812074919000000506e+00 -7.083098193422186772e-02
6.826213923999999267e+00 -6.435103986296533685e-02
6.840352928999999804e+00 -5.764638298479714956e-02
6.854491935000000424e+00 -5.256418062722663376e-02
6.868630939999999185e+00 -4.977447574345697512e-02
6.882769945999999806e+00 -4.785356049437675813e-02
6.896908951000000343e+00 -4.578254182444634057e-02
6.911047956999999187e+00 -4.396285806377402128e-02
6.925186961999999724e+00 -4.260047044380854686e-02
6.939325967000000261e+00 -4.139142426680564313e-02
6.953464973000000882e+00 -3.950144764632312205e-02
6.967603977999999643e+00 -3.653286517220758617e-02
6.981742984000000263e+00 -3.210608147485061181e-02
6.995881989000000800e+00 -2.690339101189210061e-02
7.010020994999999644e+00 -2.177130277578953610e-02
7.024160000000000181e+00 -1.563035147047505194e-02
7.038299005000000719e+00 -7.809602881238219239e-03
7.052438010999999563e+00 -1.465508470047893752e-03
7.066577016000000100e+00 -1.402531471036638343e-03
7.080716022000000720e+00 -6.972627389984609181e-03
7.094855026999999481e+00 -1.424287840815215492e-02
7.108994033000000101e+00 -2.105844974693127369e-02
7.123133038000000639e+00 -2.832160154477492142e-02
7.137272042999999400e+00 -3.726102642462100073e-02
7.151411049000000020e+00 -4.760768647023402161e-02
7.165550054000000557e+00 -5.704351175770720067e-02
7.179689059999999401e+00 -6.073808424037233089e-02
7.193828064999999938e+00 -5.800183919640269914e-02
7.207967071000000558e+00 -5.286191581548630586e-02
7.222106075999999319e+00 -4.917686265191652251e-02
7.236245080999999857e+00 -4.653092099635358636e-02
7.250384087000000477e+00 -3.994009638398428319e-02
7.264523091999999238e+00 -2.751886944569766763e-02
7.278662097999999858e+00 -1.185226306172400962e-02
7.292801103000000396e+00 6.864313370726863196e-04
7.306940107999999157e+00 8.653213493450566743e-03
7.321079113999999777e+00 1.546244288186216127e-02
7.335218119000000314e+00 2.293226331794783954e-02
7.349357124999999158e+00 3.038817141860287313e-02
7.363496129999999695e+00 3.383725801075124912e-02
7.377635136000000315e+00 3.157825404491632071e-02
7.391774141000000853e+00 2.434995611241911467e-02
7.405913145999999614e+00 1.536330905743928110e-02
7.420052152000000234e+00 7.544526662213018112e-03
7.434191157000000771e+00 1.687503196400538764e-03
7.448330162999999615e+00 -2.273478968994880646e-03
7.462469168000000153e+00 -3.375318257480348656e-03
7.476608174000000773e+00 -2.396205243565928270e-04
7.490747178999999534e+00 7.436184250965519396e-03
7.504886184000000071e+00 1.602590861233229094e-02
7.519025190000000691e+00 1.951609935172626473e-02
7.533164194999999452e+00 1.793700071931188939e-02
7.547303201000000072e+00 1.754526775176638159e-02
7.561442206000000610e+00 2.328207570640472568e-02
7.575581211999999454e+00 3.337953920896789134e-02
7.589720216999999991e+00 4.290121203596915234e-02
7.603859222000000528e+00 4.552482673353588916e-02
7.617998227999999372e+00 3.943339184419394905e-02
7.632137232999999910e+00 2.914163360850352893e-02
7.646276239000000530e+00 1.989973906303296389e-02
7.660415243999999291e+00 1.408395367164653328e-02
7.674554249999999911e+00 8.694810182345710445e-03
7.688693255000000448e+00 2.236805631468996580e-03
7.702832259999999209e+00 -3.343278361351546216e-03
7.716971265999999829e+00 -5.252545310398204492e-03
7.731110271000000367e+00 -1.908482798948323055e-03
7.745249276999999211e+00 7.087238656356001712e-03
7.759388281999999748e+00 2.071852181422665848e-02
7.773527288000000368e+00 3.784815202241986754e-02
7.787666292999999129e+00 5.420147818924429123e-02
7.801805297999999667e+00 6.338118006682216810e-02
7.815944304000000287e+00 6.292348076392309530e-02
7.830083309000000824e+00 5.404175760213311003e-02
7.844222314999999668e+00 4.248148184657196680e-02
7.858361320000000205e+00 3.393542676208009118e-02
7.872500325000000743e+00 3.025552900715429774e-02
7.886639330999999586e+00 3.097581907970455017e-02
7.900778336000000124e+00 3.195631428949970154e-02
7.914917342000000744e+00 3.039683568624932525e-02
7.929056346999999505e+00 2.613344942518599015e-02
7.943195353000000125e+00 2.212417771724280516e-02
7.957334358000000663e+00 2.125632118853341274e-02
7.971473362999999424e+00 2.119910147730526620e-02
7.985612369000000044e+00 2.072625610154451084e-02
7.999751374000000581e+00 1.904211853139514340e-02
8.013890379999999425e+00 1.603715940612933724e-02
8.028029384999999962e+00 1.304054930367470715e-02
8.042168391000000582e+00 1.240532275839238176e-02
8.056307396000001120e+00 1.713524128927209136e-02
8.070446401000001657e+00 2.481652321048481019e-02
8.084585406999998725e+00 3.019164725233499172e-02
8.098724411999999262e+00 3.236656069802278796e-02
8.112863417999999882e+00 3.192301916505849851e-02
8.127002423000000420e+00 2.963528373131888924e-02
8.141141429000001040e+00 2.425518466748144072e-02
8.155280434000001577e+00 1.508983161514028740e-02
8.169419438999998562e+00 2.627090211241521998e-03
8.183558444999999182e+00 -1.240493289335849528e-02
8.197697449999999719e+00 -2.737089680296852026e-02
8.211836456000000339e+00 -3.843158096287642433e-02
8.225975461000000877e+00 -4.275581992839978807e-02
8.240114467000001497e+00 -4.141289618821985402e-02
8.254253471999998482e+00 -3.528378489570371812e-02
8.268392476999999019e+00 -2.513212195091085732e-02
8.282531482999999639e+00 -1.387137491690519121e-02
8.296670488000000176e+00 -6.468778846745236975e-03
8.310809494000000797e+00 -5.140220172414442998e-03
8.324948499000001334e+00 -7.044586803279645308e-03
8.339087504999998401e+00 -8.156658009852433763e-03
8.353226509999998939e+00 -6.775097773302245045e-03
8.367365514999999476e+00 -3.078544813658841590e-03
8.381504521000000096e+00 1.662610864398080370e-03
8.395643526000000634e+00 4.461494406539164188e-03
8.409782532000001254e+00 5.071723155734749085e-03
8.423921536999998239e+00 4.491077038184224449e-03
8.438060541999998776e+00 2.699001493217186628e-03
8.452199547999999396e+00 2.152501087711741838e-05
8.466338552999999933e+00 -2.932961912397520805e-03
8.480477559000000554e+00 -5.427029508202469571e-03
8.494616564000001091e+00 -7.474460125877156400e-03
8.508755570000001711e+00 -9.411799478473406935e-03
8.522894574999998696e+00 -1.036689531382961604e-02
8.537033579999999233e+00 -9.941551983821737479e-03
8.551172585999999853e+00 -7.227500341772477056e-03
8.565311591000000391e+00 -2.363482273999295558e-03
8.579450597000001011e+00 3.530797589654355306e-03
8.593589602000001548e+00 9.243049699333500541e-03
8.607728607999998616e+00 1.369922171131321247e-02
8.621867612999999153e+00 1.555774925136906364e-02
8.636006617999999690e+00 1.294070205034358705e-02
8.650145624000000311e+00 6.985557618548909886e-03
8.664284629000000848e+00 -1.450158341071981804e-04
8.678423635000001468e+00 -5.437719957439431269e-03
8.692562639999998453e+00 -8.202237394428379957e-03
8.706701645999999073e+00 -9.674333217809305552e-03
8.720840650999999610e+00 -1.189399448560379824e-02
8.734979656000000148e+00 -1.471776209526372628e-02
8.749118662000000768e+00 -1.629458651511820483e-02
8.763257667000001305e+00 -1.514517958723615720e-02
8.777396672999998373e+00 -1.323839243668345489e-02
8.791535677999998910e+00 -1.474723166369547658e-02
8.805674683999999530e+00 -2.119424665966581148e-02
8.819813689000000068e+00 -2.980016643103292756e-02
8.833952694000000605e+00 -3.625855965140800663e-02
8.848091700000001225e+00 -4.035867163370691207e-02
8.862230705000001763e+00 -4.347415109818323492e-02
8.876369710999998830e+00 -4.604127191493508769e-02
8.890508715999999367e+00 -4.685390304997837790e-02
8.904647721999999987e+00 -4.392033124838690128e-02
8.918786727000000525e+00 -3.711403186345781091e-02
8.932925732000001062e+00 -2.904955788819544790e-02
8.947064738000001682e+00 -2.291413646142596502e-02
8.961203742999998667e+00 -2.178569831085278713e-02
8.975342748999999287e+00 -2.536695686192302901e-02
8.989481753999999825e+00 -3.257153448085622210e-02
9.003620759000000362e+00 -4.202262741073070629e-02
9.017759765000000982e+00 -5.236598109097911208e-02
9.031898770000001520e+00 -6.152661683218951100e-02
9.046037775999998587e+00 -6.824259543655131210e-02
9.060176780999999124e+00 -7.272998985141043704e-02
9.074315786999999744e+00 -7.511378413654530573e-02
9.088454792000000282e+00 -7.579225581701128089e-02
9.102593797000000819e+00 -7.338284182760189400e-02
9.116732803000001439e+00 -6.764936018666863060e-02
9.130871807999998424e+00 -5.791895210369327890e-02
9.145010813999999044e+00 -4.650557376472145427e-02
9.159149818999999582e+00 -3.753270840514725398e-02
9.173288825000000202e+00 -3.365527010055776452e-02
9.187427830000000739e+00 -3.408345485117791895e-02
9.201566835000001277e+00 -3.514646154219273205e-02
9.215705840999998344e+00 -3.419706835183215082e-02
9.229844845999998881e+00 -3.097849999827199594e-02
9.243983851999999501e+00 -2.929718843598057634e-02
9.258122857000000039e+00 -3.196274194335776281e-02
9.272261863000000659e+00 -4.066347006882864434e-02
9.286400868000001196e+00 -5.282311196708159434e-02
9.300539873000001734e+00 -6.444560332106399891e-02
9.314678878999998801e+00 -7.248948475708989758e-02
9.328817883999999339e+00 -7.634663256555285216e-02
9.342956889999999959e+00 -7.821261724987967068e-02
9.357095895000000496e+00 -7.950378644719789667e-02
9.371234901000001116e+00 -8.264057271842517594e-02
9.385373906000001654e+00 -8.747981656083206325e-02
9.399512910999998638e+00 -9.337463324439927714e-02
9.413651916999999258e+00 -9.787485425975953057e-02
9.427790921999999796e+00 -9.894229732397501198e-02
9.441929928000000416e+00 -9.626472760871015999e-02
9.456068933000000953e+00 -9.206559939327972619e-02
9.470207939000001574e+00 -8.920378427486495843e-02
9.484346943999998558e+00 -8.677643036896634521e-02
9.498485948999999096e+00 -8.282543889966831330e-02
9.512624954999999716e+00 -7.746047100042594002e-02
9.526763960000000253e+00 -7.258802563075997250e-02
9.540902966000000873e+00 -6.897044169740478015e-02
9.555041971000001411e+00 -6.671772311675283618e-02
9.569180975999998395e+00 -6.529075500386956332e-02
9.583319981999999015e+00 -6.382996854401312703e-02
9.597458986999999553e+00 -6.002736412618977363e-02
9.611597993000000173e+00 -5.453267829483365858e-02
9.625736998000000710e+00 -4.968118581173067844e-02
9.639876004000001330e+00 -4.788643724838217985e-02
9.654015008999998315e+00 -4.950861801943772650e-02
9.668154013999998853e+00 -5.278689763254836020e-02
9.682293019999999473e+00 -5.687118321228486900e-02
9.696432025000000010e+00 -6.065494713978836216e-02
9.710571031000000630e+00 -6.292726491119064736e-02
9.724710036000001168e+00 -6.280922936958195646e-02
9.738849041999998235e+00 -6.227437089345026072e-02
9.752988046999998772e+00 -6.515857730203340747e-02
9.767127051999999310e+00 -7.333625117628154999e-02
9.781266057999999930e+00 -8.633090274670252029e-02
9.795405063000000467e+00 -1.034110492239198181e-01
9.809544069000001087e+00 -1.209639295858456337e-01
9.823683074000001625e+00 -1.341400570279299986e-01
9.837822079999998692e+00 -1.399871035106675099e-01
9.851961084999999230e+00 -1.395751975303980430e-01
9.866100089999999767e+00 -1.363139891377282142e-01
9.880239096000000387e+00 -1.308762627061999528e-01
9.894378101000000925e+00 -1.220540008011639088e-01
9.908517107000001545e+00 -1.079819431338341074e-01
9.922656111999998529e+00 -8.998214369745956287e-02
9.936795117999999150e+00 -7.224818589152921799e-02
9.950934122999999687e+00 -5.879547475511277821e-02
9.965073128000000224e+00 -5.210376148035085475e-02
9.979212134000000844e+00 -5.116647912326044434e-02
9.993351139000001382e+00 -5.554226697946754859e-02
1.000749014499999845e+01 -6.407603844841483487e-02
1.002162914999999899e+01 -7.573753479844687331e-02
1.003576815599999961e+01 -8.730261931417258869e-02
1.004990716100000014e+01 -9.497965858070973877e-02
1.006404616600000068e+01 -9.929315283514246471e-02
1.007818517200000130e+01 -1.032464137796556686e-01
1.009232417699999829e+01 -1.098040927918996490e-01
1.010646318299999891e+01 -1.166313774389090840e-01
1.012060218799999944e+01 -1.198446061104855576e-01
1.013474119299999998e+01 -1.159584127529858649e-01
1.014888019900000060e+01 -1.066082928713640854e-01
1.016301920400000114e+01 -9.660637655285833625e-02
1.017715821000000176e+01 -8.900432934083823966e-02
1.019129721499999874e+01 -8.426196038124089682e-02
1.020543622099999936e+01 -8.016340527664547744e-02
1.021957522599999990e+01 -7.570702312050532623e-02
1.023371423100000044e+01 -7.119399961403161115e-02
1.024785323700000106e+01 -6.809175160078240197e-02
1.026199224200000160e+01 -6.753739413587329932e-02
1.027613124799999866e+01 -6.907653985318754075e-02
1.029027025299999920e+01 -7.046665514170058486e-02
1.030440925899999982e+01 -7.047830257791314057e-02
1.031854826400000036e+01 -6.965772316780297069e-02
1.033268726900000090e+01 -7.013259343939873269e-02
1.034682627500000152e+01 -7.383610666962425739e-02
1.036096527999999850e+01 -8.173717819877641955e-02
1.037510428599999912e+01 -9.299364416047950499e-02
1.038924329099999966e+01 -1.047453472253891960e-01
1.040338229700000028e+01 -1.128417478787990119e-01
1.041752130200000082e+01 -1.124219492250991548e-01
1.043166030700000135e+01 -1.019010024077218191e-01
1.044579931299999842e+01 -8.564087518858089221e-02
1.045993831799999896e+01 -7.202185441018589540e-02
1.047407732399999958e+01 -6.837703809673219280e-02
1.048821632900000012e+01 -7.513988606788046809e-02
1.050235533500000074e+01 -8.650105058793873536e-02
1.051649434000000127e+01 -9.536729573017765915e-02
1.053063334499999826e+01 -9.826963647521343159e-02
1.054477235099999888e+01 -9.762195379640796478e-02
1.055891135599999942e+01 -9.652918704407652262e-02
1.057305036200000004e+01 -9.837098753899907455e-02
1.058718936700000057e+01 -1.019526129733587111e-01
1.060132837300000119e+01 -1.030272521145623871e-01
1.061546737800000173e+01 -9.901620506230793262e-02
1.062960638299999871e+01 -9.044134038467176173e-02
1.064374538899999934e+01 -8.202348463911590670e-02
1.065788439399999987e+01 -7.671541702404027774e-02
1.067202340000000049e+01 -7.649759219349287764e-02
1.068616240500000103e+01 -7.997066825851580074e-02
1.070030141000000157e+01 -8.319689947295454135e-02
1.071444041599999863e+01 -8.431845499297452307e-02
1.072857942099999917e+01 -8.389026661758927639e-02
1.074271842699999979e+01 -8.566297344328906160e-02
1.075685743200000033e+01 -9.152535028670409634e-02
1.077099643800000095e+01 -1.002322733864010329e-01
1.078513544300000149e+01 -1.077209893784782935e-01
1.079927444799999847e+01 -1.086010269672049305e-01
1.081341345399999909e+01 -1.021044744173025265e-01
1.082755245899999963e+01 -9.115839421702294498e-02
1.084169146500000025e+01 -7.945551190635312400e-02
1.085583047000000079e+01 -7.219627356917139582e-02
1.086996947600000141e+01 -7.218171397959594060e-02
1.088410848099999839e+01 -7.883436738534280175e-02
1.089824748599999893e+01 -8.916574947638149229e-02
1.091238649199999955e+01 -9.701700645524387323e-02
1.092652549700000009e+01 -1.014920630924625727e-01
1.094066450300000071e+01 -1.016916710128299289e-01
1.095480350800000124e+01 -9.823028398799966976e-02
1.096894251399999831e+01 -9.239667225864423017e-02
1.098308151899999885e+01 -8.476652375169160814e-02
1.099722052399999939e+01 -7.781827040645337978e-02
1.101135953000000001e+01 -7.109966570631817695e-02
1.102549853500000054e+01 -6.614511090340849386e-02
1.103963754100000116e+01 -6.357091074828720434e-02
1.105377654600000170e+01 -6.274482749044096863e-02
1.106791555199999877e+01 -6.236042154003484245e-02
1.108205455699999931e+01 -6.170141100254037531e-02
1.109619356199999984e+01 -6.276364194899504423e-02
1.111033256800000046e+01 -6.356563672178812407e-02
1.112447157300000100e+01 -6.171668000980427837e-02
1.113861057900000162e+01 -5.797515588321763141e-02
1.115274958399999861e+01 -5.464151788443653152e-02
1.116688858999999923e+01 -5.412542799179220765e-02
1.118102759499999976e+01 -5.623015506238241562e-02
1.119516660000000030e+01 -6.079820685227587534e-02
1.120930560600000092e+01 -6.742177453902323259e-02
1.122344461100000146e+01 -7.342509662490688538e-02
1.123758361699999853e+01 -7.580620534587011183e-02
1.125172262199999906e+01 -7.415315460391268265e-02
1.126586162699999960e+01 -6.953710833105948563e-02
1.128000063300000022e+01 -6.621444618939639759e-02
1.129413963800000076e+01 -6.721691974839434647e-02
1.130827864400000138e+01 -7.244196062323263186e-02
1.132241764899999836e+01 -7.999652539203101764e-02
1.133655665499999898e+01 -8.568073802560623176e-02
1.135069565999999952e+01 -8.829940262888176516e-02
1.136483466500000006e+01 -8.863895984578107345e-02
1.137897367100000068e+01 -8.727119076292191857e-02
1.139311267600000122e+01 -8.498883634008316812e-02
1.140725168199999828e+01 -8.195064846387131730e-02
1.142139068699999882e+01 -7.885079100348472980e-02
1.143552969299999944e+01 -7.557581297428819789e-02
1.144966869799999998e+01 -7.237924851852520214e-02
1.146380770300000052e+01 -7.045974921965363069e-02
1.147794670900000114e+01 -7.089900299083733148e-02
1.149208571400000167e+01 -7.369421937829183367e-02
1.150622471999999874e+01 -7.786910918946669813e-02
1.152036372499999928e+01 -8.152183556730581426e-02
1.153450273099999990e+01 -8.233220615160044553e-02
1.154864173600000044e+01 -7.941338714648082941e-02
1.156278074100000097e+01 -7.568012101088091026e-02
1.157691974700000159e+01 -7.273875017233895346e-02
1.159105875199999858e+01 -7.019861709011364359e-02
1.160519775799999920e+01 -6.700361442224316011e-02
1.161933676299999973e+01 -6.271790975760420384e-02
1.163347576900000035e+01 -5.810057786696631171e-02
1.164761477400000089e+01 -5.391221319644045468e-02
1.166175377900000143e+01 -5.117205310282457037e-02
1.167589278499999850e+01 -5.145148249107004551e-02
1.169003178999999903e+01 -5.276099280730525004e-02
1.170417079599999965e+01 -5.212179830972966249e-02
1.171830980100000019e+01 -4.868654538413134253e-02
1.173244880700000081e+01 -4.399156863756559233e-02
1.174658781200000135e+01 -4.017232942389151878e-02
1.176072681699999833e+01 -3.704782772994026641e-02
1.177486582299999895e+01 -3.570243984846873525e-02
1.178900482799999949e+01 -3.847695169950782201e-02
1.180314383400000011e+01 -4.412830601749817561e-02
1.181728283900000065e+01 -4.828125063594749383e-02
1.183142184400000119e+01 -4.880421199626993473e-02
1.184556084999999825e+01 -4.569724788017263256e-02
1.185969985499999879e+01 -4.167955863298308111e-02
1.187383886099999941e+01 -3.918238104882002665e-02
1.188797786599999995e+01 -4.012931357457697606e-02
1.190211687200000057e+01 -4.304752446973243718e-02
1.191625587700000111e+01 -4.300757424325259148e-02
1.193039488200000164e+01 -3.812630677577052291e-02
1.194453388799999871e+01 -3.076582489444490767e-02
1.195867289299999925e+01 -2.679599789934172804e-02
1.197281189899999987e+01 -3.040189632439193809e-02
1.198695090400000041e+01 -3.970772614792631577e-02
1.200108991000000103e+01 -4.816619086757138041e-02
1.201522891500000156e+01 -5.006482654006087080e-02
1.202936791999999855e+01 -4.318994651576701926e-02
1.204350692599999917e+01 -3.007200016018884980e-02
1.205764593099999971e+01 -1.510895743355670541e-02
1.207178493700000033e+01 -3.142334072196699239e-03
1.208592394200000086e+01 2.162379396677257745e-03
1.210006294800000148e+01 -7.811975871163698933e-05
1.211420195299999847e+01 -1.038331513807359135e-02
1.212834095799999901e+01 -2.475431708378532034e-02
1.214247996399999963e+01 -3.812023364708494455e-02
1.215661896900000016e+01 -4.616735234431956075e-02
1.217075797500000078e+01 -4.639063102239759234e-02
1.218489698000000132e+01 -4.204838067007916902e-02
1.219903598599999839e+01 -3.621263968298175234e-02
1.221317499099999893e+01 -3.050649721664910538e-02
1.222731399599999946e+01 -2.292670246446230561e-02
1.224145300200000008e+01 -1.164845963669591811e-02
1.225559200700000062e+01 -5.782830362903722569e-04
1.226973101300000124e+01 6.499106491553163778e-03
1.228387001799999823e+01 6.737122128801805061e-03
1.229800902399999885e+01 3.373861002645620402e-03
1.231214802899999938e+01 1.433295952210756653e-03
1.232628703399999992e+01 1.566955904327945294e-03
1.234042604000000054e+01 1.650958752961183588e-04
1.235456504500000108e+01 -6.377974355515902971e-03
1.236870405100000170e+01 -1.659688641663592534e-02
1.238284305599999868e+01 -2.323561555390085340e-02
1.239698206099999922e+01 -2.298966261679898440e-02
1.241112106699999984e+01 -1.895007371580703648e-02
1.242526007200000038e+01 -1.794527409396096118e-02
1.243939907800000100e+01 -2.279364900789223117e-02
1.245353808300000154e+01 -2.798774407097918276e-02
1.246767708899999860e+01 -2.953146590040252317e-02
1.248181609399999914e+01 -2.648024623929500984e-02
1.249595509899999968e+01 -2.395250313706279513e-02
1.251009410500000030e+01 -2.645149576983148176e-02
1.252423311000000083e+01 -3.278513846061532899e-02
1.253837211600000145e+01 -3.969235819295372641e-02
1.255251112099999844e+01 -4.565864224022912060e-02
1.256665012699999906e+01 -5.146948291802052461e-02
1.258078913199999960e+01 -5.604043875331399249e-02
1.259492813700000013e+01 -5.633103932032904743e-02
1.260906714300000075e+01 -5.184304307369558273e-02
1.262320614800000129e+01 -4.643854855066109621e-02
1.263734515399999836e+01 -4.506506585798082665e-02
1.265148415899999890e+01 -4.996178775201561006e-02
1.266562316499999952e+01 -5.669354335811031126e-02
1.267976217000000005e+01 -6.082309072767818486e-02
1.269390117500000059e+01 -6.076621455625286217e-02
1.270804018100000121e+01 -5.890050636431236331e-02
1.272217918600000175e+01 -5.850109961186925750e-02
1.273631819199999882e+01 -6.158225094853264636e-02
1.275045719699999935e+01 -6.665119180242129460e-02
1.276459620299999997e+01 -6.896990874550586181e-02
1.277873520800000051e+01 -6.592931965601186994e-02
1.279287421300000105e+01 -5.776420375009177349e-02
1.280701321900000167e+01 -4.698050626712794997e-02
1.282115222399999865e+01 -3.616079272548233109e-02
1.283529122999999927e+01 -2.810568368766060837e-02
1.284943023499999981e+01 -2.267726919506192831e-02
1.286356924100000043e+01 -1.825729478823252816e-02
1.287770824600000097e+01 -1.382804708321572033e-02
1.289184725100000151e+01 -1.046296909841023214e-02
1.290598625699999857e+01 -9.813991593572286148e-03
1.292012526199999911e+01 -1.152199043238274004e-02
1.293426426799999973e+01 -1.352704705799586370e-02
1.294840327300000027e+01 -1.385258083019399143e-02
1.296254227800000081e+01 -1.436231931411195359e-02
1.297668128400000143e+01 -1.653978749702152487e-02
1.299082028899999841e+01 -1.914855803508667617e-02
1.300495929499999903e+01 -1.934049522761209158e-02
1.301909829999999957e+01 -1.684799716094668304e-02
1.303323730600000019e+01 -1.477453543929622450e-02
1.304737631100000073e+01 -1.571928376032379407e-02
1.306151531600000126e+01 -2.009892883340332406e-02
1.307565432199999833e+01 -2.497214625349641545e-02
1.308979332699999887e+01 -2.832709960973052790e-02
1.310393233299999949e+01 -3.277891019706184045e-02
1.311807133800000003e+01 -4.143411899407804105e-02
1.313221034400000065e+01 -5.335170421093000936e-02
1.314634934900000118e+01 -6.345142958137728328e-02
1.316048835400000172e+01 -6.584261958781448265e-02
1.317462735999999879e+01 -6.089236273591087933e-02
1.318876636499999933e+01 -5.428181199283225317e-02
1.320290537099999995e+01 -5.085644784143283220e-02
1.321704437600000048e+01 -5.120029456345775304e-02
1.323118338200000110e+01 -5.313099561014430344e-02
1.324532238700000164e+01 -5.668973940667854094e-02
1.325946139199999863e+01 -6.287089534718859341e-02
1.327360039799999925e+01 -6.982081098666981234e-02
1.328773940299999978e+01 -7.336615050431068152e-02
1.330187840900000040e+01 -6.948664063927385837e-02
1.331601741400000094e+01 -6.021233313435440243e-02
1.333015642000000156e+01 -5.237607779656864443e-02
1.334429542499999854e+01 -5.080851462816345782e-02
1.335843442999999908e+01 -5.563492180388844577e-02
1.337257343599999970e+01 -6.363366293557012887e-02
1.338671244100000024e+01 -7.267730317947258822e-02
1.340085144700000086e+01 -8.141485418688650111e-02
1.341499045200000140e+01 -9.018246297668022771e-02
1.342912945799999846e+01 -9.804854401386127460e-02
1.344326846299999900e+01 -1.035999258343688750e-01
1.345740746799999954e+01 -1.070269545971479913e-01
1.347154647400000016e+01 -1.076874018531152472e-01
1.348568547900000070e+01 -1.057721147487598046e-01
1.349982448500000132e+01 -1.020955200174924471e-01
1.351396348999999830e+01 -9.888780234364227817e-02
1.352810249499999884e+01 -9.600534454988718380e-02
1.354224150099999946e+01 -9.249060444800960568e-02
1.355638050600000000e+01 -8.970769485734089721e-02
1.357051951200000062e+01 -8.812298314069975935e-02
1.358465851700000115e+01 -8.709251682731651567e-02
1.359879752300000177e+01 -8.548874608357456828e-02
1.361293652799999876e+01 -8.244871388354131636e-02
1.362707553299999930e+01 -7.838428478738988792e-02
1.364121453899999992e+01 -7.428648709010586548e-02
1.365535354400000045e+01 -7.218601364979804202e-02
1.366949255000000107e+01 -7.247539415726340917e-02
1.368363155500000161e+01 -7.448630411484913338e-02
1.369777056099999868e+01 -7.603423298909461892e-02
1.371190956599999922e+01 -7.473519508181661331e-02
1.372604857099999975e+01 -7.134331948179806204e-02
1.374018757700000037e+01 -6.830750493713347304e-02
1.375432658200000091e+01 -6.674328892475499264e-02
1.376846558800000153e+01 -6.663632715796552475e-02
1.378260459299999852e+01 -6.896576446936582283e-02
1.379674359899999914e+01 -7.400909573906488959e-02
1.381088260399999967e+01 -7.962401039825077464e-02
1.382502160900000021e+01 -8.401517594491518526e-02
1.383916061500000083e+01 -8.780096396535932990e-02
1.385329962000000137e+01 -9.118710270390076311e-02
1.386743862599999844e+01 -9.570604701008751658e-02
1.388157763099999897e+01 -1.011063006512031709e-01
1.389571663699999959e+01 -1.070245276851148619e-01
1.390985564200000013e+01 -1.133798235526413123e-01
1.392399464700000067e+01 -1.184679083160299629e-01
1.393813365300000129e+01 -1.208948964783402857e-01
1.395227265799999827e+01 -1.188128777773940215e-01
1.396641166399999889e+01 -1.136723205875966869e-01
1.398055066899999943e+01 -1.081605796455538809e-01
1.399468967500000005e+01 -1.035040159360770817e-01
1.400882868000000059e+01 -1.001157702363476149e-01
1.402296768500000113e+01 -9.693895069055240288e-02
1.403710669100000175e+01 -9.210447346547567804e-02
1.405124569599999873e+01 -8.448649248813920598e-02
1.406538470199999935e+01 -7.410794035984479000e-02
1.407952370699999989e+01 -6.233227742459017395e-02
1.409366271200000043e+01 -5.173474644112019405e-02
1.410780171800000105e+01 -4.505321110635898685e-02
1.412194072300000158e+01 -4.226582396301854783e-02
1.413607972899999865e+01 -4.185099807096766961e-02
1.415021873399999919e+01 -4.251291963337422430e-02
1.416435773999999981e+01 -4.263495979673356112e-02
1.417849674500000035e+01 -4.248706348041745434e-02
1.419263575000000088e+01 -4.240765769947785202e-02
1.420677475600000150e+01 -4.371812413935315805e-02
1.422091376099999849e+01 -4.766241191522860993e-02
1.423505276699999911e+01 -5.367108759817540431e-02
1.424919177199999965e+01 -6.131041543733080357e-02
1.426333077800000027e+01 -7.007633055491169216e-02
1.427746978300000080e+01 -7.805773143590499785e-02
1.429160878800000134e+01 -8.298130896284779123e-02
1.430574779399999841e+01 -8.217857423132338135e-02
1.431988679899999894e+01 -7.510537339891953934e-02
1.433402580499999956e+01 -6.300797621748206734e-02
1.434816481000000010e+01 -4.758341728961331535e-02
1.436230381600000072e+01 -3.334186087160635747e-02
1.437644282100000126e+01 -2.582845154064490611e-02
1.439058182599999824e+01 -2.632595204033805203e-02
1.440472083199999886e+01 -3.137483691193902052e-02
1.441885983699999940e+01 -3.703833849718070337e-02
1.443299884300000002e+01 -4.201642741127879083e-02
1.444713784800000056e+01 -4.749344279236329680e-02
1.446127685400000118e+01 -5.321216800090885352e-02
1.447541585900000172e+01 -5.915345981457183905e-02
1.448955486399999870e+01 -6.537463704997274749e-02
1.450369386999999932e+01 -7.119268406600789967e-02
1.451783287499999986e+01 -7.535246907855963627e-02
1.453197188100000048e+01 -7.644620942713942213e-02
1.454611088600000102e+01 -7.536999673638196395e-02
1.456024989200000164e+01 -7.537640484374226457e-02
1.457438889699999862e+01 -7.977269241521156573e-02
1.458852790199999916e+01 -8.824909637534261719e-02
1.460266690799999978e+01 -9.589545435605373314e-02
1.461680591300000032e+01 -9.693582288107668865e-02
1.463094491900000094e+01 -9.133251064913376627e-02
1.464508392400000147e+01 -8.469155856620601275e-02
1.465922292899999846e+01 -8.353225801486037494e-02
1.467336193499999908e+01 -8.849940084445270805e-02
1.468750093999999962e+01 -9.593634136006794211e-02
1.470163994600000024e+01 -1.019653605049460482e-01
1.471577895100000077e+01 -1.049908070459769222e-01
1.472991795700000139e+01 -1.053288369543305264e-01
1.474405696199999838e+01 -1.028054817564102025e-01
1.475819596699999892e+01 -9.923450097860589403e-02
1.477233497299999954e+01 -9.438584204988841042e-02
1.478647397800000007e+01 -8.941542763728922705e-02
1.480061298400000069e+01 -8.568474750387147787e-02
1.481475198900000123e+01 -8.251685911459341605e-02
1.482889099499999830e+01 -7.736652613029805503e-02
1.484302999999999884e+01 -6.828127910742645690e-02
1.485716900499999937e+01 -5.889385559283984162e-02
1.487130801099999999e+01 -5.335470090110779051e-02
1.488544701600000053e+01 -5.184032564880187988e-02
1.489958602200000115e+01 -5.153567830905576852e-02
1.491372502700000169e+01 -5.017544459151205422e-02
1.492786403299999876e+01 -4.845709708097700741e-02
1.494200303799999929e+01 -4.879870103090647865e-02
1.495614204299999983e+01 -5.370381512586656220e-02
1.497028104900000045e+01 -6.309875587223008619e-02
1.498442005400000099e+01 -7.251582464672168271e-02
1.499855906000000161e+01 -7.825340915209721970e-02
1.501269806499999859e+01 -8.024972121546862514e-02
1.502683707099999921e+01 -8.042248610481313176e-02
1.504097607599999975e+01 -8.009112277942875835e-02
1.505511508100000029e+01 -7.872905746643492353e-02
1.506925408700000091e+01 -7.620347978226978125e-02
1.508339309200000145e+01 -7.390083983296827363e-02
1.509753209799999851e+01 -7.262538891536962637e-02
1.511167110299999905e+01 -7.217856320037203954e-02
1.512581010799999959e+01 -7.052472344242724511e-02
1.513994911400000021e+01 -6.571496498611868742e-02
1.515408811900000075e+01 -5.810403997155807326e-02
1.516822712500000137e+01 -4.966874211302751974e-02
1.518236612999999835e+01 -4.401815039334876917e-02
1.519650513599999897e+01 -4.292428986227036364e-02
1.521064414099999951e+01 -4.593256751510684660e-02
1.522478314600000004e+01 -5.233412278143371316e-02
1.523892215200000066e+01 -6.151651973319378908e-02
1.525306115700000120e+01 -7.134117718890090054e-02
1.526720016299999827e+01 -7.810490053763648188e-02
1.528133916799999881e+01 -7.951845247431066355e-02
1.529547817399999943e+01 -7.582150441593900336e-02
1.530961717899999996e+01 -6.875749739236643177e-02
1.532375618400000050e+01 -6.056961761440503994e-02
1.533789519000000112e+01 -5.312703888046144129e-02
1.535203419500000166e+01 -4.756011757495315351e-02
1.536617320099999873e+01 -4.404860141371831628e-02
1.538031220599999926e+01 -4.149001203843975111e-02
1.539445121199999988e+01 -3.863851977119026060e-02
1.540859021700000042e+01 -3.618266925663485983e-02
1.542272922200000096e+01 -3.522697600291498088e-02
1.543686822800000158e+01 -3.626948641525965661e-02
1.545100723299999856e+01 -3.929740192983407349e-02
1.546514623899999918e+01 -4.486178453500382080e-02
1.547928524399999972e+01 -5.368876998741237833e-02
1.549342425000000034e+01 -6.395160803045976672e-02
1.550756325500000088e+01 -7.170527967824349980e-02
1.552170226000000142e+01 -7.418795823013604740e-02
1.553584126599999848e+01 -7.180712008457135198e-02
1.554998027099999902e+01 -6.757344659525206521e-02
1.556411927699999964e+01 -6.397394081576615599e-02
1.557825828200000018e+01 -6.263479145184665253e-02
1.559239728800000080e+01 -6.372615548149458686e-02
1.560653629300000134e+01 -6.454625562810178963e-02
1.562067529799999832e+01 -6.352650979889536142e-02
1.563481430399999894e+01 -6.053272354247477005e-02
1.564895330899999948e+01 -5.622436192564587293e-02
1.566309231500000010e+01 -5.182354648931664087e-02
1.567723132000000064e+01 -4.849970385878065587e-02
1.569137032500000117e+01 -4.845942979240428633e-02
1.570550933099999824e+01 -5.234924146711723847e-02
1.571964833599999878e+01 -5.822433391221674276e-02
1.573378734199999940e+01 -6.440644353210700501e-02
1.574792634699999994e+01 -7.108854413571918940e-02
1.576206535300000056e+01 -7.856103843430871370e-02
1.577620435800000109e+01 -8.440100885571409639e-02
1.579034336300000163e+01 -8.512414660148218126e-02
1.580448236899999870e+01 -8.088545836636502895e-02
1.581862137399999924e+01 -7.394456528693875430e-02
1.583276037999999986e+01 -6.547713447304441547e-02
1.584689938500000039e+01 -5.725910469692033905e-02
1.586103839100000101e+01 -4.999615364426782810e-02
1.587517739600000155e+01 -4.294166084067541078e-02
1.588931640099999854e+01 -3.435868316730742583e-02
1.590345540699999916e+01 -2.442180564610415411e-02
1.591759441199999969e+01 -1.435846276752291567e-02
1.593173341800000031e+01 -4.908388965243184500e-03
1.594587242300000085e+01 2.858362643853714843e-03
1.596001142900000147e+01 8.721928131547446866e-03
1.597415043399999846e+01 1.270240246582450723e-02
1.598828943899999899e+01 1.533173006733790089e-02
1.600242844499999961e+01 1.820223746002369580e-02
1.601656745000000015e+01 2.044643136257443677e-02
1.603070645600000077e+01 2.005609357982270080e-02
1.604484546100000131e+01 1.568675975992306001e-02
1.605898446699999838e+01 9.233835743733227047e-03
1.607312347199999891e+01 4.580398320271684455e-03
1.608726247699999945e+01 2.875629287480307994e-03
1.610140148300000007e+01 3.285117345240470485e-03
1.611554048800000061e+01 2.309133288539063408e-03
1.612967949400000123e+01 -1.715733917793709189e-03
1.614381849900000176e+01 -7.649873983467614380e-03
1.615795750499999883e+01 -1.225405165744793481e-02
1.617209650999999937e+01 -1.379619663711888038e-02
1.618623551499999991e+01 -1.143717692855735282e-02
1.620037452100000053e+01 -6.589475090630495316e-03
1.621451352600000106e+01 -2.845115001439542553e-03
1.622865253200000168e+01 -2.739872119240279076e-03
1.624279153699999867e+01 -6.866489647194383948e-03
1.625693054199999921e+01 -1.208309779698168995e-02
1.627106954799999983e+01 -1.678247784779548016e-02
1.628520855300000036e+01 -1.987168700203530494e-02
1.629934755900000098e+01 -2.205208364703755558e-02
1.631348656400000152e+01 -2.434647141412445495e-02
1.632762556999999859e+01 -2.762445153248667754e-02
1.634176457499999913e+01 -3.201841494613451994e-02
1.635590357999999966e+01 -3.578661674967283796e-02
1.637004258600000028e+01 -3.740079953362140247e-02
1.638418159100000082e+01 -3.886143703413343087e-02
1.639832059700000144e+01 -4.225755056845532931e-02
1.641245960199999843e+01 -4.751415518087753753e-02
1.642659860799999905e+01 -5.226686958492147289e-02
1.644073761299999958e+01 -5.437332761861549818e-02
1.645487661800000012e+01 -5.378197816122565200e-02
1.646901562400000074e+01 -4.860337013600238981e-02
1.648315462900000128e+01 -3.895696880131774287e-02
1.649729363499999835e+01 -2.670722033002448370e-02
1.651143263999999888e+01 -1.590928535177719289e-02
1.652557164599999950e+01 -1.000250059818578660e-02
1.653971065100000004e+01 -1.033126528950134571e-02
1.655384965600000058e+01 -1.603581155045693055e-02
1.656798866200000120e+01 -2.324742676397780275e-02
1.658212766700000174e+01 -2.686503236366159439e-02
1.659626667299999880e+01 -2.576748985472221420e-02
1.661040567799999934e+01 -2.309811846023753640e-02
1.662454468399999996e+01 -2.292902753522459841e-02
1.663868368900000050e+01 -2.573664278025470514e-02
1.665282269400000104e+01 -3.042384107544411978e-02
1.666696170000000166e+01 -3.669432092065486734e-02
1.668110070499999864e+01 -4.279788838415754526e-02
1.669523971099999926e+01 -4.636949483886354528e-02
1.670937871599999980e+01 -4.507950298131646605e-02
1.672351772200000042e+01 -4.048568082309837030e-02
1.673765672700000096e+01 -3.597189182643963090e-02
1.675179573200000149e+01 -3.390372519623004177e-02
1.676593473799999856e+01 -3.378479514548615725e-02
1.678007374299999910e+01 -3.426748900165203088e-02
1.679421274899999972e+01 -3.446227147614659703e-02
1.680835175400000026e+01 -3.367958813813013569e-02
1.682249075900000079e+01 -3.430749164099703569e-02
1.683662976500000141e+01 -3.845276308016327971e-02
1.685076876999999840e+01 -4.510333939674400494e-02
1.686490777599999902e+01 -4.911989451286539327e-02
1.687904678099999956e+01 -4.658066423640623566e-02
1.689318578700000018e+01 -3.657283437706363577e-02
1.690732479200000071e+01 -2.132264113772918898e-02
1.692146379700000125e+01 -5.248422678938882528e-03
1.693560280299999832e+01 7.509002615063782755e-03
1.694974180799999885e+01 1.586416706442861368e-02
1.696388081399999948e+01 2.179703356835697645e-02
1.697801981900000001e+01 2.738386807150542876e-02
1.699215882500000063e+01 3.166500304448286590e-02
1.700629783000000117e+01 3.008411393132348968e-02
1.702043683500000171e+01 2.019028084001680406e-02
1.703457584099999877e+01 5.550171096932864957e-03
1.704871484599999931e+01 -6.417812872728724527e-03
1.706285385199999993e+01 -1.142789207122281783e-02
1.707699285700000047e+01 -8.995639792459538681e-03
1.709113186300000109e+01 -6.503547125618052566e-04
1.710527086800000163e+01 9.482401548074411921e-03
1.711940987299999861e+01 1.712303487839506033e-02
1.713354887899999923e+01 2.088047099101686746e-02
1.714768788399999977e+01 2.040742979881334657e-02
1.716182689000000039e+01 1.649793549614268426e-02
1.717596589500000093e+01 1.086602761545426253e-02
1.719010490100000155e+01 5.303502617363639246e-03
1.720424390599999853e+01 8.915606410605884111e-04
1.721838291099999907e+01 -3.968507207616766251e-03
1.723252191699999969e+01 -1.024774092162772376e-02
1.724666092200000023e+01 -1.784439050205103433e-02
1.726079992800000085e+01 -2.415596125911889658e-02
1.727493893300000138e+01 -2.555122201677543711e-02
1.728907793899999845e+01 -2.265975121369478984e-02
1.730321694399999899e+01 -1.802195233572708236e-02
1.731735594899999953e+01 -1.608428180924903125e-02
1.733149495500000015e+01 -1.830122240043862911e-02
1.734563396000000068e+01 -2.088231337605606086e-02
1.735977296600000130e+01 -1.894090281052503502e-02
1.737391197099999829e+01 -1.087660861403823807e-02
1.738805097599999883e+01 -1.772922382298721669e-03
1.740218998199999945e+01 2.613909533219308749e-03
1.741632898699999998e+01 2.833809502080934621e-03
1.743046799300000060e+01 2.404858407987357175e-03
1.744460699800000114e+01 4.690276302528197105e-03
1.745874600400000176e+01 9.684990288484128171e-03
1.747288500899999875e+01 1.388870133564997292e-02
1.748702401399999928e+01 1.711530468765450411e-02
1.750116301999999990e+01 2.052436181090892126e-02
1.751530202500000044e+01 2.408432820448306796e-02
1.752944103100000106e+01 2.393418865614668073e-02
1.754358003600000160e+01 1.795793879461627177e-02
1.755771904199999867e+01 8.699292167484884430e-03
1.757185804699999920e+01 -5.467674393149951672e-04
1.758599705199999974e+01 -8.463608692899526886e-03
1.760013605800000036e+01 -1.495753000861791727e-02
1.761427506300000090e+01 -1.881933575737093634e-02
1.762841406900000152e+01 -1.920725295557683052e-02
1.764255307399999850e+01 -1.640797743549882171e-02
1.765669207999999912e+01 -1.080451231080796146e-02
1.767083108499999966e+01 -3.946856762224133959e-03
1.768497009000000020e+01 2.845473766884747385e-03
1.769910909600000082e+01 8.131268337526382367e-03
1.771324810100000136e+01 1.124387348244226641e-02
1.772738710699999842e+01 1.226057379670209002e-02
1.774152611199999896e+01 1.030678857124911300e-02
1.775566511799999958e+01 4.846438086093010980e-03
1.776980412300000012e+01 -3.169632123343054872e-03
1.778394312800000066e+01 -1.241762265620849348e-02
1.779808213400000128e+01 -2.289063396517340004e-02
1.781222113899999826e+01 -3.347164768177653821e-02
1.782636014499999888e+01 -4.180444426234212335e-02
1.784049914999999942e+01 -4.699360924954021357e-02
1.785463815600000004e+01 -5.239069199368154989e-02
1.786877716100000058e+01 -6.049727067908842321e-02
1.788291616600000111e+01 -7.138008389375490037e-02
1.789705517200000173e+01 -8.179953753537698435e-02
1.791119417699999872e+01 -8.795192002517400465e-02
1.792533318299999934e+01 -8.632579247083782548e-02
1.793947218799999987e+01 -7.708885744429969100e-02
1.795361119300000041e+01 -6.486482716153810224e-02
1.796775019900000103e+01 -5.530482740690937510e-02
1.798188920400000157e+01 -5.227779639213281371e-02
1.799602820999999864e+01 -5.428270605879959021e-02
1.801016721499999917e+01 -5.842054052044669266e-02
1.802430622099999979e+01 -6.190254712813943877e-02
1.803844522600000033e+01 -6.465889455175499734e-02
1.805258423100000087e+01 -6.697020620505374222e-02
1.806672323700000149e+01 -6.732503151886722048e-02
1.808086224199999847e+01 -6.353167167050344233e-02
1.809500124799999909e+01 -5.301892195000116464e-02
1.810914025299999963e+01 -3.667883767322639710e-02
1.812327925900000025e+01 -2.075643155533649781e-02
1.813741826400000079e+01 -1.170491135144402506e-02
1.815155726900000133e+01 -1.076741610933614444e-02
1.816569627499999839e+01 -1.578126903207295942e-02
1.817983527999999893e+01 -2.287092732115780791e-02
1.819397428599999955e+01 -2.786001787567944990e-02
1.820811329100000009e+01 -2.709127440868049769e-02
1.822225229700000071e+01 -2.177964308367327101e-02
1.823639130200000125e+01 -1.491639430536177181e-02
1.825053030699999823e+01 -9.703288568410073367e-03
1.826466931299999885e+01 -7.300171973999642488e-03
1.827880831799999939e+01 -7.967870455386123069e-03
1.829294732400000001e+01 -1.185489492157406136e-02
1.830708632900000055e+01 -1.619943288346329183e-02
1.832122533500000117e+01 -1.973119985231382503e-02
1.833536434000000170e+01 -2.136184530702441367e-02
1.834950334499999869e+01 -2.278810148696900489e-02
1.836364235099999931e+01 -2.609810728237486194e-02
1.837778135599999985e+01 -3.124768109935397581e-02
1.839192036200000047e+01 -3.731725785718490590e-02
1.840605936700000100e+01 -4.364230978531461608e-02
1.842019837300000162e+01 -4.811613241757821402e-02
1.843433737799999861e+01 -5.007772188237424871e-02
1.844847638299999915e+01 -5.005195881121930063e-02
1.846261538899999977e+01 -4.910207563436822659e-02
1.847675439400000030e+01 -4.629497575316794677e-02
1.849089340000000092e+01 -4.236261378009468365e-02
1.850503240500000146e+01 -4.140196858559619386e-02
1.851917140999999845e+01 -4.446849623441077176e-02
1.853331041599999907e+01 -4.888511688637701275e-02
1.854744942099999960e+01 -4.925220174237902176e-02
1.856158842700000022e+01 -4.511656292490091869e-02
1.857572743200000076e+01 -4.030340749616574680e-02
1.858986643800000138e+01 -3.813962318608806606e-02
1.860400544299999837e+01 -4.011583716264984639e-02
1.861814444799999890e+01 -4.379552984497318835e-02
1.863228345399999952e+01 -4.801694497531865113e-02
1.864642245900000006e+01 -5.157678808730755543e-02
1.866056146500000068e+01 -5.303073674752786099e-02
1.867470047000000122e+01 -5.077039381906207904e-02
1.868883947599999829e+01 -4.528977720112218469e-02
1.870297848099999882e+01 -3.995558848767662152e-02
1.871711748599999936e+01 -3.745592347063582406e-02
1.873125649199999998e+01 -3.788702814559504611e-02
1.874539549700000052e+01 -3.961102930629323282e-02
1.875953450300000114e+01 -4.128985011332512306e-02
1.877367350800000168e+01 -4.299666929683354510e-02
1.878781251399999874e+01 -4.520183135687005915e-02
1.880195151899999928e+01 -4.725741867214120623e-02
1.881609052399999982e+01 -4.646032663260039192e-02
1.883022953000000044e+01 -3.959969923386571361e-02
1.884436853500000097e+01 -2.833673138225615770e-02
1.885850754100000159e+01 -1.625423065069734815e-02
1.887264654599999858e+01 -8.046319788990766511e-03
1.888678555199999920e+01 -4.004470830949458104e-03
1.890092455699999974e+01 -1.593965896991752064e-03
1.891506356200000027e+01 2.254387662894430377e-03
1.892920256800000089e+01 8.458585965890108582e-03
1.894334157300000143e+01 1.559559226783117404e-02
1.895748057899999850e+01 2.276320716410869596e-02
1.897161958399999904e+01 2.856313415235452527e-02
1.898575858999999966e+01 3.206270216642792548e-02
1.899989759500000019e+01 3.173150031104654545e-02
1.901403660000000073e+01 2.823313708955291906e-02
1.902817560600000135e+01 2.131329347682253336e-02
1.904231461099999834e+01 1.202345123481999775e-02
1.905645361699999896e+01 1.143090519848991580e-03
1.907059262199999949e+01 -1.075033607498691347e-02
1.908473162700000003e+01 -2.207880550556495444e-02
1.909887063300000065e+01 -3.293360456278311699e-02
1.911300963800000119e+01 -4.220661748088142678e-02
1.912714864399999826e+01 -4.878770690091253220e-02
1.914128764899999879e+01 -4.958396846847534789e-02
1.915542665499999941e+01 -4.381742724382793608e-02
1.916956565999999995e+01 -3.340518454797820891e-02
1.918370466500000049e+01 -2.075478513974833919e-02
1.919784367100000111e+01 -7.966507019380248550e-03
1.921198267600000165e+01 2.210618292901736417e-03
1.922612168199999871e+01 6.789514380940885573e-03
1.924026068699999925e+01 4.558097494414899316e-03
1.925439969299999987e+01 -4.191649005046352641e-03
1.926853869800000041e+01 -1.699226507358986282e-02
1.928267770300000095e+01 -3.006973337304685856e-02
1.929681670900000157e+01 -3.968518556573268075e-02
1.931095571399999855e+01 -4.546634375179555571e-02
1.932509471999999917e+01 -4.946383410280456167e-02
1.933923372499999971e+01 -5.351342763949418213e-02
1.935337273100000033e+01 -5.698864508473870660e-02
1.936751173600000087e+01 -5.588674877131438734e-02
1.938165074100000140e+01 -4.834726831134616987e-02
1.939578974699999847e+01 -3.510666860932095540e-02
1.940992875199999901e+01 -2.091598631493240754e-02
1.942406775799999963e+01 -1.054238509911679424e-02
1.943820676300000017e+01 -6.184341840238970732e-03
1.945234576900000079e+01 -7.331168091006645682e-03
1.946648477400000132e+01 -1.095168886634449203e-02
1.948062377899999831e+01 -1.540762423653300323e-02
1.949476278499999893e+01 -2.072604656515390081e-02
1.950890178999999947e+01 -2.745604616513948673e-02
1.952304079600000009e+01 -3.516196291804381951e-02
1.953717980100000062e+01 -4.292633167788768855e-02
1.955131880700000124e+01 -4.920501035177219512e-02
1.956545781199999823e+01 -5.251775982626345762e-02
1.957959681699999877e+01 -5.200478868575686420e-02
1.959373582299999939e+01 -4.859427508509383403e-02
1.960787482799999992e+01 -4.481483620126406470e-02
1.962201383400000054e+01 -4.304856701212381870e-02
1.963615283900000108e+01 -4.480386736083137589e-02
1.965029184400000162e+01 -4.971284744219180152e-02
1.966443084999999869e+01 -5.303719035203376120e-02
1.967856985499999922e+01 -5.154799137866205444e-02
1.969270886099999984e+01 -4.402085327964755379e-02
1.970684786600000038e+01 -3.272636487310620623e-02
1.972098687200000100e+01 -2.029725638505652796e-02
1.973512587700000154e+01 -7.640521552888893467e-03
1.974926488199999852e+01 3.971495846094796889e-03
1.976340388799999914e+01 1.330959533245608742e-02
1.977754289299999968e+01 1.870559557845533766e-02
1.979168189900000030e+01 2.115050924903982832e-02
1.980582090400000084e+01 2.237090278666187260e-02
1.981995991000000146e+01 2.305901282029528335e-02
1.983409891499999844e+01 2.240717639801677666e-02
1.984823791999999898e+01 2.015880683341227456e-02
1.986237692599999960e+01 1.559122601280193803e-02
1.987651593100000014e+01 7.974037224248796407e-03
1.989065493700000076e+01 -2.530745207325918195e-03
1.990479394200000129e+01 -1.457125968788848883e-02
1.991893294799999836e+01 -2.628386248992361021e-02
1.993307195299999890e+01 -3.478459638073161386e-02
1.994721095799999944e+01 -3.765116536135574427e-02
1.996134996400000006e+01 -3.597913577130403689e-02
1.997548896900000059e+01 -3.134336352458196029e-02
1.998962797500000121e+01 -2.581431174762371938e-02
2.000376698000000175e+01 -1.942865821282898156e-02
2.001790598599999882e+01 -1.284192279197308127e-02
2.003204499099999936e+01 -6.894306066728954178e-03
2.004618399599999989e+01 -3.259960639056203036e-03
2.006032300200000051e+01 -4.034160041733514390e-03
2.007446200700000105e+01 -7.865878046456961301e-03
2.008860101300000167e+01 -1.243620172105626767e-02
2.010274001799999866e+01 -1.378290936217278252e-02
2.011687902399999928e+01 -1.077915038543627094e-02
2.013101802899999981e+01 -5.268310651684278596e-03
2.014515703400000035e+01 -1.292797820487597558e-04
2.015929604000000097e+01 1.794878527836847766e-03
2.017343504500000151e+01 1.504100676683608150e-04
2.018757405099999858e+01 -4.515661484181994652e-03
2.020171305599999911e+01 -1.119668175594767945e-02
2.021585206099999965e+01 -1.865548857894812687e-02
2.022999106700000027e+01 -2.694232594293784547e-02
2.024413007200000081e+01 -3.407250096099308234e-02
2.025826907800000143e+01 -3.701498155194116180e-02
2.027240808299999841e+01 -3.471091468459518853e-02
2.028654708899999903e+01 -3.008385294947402144e-02
2.030068609399999957e+01 -2.686617120712024229e-02
2.031482509900000011e+01 -2.500238762572119106e-02
2.032896410500000073e+01 -2.241358895881736049e-02
2.034310311000000127e+01 -1.881134548711808560e-02
2.035724211599999833e+01 -1.664070722306121297e-02
2.037138112099999887e+01 -1.762356386021224006e-02
2.038552012699999949e+01 -2.152246376951201870e-02
2.039965913200000003e+01 -2.506561366585439293e-02
2.041379813700000057e+01 -2.443496847547048031e-02
2.042793714300000119e+01 -1.775708593913094546e-02
2.044207614800000172e+01 -7.753774864876088017e-03
2.045621515399999879e+01 9.363954249863598199e-04
2.047035415899999933e+01 6.761161324360406497e-03
2.048449316499999995e+01 1.011698177807337194e-02
2.049863217000000049e+01 1.189874245216297234e-02
2.051277117500000102e+01 1.190948339173066375e-02
2.052691018100000164e+01 1.212295892018507362e-02
2.054104918599999863e+01 1.474208307724703994e-02
2.055518819199999925e+01 2.049925052783170901e-02
2.056932719699999979e+01 2.768539891469856684e-02
2.058346620300000041e+01 3.445976521001151843e-02
2.059760520800000094e+01 3.873213376796987018e-02
2.061174421300000148e+01 3.964357241914721192e-02
2.062588321899999855e+01 3.690770947529860291e-02
2.064002222399999908e+01 3.085510250591264741e-02
2.065416122999999970e+01 2.294690260692296147e-02
2.066830023500000024e+01 1.481980115903761518e-02
2.068243924100000086e+01 1.061952164865213356e-02
2.069657824600000140e+01 1.225804846730464172e-02
2.071071725099999838e+01 1.914751621231166115e-02
2.072485625699999900e+01 2.631696280419267356e-02
2.073899526199999954e+01 2.857724324877371214e-02
2.075313426800000016e+01 2.254155387549398176e-02
2.076727327300000070e+01 8.163289491432596662e-03
2.078141227800000124e+01 -1.088440636516452113e-02
2.079555128399999830e+01 -3.029567033423556308e-02
2.080969028899999884e+01 -4.506298439546914392e-02
2.082382929499999946e+01 -5.217580452299348803e-02
2.083796830000000000e+01 -5.201964229786663896e-02
2.085210730600000062e+01 -4.904449255135290286e-02
2.086624631100000116e+01 -4.586310771816452109e-02
2.088038531600000169e+01 -4.185678196006629298e-02
2.089452432199999876e+01 -3.586010102495388457e-02
2.090866332699999930e+01 -2.994629640079675068e-02
2.092280233299999992e+01 -2.683955626317668930e-02
2.093694133800000046e+01 -2.658481319049362315e-02
2.095108034400000108e+01 -2.804783692586928015e-02
2.096521934900000161e+01 -2.794074181028349466e-02
2.097935835399999860e+01 -2.453595363693494499e-02
2.099349735999999922e+01 -1.790651927086865311e-02
2.100763636499999976e+01 -1.250696253850473207e-02
2.102177537100000038e+01 -1.217221756172411594e-02
2.103591437600000091e+01 -1.666637846658621316e-02
2.105005338200000153e+01 -2.448829105096924155e-02
2.106419238699999852e+01 -3.292055906782801605e-02
2.107833139199999906e+01 -4.281326195859946199e-02
2.109247039799999968e+01 -5.178818968512880622e-02
2.110660940300000021e+01 -5.885441524520965834e-02
2.112074840900000083e+01 -6.291205728504441208e-02
2.113488741400000137e+01 -6.295058307812458065e-02
2.114902641999999844e+01 -5.942431837883314916e-02
2.116316542499999898e+01 -5.136415294688371352e-02
2.117730442999999951e+01 -3.982120384582781003e-02
2.119144343600000013e+01 -2.520785037102986348e-02
2.120558244100000067e+01 -1.009426481563953891e-02
2.121972144700000129e+01 1.643957708682345590e-03
2.123386045199999828e+01 8.293035172042568376e-03
2.124799945799999890e+01 1.067303532139381519e-02
2.126213846299999943e+01 9.882274490924675830e-03
2.127627746799999997e+01 6.618390167851371728e-03
2.129041647400000059e+01 1.173241512366493631e-03
2.130455547900000113e+01 -5.777873583876194999e-03
2.131869448500000175e+01 -1.413798900032740315e-02
2.133283348999999873e+01 -2.353640030868575650e-02
2.134697249499999927e+01 -3.055017986587671083e-02
2.136111150099999989e+01 -3.337839967917706485e-02
2.137525050600000043e+01 -3.337698782002954806e-02
2.138938951200000105e+01 -3.306889861322066804e-02
2.140352851700000159e+01 -3.156662339074737395e-02
2.141766752299999865e+01 -2.725470080262226702e-02
2.143180652799999919e+01 -2.178845299719256445e-02
2.144594553299999973e+01 -1.627405626071502451e-02
2.146008453900000035e+01 -1.325492750651354260e-02
2.147422354400000089e+01 -1.485915784873507312e-02
2.148836255000000151e+01 -2.150117330244919606e-02
2.150250155499999849e+01 -3.049206717177336406e-02
2.151664056099999911e+01 -3.906053530891521325e-02
2.153077956599999965e+01 -4.734973119833796318e-02
2.154491857100000018e+01 -5.470975193489616833e-02
2.155905757700000080e+01 -5.917719195599129012e-02
2.157319658200000134e+01 -5.820177039005377390e-02
2.158733558799999841e+01 -5.159837242439142824e-02
2.160147459299999895e+01 -4.146696618245944432e-02
2.161561359899999957e+01 -2.972722851602564373e-02
2.162975260400000010e+01 -1.748789119112596074e-02
2.164389160900000064e+01 -6.102566362751342226e-03
2.165803061500000126e+01 1.456831149785861243e-03
2.167216961999999825e+01 4.281032073824537348e-03
2.168630862599999887e+01 2.701644585975770518e-03
2.170044763099999940e+01 -3.000290308605712674e-03
2.171458663700000002e+01 -1.078119722074669974e-02
2.172872564200000056e+01 -1.596840490457888603e-02
2.174286464700000110e+01 -1.591136403885447595e-02
2.175700365300000172e+01 -1.299896595882899138e-02
2.177114265799999870e+01 -1.007369438408526816e-02
2.178528166399999932e+01 -9.486375724731505726e-03
2.179942066899999986e+01 -1.123689941429735842e-02
2.181355967500000048e+01 -1.331065985959393495e-02
2.182769868000000102e+01 -1.372172376751023930e-02
2.184183768500000156e+01 -1.076514032404910816e-02
2.185597669099999862e+01 -4.425273209960777464e-03
2.187011569599999916e+01 3.752740319934371165e-03
2.188425470199999978e+01 1.045528731332249703e-02
2.189839370700000032e+01 1.206626729498575835e-02
2.191253271200000086e+01 7.145009434857741738e-03
2.192667171800000148e+01 -2.196988511964073545e-03
2.194081072299999846e+01 -1.239067766270807169e-02
2.195494972899999908e+01 -1.878815496923635919e-02
2.196908873399999962e+01 -1.754304583392022471e-02
2.198322774000000024e+01 -5.596072298023575115e-03
2.199736674500000078e+01 2.549724817720288791e-02
2.201150575000000131e+01 9.031240619095606825e-02
2.202564475599999838e+01 2.088264415052710210e-01
2.203978376099999892e+01 4.009937757947028558e-01
2.205392276699999954e+01 6.834623544406994711e-01
2.206806177200000008e+01 1.065758812391848664e+00
2.208220077800000070e+01 1.550076065215097998e+00
2.209633978300000123e+01 2.134488793302709464e+00
2.211047878800000177e+01 2.816229449584214173e+00
2.212461779399999884e+01 3.596485327962964273e+00
2.213875679899999938e+01 4.478543067972758251e+00
2.215289580500000000e+01 5.465337082327891949e+00
2.216703481000000053e+01 6.556302724402420345e+00
2.218117381600000115e+01 7.746493252813304586e+00
2.219531282100000169e+01 9.032955465776572268e+00
2.220945182599999868e+01 1.041497941339942734e+01
2.222359083199999930e+01 1.189432844906977316e+01
2.223772983699999983e+01 1.347439927734128062e+01
2.225186884300000045e+01 1.515765116597047246e+01
2.226600784800000099e+01 1.694656101745104948e+01
2.228014685400000161e+01 1.884209783263011673e+01
2.229428585899999860e+01 2.084566000825165588e+01
2.230842486399999913e+01 2.295795892999731791e+01
2.232256386999999975e+01 2.517525157897868482e+01
2.233670287500000029e+01 2.748697642034996491e+01
2.235084188100000091e+01 2.988044004272455823e+01
2.236498088600000145e+01 3.234420935285722010e+01
2.237911989199999852e+01 3.487569744328982324e+01
2.239325889699999905e+01 3.748584590122884919e+01
2.240739790199999959e+01 4.020428132543963784e+01
2.242153690800000021e+01 4.307237251854149918e+01
2.243567591300000075e+01 4.612167760040748732e+01
2.244981491900000137e+01 4.935317481436609199e+01
2.246395392399999835e+01 5.272270463483437197e+01
2.247809292899999889e+01 5.614171642324154021e+01
2.249223193499999951e+01 5.948707087785562209e+01
2.250637094000000005e+01 6.262321140697803656e+01
2.252050994600000067e+01 6.542645789236982523e+01
2.253464895100000120e+01 6.780861808844933591e+01
2.254878795699999827e+01 6.972751306077611844e+01
2.256292696199999881e+01 7.118788441521260779e+01
2.257706596699999935e+01 7.223515208296890933e+01
2.259120497299999997e+01 7.293953436709666960e+01
2.260534397800000050e+01 7.338147350113300149e+01
2.261948298400000112e+01 7.363735783768588306e+01
2.263362198900000166e+01 7.377314441222925723e+01
2.264776099499999873e+01 6.152501467034192473e+01
2.266189999999999927e+01 4.923982806678818491e+01
