# r_minus_2Rs_A,    PMF_over_kBT
-3.375000000000000000e+00 2.199029739223465896e+01
-3.324999999999999734e+00 2.932039652297954646e+01
-3.274999999999999911e+00 3.665049565372443396e+01
-3.225000000000000089e+00 3.665049565372443396e+01
-3.174999999999999822e+00 3.665049565372443396e+01
-3.125000000000000000e+00 3.665049565372443396e+01
-3.074999999999999734e+00 3.665049565372443396e+01
-3.024999999999999911e+00 3.665049565372443396e+01
-2.974999999999999645e+00 3.665049565372443396e+01
-2.924999999999999822e+00 3.665049565372443396e+01
-2.875000000000000000e+00 3.665049565372443396e+01
-2.824999999999999734e+00 3.665049565372443396e+01
-2.774999999999999911e+00 3.665049565372443396e+01
-2.724999999999999645e+00 3.665049565372443396e+01
-2.674999999999999822e+00 3.665049565372443396e+01
-2.625000000000000000e+00 3.665049565372443396e+01
-2.574999999999999734e+00 3.665049565372443396e+01
-2.524999999999999911e+00 3.665049565372443396e+01
-2.474999999999999645e+00 3.665049565372443396e+01
-2.424999999999999822e+00 3.665049565372443396e+01
-2.375000000000000000e+00 3.665049565372443396e+01
-2.324999999999999734e+00 3.665049565372443396e+01
-2.274999999999999911e+00 3.665049565372443396e+01
-2.224999999999999645e+00 3.665049565372443396e+01
-2.174999999999999822e+00 3.665049565372443396e+01
-2.125000000000000000e+00 3.665049565372443396e+01
-2.074999999999999734e+00 3.665049565372443396e+01
-2.024999999999999911e+00 3.665049565372443396e+01
-1.974999999999999645e+00 3.665049565372443396e+01
-1.924999999999999822e+00 3.665049565372443396e+01
-1.875000000000000000e+00 3.665049565372443396e+01
-1.824999999999999734e+00 3.665049565372443396e+01
-1.774999999999999911e+00 3.665049565372443396e+01
-1.724999999999999645e+00 3.665049565372443396e+01
-1.674999999999999822e+00 3.665049565372443396e+01
-1.625000000000000000e+00 3.665049565372443396e+01
-1.574999999999999734e+00 3.665049565372443396e+01
-1.524999999999999911e+00 3.665049565372443396e+01
-1.474999999999999645e+00 3.665049565372443396e+01
-1.424999999999999822e+00 3.665049565372443396e+01
-1.374999999999999556e+00 3.665049565372443396e+01
-1.324999999999999734e+00 3.665049565372443396e+01
-1.274999999999999911e+00 3.665049565372443396e+01
-1.225000000000000089e+00 3.665049565372443396e+01
-1.174999999999999822e+00 3.665049565372443396e+01
-1.124999999999999556e+00 3.665049565372443396e+01
-1.074999999999999734e+00 3.665049565372443396e+01
-1.024999999999999911e+00 3.665049565372443396e+01
-9.749999999999996447e-01 3.665049565372443396e+01
-9.249999999999998224e-01 3.665049565372443396e+01
-8.749999999999995559e-01 3.665049565372443396e+01
-8.249999999999997335e-01 3.665049565372443396e+01
-7.749999999999999112e-01 3.665049565372443396e+01
-7.249999999999996447e-01 3.665049565372443396e+01
-6.749999999999998224e-01 3.665049565372443396e+01
-6.249999999999995559e-01 3.665049565372443396e+01
-5.749999999999997335e-01 3.665049565372443396e+01
-5.249999999999999112e-01 3.665049565372443396e+01
-4.749999999999996447e-01 3.039905858027806929e+01
-4.249999999999998224e-01 2.377981859536165743e+01
-3.749999999999995559e-01 1.681387356665224431e+01
-3.249999999999997335e-01 9.658771006182369945e+00
-2.749999999999999112e-01 2.385123074864367254e+00
-2.249999999999996447e-01 1.263847565349162760e+00
-1.749999999999998224e-01 4.767580411455259459e-01
-1.249999999999995559e-01 2.300154193768763622e-02
-7.499999999999973355e-02 -2.158578868709017939e-01
-2.499999999999991118e-02 -3.306323079472211490e-01
2.500000000000035527e-02 -3.364662959797936614e-01
7.500000000000017764e-02 -2.902993827967705887e-01
1.250000000000004441e-01 -2.252048059522732126e-01
1.750000000000002665e-01 -1.732418917381164103e-01
2.250000000000000888e-01 -1.279804548210751736e-01
2.750000000000003553e-01 -7.118260837095781446e-02
3.250000000000001776e-01 -2.962512934531637623e-02
3.750000000000004441e-01 2.113392849323396383e-02
4.250000000000002665e-01 4.891588659928416266e-02
4.750000000000000888e-01 8.146637318885652235e-02
5.250000000000003553e-01 1.148751093242229016e-01
5.750000000000001776e-01 1.491314512067020981e-01
6.250000000000004441e-01 1.654829104577338339e-01
6.750000000000002665e-01 2.031678054254886512e-01
7.250000000000000888e-01 2.261194726079964190e-01
7.750000000000007994e-01 2.430739809175961330e-01
8.249999999999997335e-01 2.792321154940204386e-01
8.750000000000004441e-01 2.959274999490208446e-01
9.250000000000002665e-01 3.070832981660821526e-01
9.750000000000000888e-01 3.338600654046129379e-01
1.025000000000000799e+00 3.438766818844552486e-01
1.074999999999999734e+00 3.283329001218671661e-01
1.125000000000000444e+00 3.329393870817380363e-01
1.175000000000000266e+00 3.372271950573250132e-01
1.225000000000000089e+00 3.122976621252718799e-01
1.275000000000000799e+00 2.925312214924755683e-01
1.324999999999999734e+00 2.779033099356155723e-01
1.375000000000000444e+00 2.581705674215218349e-01
1.425000000000001155e+00 2.320281912244251399e-01
1.475000000000000089e+00 2.082087379261139404e-01
1.525000000000000799e+00 1.859603094683077162e-01
1.574999999999999734e+00 1.453585065643362984e-01
1.625000000000000444e+00 9.875562074153095005e-02
1.675000000000001155e+00 5.132793412090280727e-02
1.725000000000000089e+00 1.522722459878345785e-02
1.775000000000000799e+00 -2.873382738776406736e-02
1.824999999999999734e+00 -6.140647159228045798e-02
1.875000000000000444e+00 -8.146243119460123971e-02
1.925000000000001155e+00 -1.117541056963631263e-01
1.975000000000000089e+00 -1.369252735876177185e-01
2.025000000000000799e+00 -1.661355263719219433e-01
2.074999999999999734e+00 -1.898132329693471287e-01
2.125000000000000444e+00 -2.109887270754903510e-01
2.175000000000001155e+00 -2.259577914596821724e-01
2.225000000000000089e+00 -2.381988655983480752e-01
2.275000000000000799e+00 -2.463097380208164877e-01
2.324999999999999734e+00 -2.573689959911433789e-01
2.375000000000000444e+00 -2.678537899974401393e-01
2.425000000000001155e+00 -2.724357081107726120e-01
2.475000000000000089e+00 -2.693452800226321386e-01
2.525000000000000799e+00 -2.674795607174150769e-01
2.574999999999999734e+00 -2.602476236076047278e-01
2.625000000000000444e+00 -2.503588553825135676e-01
2.675000000000001155e+00 -2.401378095604791152e-01
2.725000000000000089e+00 -2.299981671572403907e-01
2.775000000000000799e+00 -2.157511160175403231e-01
2.824999999999999734e+00 -2.090962612332845083e-01
2.875000000000000444e+00 -2.039075716418601303e-01
2.925000000000001155e+00 -1.960918567971159654e-01
2.975000000000000089e+00 -1.834845878035743227e-01
3.025000000000000799e+00 -1.695937225400719062e-01
3.074999999999999734e+00 -1.436387342115253429e-01
3.125000000000000444e+00 -1.233073834731339136e-01
3.175000000000001155e+00 -1.011131056906542230e-01
3.225000000000000089e+00 -8.682408410994106596e-02
3.275000000000000799e+00 -6.732746626312113847e-02
3.324999999999999734e+00 -6.635254065865865691e-02
3.375000000000000444e+00 -4.226079962848885985e-02
3.425000000000001155e+00 -2.659402606095468899e-02
3.475000000000000089e+00 -1.362582612844036485e-02
3.525000000000000799e+00 -6.931435365587290155e-03
3.574999999999999734e+00 1.418475442289377636e-02
3.625000000000000444e+00 2.189069112121942023e-02
3.675000000000001155e+00 3.889352292648027426e-02
3.725000000000000089e+00 5.443903259442209319e-02
3.775000000000000799e+00 7.116506822010570943e-02
3.824999999999999734e+00 9.139681776888296250e-02
3.875000000000000444e+00 1.007783901605304178e-01
3.925000000000001155e+00 1.070813884031697055e-01
3.975000000000000089e+00 1.170167480641613050e-01
4.025000000000000355e+00 1.270294289985404446e-01
4.074999999999999289e+00 1.263139472958400289e-01
4.125000000000000000e+00 1.342450630663975519e-01
4.175000000000000711e+00 1.328345448078565028e-01
4.224999999999999645e+00 1.366550160180057816e-01
4.275000000000000355e+00 1.437226196321162996e-01
4.324999999999999289e+00 1.519167192092052143e-01
4.375000000000000000e+00 1.550669979031603640e-01
4.425000000000000711e+00 1.618666481249196321e-01
4.474999999999999645e+00 1.596005140987721005e-01
4.525000000000000355e+00 1.550287823610315141e-01
4.574999999999999289e+00 1.499453907298196609e-01
4.625000000000000000e+00 1.407406411034873572e-01
4.674999999999998934e+00 1.310851896919416615e-01
4.724999999999999645e+00 1.186637705964748990e-01
4.775000000000000355e+00 9.953456606221955383e-02
4.825000000000001066e+00 8.513463822447597806e-02
4.875000000000000000e+00 6.156501256570728192e-02
4.924999999999998934e+00 4.867484801761783747e-02
4.974999999999999645e+00 3.926887688213227812e-02
5.025000000000000355e+00 2.398557457857677239e-02
5.075000000000001066e+00 6.596611011158159954e-03
5.125000000000000000e+00 6.121693497244250215e-03
5.174999999999998934e+00 -5.602791675041629560e-03
5.224999999999999645e+00 -1.035281271350463328e-02
5.275000000000000355e+00 -1.945242168933134647e-02
5.325000000000001066e+00 -2.222616157652020086e-02
5.375000000000000000e+00 -2.677519439464504103e-02
5.424999999999998934e+00 -2.759943867403507126e-02
5.474999999999999645e+00 -3.754114621216651099e-02
5.525000000000000355e+00 -3.421101321630039965e-02
5.575000000000001066e+00 -3.966992982653821248e-02
5.625000000000000000e+00 -5.186176503234599111e-02
5.674999999999998934e+00 -5.677282676901534292e-02
5.724999999999999645e+00 -6.013607474888971877e-02
5.775000000000000355e+00 -6.674680474434283028e-02
5.825000000000001066e+00 -6.865619665843211705e-02
5.875000000000000000e+00 -6.750193088232947503e-02
5.924999999999998934e+00 -7.078545878394920665e-02
5.974999999999999645e+00 -7.106473378581945610e-02
6.025000000000000355e+00 -6.216011647729403206e-02
6.075000000000001066e+00 -5.864660341269925525e-02
6.125000000000000000e+00 -5.094981330168657507e-02
6.175000000000000711e+00 -4.775780684347666338e-02
6.224999999999999645e+00 -4.400071860205728019e-02
6.275000000000000355e+00 -4.658112085573691552e-02
6.325000000000001066e+00 -4.779640409621137981e-02
6.375000000000000000e+00 -3.968952781099126942e-02
6.425000000000000711e+00 -3.523888559953469723e-02
6.474999999999999645e+00 -2.911819950970375923e-02
6.525000000000000355e+00 -2.369282949990357198e-02
6.575000000000001066e+00 -1.755385881707276566e-02
6.625000000000000000e+00 -2.670867198485211633e-02
6.675000000000000711e+00 -2.556246711052843207e-02
6.724999999999999645e+00 -2.090038164265273224e-02
6.775000000000000355e+00 -1.569624309182202776e-02
6.825000000000001066e+00 -1.233639610844470408e-02
6.875000000000000000e+00 -9.268123209717061065e-03
6.925000000000000711e+00 -4.875996822517336855e-03
6.974999999999999645e+00 -1.837596508767091975e-03
7.025000000000000355e+00 -2.978894706570045254e-03
7.075000000000001066e+00 1.776953739474508055e-03
7.125000000000000000e+00 9.915310115325226895e-03
7.175000000000000711e+00 8.077675442396880720e-03
7.224999999999999645e+00 5.544622917999931198e-03
7.275000000000000355e+00 9.857087808463661088e-03
7.325000000000001066e+00 1.531533448683930661e-02
7.375000000000000000e+00 1.400512454535949441e-02
7.425000000000000711e+00 1.964235450216236106e-02
7.474999999999999645e+00 1.930146292510492856e-02
7.525000000000000355e+00 1.792678723799525503e-02
7.575000000000001066e+00 1.443440210326727563e-02
7.625000000000000000e+00 1.520561203326060810e-02
7.675000000000000711e+00 2.122220398221515147e-02
7.724999999999999645e+00 2.514278571757025058e-02
7.775000000000000355e+00 2.809319443224467597e-02
7.825000000000001066e+00 3.153670534721797480e-02
7.875000000000000000e+00 3.175422554855487217e-02
7.925000000000000711e+00 2.993631186765277619e-02
7.974999999999999645e+00 3.518052446560453878e-02
8.025000000000000355e+00 3.383736820539198081e-02
8.075000000000001066e+00 3.206427236738634140e-02
8.125000000000000000e+00 3.338689549598471140e-02
8.175000000000000711e+00 2.724024321967704124e-02
8.224999999999999645e+00 2.244769937790032366e-02
8.275000000000000355e+00 2.048983480416843861e-02
8.325000000000001066e+00 1.599514397984052108e-02
8.375000000000000000e+00 1.845625937659178817e-02
8.425000000000000711e+00 1.733316153796131756e-02
8.474999999999999645e+00 1.130743553822597704e-02
8.525000000000000355e+00 9.697166099165955080e-03
8.575000000000001066e+00 1.514111990342534818e-02
8.625000000000000000e+00 9.331893916904832401e-03
8.675000000000000711e+00 1.132711428009152040e-02
8.724999999999999645e+00 1.176892975046186542e-02
8.775000000000000355e+00 7.998876488564123435e-03
8.825000000000001066e+00 1.217760925382549474e-03
8.875000000000000000e+00 1.384686408319879634e-03
8.925000000000000711e+00 -6.138452570424135848e-03
8.974999999999999645e+00 -9.164028051596773139e-03
9.025000000000000355e+00 -5.593205136355906132e-03
9.075000000000001066e+00 -9.899050640025565048e-03
9.125000000000000000e+00 -9.404505508400265099e-03
9.175000000000000711e+00 -3.817250767500368711e-03
9.224999999999999645e+00 -2.983354360467771211e-03
9.275000000000000355e+00 -6.682531075090735947e-03
9.325000000000001066e+00 -4.137829926928304931e-03
9.375000000000000000e+00 -6.116130909146023226e-03
9.425000000000000711e+00 -7.554173894920523935e-03
9.474999999999999645e+00 -7.048994331860214922e-03
9.525000000000000355e+00 -2.954314409358360562e-03
9.575000000000001066e+00 -2.884487406562286256e-03
9.625000000000000000e+00 -9.819790755827300819e-05
9.675000000000000711e+00 -2.154130160623069293e-03
9.724999999999999645e+00 3.087374694649725262e-03
9.775000000000000355e+00 5.494189066823195865e-04
9.825000000000001066e+00 3.907657374956840894e-03
9.875000000000000000e+00 3.247792684015848950e-03
9.925000000000000711e+00 5.191130680551125400e-03
9.974999999999999645e+00 -8.284245029937410817e-04
1.002500000000000036e+01 8.142063812673685239e-04
1.007500000000000107e+01 -1.425088684383268942e-03
1.012500000000000000e+01 -6.279849101441570963e-03
1.017500000000000071e+01 -5.395921579631490946e-03
1.022499999999999964e+01 -5.670349299506936055e-04
1.027500000000000036e+01 4.023589413393935561e-03
1.032500000000000107e+01 5.248166592803472398e-03
1.037500000000000000e+01 1.039981251725734593e-02
1.042500000000000071e+01 1.105250405954905091e-02
1.047499999999999964e+01 1.401838003755635428e-02
1.052500000000000036e+01 1.135537021666017596e-02
1.057500000000000107e+01 9.335617763759174875e-03
1.062500000000000000e+01 1.332763375241867790e-02
1.067500000000000071e+01 1.531813704079177003e-02
1.072499999999999964e+01 1.386936732653154536e-02
1.077500000000000036e+01 1.115524748932088597e-02
1.082500000000000107e+01 1.311318877758935707e-02
1.087500000000000000e+01 7.055987116772400453e-03
1.092500000000000071e+01 5.356171922189646543e-03
1.097499999999999964e+01 4.968742920674174652e-04
1.102500000000000036e+01 4.471591635773109093e-03
1.107500000000000107e+01 3.391112567334530863e-03
1.112500000000000000e+01 4.827015146952007459e-03
1.117500000000000071e+01 3.716714993862169081e-03
1.122499999999999964e+01 4.769821595574796555e-03
1.127500000000000036e+01 1.392423446676360884e-03
1.132500000000000107e+01 1.049972006309474355e-03
1.137500000000000000e+01 3.352140396773961757e-03
1.142500000000000071e+01 5.921324159409735791e-03
1.147499999999999964e+01 4.827624861281166156e-03
1.152500000000000036e+01 7.017096101295551384e-03
1.157500000000000107e+01 7.100041755679598401e-03
1.162500000000000000e+01 1.479214035341769621e-03
1.167500000000000071e+01 -1.553933043762256803e-03
1.172499999999999964e+01 -8.006374754060629172e-04
1.177500000000000036e+01 1.177711661211944044e-03
1.182500000000000107e+01 4.470753302530994233e-03
1.187500000000000000e+01 7.576234218692690960e-03
1.192500000000000071e+01 1.041463796469415358e-02
1.197499999999999964e+01 8.419013992768856203e-03
1.202500000000000036e+01 4.813361336339383803e-03
1.207500000000000107e+01 -4.285928580497256647e-04
1.212500000000000000e+01 -1.744974762148387851e-03
1.217500000000000071e+01 -3.396226215928877228e-03
1.222499999999999964e+01 1.767554724111164487e-04
1.227500000000000036e+01 2.150192467496836804e-03
1.232500000000000107e+01 2.679067652160327297e-03
1.237500000000000000e+01 5.612972052717424970e-03
1.242500000000000071e+01 4.059506436826865530e-03
1.247499999999999964e+01 2.726452321374850211e-03
1.252500000000000036e+01 -7.639093623186710581e-04
1.257500000000000107e+01 -2.067909008343704787e-03
1.262499999999999822e+01 -4.756723728785773077e-03
1.267500000000000249e+01 -5.037112147924816333e-03
1.272499999999999964e+01 -5.397999287627897741e-03
1.277500000000000036e+01 -4.566726482574523863e-03
1.282500000000000107e+01 -1.826108803122039690e-03
1.287499999999999822e+01 -1.521771546652671693e-04
1.292500000000000249e+01 3.065607484021627173e-04
1.297499999999999964e+01 2.788702662659048401e-03
1.302500000000000036e+01 1.732852104289151103e-03
1.307500000000000107e+01 -1.028125085241526904e-03
1.312499999999999822e+01 -2.077628605243120145e-03
1.317500000000000249e+01 -4.258648414531407758e-03
1.322499999999999964e+01 -3.761216415258771765e-03
1.327500000000000036e+01 -5.070810567927352963e-03
1.332500000000000107e+01 1.815463091996605228e-03
1.337499999999999822e+01 2.364934694828236140e-03
1.342500000000000249e+01 3.520752825739847849e-03
1.347499999999999964e+01 8.549638614372413433e-04
1.352500000000000036e+01 4.262132931481588116e-03
1.357500000000000107e+01 2.119404432743010776e-03
1.362499999999999822e+01 1.557365957057399485e-03
1.367500000000000249e+01 2.035856170397920984e-03
1.372499999999999964e+01 -2.648631316560566096e-04
1.377500000000000036e+01 -7.493487089181625040e-04
1.382500000000000107e+01 -2.375511523127471318e-03
1.387499999999999822e+01 -8.037684537654853165e-04
1.392500000000000249e+01 2.731579562452068899e-03
1.397499999999999964e+01 5.340272136642809989e-03
1.402500000000000036e+01 7.008122086177338145e-03
1.407500000000000107e+01 6.626627682046404982e-03
1.412499999999999822e+01 5.137940448620171956e-03
1.417500000000000249e+01 2.628560620653530794e-04
1.422499999999999964e+01 1.979151788815158765e-03
1.427500000000000036e+01 1.021222917423969274e-03
1.432500000000000107e+01 7.400547887030481560e-04
1.437499999999999822e+01 9.151615300435621573e-04
1.442500000000000249e+01 3.414183498402678825e-03
1.447499999999999964e+01 1.907698664546586586e-03
1.452500000000000036e+01 4.074033845592026776e-02
1.457500000000000107e+01 3.066567337393539816e-01
1.462499999999999822e+01 1.027086113615720775e+00
1.467500000000000249e+01 2.420024449239375208e+00
1.472499999999999964e+01 9.749257765901658601e+00
1.477500000000000036e+01 1.703940974547532861e+01
1.482500000000000107e+01 2.410392011357560804e+01
1.487499999999999822e+01 3.071333234894433062e+01
1.492500000000000249e+01 3.665049565372443396e+01
1.497499999999999964e+01 3.665049565372443396e+01
1.502500000000000036e+01 3.665049565372443396e+01
1.507500000000000107e+01 3.665049565372443396e+01
1.512499999999999822e+01 3.665049565372443396e+01
1.517500000000000249e+01 3.665049565372443396e+01
1.522499999999999964e+01 3.665049565372443396e+01
1.527500000000000036e+01 3.665049565372443396e+01
1.532500000000000107e+01 3.665049565372443396e+01
1.537499999999999822e+01 3.665049565372443396e+01
1.542500000000000249e+01 3.665049565372443396e+01
1.547499999999999964e+01 3.665049565372443396e+01
1.552500000000000036e+01 3.665049565372443396e+01
1.557500000000000107e+01 3.665049565372443396e+01
1.562499999999999822e+01 3.665049565372443396e+01
1.567500000000000249e+01 3.665049565372443396e+01
1.572499999999999964e+01 3.665049565372443396e+01
1.577500000000000391e+01 3.665049565372443396e+01
1.582500000000000107e+01 3.665049565372443396e+01
1.587499999999999822e+01 3.665049565372443396e+01
1.592500000000000249e+01 3.665049565372443396e+01
1.597499999999999964e+01 3.665049565372443396e+01
1.602500000000000568e+01 3.665049565372443396e+01
1.607500000000000284e+01 3.665049565372443396e+01
1.612500000000000000e+01 3.665049565372443396e+01
1.617500000000000426e+01 3.665049565372443396e+01
1.622500000000000142e+01 3.665049565372443396e+01
1.627500000000000568e+01 3.665049565372443396e+01
1.632500000000000284e+01 3.665049565372443396e+01
1.637500000000000000e+01 3.665049565372443396e+01
1.642500000000000426e+01 3.665049565372443396e+01
1.647500000000000142e+01 3.665049565372443396e+01
1.652500000000000568e+01 3.665049565372443396e+01
1.657500000000000284e+01 3.665049565372443396e+01
1.662500000000000000e+01 3.665049565372443396e+01
1.667500000000000426e+01 3.665049565372443396e+01
1.672500000000000142e+01 3.665049565372443396e+01
1.677500000000000568e+01 3.665049565372443396e+01
1.682500000000000284e+01 3.665049565372443396e+01
1.687500000000000000e+01 3.665049565372443396e+01
1.692500000000000426e+01 3.665049565372443396e+01
1.697500000000000142e+01 3.665049565372443396e+01
1.702500000000000568e+01 3.665049565372443396e+01
1.707500000000000284e+01 3.665049565372443396e+01
1.712500000000000000e+01 3.665049565372443396e+01
1.717500000000000426e+01 3.665049565372443396e+01
1.722500000000000142e+01 3.665049565372443396e+01
1.727500000000000568e+01 3.665049565372443396e+01
1.732500000000000284e+01 3.665049565372443396e+01
1.737500000000000000e+01 3.665049565372443396e+01
1.742500000000000426e+01 3.665049565372443396e+01
1.747500000000000142e+01 3.665049565372443396e+01
1.752500000000000568e+01 3.665049565372443396e+01
1.757500000000000284e+01 3.665049565372443396e+01
1.762500000000000000e+01 3.665049565372443396e+01
1.767500000000000426e+01 3.665049565372443396e+01
1.772500000000000142e+01 3.665049565372443396e+01
1.777500000000000568e+01 3.665049565372443396e+01
1.782500000000000284e+01 3.665049565372443396e+01
1.787500000000000000e+01 3.665049565372443396e+01
1.792500000000000426e+01 3.665049565372443396e+01
1.797500000000000142e+01 3.665049565372443396e+01
1.802500000000000568e+01 3.665049565372443396e+01
1.807500000000000284e+01 3.665049565372443396e+01
1.812500000000000000e+01 3.665049565372443396e+01
1.817500000000000426e+01 3.665049565372443396e+01
1.822500000000000142e+01 3.665049565372443396e+01
1.827500000000000568e+01 3.665049565372443396e+01
1.832500000000000284e+01 3.665049565372443396e+01
1.837500000000000000e+01 3.665049565372443396e+01
1.842500000000000426e+01 3.665049565372443396e+01
1.847500000000000142e+01 3.665049565372443396e+01
1.852500000000000568e+01 3.665049565372443396e+01
1.857500000000000284e+01 3.665049565372443396e+01
1.862500000000000000e+01 3.665049565372443396e+01
1.867500000000000426e+01 3.665049565372443396e+01
1.872500000000000142e+01 3.665049565372443396e+01
1.877500000000000568e+01 3.665049565372443396e+01
1.882500000000000284e+01 3.665049565372443396e+01
1.887500000000000000e+01 3.665049565372443396e+01
1.892500000000000426e+01 3.665049565372443396e+01
1.897500000000000142e+01 3.665049565372443396e+01
1.902500000000000568e+01 3.665049565372443396e+01
1.907500000000000284e+01 3.665049565372443396e+01
1.912500000000000000e+01 3.665049565372443396e+01
1.917500000000000426e+01 3.665049565372443396e+01
1.922500000000000142e+01 3.665049565372443396e+01
1.927500000000000568e+01 3.665049565372443396e+01
1.932500000000000284e+01 3.665049565372443396e+01
1.937500000000000000e+01 3.665049565372443396e+01
1.942500000000000426e+01 3.665049565372443396e+01
1.947500000000000142e+01 3.665049565372443396e+01
1.952500000000000568e+01 3.665049565372443396e+01
1.957500000000000284e+01 3.665049565372443396e+01
1.962500000000000000e+01 3.665049565372443396e+01
1.967500000000000426e+01 3.665049565372443396e+01
1.972500000000000142e+01 3.665049565372443396e+01
1.977500000000000568e+01 3.665049565372443396e+01
1.982500000000000284e+01 3.665049565372443396e+01
1.987500000000000000e+01 3.665049565372443396e+01
1.992500000000000426e+01 3.665049565372443396e+01
1.997500000000000142e+01 3.665049565372443396e+01
2.002500000000000568e+01 3.665049565372443396e+01
2.007500000000000284e+01 3.665049565372443396e+01
2.012500000000000000e+01 3.665049565372443396e+01
2.017500000000000426e+01 3.665049565372443396e+01
2.022500000000000142e+01 3.665049565372443396e+01
2.027500000000000568e+01 3.665049565372443396e+01
2.032500000000000284e+01 3.665049565372443396e+01
2.037500000000000000e+01 3.665049565372443396e+01
2.042500000000000426e+01 3.665049565372443396e+01
2.047500000000000142e+01 3.665049565372443396e+01
2.052500000000000568e+01 3.665049565372443396e+01
2.057500000000000284e+01 3.665049565372443396e+01
2.062500000000000000e+01 3.665049565372443396e+01
2.067500000000000426e+01 3.665049565372443396e+01
2.072500000000000142e+01 3.665049565372443396e+01
2.077500000000000568e+01 3.665049565372443396e+01
2.082500000000000284e+01 3.665049565372443396e+01
2.087500000000000000e+01 3.665049565372443396e+01
2.092500000000000426e+01 3.665049565372443396e+01
2.097500000000000142e+01 3.665049565372443396e+01
2.102500000000000568e+01 3.665049565372443396e+01
2.107500000000000284e+01 3.665049565372443396e+01
2.112500000000000000e+01 3.665049565372443396e+01
2.117500000000000426e+01 3.665049565372443396e+01
2.122500000000000142e+01 3.665049565372443396e+01
2.127500000000000568e+01 3.665049565372443396e+01
2.132500000000000284e+01 3.665049565372443396e+01
2.137500000000000000e+01 3.665049565372443396e+01
2.142500000000000426e+01 3.665049565372443396e+01
2.147500000000000142e+01 3.665049565372443396e+01
2.152500000000000568e+01 3.665049565372443396e+01
2.157500000000000284e+01 3.665049565372443396e+01
2.162500000000000000e+01 3.665049565372443396e+01
2.167500000000000426e+01 3.665049565372443396e+01
2.172500000000000142e+01 3.665049565372443396e+01
2.177500000000000568e+01 3.665049565372443396e+01
2.182500000000000284e+01 3.665049565372443396e+01
2.187500000000000000e+01 3.665049565372443396e+01
2.192500000000000426e+01 3.665049565372443396e+01
2.197500000000000142e+01 3.665049565372443396e+01
2.202500000000000568e+01 3.665049565372443396e+01
2.207500000000000284e+01 3.665049565372443396e+01
2.212500000000000000e+01 3.665049565372443396e+01
2.217500000000000426e+01 3.665049565372443396e+01
2.222500000000000142e+01 3.665049565372443396e+01
2.227500000000000568e+01 3.665049565372443396e+01
2.232500000000000284e+01 3.665049565372443396e+01
2.237500000000000000e+01 3.665049565372443396e+01
2.242500000000000426e+01 3.665049565372443396e+01
2.247500000000000142e+01 3.665049565372443396e+01
2.252500000000000568e+01 3.665049565372443396e+01
2.257500000000000284e+01 3.665049565372443396e+01
2.262500000000000000e+01 3.665049565372443396e+01
2.267500000000000426e+01 3.665049565372443396e+01
2.272500000000000142e+01 3.665049565372443396e+01
2.277500000000000568e+01 3.665049565372443396e+01
2.282500000000000284e+01 3.665049565372443396e+01
2.287500000000000000e+01 3.665049565372443396e+01
2.292500000000000426e+01 3.665049565372443396e+01
2.297500000000000142e+01 3.665049565372443396e+01
2.302500000000000568e+01 3.665049565372443396e+01
2.307500000000000284e+01 3.665049565372443396e+01
2.312500000000000000e+01 3.665049565372443396e+01
2.317500000000000426e+01 3.665049565372443396e+01
2.322500000000000142e+01 3.665049565372443396e+01
2.327500000000000568e+01 3.665049565372443396e+01
2.332500000000000284e+01 3.665049565372443396e+01
2.337500000000000000e+01 3.665049565372443396e+01
2.342500000000000426e+01 3.665049565372443396e+01
2.347500000000000142e+01 3.665049565372443396e+01
2.352500000000000568e+01 3.665049565372443396e+01
2.357500000000000284e+01 3.665049565372443396e+01
2.362500000000000000e+01 3.665049565372443396e+01
2.367500000000000426e+01 3.665049565372443396e+01
2.372500000000000142e+01 3.665049565372443396e+01
2.377500000000000568e+01 3.665049565372443396e+01
2.382500000000000284e+01 3.665049565372443396e+01
2.387500000000000000e+01 3.665049565372443396e+01
2.392500000000000426e+01 3.665049565372443396e+01
2.397500000000000142e+01 3.665049565372443396e+01
2.402500000000000568e+01 3.665049565372443396e+01
2.407500000000000284e+01 3.665049565372443396e+01
2.412500000000000000e+01 3.665049565372443396e+01
2.417500000000000426e+01 3.665049565372443396e+01
2.422500000000000142e+01 3.665049565372443396e+01
2.427500000000000568e+01 3.665049565372443396e+01
2.432500000000000284e+01 3.665049565372443396e+01
2.437500000000000000e+01 3.665049565372443396e+01
2.442500000000000426e+01 3.665049565372443396e+01
2.447500000000000142e+01 3.665049565372443396e+01
2.452500000000000568e+01 3.665049565372443396e+01
2.457500000000000284e+01 3.665049565372443396e+01
2.462500000000000000e+01 3.665049565372443396e+01
2.467500000000000426e+01 3.665049565372443396e+01
2.472500000000000142e+01 3.665049565372443396e+01
2.477500000000000568e+01 3.665049565372443396e+01
2.482500000000000284e+01 3.665049565372443396e+01
2.487500000000000000e+01 3.665049565372443396e+01
2.492500000000000426e+01 3.665049565372443396e+01
2.497500000000000142e+01 3.665049565372443396e+01
2.502500000000000568e+01 3.665049565372443396e+01
2.507500000000000284e+01 3.665049565372443396e+01
2.512500000000000000e+01 3.665049565372443396e+01
2.517500000000000426e+01 3.665049565372443396e+01
2.522500000000000142e+01 3.665049565372443396e+01
2.527500000000000568e+01 3.665049565372443396e+01
2.532500000000000284e+01 3.665049565372443396e+01
2.537500000000000000e+01 3.665049565372443396e+01
2.542500000000000426e+01 3.665049565372443396e+01
2.547500000000000142e+01 3.665049565372443396e+01
2.552500000000000568e+01 3.665049565372443396e+01
2.557500000000000284e+01 3.665049565372443396e+01
2.562500000000000000e+01 3.665049565372443396e+01
2.567500000000000426e+01 3.665049565372443396e+01
2.572500000000000142e+01 3.665049565372443396e+01
2.577500000000000568e+01 3.665049565372443396e+01
2.582500000000000284e+01 3.665049565372443396e+01
2.587500000000000000e+01 3.665049565372443396e+01
2.592500000000000426e+01 3.665049565372443396e+01
2.597500000000000142e+01 3.665049565372443396e+01
2.602500000000000568e+01 3.665049565372443396e+01
2.607500000000000284e+01 3.665049565372443396e+01
2.612500000000000000e+01 3.665049565372443396e+01
2.617500000000000426e+01 3.665049565372443396e+01
2.622500000000000142e+01 3.665049565372443396e+01
2.627500000000000568e+01 3.665049565372443396e+01
2.632500000000000284e+01 3.665049565372443396e+01
2.637500000000000000e+01 3.665049565372443396e+01
2.642500000000000426e+01 3.665049565372443396e+01
2.647500000000000142e+01 3.665049565372443396e+01
2.652500000000000568e+01 2.932039652297954646e+01
2.657500000000000284e+01 2.199029739223465896e+01
