# r_minus_2Rs_A,    PMF_over_kBT
-8.025199999999994560e-01 3.508280710392919843e+01
-7.883871589999991158e-01 4.675794029560275789e+01
-7.742543180000005520e-01 5.839000832901293592e+01
-7.601214770000002119e-01 6.992438789611080097e+01
-7.459886349999997890e-01 6.956952713304623614e+01
-7.318557939999994488e-01 6.887762986881251948e+01
-7.177229530000008850e-01 6.766721987646330660e+01
-7.035901120000005449e-01 6.575237663070006988e+01
-6.894572710000002047e-01 6.299213852660436430e+01
-6.753244299999998645e-01 5.934360072012985654e+01
-6.611915889999995244e-01 5.489427540216823331e+01
-6.470587479999991842e-01 4.985521816129183037e+01
-6.329259060000005377e-01 4.452175965846730321e+01
-6.187930650000001975e-01 3.920584765693288887e+01
-6.046602239999998574e-01 3.416971300240122389e+01
-5.905273829999995172e-01 2.957865895573744197e+01
-5.763945419999991771e-01 2.548563489177607622e+01
-5.622617010000006132e-01 2.185484271099294773e+01
-5.481288600000002731e-01 1.860369389845971355e+01
-5.339960179999998502e-01 1.564725848454615864e+01
-5.198631769999995100e-01 1.292668862922335649e+01
-5.057303359999991699e-01 1.041351949997700466e+01
-4.915974950000006061e-01 8.102980114357299257e+00
-4.774646540000002659e-01 5.998469404693656415e+00
-4.633318129999999258e-01 4.100267630492139048e+00
-4.491989719999995856e-01 2.402402908917331104e+00
-4.350661309999992454e-01 8.890583650733212551e-01
-4.209332890000005989e-01 -4.610912071529054135e-01
-4.068004480000002587e-01 -1.673012379819721618e+00
-3.926676069999999186e-01 -2.768121044353906601e+00
-3.785347659999995784e-01 -3.758849145619895360e+00
-3.644019249999992383e-01 -4.650530003871807594e+00
-3.502690840000006745e-01 -5.445130886813449145e+00
-3.361362430000003343e-01 -6.149222248541232894e+00
-3.220034009999999114e-01 -6.771280512748297120e+00
-3.078705599999995712e-01 -7.321620686625547769e+00
-2.937377189999992311e-01 -7.809498921802220828e+00
-2.796048780000006673e-01 -8.241272925302400409e+00
-2.654720370000003271e-01 -8.623140964428559485e+00
-2.513391959999999870e-01 -8.958404228049598572e+00
-2.372063549999996468e-01 -9.249177034046754287e+00
-2.230735139999993066e-01 -9.497820729233886539e+00
-2.089406720000006601e-01 -9.707770923804654117e+00
-1.948078310000003199e-01 -9.884861073187753533e+00
-1.806749899999999798e-01 -1.003370736372593086e+01
-1.665421489999996396e-01 -1.015510155638676792e+01
-1.524093079999992995e-01 -1.024934004427305467e+01
-1.382764670000007357e-01 -1.031596037454568204e+01
-1.241436260000003955e-01 -1.035914275469247414e+01
-1.100107839999999726e-01 -1.038477971423560220e+01
-9.587794299999963243e-02 -1.039700290032107688e+01
-8.174510199999929227e-02 -1.039682186793302243e+01
-6.761226100000072847e-02 -1.038415799025013264e+01
-5.347942000000038831e-02 -1.036113151549313471e+01
-3.934657900000004815e-02 -1.033006221814602732e+01
-2.521373799999970799e-02 -1.029248174142865935e+01
-1.108089699999936784e-02 -1.024787813637499134e+01
3.051944999999278707e-03 -1.019689555823095972e+01
1.718478599999961887e-02 -1.014172279561081069e+01
3.131762699999995903e-02 -1.008475203741014958e+01
4.545046800000029918e-02 -1.002734301557514129e+01
5.958330900000063934e-02 -9.970335599969445184e+00
7.371614999999920315e-02 -9.913663292060396870e+00
8.784899099999954331e-02 -9.856013397305364521e+00
1.019818329999999662e-01 -9.795628702724023640e+00
1.161146740000003064e-01 -9.731696507490330106e+00
1.302475150000006465e-01 -9.666480793340793909e+00
1.443803559999992103e-01 -9.600776320384300178e+00
1.585131969999995505e-01 -9.537737008147361806e+00
1.726460379999998906e-01 -9.479894153427704140e+00
1.867788790000002308e-01 -9.427401698246447026e+00
2.009117210000006537e-01 -9.377730149765785228e+00
2.150445619999992175e-01 -9.326212787427246909e+00
2.291774029999995577e-01 -9.272709242310083866e+00
2.433102439999998978e-01 -9.216980737036090332e+00
2.574430850000002380e-01 -9.160845633275858546e+00
2.715759260000005781e-01 -9.105427106019833516e+00
2.857087669999991419e-01 -9.049987748895416573e+00
2.998416079999994821e-01 -8.992422357030719127e+00
3.139744499999999050e-01 -8.929444960533196252e+00
3.281072910000002452e-01 -8.860773594302926881e+00
3.422401320000005853e-01 -8.789040617035631442e+00
3.563729729999991491e-01 -8.717720022765316656e+00
3.705058139999994893e-01 -8.651168638923733667e+00
3.846386549999998294e-01 -8.590043228113806606e+00
3.987714960000001696e-01 -8.532893009954209518e+00
4.129043380000005925e-01 -8.477400397174541524e+00
4.270371789999991563e-01 -8.420365803448216724e+00
4.411700199999994965e-01 -8.362694509389335451e+00
4.553028609999998366e-01 -8.305727064648543490e+00
4.694357020000001768e-01 -8.250152342891393431e+00
4.835685430000005169e-01 -8.192907496937321454e+00
4.977013840000008571e-01 -8.132512214625769786e+00
5.118342249999994209e-01 -8.070776371018652640e+00
5.259670669999998438e-01 -8.009814409520906509e+00
5.400999080000001840e-01 -7.949531341910121007e+00
5.542327490000005241e-01 -7.888742692013306801e+00
5.683655900000008643e-01 -7.828275555297567578e+00
5.824984309999994281e-01 -7.770806848754412854e+00
5.966312719999997682e-01 -7.718754713126398492e+00
6.107641130000001084e-01 -7.670131555792897515e+00
6.248969550000005313e-01 -7.620534521968878927e+00
6.390297960000008715e-01 -7.567327031611097432e+00
6.531626369999994353e-01 -7.513508745098147479e+00
6.672954779999997754e-01 -7.461201703995671508e+00
6.814283190000001156e-01 -7.411172120408419772e+00
6.955611600000004557e-01 -7.360237629171206386e+00
7.096940010000007959e-01 -7.305747227284420831e+00
7.238268419999993597e-01 -7.248917450611344293e+00
7.379596839999997826e-01 -7.193220012142228725e+00
7.520925250000001228e-01 -7.140257717169848029e+00
7.662253660000004629e-01 -7.085916794709196331e+00
7.803582070000008031e-01 -7.026809668580127344e+00
7.944910479999993669e-01 -6.965055355239863744e+00
8.086238889999997070e-01 -6.904055578340702937e+00
8.227567300000000472e-01 -6.845746801725351993e+00
8.368895720000004701e-01 -6.789466494614326386e+00
8.510224130000008103e-01 -6.732554489371058715e+00
8.651552539999993741e-01 -6.674721593328428071e+00
8.792880949999997142e-01 -6.615176373042335634e+00
8.934209360000000544e-01 -6.555939136179178561e+00
9.075537770000003945e-01 -6.498071139977094290e+00
9.216866180000007347e-01 -6.440477857442059140e+00
9.358194589999992985e-01 -6.384235281888004820e+00
9.499523009999997214e-01 -6.329379981441724645e+00
9.640851420000000616e-01 -6.277808903543861341e+00
9.782179830000004017e-01 -6.228488956088375161e+00
9.923508240000007419e-01 -6.178834525435974001e+00
1.006483664999999306e+00 -6.127556830357145934e+00
1.020616505999999646e+00 -6.074883746671612350e+00
1.034749346999999986e+00 -6.022810855008858155e+00
1.048882189000000409e+00 -5.970623604772163695e+00
1.063015030000000749e+00 -5.916240844452661740e+00
1.077147870999999313e+00 -5.858607910547992681e+00
1.091280711999999653e+00 -5.798444473353211670e+00
1.105413552999999993e+00 -5.739742398567623027e+00
1.119546394000000333e+00 -5.684238979722046281e+00
1.133679235000000673e+00 -5.631407148941268481e+00
1.147812075999999237e+00 -5.577723803291488203e+00
1.161944917999999660e+00 -5.519793165295472370e+00
1.176077759000000000e+00 -5.459363400977970571e+00
1.190210600000000341e+00 -5.399741030835114586e+00
1.204343441000000681e+00 -5.344675495004652888e+00
1.218476281999999244e+00 -5.293321151802911295e+00
1.232609122999999585e+00 -5.239901950532895647e+00
1.246741963999999925e+00 -5.180612365156744836e+00
1.260874806000000348e+00 -5.117947654801109358e+00
1.275007647000000688e+00 -5.058505724926334324e+00
1.289140487999999252e+00 -5.006635029141956572e+00
1.303273328999999592e+00 -4.960088220372923296e+00
1.317406169999999932e+00 -4.917035540818242012e+00
1.331539011000000272e+00 -4.875166526278445822e+00
1.345671852000000612e+00 -4.832004795498886729e+00
1.359804692999999176e+00 -4.785048880698662188e+00
1.373937534999999599e+00 -4.732630274446276708e+00
1.388070375999999939e+00 -4.675985796644551051e+00
1.402203217000000279e+00 -4.617172248703266924e+00
1.416336058000000619e+00 -4.559970144453106222e+00
1.430468898999999183e+00 -4.504553069446420643e+00
1.444601739999999523e+00 -4.448365657815080532e+00
1.458734580999999864e+00 -4.387664556176661179e+00
1.472867423000000286e+00 -4.323362864290897001e+00
1.487000264000000627e+00 -4.261375415564751634e+00
1.501133104999999190e+00 -4.206833430192337353e+00
1.515265945999999531e+00 -4.160479175035623811e+00
1.529398786999999871e+00 -4.117390735921207856e+00
1.543531628000000211e+00 -4.075151867846658504e+00
1.557664469000000551e+00 -4.032541511184234651e+00
1.571797309999999115e+00 -3.988548495640614533e+00
1.585930151999999538e+00 -3.940648085258689370e+00
1.600062992999999878e+00 -3.888068145217952409e+00
1.614195834000000218e+00 -3.832332316203471922e+00
1.628328675000000558e+00 -3.774526350113875939e+00
1.642461515999999122e+00 -3.718747581300981153e+00
1.656594356999999462e+00 -3.668193884358574852e+00
1.670727197999999802e+00 -3.623871931454857531e+00
1.684860040000000225e+00 -3.582153957188960014e+00
1.698992881000000565e+00 -3.539644565651886232e+00
1.713125721999999129e+00 -3.496024560945189652e+00
1.727258562999999469e+00 -3.451160368402357737e+00
1.741391403999999810e+00 -3.403303370446756571e+00
1.755524245000000150e+00 -3.350749869085722032e+00
1.769657086000000490e+00 -3.296246372157490612e+00
1.783789927000000830e+00 -3.242625478666202987e+00
1.797922768999999477e+00 -3.192393004090308128e+00
1.812055609999999817e+00 -3.145700051098150762e+00
1.826188451000000157e+00 -3.103078205025115555e+00
1.840321292000000497e+00 -3.063347441828744078e+00
1.854454133000000837e+00 -3.021079113647372250e+00
1.868586973999999401e+00 -2.974072827327354673e+00
1.882719814999999741e+00 -2.923997425276430029e+00
1.896852657000000164e+00 -2.874680043553380138e+00
1.910985498000000504e+00 -2.827375380747918943e+00
1.925118339000000844e+00 -2.780647398886682886e+00
1.939251179999999408e+00 -2.734031956498564231e+00
1.953384020999999748e+00 -2.685037918001334400e+00
1.967516862000000089e+00 -2.630634038297972044e+00
1.981649703000000429e+00 -2.571336596139746966e+00
1.995782544000000769e+00 -2.513134266082208690e+00
2.009915385999999415e+00 -2.461644778002048728e+00
2.024048226999999756e+00 -2.419012083964444226e+00
2.038181068000000096e+00 -2.383279809316616316e+00
2.052313909000000436e+00 -2.349053037028618007e+00
2.066446750000000776e+00 -2.310245872055770811e+00
2.080579590999999340e+00 -2.262726514831960856e+00
2.094712431999999680e+00 -2.209328009115243852e+00
2.108845274000000103e+00 -2.157016959138601919e+00
2.122978115000000443e+00 -2.110646803395212601e+00
2.137110956000000783e+00 -2.070213801915490759e+00
2.151243796999999347e+00 -2.033952090491373266e+00
2.165376637999999687e+00 -2.000531604018327414e+00
2.179509479000000027e+00 -1.967542390491665572e+00
2.193642320000000367e+00 -1.931319118376890742e+00
2.207775162000000790e+00 -1.889853392686757783e+00
2.221908002999999354e+00 -1.845665011832764435e+00
2.236040843999999694e+00 -1.800435146527571195e+00
2.250173685000000035e+00 -1.756171296732311538e+00
2.264306526000000375e+00 -1.714387325022535435e+00
2.278439367000000715e+00 -1.673762299288242383e+00
2.292572207999999279e+00 -1.632679090722462201e+00
2.306705048999999619e+00 -1.589668656931349178e+00
2.320837891000000042e+00 -1.544955311186574143e+00
2.334970732000000382e+00 -1.498640595742209092e+00
2.349103573000000722e+00 -1.451350959253479234e+00
2.363236413999999286e+00 -1.403062657159182436e+00
2.377369254999999626e+00 -1.357391480791948934e+00
2.391502095999999966e+00 -1.317388895617902733e+00
2.405634937000000306e+00 -1.284498968145593834e+00
2.419767779000000729e+00 -1.255910473345716927e+00
2.433900619999999293e+00 -1.226283443551245744e+00
2.448033460999999633e+00 -1.193070402334526880e+00
2.462166301999999973e+00 -1.154465613907364796e+00
2.476299143000000313e+00 -1.112463767736635134e+00
2.490431984000000654e+00 -1.068049608624595637e+00
2.504564824999999217e+00 -1.021016744727404557e+00
2.518697665999999558e+00 -9.709213370431015733e-01
2.532830507999999980e+00 -9.204119191859186921e-01
2.546963349000000321e+00 -8.731388267686053251e-01
2.561096190000000661e+00 -8.299227769435759683e-01
2.575229030999999225e+00 -7.915585696767333257e-01
2.589361871999999565e+00 -7.591217659970297404e-01
2.603494712999999905e+00 -7.318985219609406290e-01
2.617627554000000245e+00 -7.080389920303293838e-01
2.631760396000000668e+00 -6.828478568493944190e-01
2.645893236999999232e+00 -6.534410523463213272e-01
2.660026077999999572e+00 -6.208923338989790208e-01
2.674158918999999912e+00 -5.885487795642632136e-01
2.688291760000000252e+00 -5.592002677863636695e-01
2.702424601000000592e+00 -5.306807799494445144e-01
2.716557441999999156e+00 -4.994747743864209055e-01
2.730690282999999496e+00 -4.622846189525422478e-01
2.744823124999999919e+00 -4.182067173055158960e-01
2.758955966000000259e+00 -3.692946119141211625e-01
2.773088807000000600e+00 -3.193906938401814277e-01
2.787221647999999163e+00 -2.728919163916998514e-01
2.801354488999999504e+00 -2.340548217997380220e-01
2.815487329999999844e+00 -2.028707349771607937e-01
2.829620171000000184e+00 -1.740989200801881798e-01
2.843753013000000607e+00 -1.405640910457748027e-01
2.857885853999999171e+00 -1.011596070506139283e-01
2.872018694999999511e+00 -6.225451078267478511e-02
2.886151535999999851e+00 -3.058636382395718209e-02
2.900284377000000191e+00 -9.500507320638007513e-03
2.914417218000000531e+00 5.710576906733896493e-03
2.928550059000000871e+00 2.059261874562897179e-02
2.942682899999999435e+00 3.838044463719825217e-02
2.956815741999999858e+00 5.833447408534671308e-02
2.970948583000000198e+00 7.827184167895258338e-02
2.985081424000000538e+00 9.860029074179502140e-02
2.999214265000000879e+00 1.204823153830361093e-01
3.013347105999999442e+00 1.440187743238325879e-01
3.027479946999999783e+00 1.660326871162614570e-01
3.041612788000000123e+00 1.848266802260477570e-01
3.055745630000000546e+00 2.011298758371419526e-01
3.069878471000000886e+00 2.181700034707153013e-01
3.084011311999999450e+00 2.378327437699283287e-01
3.098144152999999790e+00 2.592931616443175935e-01
3.112276994000000130e+00 2.806754728481142824e-01
3.126409835000000470e+00 3.000763033184980499e-01
3.140542676000000810e+00 3.186945337135445588e-01
3.154675516999999374e+00 3.368436529886598696e-01
3.168808358999999797e+00 3.544964072750905748e-01
3.182941200000000137e+00 3.718250152927211616e-01
3.197074041000000477e+00 3.897687038583583785e-01
3.211206882000000817e+00 4.087814401058456615e-01
3.225339722999999381e+00 4.269522716021233455e-01
3.239472563999999721e+00 4.424580636606568196e-01
3.253605405000000061e+00 4.528207552068058139e-01
3.267738247000000484e+00 4.591581496700409271e-01
3.281871088000000825e+00 4.651680370897134931e-01
3.296003928999999388e+00 4.746801376835894648e-01
3.310136769999999728e+00 4.888000635018177609e-01
3.324269611000000069e+00 5.036195714934166290e-01
3.338402452000000409e+00 5.147956291028918940e-01
3.352535293000000749e+00 5.207582824447171133e-01
3.366668133999999313e+00 5.246680260747211832e-01
3.380800975999999736e+00 5.326824459103013387e-01
3.394933817000000076e+00 5.474838604892109384e-01
3.409066658000000416e+00 5.687142869155554781e-01
3.423199499000000756e+00 5.923347212903067316e-01
3.437332339999999320e+00 6.141809441072965114e-01
3.451465180999999660e+00 6.329743890177325083e-01
3.465598022000000000e+00 6.487476497094963879e-01
3.479730864000000423e+00 6.610279906986207266e-01
3.493863705000000763e+00 6.685295455040668466e-01
3.507996545999999327e+00 6.727379174109012760e-01
3.522129386999999667e+00 6.759758601811564072e-01
3.536262228000000007e+00 6.785451476874678756e-01
3.550395069000000348e+00 6.803616121016702323e-01
3.564527910000000688e+00 6.831126015964201770e-01
3.578660750999999252e+00 6.896619147635452141e-01
3.592793592999999674e+00 7.010652671804583624e-01
3.606926434000000015e+00 7.144652811353442434e-01
3.621059275000000355e+00 7.274791378847448309e-01
3.635192116000000695e+00 7.378160278972055730e-01
3.649324956999999259e+00 7.459595775832614795e-01
3.663457797999999599e+00 7.524369125516324752e-01
3.677590638999999939e+00 7.561617597695640125e-01
3.691723481000000362e+00 7.576977913703971668e-01
3.705856322000000702e+00 7.571399363117947701e-01
3.719989162999999266e+00 7.549105072892979829e-01
3.734122003999999606e+00 7.510951558213462276e-01
3.748254844999999946e+00 7.467080621244713834e-01
3.762387686000000286e+00 7.432961046267364535e-01
3.776520527000000627e+00 7.431887822427185597e-01
3.790653367999999190e+00 7.480706103085642544e-01
3.804786209999999613e+00 7.569336731321077982e-01
3.818919050999999953e+00 7.663114345996955290e-01
3.833051892000000294e+00 7.724394439303001736e-01
3.847184733000000634e+00 7.742312523863290608e-01
3.861317573999999198e+00 7.723323009033743469e-01
3.875450414999999538e+00 7.693652201592300344e-01
3.889583255999999878e+00 7.696912048259414441e-01
3.903716098000000301e+00 7.759969565416066084e-01
3.917848939000000641e+00 7.866475753181655373e-01
3.931981779999999205e+00 7.980624075985314203e-01
3.946114620999999545e+00 8.062049485772130319e-01
3.960247461999999885e+00 8.103451960281873312e-01
3.974380303000000225e+00 8.126147796719488392e-01
3.988513144000000565e+00 8.169609090943055207e-01
4.002645984999999129e+00 8.271421848881695960e-01
4.016778826999999552e+00 8.421107464369395057e-01
4.030911667999999892e+00 8.565772731292943254e-01
4.045044509000000232e+00 8.655782119195098989e-01
4.059177350000000573e+00 8.677630717729769572e-01
4.073310190999999136e+00 8.646505994145006202e-01
4.087443031999999477e+00 8.584681782271085249e-01
4.101575872999999817e+00 8.512426504030040642e-01
4.115708715000000240e+00 8.448478254391389441e-01
4.129841556000000580e+00 8.390070858852022306e-01
4.143974396999999144e+00 8.332254418652524919e-01
4.158107237999999484e+00 8.292441886318234756e-01
4.172240078999999824e+00 8.284121632519970690e-01
4.186372920000000164e+00 8.295577328438786813e-01
4.200505761000000504e+00 8.308208785177128020e-01
4.214638602999999151e+00 8.323233559677849502e-01
4.228771443999999491e+00 8.345626903083930292e-01
4.242904284999999831e+00 8.358313099324803375e-01
4.257037126000000171e+00 8.335365507215138914e-01
4.271169967000000511e+00 8.268294675266241178e-01
4.285302808000000852e+00 8.188955789200916824e-01
4.299435648999999415e+00 8.129149069068498656e-01
4.313568489999999755e+00 8.107557206271043260e-01
4.327701332000000178e+00 8.117352743561383477e-01
4.341834173000000519e+00 8.133945101007994394e-01
4.355967014000000859e+00 8.156227138887004458e-01
4.370099854999999422e+00 8.169993496152323509e-01
4.384232695999999763e+00 8.166978365157954167e-01
4.398365537000000103e+00 8.121391837182347917e-01
4.412498378000000443e+00 8.015877663615427196e-01
4.426631220000000866e+00 7.884064835871337218e-01
4.440764060999999430e+00 7.778162310609033625e-01
4.454896901999999770e+00 7.729555930244794704e-01
4.469029743000000110e+00 7.732253298538770414e-01
4.483162584000000450e+00 7.759472556189522807e-01
4.497295425000000790e+00 7.792777100670585932e-01
4.511428265999999354e+00 7.818247532965235669e-01
4.525561106999999694e+00 7.829522716433269247e-01
4.539693949000000117e+00 7.853165510636586077e-01
4.553826790000000457e+00 7.897807965719039203e-01
4.567959631000000797e+00 7.967166887004968334e-01
4.582092471999999361e+00 8.029031315673903491e-01
4.596225312999999701e+00 8.029340705559893099e-01
4.610358154000000042e+00 7.944767422038457871e-01
4.624490995000000382e+00 7.784204020083602682e-01
4.638623837000000805e+00 7.602723078944133572e-01
4.652756677999999368e+00 7.453557865491641232e-01
4.666889518999999709e+00 7.365533864502277206e-01
4.681022360000000049e+00 7.343353813406258146e-01
4.695155201000000389e+00 7.350129547235013661e-01
4.709288042000000729e+00 7.362579349189601885e-01
4.723420882999999293e+00 7.362998628987966754e-01
4.737553723999999633e+00 7.340961453168286521e-01
4.751686566000000056e+00 7.298865469132351791e-01
4.765819407000000396e+00 7.235466582834556570e-01
4.779952248000000736e+00 7.150841771722487028e-01
4.794085088999999300e+00 7.037313701444223302e-01
4.808217929999999640e+00 6.878848355019234750e-01
4.822350770999999980e+00 6.698706010642206943e-01
4.836483612000000321e+00 6.520827239887456717e-01
4.850616454000000743e+00 6.356830668147045449e-01
4.864749294999999307e+00 6.198333237053219591e-01
4.878882135999999647e+00 6.022023420997703047e-01
4.893014976999999988e+00 5.832194282046287981e-01
4.907147818000000328e+00 5.634573340089540361e-01
4.921280659000000668e+00 5.459419907437491615e-01
4.935413499999999232e+00 5.323163393832335277e-01
4.949546340999999572e+00 5.223992379562336641e-01
4.963679182999999995e+00 5.156863288085962171e-01
4.977812024000000335e+00 5.119644327776170512e-01
4.991944865000000675e+00 5.108970120038615059e-01
5.006077705999999239e+00 5.103659596737841753e-01
5.020210546999999579e+00 5.092324814791595600e-01
5.034343387999999919e+00 5.072604754938059290e-01
5.048476229000000259e+00 5.048742698366552872e-01
5.062609071000000682e+00 5.023097014041297825e-01
5.076741911999999246e+00 4.979874728340168422e-01
5.090874752999999586e+00 4.906909039839059683e-01
5.105007593999999926e+00 4.812365717121261932e-01
5.119140435000000267e+00 4.724145038867130775e-01
5.133273276000000607e+00 4.643820848891569986e-01
5.147406116999999171e+00 4.537956461968756794e-01
5.161538957999999511e+00 4.368673670149452737e-01
5.175671799999999934e+00 4.129695727967069852e-01
5.189804641000000274e+00 3.869304173255585511e-01
5.203937482000000614e+00 3.631628157554894765e-01
5.218070322999999178e+00 3.440845761360312172e-01
5.232203163999999518e+00 3.299311933219399862e-01
5.246336004999999858e+00 3.211233436731125157e-01
5.260468846000000198e+00 3.177904069967993905e-01
5.274601688000000621e+00 3.167745338067054495e-01
5.288734528999999185e+00 3.154482613287469817e-01
5.302867369999999525e+00 3.128434248304377552e-01
5.317000210999999865e+00 3.079937312677524242e-01
5.331133052000000205e+00 3.004242199751701037e-01
5.345265893000000545e+00 2.892813875913375909e-01
5.359398734000000886e+00 2.756521171858991592e-01
5.373531574999999449e+00 2.611905228369053034e-01
5.387664416999999872e+00 2.460313441423333247e-01
5.401797258000000213e+00 2.322384830984015880e-01
5.415930099000000553e+00 2.188039660415247167e-01
5.430062939999999116e+00 2.034080609016039320e-01
5.444195780999999457e+00 1.849297177424962801e-01
5.458328621999999797e+00 1.655742346032506307e-01
5.472461463000000137e+00 1.511980333243864716e-01
5.486594305000000560e+00 1.446756715525812642e-01
5.500727145999999124e+00 1.455313056708765485e-01
5.514859986999999464e+00 1.490239198063060544e-01
5.528992827999999804e+00 1.517613160810711292e-01
5.543125669000000144e+00 1.531195541499315027e-01
5.557258510000000484e+00 1.542695736434751552e-01
5.571391351000000824e+00 1.549572340927269642e-01
5.585524191999999388e+00 1.547165037527543918e-01
5.599657033999999811e+00 1.516748647639213909e-01
5.613789875000000151e+00 1.445860887271805950e-01
5.627922716000000491e+00 1.318842222061865077e-01
5.642055557000000832e+00 1.128151061319044857e-01
5.656188397999999395e+00 8.995097405529861589e-02
5.670321238999999736e+00 6.648137524917765995e-02
5.684454080000000076e+00 4.933015631813474772e-02
5.698586922000000499e+00 3.893172030005587203e-02
5.712719763000000839e+00 3.247527484937506870e-02
5.726852603999999403e+00 2.712171703854693305e-02
5.740985444999999743e+00 2.199888862372981896e-02
5.755118286000000083e+00 1.940882606004853267e-02
5.769251127000000423e+00 2.009820443504631987e-02
5.783383968000000763e+00 2.280371572357372048e-02
5.797516808999999327e+00 2.522305942897891742e-02
5.811649650999999750e+00 2.582512689248753907e-02
5.825782492000000090e+00 2.647839817969336457e-02
5.839915333000000430e+00 2.780691314900470348e-02
5.854048174000000770e+00 2.967492921224608796e-02
5.868181014999999334e+00 3.052600278992656166e-02
5.882313855999999674e+00 2.879722566396480596e-02
5.896446697000000015e+00 2.597745682237946954e-02
5.910579539000000437e+00 2.111744552907878977e-02
5.924712380000000778e+00 1.307941234329490499e-02
5.938845220999999341e+00 1.875223089721578880e-04
5.952978061999999682e+00 -1.548134401780743019e-02
5.967110903000000022e+00 -2.788994122616609422e-02
5.981243744000000362e+00 -3.423444894042167175e-02
5.995376585000000702e+00 -3.508910835026313180e-02
6.009509426000001042e+00 -3.335659428493897849e-02
6.023642267999999689e+00 -3.118078095856209944e-02
6.037775108999998253e+00 -2.817421646118845394e-02
6.051907950000000369e+00 -2.498701468421889865e-02
6.066040790999998933e+00 -2.328566110976974107e-02
6.080173632000001049e+00 -2.558062657948785915e-02
6.094306472999999613e+00 -3.301035650797246035e-02
6.108439314000001730e+00 -4.302588562062699407e-02
6.122572156000000376e+00 -5.239799025916624942e-02
6.136704996999998940e+00 -5.892222296146579913e-02
6.150837838000001057e+00 -6.383189504792359525e-02
6.164970678999999620e+00 -6.690175212657815951e-02
6.179103520000001737e+00 -6.688884394354961682e-02
6.193236361000000301e+00 -6.336203804902851289e-02
6.207369201999998864e+00 -5.673093939073226011e-02
6.221502044000001064e+00 -5.037981156462242177e-02
6.235634884999999628e+00 -4.726010908268563071e-02
6.249767726000001744e+00 -4.861198430485084293e-02
6.263900567000000308e+00 -5.194166765204025898e-02
6.278033407999998872e+00 -5.319569572937628971e-02
6.292166249000000988e+00 -5.138081808623696373e-02
6.306299089999999552e+00 -4.655855906421398765e-02
6.320431931000001669e+00 -3.919902323925819609e-02
6.334564773000000315e+00 -2.995528609022338890e-02
6.348697613999998879e+00 -2.223370652797976993e-02
6.362830455000000995e+00 -1.958379993358031618e-02
6.376963295999999559e+00 -2.196660054962270431e-02
6.391096137000001676e+00 -2.732130312878430084e-02
6.405228978000000239e+00 -3.231947269355117669e-02
6.419361818999998803e+00 -3.609578094480288962e-02
6.433494661000001003e+00 -3.857756321430135665e-02
6.447627501999999566e+00 -4.072427216434230252e-02
6.461760343000001683e+00 -4.344756690521952430e-02
6.475893184000000247e+00 -4.644073005295486223e-02
6.490026024999998810e+00 -4.892336031089664777e-02
6.504158866000000927e+00 -5.222165956815652543e-02
6.518291706999999491e+00 -5.760918959828841696e-02
6.532424548000001607e+00 -6.414150904821269705e-02
6.546557390000000254e+00 -6.838805826844661373e-02
6.560690230999998818e+00 -6.615692792756769358e-02
6.574823072000000934e+00 -5.777352890044085837e-02
6.588955912999999498e+00 -4.637634077456927878e-02
6.603088754000001614e+00 -3.604558392984103660e-02
6.617221595000000178e+00 -3.013195093223922441e-02
6.631354435999998742e+00 -3.099049240202825933e-02
6.645487278000000941e+00 -3.829586212308555560e-02
6.659620118999999505e+00 -4.967388139103926653e-02
6.673752960000001622e+00 -6.398297346679744646e-02
6.687885801000000185e+00 -7.943956359067054496e-02
6.702018641999998749e+00 -9.226172696315870780e-02
6.716151483000000866e+00 -9.833687372815801131e-02
6.730284323999999430e+00 -9.748248342332269112e-02
6.744417165000001546e+00 -9.600606993609753226e-02
6.758550007000000193e+00 -9.818606433649061660e-02
6.772682847999998756e+00 -1.029795606634233279e-01
6.786815689000000873e+00 -1.054070816980091224e-01
6.800948529999999437e+00 -9.996902834695475804e-02
6.815081371000001553e+00 -8.671029018177021930e-02
6.829214212000000117e+00 -6.936320046780507231e-02
6.843347052999998681e+00 -5.397956630194281763e-02
6.857479895000000880e+00 -4.434987165728898617e-02
6.871612735999999444e+00 -4.285806042866131815e-02
6.885745577000001560e+00 -4.947649819261575044e-02
6.899878418000000124e+00 -6.287259482358346918e-02
6.914011258999998688e+00 -8.043332472605868588e-02
6.928144100000000805e+00 -9.636316637679696873e-02
6.942276940999999368e+00 -1.079199517951560383e-01
6.956409782000001485e+00 -1.125609521023018117e-01
6.970542624000000131e+00 -1.104107330678919252e-01
6.984675464999998695e+00 -1.029516640154852780e-01
6.998808306000000812e+00 -9.092054191753362602e-02
7.012941146999999376e+00 -7.593207391089625002e-02
7.027073988000001492e+00 -6.031753114279798933e-02
7.041206829000000056e+00 -4.782173911333131855e-02
7.055339669999998620e+00 -4.150222665243556014e-02
7.069472512000000819e+00 -4.049279878757990753e-02
7.083605352999999383e+00 -4.141897768352483661e-02
7.097738194000001499e+00 -4.135065635086713348e-02
7.111871035000000063e+00 -4.037577098408699078e-02
7.126003875999998627e+00 -3.974948566831670860e-02
7.140136717000000743e+00 -4.201229124508169127e-02
7.154269557999999307e+00 -4.949436269344194284e-02
7.168402399000001424e+00 -5.970768488603302171e-02
7.182535241000000070e+00 -6.844476404326609031e-02
7.196668081999998634e+00 -7.080009163869505073e-02
7.210800923000000751e+00 -6.742107727723596622e-02
7.224933763999999314e+00 -6.222834968374021253e-02
7.239066605000001431e+00 -5.776409283160906238e-02
7.253199445999999995e+00 -5.618063861001112991e-02
7.267332286999998558e+00 -5.575012870825919731e-02
7.281465129000000758e+00 -5.378222495941287207e-02
7.295597969999999322e+00 -4.836961032078808398e-02
7.309730811000001438e+00 -4.163991509082620723e-02
7.323863652000000002e+00 -3.655774673357114340e-02
7.337996492999998566e+00 -3.100296074871522825e-02
7.352129334000000682e+00 -2.160681720731598074e-02
7.366262174999999246e+00 -8.934802726140370424e-03
7.380395016000001362e+00 2.301450032947608641e-03
7.394527858000000009e+00 9.910469788396861560e-03
7.408660698999998573e+00 1.654417160824076666e-02
7.422793540000000689e+00 2.356454937070632388e-02
7.436926380999999253e+00 3.103080899884483670e-02
7.451059222000001370e+00 3.661972678138879916e-02
7.465192062999999933e+00 3.620162227240323466e-02
7.479324903999998497e+00 2.847748125823083148e-02
7.493457746000000697e+00 1.588322379509795115e-02
7.507590586999999260e+00 3.595469794757851986e-03
7.521723428000001377e+00 -5.768059206639957609e-03
7.535856268999999941e+00 -1.151556782392049172e-02
7.549989109999998504e+00 -1.344728223636574779e-02
7.564121951000000621e+00 -9.779359629523773009e-03
7.578254791999999185e+00 -9.894734845161672499e-04
7.592387633000001301e+00 9.100621857193402775e-03
7.606520474999999948e+00 1.587385981112513639e-02
7.620653315999998512e+00 1.708622142794761350e-02
7.634786157000000628e+00 1.445732552070448131e-02
7.648918997999999192e+00 1.122732978478779842e-02
7.663051839000001308e+00 9.524905378784845680e-03
7.677184679999999872e+00 8.020729160314486392e-03
7.691317520999998436e+00 3.644617487400598783e-03
7.705450363000000635e+00 -4.001614061787487145e-03
7.719583203999999199e+00 -1.048596161072149792e-02
7.733716045000001316e+00 -1.242688152427007253e-02
7.747848885999999879e+00 -9.669511260874230629e-03
7.761981726999998443e+00 -2.850249642032546497e-03
7.776114568000000560e+00 6.543020122173003571e-03
7.790247408999999124e+00 1.642254102082318923e-02
7.804380250000001240e+00 2.684944923445442555e-02
7.818513091999999887e+00 3.791828495240660152e-02
7.832645932999998450e+00 4.850458255438875460e-02
7.846778774000000567e+00 5.618446534831633699e-02
7.860911614999999131e+00 5.825834766514503826e-02
7.875044456000001247e+00 5.590319216381800516e-02
7.889177296999999811e+00 5.050143365480863622e-02
7.903310137999998375e+00 4.450344505853820465e-02
7.917442980000000574e+00 3.860519275952375290e-02
7.931575820999999138e+00 3.296472853130675423e-02
7.945708662000001254e+00 2.938905991267878187e-02
7.959841502999999818e+00 2.836318545710270200e-02
7.973974343999998382e+00 2.926405361245324951e-02
7.988107185000000499e+00 2.938314487996981222e-02
8.002240025999999062e+00 2.589907481901103023e-02
8.016372868000001262e+00 1.768407802603870135e-02
8.030505708999999825e+00 7.624061982525629985e-03
8.044638549999998389e+00 6.187330723198179944e-04
8.058771391000000506e+00 -2.518559690912524750e-03
8.072904231999999070e+00 -2.229994002396059379e-03
8.087037073000001186e+00 1.170499940480832293e-03
8.101169913999999750e+00 7.347158636235917584e-03
8.115302754999998314e+00 1.475033523294892214e-02
8.129435597000000513e+00 1.944427111322729121e-02
8.143568437999999077e+00 2.000215784866554367e-02
8.157701279000001193e+00 1.654071687781074121e-02
8.171834119999999757e+00 1.323189476238676755e-02
8.185966960999998321e+00 1.521758118907712114e-02
8.200099802000000437e+00 2.229688247854018715e-02
8.214232642999999001e+00 2.946396507176747906e-02
8.228365485000001200e+00 3.281828981975110082e-02
8.242498325999999764e+00 3.281953373636762455e-02
8.256631166999998328e+00 3.341384342261477514e-02
8.270764008000000445e+00 3.609925928080078700e-02
8.284896848999999008e+00 3.728285717642638997e-02
8.299029690000001125e+00 3.392223298436410073e-02
8.313162530999999689e+00 2.639094607203891843e-02
8.327295371999998252e+00 1.673969714403967038e-02
8.341428214000000452e+00 7.543284233958522621e-03
8.355561054999999016e+00 5.359564701805673076e-04
8.369693896000001132e+00 -3.514541503806847735e-03
8.383826736999999696e+00 -4.600485957865886946e-03
8.397959577999998260e+00 -4.745373552810389257e-03
8.412092419000000376e+00 -4.647914985182429078e-03
8.426225259999998940e+00 -7.140981092895515303e-03
8.440358102000001139e+00 -1.430155881485954163e-02
8.454490942999999703e+00 -2.438998301163053037e-02
8.468623783999998267e+00 -3.203935278597214165e-02
8.482756625000000383e+00 -3.230517003449050878e-02
8.496889465999998947e+00 -2.450170713198218317e-02
8.511022307000001064e+00 -1.144772910123729483e-02
8.525155147999999627e+00 2.281220080170953679e-03
8.539287989000001744e+00 1.401391988333718433e-02
8.553420831000000391e+00 2.252751273583678687e-02
8.567553671999998954e+00 2.863472098867702806e-02
8.581686513000001071e+00 3.433043208868251372e-02
8.595819353999999635e+00 3.946800654080816900e-02
8.609952195000001751e+00 4.122850732444760524e-02
8.624085036000000315e+00 3.926738766017715682e-02
8.638217876999998879e+00 3.481073482717533807e-02
8.652350719000001078e+00 2.971751832276462585e-02
8.666483559999999642e+00 2.336848962534550725e-02
8.680616401000001758e+00 1.692374464387332370e-02
8.694749242000000322e+00 1.398230339787431831e-02
8.708882082999998886e+00 1.443216909632620039e-02
8.723014924000001002e+00 1.655324560731467193e-02
8.737147764999999566e+00 1.740898958200413210e-02
8.751280606000001683e+00 1.532323311812907110e-02
8.765413448000000329e+00 9.494250184803359333e-03
8.779546288999998893e+00 -5.085443227225514701e-04
8.793679130000001010e+00 -1.155975200840705062e-02
8.807811970999999573e+00 -1.767375437931661616e-02
8.821944812000001690e+00 -1.625472540891574266e-02
8.836077653000000254e+00 -1.061986163319990698e-02
8.850210493999998818e+00 -9.002158457908155526e-03
8.864343336000001017e+00 -1.506792439614438629e-02
8.878476176999999581e+00 -2.600246868882531009e-02
8.892609018000001697e+00 -3.572670402358824049e-02
8.906741859000000261e+00 -3.830380829752044053e-02
8.920874699999998825e+00 -3.331225015007768797e-02
8.935007541000000941e+00 -2.599702791855188280e-02
8.949140381999999505e+00 -2.287038968904416339e-02
8.963273223000001622e+00 -2.505193250789261236e-02
8.977406065000000268e+00 -3.011646066753333531e-02
8.991538905999998832e+00 -3.511289499910219547e-02
9.005671747000000948e+00 -3.901175311755622488e-02
9.019804587999999512e+00 -3.896909130865111592e-02
9.033937429000001629e+00 -3.249290786438289308e-02
9.048070270000000193e+00 -1.923614818132316981e-02
9.062203110999998756e+00 -3.355574294431562087e-03
9.076335953000000956e+00 8.544178180092860259e-03
9.090468793999999519e+00 1.516706578520417639e-02
9.104601635000001636e+00 1.905290419518716055e-02
9.118734476000000200e+00 2.391324411621553389e-02
9.132867316999998764e+00 2.977980032725942652e-02
9.147000158000000880e+00 3.267598298367128257e-02
9.161132998999999444e+00 2.914455083681133374e-02
9.175265840000001560e+00 2.094180664943460363e-02
9.189398682000000207e+00 1.332887213219417430e-02
9.203531522999998771e+00 1.182167226636228821e-02
9.217664364000000887e+00 1.517940141615762607e-02
9.231797204999999451e+00 1.878563747243570253e-02
9.245930046000001568e+00 1.947855306303362261e-02
9.260062887000000131e+00 1.647000731374958712e-02
9.274195727999998695e+00 1.184653270054525191e-02
9.288328570000000894e+00 5.728579484054328007e-03
9.302461410999999458e+00 -4.781113527651351678e-04
9.316594252000001575e+00 -6.616681060923686360e-03
9.330727093000000139e+00 -1.096288785658098425e-02
9.344859933999998702e+00 -1.201155319883184629e-02
9.358992775000000819e+00 -8.596245524268889340e-03
9.373125615999999383e+00 -4.565384600259860936e-04
9.387258457000001499e+00 8.139152078255069284e-03
9.401391299000000146e+00 1.404448611886503079e-02
9.415524139999998710e+00 1.600881080923718253e-02
9.429656981000000826e+00 1.407962267716319354e-02
9.443789821999999390e+00 1.011361562362604258e-02
9.457922663000001506e+00 7.453685787931854136e-03
9.472055504000000070e+00 7.949561421476403211e-03
9.486188344999998634e+00 1.067370357121906824e-02
9.500321187000000833e+00 1.101265039188111146e-02
9.514454027999999397e+00 7.999663254350270619e-03
9.528586869000001514e+00 3.746283764805013582e-03
9.542719710000000077e+00 5.641993267199549474e-04
9.556852550999998641e+00 -1.220579437448539046e-03
9.570985392000000758e+00 -2.953114983197242544e-03
9.585118232999999321e+00 -4.684868651923561160e-03
9.599251074000001438e+00 -4.875762567041399577e-03
9.613383916000000085e+00 -2.289598601310652640e-03
9.627516756999998648e+00 1.236328426202250004e-03
9.641649598000000765e+00 4.530379470007044745e-03
9.655782438999999329e+00 7.971409632103149817e-03
9.669915280000001445e+00 1.202405420064422970e-02
9.684048121000000009e+00 1.519965420997000834e-02
9.698180961999998573e+00 1.417897677588560168e-02
9.712313804000000772e+00 8.601100322335259590e-03
9.726446644999999336e+00 8.085738284269913248e-04
9.740579486000001452e+00 -4.036253064012857578e-03
9.754712327000000016e+00 -7.686325954926068269e-04
9.768845167999998580e+00 1.023926750957097377e-02
9.782978009000000696e+00 2.479811978228004324e-02
9.797110849999999260e+00 3.570732019811373448e-02
9.811243691000001377e+00 3.918624444410075819e-02
9.825376533000000023e+00 3.679811818363039333e-02
9.839509373999998587e+00 3.086610187961487395e-02
9.853642215000000704e+00 2.443959465273337628e-02
9.867775055999999267e+00 1.857809041768613417e-02
9.881907897000001384e+00 1.232576835315294696e-02
9.896040737999999948e+00 5.367441427765129447e-03
9.910173578999998512e+00 -4.434922414205288987e-03
9.924306421000000711e+00 -1.477840305827745129e-02
9.938439261999999275e+00 -2.373371841038126109e-02
9.952572103000001391e+00 -3.187069443676904257e-02
9.966704943999999955e+00 -3.935111061232277052e-02
9.980837784999998519e+00 -4.509464145056323037e-02
9.994970626000000635e+00 -4.553957563574329709e-02
1.000910346699999920e+01 -4.081719840098921998e-02
1.002323630900000140e+01 -3.277728393896239822e-02
1.003736914999999996e+01 -2.399119312078330790e-02
1.005150199099999853e+01 -1.671058471580976965e-02
1.006563483200000064e+01 -1.244715268293816561e-02
1.007976767299999921e+01 -1.085726516317938282e-02
1.009390051400000132e+01 -9.704811169449101271e-03
1.010803335499999989e+01 -7.311892244655855862e-03
1.012216619599999845e+01 -3.616998764693826664e-03
1.013629903800000065e+01 2.443558301825040410e-03
1.015043187899999921e+01 1.159912694164688673e-02
1.016456472000000133e+01 2.065692040558057135e-02
1.017869756099999989e+01 2.629751254232578009e-02
1.019283040199999846e+01 2.485314104392226039e-02
1.020696324300000057e+01 1.802184181303800870e-02
1.022109608399999914e+01 9.505895703699231147e-03
1.023522892600000134e+01 2.958767370967526397e-03
1.024936176699999990e+01 1.902542578141226855e-03
1.026349460799999846e+01 6.920280563131578702e-03
1.027762744900000058e+01 1.673302469885129540e-02
1.029176028999999915e+01 2.958153886818119110e-02
1.030589313100000126e+01 4.272424171040019314e-02
1.032002597199999983e+01 5.392856321325940894e-02
1.033415881299999839e+01 6.105373707357130558e-02
1.034829165500000059e+01 6.222075924346862769e-02
1.036242449599999915e+01 5.918014884672828657e-02
1.037655733700000127e+01 5.298991547410025760e-02
1.039069017799999983e+01 4.735179508714774249e-02
1.040482301899999840e+01 4.344981797337036517e-02
1.041895586000000051e+01 4.014449984732001292e-02
1.043308870099999908e+01 3.728398237579474278e-02
1.044722154300000128e+01 3.363058073099977480e-02
1.046135438399999984e+01 3.093560770640143079e-02
1.047548722499999840e+01 2.949022579075943895e-02
1.048962006600000052e+01 2.914151849726446739e-02
1.050375290699999908e+01 3.020775757005130305e-02
1.051788574800000120e+01 3.221986122332982927e-02
1.053201858899999976e+01 3.386838356095485392e-02
1.054615142999999833e+01 3.321483517403341079e-02
1.056028427200000053e+01 3.052893131680415456e-02
1.057441711299999909e+01 2.880103687670517235e-02
1.058854995400000121e+01 3.179251510303752332e-02
1.060268279499999977e+01 3.849088783267025360e-02
1.061681563599999834e+01 4.690797075343765971e-02
1.063094847700000045e+01 5.375973579969912930e-02
1.064508131799999902e+01 5.601292286696945427e-02
1.065921416000000121e+01 5.323811585011620912e-02
1.067334700099999978e+01 4.766888266891792375e-02
1.068747984199999834e+01 4.207955295134269136e-02
1.070161268300000046e+01 3.672229158330016230e-02
1.071574552399999902e+01 3.041503620674508926e-02
1.072987836500000114e+01 2.182620985054720825e-02
1.074401120599999970e+01 1.186016255679333935e-02
1.075814404699999827e+01 4.858474884035990566e-04
1.077227688900000047e+01 -1.146041810403156808e-02
1.078640972999999903e+01 -2.070971217754901880e-02
1.080054257100000115e+01 -2.527905145253820166e-02
1.081467541199999971e+01 -2.683413451385044737e-02
1.082880825299999827e+01 -2.844263165416549208e-02
1.084294109400000039e+01 -3.049512916020328743e-02
1.085707393499999895e+01 -2.955781841487473832e-02
1.087120677700000115e+01 -2.358785902175005236e-02
1.088533961799999972e+01 -1.479922351878570908e-02
1.089947245899999828e+01 -5.368543876706155515e-03
1.091360530000000040e+01 2.095891213149532646e-03
1.092773814099999896e+01 6.861651075761681512e-03
1.094187098200000108e+01 9.939076340145904312e-03
1.095600382299999964e+01 1.217217846703278102e-02
1.097013666400000176e+01 1.325668807300672825e-02
1.098426950600000040e+01 1.184524604090834467e-02
1.099840234699999897e+01 9.700817393886987730e-03
1.101253518800000109e+01 9.401048330952713541e-03
1.102666802899999965e+01 9.410896718797802721e-03
1.104080087000000177e+01 6.126886111016935019e-03
1.105493371100000033e+01 -9.629533672494973136e-04
1.106906655199999889e+01 -8.202915949041766908e-03
1.108319939400000109e+01 -1.429753096467815433e-02
1.109733223499999966e+01 -1.896108534777359370e-02
1.111146507600000177e+01 -2.176280572354253803e-02
1.112559791700000034e+01 -2.334011548912921438e-02
1.113973075799999890e+01 -2.386009605752074589e-02
1.115386359900000102e+01 -2.292970237373973680e-02
1.116799643999999958e+01 -1.969648877428653577e-02
1.118212928100000170e+01 -1.567788223372446055e-02
1.119626212300000034e+01 -1.210975920048677247e-02
1.121039496399999891e+01 -7.076786230944284370e-03
1.122452780500000102e+01 3.132780403807562414e-03
1.123866064599999959e+01 1.714810579073855132e-02
1.125279348700000170e+01 3.011815748012717717e-02
1.126692632800000027e+01 3.824074153867466214e-02
1.128105916899999883e+01 4.106603338659908092e-02
1.129519201100000103e+01 4.109406398562497759e-02
1.130932485199999959e+01 4.126156634859512451e-02
1.132345769300000171e+01 4.548855558684768152e-02
1.133759053400000028e+01 5.378543162023418506e-02
1.135172337499999884e+01 6.129466010628684819e-02
1.136585621600000096e+01 6.235484002141570420e-02
1.137998905699999952e+01 5.564545169258868634e-02
1.139412189800000164e+01 4.263873641413103849e-02
1.140825474000000028e+01 2.628581339160736274e-02
1.142238758099999885e+01 1.113735289828809982e-02
1.143652042200000096e+01 1.782667995347727349e-03
1.145065326299999953e+01 1.398943683653897097e-03
1.146478610400000164e+01 9.526660548888324712e-03
1.147891894500000021e+01 2.278397120144622437e-02
1.149305178599999877e+01 3.610412466317095698e-02
1.150718462800000097e+01 4.467752803135974921e-02
1.152131746899999953e+01 4.601491540388025214e-02
1.153545031000000165e+01 4.232239246232912672e-02
1.154958315100000021e+01 3.583678168841449713e-02
1.156371599199999878e+01 2.900019788512508967e-02
1.157784883300000089e+01 2.439835881527111991e-02
1.159198167399999946e+01 2.430250551074900761e-02
1.160611451500000157e+01 2.972361307443567927e-02
1.162024735700000022e+01 3.695794295343782926e-02
1.163438019799999879e+01 4.339644200184267220e-02
1.164851303900000090e+01 4.769618184119177318e-02
1.166264587999999947e+01 4.992096176414170111e-02
1.167677872100000158e+01 5.026400967923431301e-02
1.169091156200000015e+01 4.775784460351673033e-02
1.170504440299999871e+01 4.077847770162890129e-02
1.171917724500000091e+01 2.943623090712558371e-02
1.173331008599999947e+01 1.976919197854461185e-02
1.174744292700000159e+01 1.852838668067846237e-02
1.176157576800000015e+01 2.771755370417612954e-02
1.177570860899999872e+01 4.290401770044145746e-02
1.178984145000000083e+01 5.707900074042271399e-02
1.180397429099999940e+01 6.714215388164272713e-02
1.181810713200000151e+01 7.217287517254789009e-02
1.183223997400000016e+01 7.305104037436649378e-02
1.184637281499999872e+01 7.061567667688706251e-02
1.186050565600000084e+01 6.669618345283605254e-02
1.187463849699999940e+01 6.396305412833194759e-02
1.188877133800000152e+01 6.320513229960054991e-02
1.190290417900000008e+01 6.304115850649338881e-02
1.191703701999999865e+01 6.177324133487379493e-02
1.193116986200000085e+01 5.950482619100465331e-02
1.194530270299999941e+01 5.653686796823838984e-02
1.195943554400000153e+01 5.618488972537960535e-02
1.197356838500000009e+01 5.926672554107170754e-02
1.198770122599999866e+01 6.233578115530017533e-02
1.200183406700000077e+01 6.065904161822525259e-02
1.201596690799999934e+01 5.498724895795466944e-02
1.203009975000000153e+01 5.022627312743565414e-02
1.204423259100000010e+01 4.876008241012167593e-02
1.205836543199999866e+01 5.049923645378602555e-02
1.207249827300000078e+01 5.425884180556531794e-02
1.208663111399999934e+01 6.084735948894367391e-02
1.210076395500000146e+01 6.862047224711886884e-02
1.211489679600000002e+01 7.682729311016343876e-02
1.212902963699999859e+01 8.507867642353279802e-02
1.214316247900000079e+01 9.073829698102051089e-02
1.215729531999999935e+01 9.200821519034008134e-02
1.217142816100000147e+01 8.738260538752722073e-02
1.218556100200000003e+01 7.931815441911520270e-02
1.219969384299999859e+01 7.065165741740740690e-02
1.221382668400000071e+01 6.130643568656305581e-02
1.222795952499999927e+01 5.017615921528081890e-02
1.224209236700000147e+01 3.922345610128985527e-02
1.225622520800000004e+01 3.089594600323645329e-02
1.227035804899999860e+01 2.757739504610630388e-02
1.228449089000000072e+01 3.018074827991767961e-02
1.229862373099999928e+01 3.750612800353536613e-02
1.231275657200000140e+01 4.754666064668573722e-02
1.232688941299999996e+01 5.797293796526048482e-02
1.234102225399999853e+01 6.853263548390486903e-02
1.235515509600000073e+01 7.652468513444196652e-02
1.236928793699999929e+01 7.785731172770482544e-02
1.238342077800000141e+01 7.124370330938253892e-02
1.239755361899999997e+01 6.043703657418337399e-02
1.241168645999999853e+01 4.867179518356815060e-02
1.242581930100000065e+01 3.762136082244656177e-02
1.243995214199999921e+01 2.843694430638047874e-02
1.245408498400000141e+01 2.083467600197271355e-02
1.246821782499999998e+01 1.408249487889889906e-02
1.248235066599999854e+01 8.177294833250432077e-03
1.249648350700000066e+01 5.618601471804632666e-03
1.251061634799999922e+01 6.686065234395262465e-03
1.252474918900000134e+01 9.661798942706429499e-03
1.253888202999999990e+01 1.259001808344824627e-02
1.255301487099999846e+01 1.598821395152090832e-02
1.256714771300000066e+01 1.941550204759086642e-02
1.258128055399999923e+01 1.938325411385477537e-02
1.259541339500000134e+01 1.623787183157787695e-02
1.260954623599999991e+01 1.306679054318256664e-02
1.262367907699999847e+01 1.483541181972706548e-02
1.263781191800000059e+01 2.287483491211380129e-02
1.265194475899999915e+01 3.499299046894558535e-02
1.266607760100000135e+01 4.955074961493485114e-02
1.268021044199999992e+01 6.354482957342119653e-02
1.269434328299999848e+01 7.413402899927727663e-02
1.270847612400000060e+01 7.864368566563466334e-02
1.272260896499999916e+01 7.638523875115528494e-02
1.273674180600000128e+01 6.872539809195406246e-02
1.275087464699999984e+01 5.870958802035630697e-02
1.276500748799999840e+01 4.977827501997230536e-02
1.277914033000000060e+01 4.375069106540507846e-02
1.279327317099999917e+01 3.898595857712905399e-02
1.280740601200000128e+01 3.416265494185447699e-02
1.282153885299999985e+01 3.110486987513638724e-02
1.283567169399999841e+01 3.090983126168348957e-02
1.284980453500000053e+01 3.283647852815837348e-02
1.286393737599999909e+01 3.537292238794975674e-02
1.287807021800000129e+01 3.921212733363669406e-02
1.289220305899999985e+01 4.526911858952094997e-02
1.290633589999999842e+01 5.513955436731521331e-02
1.292046874100000053e+01 6.895998144389162143e-02
1.293460158199999910e+01 8.318219617539550359e-02
1.294873442300000121e+01 9.432331228691737124e-02
1.296286726399999978e+01 1.019677580267052408e-01
1.297700010499999834e+01 1.076229075799777918e-01
1.299113294700000054e+01 1.121437610098633825e-01
1.300526578799999911e+01 1.143439022214920442e-01
1.301939862900000122e+01 1.134493429777781587e-01
1.303353146999999979e+01 1.121552197709358295e-01
1.304766431099999835e+01 1.153892463279267561e-01
1.306179715200000047e+01 1.262057399650705347e-01
1.307592999299999903e+01 1.402124571745038961e-01
1.309006283500000123e+01 1.505591549699332177e-01
1.310419567599999979e+01 1.532725998260696942e-01
1.311832851699999836e+01 1.481922080254562957e-01
1.313246135800000047e+01 1.395741347569814939e-01
1.314659419899999904e+01 1.322274189046434290e-01
1.316072704000000115e+01 1.277896164459709494e-01
1.317485988099999972e+01 1.259096493424251839e-01
1.318899272199999828e+01 1.259170919105395969e-01
1.320312556400000048e+01 1.286203628295439216e-01
1.321725840499999904e+01 1.322766869777609322e-01
1.323139124600000116e+01 1.332364697740804904e-01
1.324552408699999972e+01 1.282032081979143645e-01
1.325965692799999829e+01 1.166310454877669545e-01
1.327378976900000040e+01 1.048343580185383678e-01
1.328792260999999897e+01 1.000363193374435300e-01
1.330205545200000117e+01 1.051086428576984561e-01
1.331618829299999973e+01 1.169363720761182890e-01
1.333032113399999830e+01 1.306085041957298076e-01
1.334445397500000041e+01 1.425432442342018935e-01
1.335858681599999898e+01 1.513549117130613408e-01
1.337271965700000109e+01 1.568759524697090624e-01
1.338685249799999966e+01 1.583263980326255482e-01
1.340098533900000177e+01 1.560312298704218392e-01
1.341511818100000042e+01 1.523094518420506915e-01
1.342925102199999898e+01 1.506419386184537357e-01
1.344338386300000110e+01 1.515786905035625409e-01
1.345751670399999966e+01 1.506290557376222528e-01
1.347164954499999823e+01 1.457307189197768194e-01
1.348578238600000034e+01 1.396897112950673259e-01
1.349991522699999891e+01 1.390454106625445829e-01
1.351404806900000111e+01 1.487234851220501641e-01
1.352818090999999967e+01 1.651525568748273831e-01
1.354231375099999823e+01 1.808218658162085435e-01
1.355644659200000035e+01 1.895590422951703713e-01
1.357057943299999891e+01 1.910997850601627301e-01
1.358471227400000103e+01 1.898116852801573773e-01
1.359884511499999959e+01 1.898567756362438963e-01
1.361297795600000171e+01 1.917502626798039678e-01
1.362711079800000036e+01 1.940183454597175228e-01
1.364124363899999892e+01 1.959592999551465486e-01
1.365537648000000104e+01 1.970968115238846685e-01
1.366950932099999960e+01 1.967805999994709509e-01
1.368364216200000172e+01 1.933795235851339667e-01
1.369777500300000028e+01 1.886010415606757529e-01
1.371190784399999885e+01 1.861287480409596073e-01
1.372604068600000105e+01 1.883068967314566466e-01
1.374017352699999961e+01 1.953517261234054281e-01
1.375430636800000173e+01 2.041958137859296585e-01
1.376843920900000029e+01 2.126666576646911722e-01
1.378257204999999885e+01 2.199130450665004732e-01
1.379670489100000097e+01 2.276082442860929977e-01
1.381083773199999953e+01 2.349501445567933333e-01
1.382497057400000173e+01 2.379757827042539020e-01
1.383910341500000030e+01 2.337165403766476857e-01
1.385323625599999886e+01 2.233680957930346267e-01
1.386736909700000098e+01 2.119221327135391852e-01
1.388150193799999954e+01 2.021364459061676944e-01
1.389563477900000166e+01 1.942059149844818366e-01
1.390976762000000022e+01 1.876916122709175738e-01
1.392390046099999878e+01 1.817090697920278330e-01
1.393803330300000098e+01 1.756385147599672791e-01
1.395216614399999955e+01 1.699622887133524496e-01
1.396629898500000166e+01 1.671486008938387613e-01
1.398043182600000023e+01 1.726953711452570706e-01
1.399456466699999879e+01 1.875925710015972359e-01
1.400869750800000091e+01 2.066238674663457009e-01
1.402283034899999947e+01 2.203684027160950909e-01
1.403696319100000167e+01 2.230877718673506538e-01
1.405109603200000024e+01 2.163808164262827349e-01
1.406522887299999880e+01 2.047101677821103749e-01
1.407936171400000092e+01 1.931190346048291817e-01
1.409349455499999948e+01 1.835867454977654634e-01
1.410762739600000160e+01 1.770987802173777659e-01
1.412176023700000016e+01 1.736867017960269377e-01
1.413589307799999872e+01 1.723448884920154855e-01
1.415002592000000092e+01 1.710789600484166617e-01
1.416415876099999949e+01 1.679193594693254854e-01
1.417829160200000160e+01 1.647929717764237412e-01
1.419242444300000017e+01 1.656598193455778301e-01
1.420655728399999873e+01 1.736996761584421733e-01
1.422069012500000085e+01 1.876436623045354968e-01
1.423482296599999941e+01 2.026578060517323365e-01
1.424895580800000161e+01 2.142435882780991674e-01
1.426308864900000017e+01 2.209166462264822994e-01
1.427722148999999874e+01 2.229990303128369933e-01
1.429135433100000085e+01 2.207400329496872760e-01
1.430548717199999942e+01 2.155321716649846453e-01
1.431962001300000153e+01 2.073786681450850156e-01
1.433375285400000010e+01 1.975386716590084857e-01
1.434788569499999866e+01 1.876619754903074977e-01
1.436201853700000086e+01 1.798474435663119098e-01
1.437615137799999943e+01 1.748459501648345626e-01
1.439028421900000154e+01 1.708325445627731087e-01
1.440441706000000011e+01 1.687192056634690684e-01
1.441854990099999867e+01 1.679691728366658199e-01
1.443268274200000079e+01 1.687789885167395310e-01
1.444681558299999935e+01 1.709907370128954940e-01
1.446094842500000155e+01 1.748413499711721497e-01
1.447508126600000011e+01 1.796065839304503697e-01
1.448921410699999868e+01 1.812630655379644518e-01
1.450334694800000079e+01 1.770560530814340727e-01
1.451747978899999936e+01 1.680770806137322215e-01
1.453161263000000147e+01 1.589650939320321754e-01
1.454574547100000004e+01 1.513882812402442823e-01
1.455987831199999860e+01 1.450959994048161839e-01
1.457401115400000080e+01 1.394392617221290043e-01
1.458814399499999936e+01 1.334661061215598465e-01
1.460227683600000148e+01 1.269474532766139419e-01
1.461640967700000004e+01 1.215613435715946905e-01
1.463054251799999861e+01 1.198507162333655313e-01
1.464467535900000073e+01 1.226688593913015241e-01
1.465880819999999929e+01 1.266260263529493391e-01
1.467294104200000149e+01 1.311677789333955957e-01
1.468707388300000005e+01 1.378060145359966959e-01
1.470120672399999862e+01 1.443302563878484934e-01
1.471533956500000073e+01 1.486707041444101096e-01
1.472947240599999930e+01 1.491784723835086202e-01
1.474360524700000141e+01 1.479625249066553183e-01
1.475773808799999998e+01 1.462650896255842103e-01
1.477187092899999854e+01 1.425715560318702446e-01
1.478600377100000074e+01 1.359937621712816735e-01
1.480013661199999930e+01 1.266171979643241630e-01
1.481426945300000142e+01 1.162755677632200391e-01
1.482840229399999998e+01 1.089225001995828279e-01
1.484253513499999855e+01 1.086101920242986268e-01
1.485666797600000066e+01 1.140104023672918743e-01
1.487080081699999923e+01 1.198088724181900488e-01
1.488493365900000143e+01 1.214561102075961685e-01
1.489906649999999999e+01 1.198876483445374536e-01
1.491319934099999855e+01 1.197377777967242596e-01
1.492733218200000067e+01 1.227375452745889106e-01
1.494146502299999923e+01 1.278580796577320766e-01
1.495559786400000135e+01 1.342215802812631864e-01
1.496973070499999992e+01 1.396541245109877427e-01
1.498386354599999848e+01 1.418248257149462010e-01
1.499799638800000068e+01 1.398950918437857072e-01
1.501212922899999924e+01 1.340493136173156186e-01
1.502626207000000136e+01 1.256228841431834553e-01
1.504039491099999992e+01 1.163117815885522932e-01
1.505452775199999849e+01 1.087858683017633443e-01
1.506866059300000060e+01 1.056181861056515320e-01
1.508279343399999917e+01 1.055125659310220954e-01
1.509692627600000137e+01 1.069773244972035825e-01
1.511105911699999993e+01 1.098431050904622452e-01
1.512519195799999849e+01 1.140940684707700686e-01
1.513932479900000061e+01 1.203748194963196599e-01
1.515345763999999917e+01 1.281147254818790771e-01
1.516759048100000129e+01 1.350084219848213252e-01
1.518172332199999985e+01 1.384444296645597205e-01
1.519585616299999842e+01 1.383744954912629055e-01
1.520998900500000062e+01 1.361266431857804660e-01
1.522412184599999918e+01 1.324109405947784812e-01
1.523825468700000130e+01 1.269160660424238363e-01
1.525238752799999986e+01 1.209376697330005329e-01
1.526652036899999842e+01 1.183945630438453661e-01
1.528065321000000054e+01 1.227488534774868328e-01
1.529478605099999911e+01 1.334275812259567429e-01
1.530891889300000130e+01 1.463263041905354389e-01
1.532305173399999987e+01 1.562222675848966846e-01
1.533718457499999843e+01 1.603962686668083115e-01
1.535131741600000055e+01 1.602800757313526392e-01
1.536545025699999911e+01 1.579301893429748138e-01
1.537958309800000123e+01 1.540573102870060607e-01
1.539371593899999979e+01 1.480332954355911002e-01
1.540784877999999836e+01 1.398488851079022766e-01
1.542198162200000056e+01 1.313269045561303583e-01
1.543611446299999912e+01 1.244292247499885068e-01
1.545024730400000124e+01 1.194294929874051975e-01
1.546438014499999980e+01 1.154441687688342738e-01
1.547851298599999836e+01 1.117001542985723433e-01
1.549264582700000048e+01 1.089291323854600507e-01
1.550677866799999904e+01 1.110569217198644626e-01
1.552091151000000124e+01 1.208538415094248253e-01
1.553504435099999981e+01 1.361876473817862920e-01
1.554917719199999837e+01 1.524611720096444856e-01
1.556331003300000049e+01 1.638468071540373217e-01
1.557744287399999905e+01 1.683280631859910559e-01
1.559157571500000117e+01 1.657888321035680124e-01
1.560570855599999973e+01 1.565132066457669002e-01
1.561984139699999830e+01 1.435807075889859452e-01
1.563397423900000049e+01 1.313577469651411034e-01
1.564810707999999906e+01 1.252576672357955945e-01
1.566223992100000117e+01 1.261131663490691890e-01
1.567637276199999974e+01 1.317063413264586980e-01
1.569050560299999830e+01 1.371304217694557792e-01
1.570463844400000042e+01 1.378577556754976285e-01
1.571877128499999898e+01 1.337426082337955791e-01
1.573290412700000118e+01 1.275934890869786786e-01
1.574703696799999975e+01 1.235458042376056942e-01
1.576116980899999831e+01 1.209860653877399134e-01
1.577530265000000043e+01 1.180569705472175740e-01
1.578943549099999899e+01 1.141653231731467599e-01
1.580356833200000111e+01 1.083945041855732400e-01
1.581770117299999967e+01 9.921374432949647826e-02
1.583183401499999832e+01 8.641331632215336345e-02
1.584596685600000043e+01 7.147050490942299938e-02
1.586009969699999900e+01 5.884231337075836177e-02
1.587423253800000111e+01 5.095754533123652424e-02
1.588836537899999968e+01 4.643112729580660403e-02
1.590249821999999824e+01 4.446379879646873701e-02
1.591663106100000036e+01 4.431882271871500495e-02
1.593076390199999892e+01 4.759665293027617872e-02
1.594489674400000112e+01 5.372825385896362604e-02
1.595902958499999968e+01 6.208909459737792236e-02
1.597316242599999825e+01 7.317800030188692517e-02
1.598729526700000036e+01 8.511431985759779217e-02
1.600142810799999893e+01 9.599103398919339725e-02
1.601556094900000105e+01 1.039062062560679039e-01
1.602969378999999961e+01 1.059323395256607514e-01
1.604382663199999826e+01 1.007632055856954312e-01
1.605795947300000037e+01 9.122168237086468456e-02
1.607209231399999894e+01 8.484979261172280462e-02
1.608622515500000105e+01 8.634451268457610240e-02
1.610035799599999962e+01 9.371729949937446236e-02
1.611449083700000173e+01 1.023528600089349400e-01
1.612862367800000030e+01 1.084239516839033829e-01
1.614275651899999886e+01 1.110476210493966109e-01
1.615688936100000106e+01 1.092217237314277584e-01
1.617102220199999962e+01 1.028830316612333179e-01
1.618515504300000174e+01 9.150526781609139015e-02
1.619928788400000030e+01 7.703260767048665525e-02
1.621342072499999887e+01 6.299247204310869097e-02
1.622755356600000098e+01 5.230719911221607538e-02
1.624168640699999955e+01 4.668775673037590945e-02
1.625581924900000175e+01 4.397013641247108501e-02
1.626995209000000031e+01 4.352737947347644354e-02
1.628408493099999887e+01 4.677484666277109682e-02
1.629821777200000099e+01 5.526150100943993948e-02
1.631235061299999956e+01 6.709845198042074799e-02
1.632648345400000167e+01 7.681495923760670030e-02
1.634061629500000024e+01 8.128678329249319767e-02
1.635474913599999880e+01 8.194222013594534837e-02
1.636888197800000100e+01 8.247195961986619750e-02
1.638301481899999956e+01 8.420901815170367399e-02
1.639714766000000168e+01 8.737039525099987713e-02
1.641128050100000024e+01 9.150846430264181208e-02
1.642541334199999881e+01 9.659964643647829530e-02
1.643954618300000092e+01 1.016383334555920753e-01
1.645367902399999949e+01 1.060150074011450699e-01
1.646781186600000169e+01 1.104539111610473301e-01
1.648194470700000025e+01 1.146069323020692393e-01
1.649607754799999881e+01 1.169407697792029382e-01
1.651021038900000093e+01 1.171346407327386457e-01
1.652434322999999949e+01 1.167421120633278520e-01
1.653847607100000161e+01 1.147297326951317586e-01
1.655260891200000017e+01 1.102962009985096192e-01
1.656674175299999874e+01 1.039467332430134977e-01
1.658087459500000094e+01 9.767457241915165900e-02
1.659500743599999950e+01 9.131726251761780599e-02
1.660914027700000162e+01 8.395349548628179559e-02
1.662327311800000018e+01 7.813648028036841720e-02
1.663740595899999875e+01 7.635237043557907555e-02
1.665153880000000086e+01 7.858630957654118288e-02
1.666567164099999943e+01 8.308923928500651368e-02
1.667980448300000162e+01 8.690500683630611456e-02
1.669393732400000019e+01 8.629807694303080756e-02
1.670807016499999875e+01 7.913568012120937578e-02
1.672220300600000087e+01 6.702785317341172777e-02
1.673633584699999943e+01 5.679966562971353744e-02
1.675046868800000155e+01 5.241281846636524494e-02
1.676460152900000011e+01 5.289367075454738665e-02
1.677873436999999868e+01 5.565021369194766976e-02
1.679286721200000088e+01 5.960992089354277129e-02
1.680700005299999944e+01 6.523722379713584041e-02
1.682113289400000156e+01 6.903124845848414293e-02
1.683526573500000012e+01 7.013565441429628344e-02
1.684939857599999868e+01 6.971644560191236906e-02
1.686353141700000080e+01 6.808760340822553325e-02
1.687766425799999936e+01 6.597891420393862949e-02
1.689179710000000156e+01 6.588448155099749237e-02
1.690592994100000013e+01 7.083010074757349617e-02
1.692006278199999869e+01 8.117868566426029997e-02
1.693419562300000081e+01 9.536426900771979853e-02
1.694832846399999937e+01 1.122316543405664363e-01
1.696246130500000149e+01 1.272939668374088173e-01
1.697659414600000005e+01 1.342363706352334707e-01
1.699072698699999862e+01 1.308672466470426343e-01
1.700485982900000081e+01 1.191530262964590747e-01
1.701899266999999938e+01 1.050657629417391659e-01
1.703312551100000150e+01 9.257815427376669959e-02
1.704725835200000006e+01 8.296512247191381584e-02
1.706139119299999862e+01 7.467272018100599984e-02
1.707552403400000074e+01 6.520996441908502583e-02
1.708965687499999930e+01 5.542756380906865843e-02
1.710378971700000150e+01 4.746654850898106293e-02
1.711792255800000007e+01 4.477219148960642769e-02
1.713205539899999863e+01 4.834803392063946603e-02
1.714618824000000075e+01 5.397457716783075204e-02
1.716032108099999931e+01 5.816507542199407521e-02
1.717445392200000143e+01 5.849949516943789979e-02
1.718858676299999999e+01 5.469177119580118790e-02
1.720271960399999855e+01 4.789569343832056347e-02
1.721685244600000075e+01 3.846326650756282106e-02
1.723098528699999932e+01 2.808933364989011847e-02
1.724511812800000143e+01 1.902383151507791581e-02
1.725925096900000000e+01 1.354134668328773120e-02
1.727338380999999856e+01 1.395262092966002149e-02
1.728751665100000068e+01 1.953076422633159837e-02
1.730164949199999924e+01 2.709905986173074058e-02
1.731578233400000144e+01 3.441276105480284286e-02
1.732991517500000000e+01 3.943158975993791421e-02
1.734404801599999857e+01 4.197742776953580085e-02
1.735818085700000069e+01 4.245434837390860139e-02
1.737231369799999925e+01 4.177969260059910539e-02
1.738644653900000137e+01 4.098459761813207092e-02
1.740057937999999993e+01 4.032552229665972016e-02
1.741471222099999849e+01 4.026810491182193641e-02
1.742884506300000069e+01 4.100516996829857430e-02
1.744297790399999926e+01 4.463770194872059699e-02
1.745711074500000137e+01 5.228375101468667185e-02
1.747124358599999994e+01 6.228658747977770110e-02
1.748537642699999850e+01 7.085548538767719173e-02
1.749950926800000062e+01 7.442680783292369984e-02
1.751364210899999918e+01 7.267468209308938776e-02
1.752777495100000138e+01 6.721931862203214814e-02
1.754190779199999994e+01 5.945053074793094083e-02
1.755604063299999851e+01 5.220276979760048175e-02
1.757017347400000062e+01 4.780331445403144391e-02
1.758430631499999919e+01 4.514005082563935650e-02
1.759843915600000130e+01 4.349490442179396871e-02
1.761257199699999987e+01 4.325729813051281542e-02
1.762670483799999843e+01 4.603760835903850795e-02
1.764083768000000063e+01 5.120003923898034520e-02
1.765497052099999920e+01 5.701842012672386772e-02
1.766910336200000131e+01 6.279041834193795080e-02
1.768323620299999988e+01 6.654046398429613873e-02
1.769736904399999844e+01 6.583049732051429737e-02
1.771150188500000056e+01 6.024700744793184265e-02
1.772563472599999912e+01 5.347718450745020391e-02
1.773976756800000132e+01 4.779261977590939375e-02
1.775390040899999988e+01 4.431604473738558897e-02
1.776803324999999845e+01 4.227815097625863688e-02
1.778216609100000056e+01 3.964414663185304027e-02
1.779629893199999913e+01 3.537389860779190098e-02
1.781043177300000124e+01 2.863184266398851457e-02
1.782456461399999981e+01 2.259475192433057708e-02
1.783869745599999845e+01 2.174720429340245079e-02
1.785283029700000057e+01 2.619216349320178244e-02
1.786696313799999913e+01 3.040449635129741784e-02
1.788109597900000125e+01 2.875649677135782775e-02
1.789522881999999981e+01 2.124865003137680480e-02
1.790936166099999838e+01 1.308125401787663296e-02
1.792349450200000049e+01 8.041869383241360622e-03
1.793762734299999906e+01 7.573582761153829779e-03
1.795176018500000126e+01 1.002771734848550977e-02
1.796589302599999982e+01 1.237169414873543795e-02
1.798002586699999839e+01 1.387128584821558167e-02
1.799415870800000050e+01 1.553384657231523039e-02
1.800829154899999907e+01 1.866106468062156409e-02
1.802242439000000118e+01 2.171694878990374639e-02
1.803655723099999975e+01 2.361524683480098127e-02
1.805069007299999839e+01 2.357581550728582442e-02
1.806482291400000051e+01 2.367534604984437505e-02
1.807895575499999907e+01 2.592336023505955461e-02
1.809308859600000119e+01 2.872272938773789974e-02
1.810722143699999975e+01 3.046434400068183737e-02
1.812135427799999832e+01 3.006926017370403770e-02
1.813548711900000043e+01 2.915498045759553139e-02
1.814961995999999900e+01 2.845871615279093811e-02
1.816375280200000120e+01 2.635767074763369078e-02
1.817788564299999976e+01 2.182432824915517960e-02
1.819201848399999832e+01 1.476356053459208437e-02
1.820615132500000044e+01 6.209134874495702248e-03
1.822028416599999900e+01 -2.441047210576628842e-04
1.823441700700000112e+01 -3.136916014201555740e-03
1.824854984799999968e+01 -3.750704385005575701e-03
1.826268268999999833e+01 -3.480647277209905979e-03
1.827681553100000045e+01 -3.928177301093664468e-03
1.829094837199999901e+01 -3.256283634084884433e-03
1.830508121300000113e+01 -1.180172572979643064e-03
1.831921405399999969e+01 1.893378267579256527e-03
1.833334689499999826e+01 6.039005526647637893e-03
1.834747973600000037e+01 1.234862350073721339e-02
1.836161257699999894e+01 2.143856678266805108e-02
1.837574541900000114e+01 3.039320318488828582e-02
1.838987825999999970e+01 3.669135561195228240e-02
1.840401110099999826e+01 4.055180262252377349e-02
1.841814394200000038e+01 4.252110574692125056e-02
1.843227678299999894e+01 4.285347801642558352e-02
1.844640962400000106e+01 4.328239284162785361e-02
1.846054246499999962e+01 4.514534039425655010e-02
1.847467530699999827e+01 4.728998636217104229e-02
1.848880814800000039e+01 4.651262463609621284e-02
1.850294098899999895e+01 4.279666763098787657e-02
1.851707383000000107e+01 3.729691082245523148e-02
1.853120667099999963e+01 3.268154284304358725e-02
1.854533951200000175e+01 2.932829170645116432e-02
1.855947235300000031e+01 2.651151668310802387e-02
1.857360519399999887e+01 2.296043198650939490e-02
1.858773803600000107e+01 1.822946316858064728e-02
1.860187087699999964e+01 1.274872338603927520e-02
1.861600371800000175e+01 8.215031223997470988e-03
1.863013655900000032e+01 6.258570608305072738e-03
1.864426939999999888e+01 6.526729623866836874e-03
1.865840224100000100e+01 7.461139517635236203e-03
1.867253508199999956e+01 7.653797423486707885e-03
1.868666792400000176e+01 8.538172023475473424e-03
1.870080076500000033e+01 8.983418426713759772e-03
1.871493360599999889e+01 1.010762670392750633e-02
1.872906644700000101e+01 1.368462033023594773e-02
1.874319928799999957e+01 2.281454573869960353e-02
1.875733212900000169e+01 3.729995263692605090e-02
1.877146497000000025e+01 5.364076234715753344e-02
1.878559781099999881e+01 6.912653741968928511e-02
1.879973065300000101e+01 8.181568751657170013e-02
1.881386349399999958e+01 9.002999372525739841e-02
1.882799633500000169e+01 9.003947450223392934e-02
1.884212917600000026e+01 8.243562243425135716e-02
1.885626201699999882e+01 7.129284723663194268e-02
1.887039485800000094e+01 6.280769822375020794e-02
1.888452769899999950e+01 5.964957984503627131e-02
1.889866054100000170e+01 6.232113483871633969e-02
1.891279338200000026e+01 6.903426741175167081e-02
1.892692622299999883e+01 7.830987787873293360e-02
1.894105906400000094e+01 8.743421537260095966e-02
1.895519190499999951e+01 9.350415239191298133e-02
1.896932474600000162e+01 9.652136625345993093e-02
1.898345758700000019e+01 9.887429324901120253e-02
1.899759042799999875e+01 1.046030892102838977e-01
1.901172327000000095e+01 1.127549449615064675e-01
1.902585611099999952e+01 1.198334259493473580e-01
1.903998895200000163e+01 1.199128501381091921e-01
1.905412179300000020e+01 1.120798305713819332e-01
1.906825463399999876e+01 1.023511511115108019e-01
1.908238747500000088e+01 9.770835088812646063e-02
1.909652031599999944e+01 1.002564593307724294e-01
1.911065315800000164e+01 1.066950612821884192e-01
1.912478599900000020e+01 1.129562679934442287e-01
1.913891883999999877e+01 1.155583909167508666e-01
1.915305168100000088e+01 1.126885112646931475e-01
1.916718452199999945e+01 1.040636671589680873e-01
1.918131736300000156e+01 9.216344527980643853e-02
1.919545020400000013e+01 7.984561160116734890e-02
1.920958304499999869e+01 7.112692698726164053e-02
1.922371588700000089e+01 6.758122955987271030e-02
1.923784872799999945e+01 6.903367221727545189e-02
1.925198156900000157e+01 7.299908402070087732e-02
1.926611441000000013e+01 7.694048981214507421e-02
1.928024725099999870e+01 7.966905978819482925e-02
1.929438009200000081e+01 8.230981754153531005e-02
1.930851293299999938e+01 8.773950458951182418e-02
1.932264577500000158e+01 9.495361487667727807e-02
1.933677861600000014e+01 1.027942313868213942e-01
1.935091145699999871e+01 1.099522618357369197e-01
1.936504429800000082e+01 1.160993902854888515e-01
1.937917713899999939e+01 1.225203308719571282e-01
1.939330998000000150e+01 1.283621528747478924e-01
1.940744282100000007e+01 1.317077721725160300e-01
1.942157566199999863e+01 1.304667245100172013e-01
1.943570850400000083e+01 1.258521519506719810e-01
1.944984134499999939e+01 1.233632616429289897e-01
1.946397418600000151e+01 1.252643145439525374e-01
1.947810702700000007e+01 1.300629919234879139e-01
1.949223986799999864e+01 1.352322351027150094e-01
1.950637270900000075e+01 1.403041425984691559e-01
1.952050554999999932e+01 1.451500516590395196e-01
1.953463839200000152e+01 1.469885523997831456e-01
1.954877123300000008e+01 1.438109297090737759e-01
1.956290407399999864e+01 1.359162038054625155e-01
1.957703691500000076e+01 1.269451528068283042e-01
1.959116975599999932e+01 1.207197602736893027e-01
1.960530259700000144e+01 1.181360843080317552e-01
1.961943543800000000e+01 1.195006260552417959e-01
1.963356827899999857e+01 1.224792041832761247e-01
1.964770112100000077e+01 1.252689013712355859e-01
1.966183396199999933e+01 1.269566068465219077e-01
1.967596680300000145e+01 1.265627177562435868e-01
1.969009964400000001e+01 1.232860564132944037e-01
1.970423248499999858e+01 1.158823885203024984e-01
1.971836532600000069e+01 1.079768429213411596e-01
1.973249816699999926e+01 1.043739421840493981e-01
1.974663100900000146e+01 1.064097436528565199e-01
1.976076385000000002e+01 1.117375280061665282e-01
1.977489669099999858e+01 1.162508276961654874e-01
1.978902953200000070e+01 1.190500554116245696e-01
1.980316237299999926e+01 1.201745879416051821e-01
1.981729521400000138e+01 1.214169397059473993e-01
1.983142805499999994e+01 1.216875697331521594e-01
1.984556089699999859e+01 1.183777107393405997e-01
1.985969373800000071e+01 1.119888619921406703e-01
1.987382657899999927e+01 1.062054844102983536e-01
1.988795942000000139e+01 1.056793180712058272e-01
1.990209226099999995e+01 1.104523931247195917e-01
1.991622510199999851e+01 1.170332973994258341e-01
1.993035794300000063e+01 1.216016403248237343e-01
1.994449078399999919e+01 1.239122967884422055e-01
1.995862362600000139e+01 1.273167548618185096e-01
1.997275646699999996e+01 1.354986946304729545e-01
1.998688930799999852e+01 1.528940736574474213e-01
2.000102214900000064e+01 1.889607756486881562e-01
2.001515498999999920e+01 2.618309121299233766e-01
2.002928783100000132e+01 3.941917977881672641e-01
2.004342067199999988e+01 6.073515177572421653e-01
2.005755351399999853e+01 9.144930598818691303e-01
2.007168635500000065e+01 1.322078556754778589e+00
2.008581919599999921e+01 1.832258129322088536e+00
2.009995203700000133e+01 2.444444339597495741e+00
2.011408487799999989e+01 3.156039389343170853e+00
2.012821771899999845e+01 3.963456690503823321e+00
2.014235056000000057e+01 4.864821094449632177e+00
2.015648340099999913e+01 5.861967353287660387e+00
2.017061624300000133e+01 6.961735724105965417e+00
2.018474908399999990e+01 8.170599694921852674e+00
2.019888192499999846e+01 9.490929606744881397e+00
2.021301476600000058e+01 1.091850466639259132e+01
2.022714760699999914e+01 1.245063776840611069e+01
2.024128044800000126e+01 1.408684093280934313e+01
2.025541328899999982e+01 1.582580772007389669e+01
2.026954613099999847e+01 1.766256955943813978e+01
2.028367897200000058e+01 1.959230241234969583e+01
2.029781181299999915e+01 2.161640192906923374e+01
2.031194465400000126e+01 2.373986611616349407e+01
2.032607749499999983e+01 2.596954570969169751e+01
2.034021033599999839e+01 2.830570128499339333e+01
2.035434317700000051e+01 3.073853822283092896e+01
2.036847601799999907e+01 3.324821515786506865e+01
2.038260886000000127e+01 3.581871511832350308e+01
2.039674170099999984e+01 3.845590744860102461e+01
2.041087454199999840e+01 4.119454112939425272e+01
2.042500738300000052e+01 4.408914275340534061e+01
2.043914022399999908e+01 4.718936499440195576e+01
2.045327306500000120e+01 5.050969751974935207e+01
2.046740590599999976e+01 5.400162386279551185e+01
2.048153874799999841e+01 5.754389135766628272e+01
2.049567158900000052e+01 6.095972586179961894e+01
2.050980442999999909e+01 6.405906266412904415e+01
2.052393727100000120e+01 6.668673615518349607e+01
2.053807011199999977e+01 6.875763834898604898e+01
2.055220295299999833e+01 7.026818556355726741e+01
2.056633579400000045e+01 7.128428279338362472e+01
2.058046863499999901e+01 7.191243105648034373e+01
2.059460147700000121e+01 7.226693298045883296e+01
2.060873431799999977e+01 7.244822099012145600e+01
2.062286715899999834e+01 6.043432277284397713e+01
2.063700000000000045e+01 4.837124469102611357e+01
