# r_minus_2Rs_A, PMF_over_kBT
-5.775000000000000355e+00 1.939193663010812330e+01
-5.724999999999999645e+00 1.988753693145177337e+01
-5.674999999999999822e+00 2.026896580759329325e+01
-5.625000000000000000e+00 2.058285503289404517e+01
-5.575000000000000178e+00 2.085093207247300739e+01
-5.525000000000000355e+00 2.108549794448083503e+01
-5.474999999999999645e+00 2.129432294691336836e+01
-5.424999999999999822e+00 2.148267884087437807e+01
-5.375000000000000000e+00 2.165432851527824454e+01
-5.325000000000000178e+00 2.181206239593202767e+01
-5.275000000000000355e+00 2.195801257414824192e+01
-5.224999999999999645e+00 2.209384791606472476e+01
-5.174999999999999822e+00 2.222090100785199951e+01
-5.125000000000000000e+00 2.234025392233629148e+01
-5.075000000000000178e+00 2.245279800396571090e+01
-5.025000000000000355e+00 2.255927665690333583e+01
-4.974999999999999645e+00 2.266031666840065384e+01
-4.924999999999999822e+00 2.275645159314884580e+01
-4.875000000000000000e+00 2.284813951317110536e+01
-4.824999999999999289e+00 2.293577673243412107e+01
-4.775000000000000355e+00 2.301970848058454067e+01
-4.724999999999999645e+00 2.310023738119582859e+01
-4.674999999999999822e+00 2.317763022523413952e+01
-4.625000000000000000e+00 2.325212344308044621e+01
-4.574999999999999289e+00 2.332392756544611956e+01
-4.525000000000000355e+00 2.339323089035194414e+01
-4.474999999999999645e+00 2.346020252059136624e+01
-4.424999999999999822e+00 2.352499489755251716e+01
-4.375000000000000000e+00 2.358774592875425213e+01
-4.324999999999999289e+00 2.364858078510912165e+01
-4.275000000000000355e+00 2.370761342778409642e+01
-4.224999999999999645e+00 2.376494791220170200e+01
-4.174999999999999822e+00 2.382067950722196059e+01
-4.125000000000000000e+00 2.387489566015939602e+01
-4.074999999999999289e+00 2.392767683250194466e+01
-4.025000000000000355e+00 2.397909722663012388e+01
-3.974999999999999645e+00 2.402922542020321828e+01
-3.924999999999999822e+00 2.407812492197336240e+01
-3.875000000000000000e+00 2.412585466044846427e+01
-3.825000000000000178e+00 2.417246941493016621e+01
-3.774999999999999911e+00 2.421802019690954566e+01
-3.724999999999999645e+00 2.426255458853998448e+01
-3.674999999999999822e+00 2.430611704386685545e+01
-3.625000000000000000e+00 2.434874915763441550e+01
-3.574999999999999734e+00 2.439048990577649789e+01
-3.524999999999999911e+00 2.443137586110235304e+01
-3.474999999999999645e+00 2.447144138719048456e+01
-3.424999999999999822e+00 2.451071881308432410e+01
-3.375000000000000000e+00 2.454923859102969175e+01
-3.324999999999999734e+00 2.458702943919472261e+01
-3.274999999999999911e+00 2.462411847105810381e+01
-3.224999999999999645e+00 2.466053131293467260e+01
-3.174999999999999822e+00 2.469629221092149507e+01
-3.125000000000000000e+00 2.473142412838855364e+01
-3.074999999999999734e+00 2.476594883500089139e+01
-3.024999999999999911e+00 2.479988698814084813e+01
-2.974999999999999645e+00 2.483325820749688972e+01
-2.924999999999999822e+00 2.486608114349640886e+01
-2.875000000000000000e+00 2.489837354018306570e+01
-2.824999999999999734e+00 2.493015229307167857e+01
-2.774999999999999911e+00 2.496143350245499093e+01
-2.724999999999999645e+00 2.499223252258517292e+01
-2.674999999999999822e+00 2.502256400710754747e+01
-2.625000000000000000e+00 2.505244195108454619e+01
-2.574999999999999734e+00 2.508187972991259329e+01
-2.524999999999999911e+00 2.511089013540383874e+01
-2.474999999999999645e+00 2.513948540927724196e+01
-2.424999999999999822e+00 2.516767727427923163e+01
-2.375000000000000000e+00 2.519547696313258456e+01
-2.324999999999999734e+00 2.522289524549307060e+01
-2.274999999999999911e+00 2.524994245307621910e+01
-2.224999999999999645e+00 2.527662850310145970e+01
-2.174999999999999822e+00 2.530296292018706339e+01
-2.125000000000000000e+00 2.532895485681725489e+01
-2.074999999999999734e+00 2.535461311249190075e+01
-2.024999999999999911e+00 2.537994615165921886e+01
-1.974999999999999645e+00 2.540496212052329739e+01
-1.924999999999999822e+00 2.542966886281009309e+01
-1.875000000000000000e+00 2.545407393456846989e+01
-1.824999999999999289e+00 2.547818461807632318e+01
-1.775000000000000355e+00 2.550200793491604401e+01
-1.724999999999999645e+00 2.552555065827805691e+01
-1.674999999999999822e+00 2.554881932454666327e+01
-1.625000000000000000e+00 2.557182024421781463e+01
-1.574999999999999289e+00 2.559455951219447911e+01
-1.525000000000000355e+00 2.561704301750180335e+01
-1.474999999999999645e+00 2.563927645246088360e+01
-1.424999999999999822e+00 2.566126532135691107e+01
-1.375000000000000000e+00 2.568301494863484535e+01
-1.324999999999999289e+00 2.570453048665316231e+01
-1.275000000000000355e+00 2.572581692302398793e+01
-1.224999999999999645e+00 2.574687908756585841e+01
-1.174999999999998934e+00 2.576772165889332911e+01
-1.125000000000000000e+00 2.578834917066603083e+01
-1.074999999999999289e+00 2.580876601751806376e+01
-1.025000000000000355e+00 2.582897646068713726e+01
-9.749999999999996447e-01 2.584898463336155316e+01
-9.249999999999989342e-01 2.586879454576185111e+01
-8.750000000000000000e-01 2.588841008997273008e+01
-8.249999999999992895e-01 2.590783504453984420e+01
-7.750000000000003553e-01 2.592707307884514734e+01
-7.249999999999996447e-01 2.594612775727333442e+01
-6.749999999999989342e-01 2.596500254318135603e+01
-6.250000000000000000e-01 2.598370080268203353e+01
-5.749999999999992895e-01 2.271281853253205085e+01
-5.250000000000003553e-01 1.916377902659585075e+01
-4.749999999999996447e-01 1.524050996690079174e+01
-4.249999999999989342e-01 1.105743868168741884e+01
-3.750000000000000000e-01 6.721680364350171466e+00
-3.249999999999992895e-01 2.311054150290644316e+00
-2.750000000000003553e-01 -2.136790642316768185e+00
-2.249999999999996447e-01 -3.305926985949038333e+00
-1.749999999999989342e-01 -4.189911619294184320e+00
-1.250000000000000000e-01 -4.678663832439588610e+00
-7.499999999999928946e-02 -4.882393504182811483e+00
-2.500000000000035527e-02 -4.911941514443100232e+00
2.500000000000035527e-02 -4.848546074061608202e+00
7.500000000000106581e-02 -4.720156516110034062e+00
1.250000000000000000e-01 -4.570385271462702903e+00
1.750000000000007105e-01 -4.404490714416425590e+00
2.249999999999996447e-01 -4.236995834136267902e+00
2.750000000000003553e-01 -4.072847180716815174e+00
3.250000000000010658e-01 -3.917690192502321089e+00
3.750000000000000000e-01 -3.760147505150232661e+00
4.250000000000007105e-01 -3.604566354125314120e+00
4.749999999999996447e-01 -3.443914333932366123e+00
5.250000000000003553e-01 -3.295332166173631894e+00
5.750000000000010658e-01 -3.149100446787111540e+00
6.250000000000000000e-01 -3.009864242362291442e+00
6.750000000000007105e-01 -2.866371960155581711e+00
7.249999999999996447e-01 -2.717752430350629744e+00
7.750000000000003553e-01 -2.594057144626937372e+00
8.250000000000010658e-01 -2.454875053359041992e+00
8.750000000000000000e-01 -2.326827179106657262e+00
9.250000000000007105e-01 -2.183287954473827952e+00
9.749999999999996447e-01 -2.067074187227263327e+00
1.025000000000000355e+00 -1.936742493013110522e+00
1.075000000000001066e+00 -1.827244939434813364e+00
1.125000000000000000e+00 -1.698609652537908854e+00
1.175000000000000711e+00 -1.598621557495718992e+00
1.224999999999999645e+00 -1.489236422926960346e+00
1.275000000000000355e+00 -1.400402595749914436e+00
1.325000000000001066e+00 -1.293228862394588452e+00
1.375000000000000000e+00 -1.212124302913267115e+00
1.425000000000000711e+00 -1.143405853208834699e+00
1.474999999999999645e+00 -1.072056977926032051e+00
1.525000000000000355e+00 -9.907094132886176130e-01
1.575000000000001066e+00 -9.279939735981410642e-01
1.625000000000000000e+00 -8.711150081877541140e-01
1.675000000000000711e+00 -8.080557951517721715e-01
1.724999999999999645e+00 -7.599704505049915682e-01
1.775000000000000355e+00 -7.014030777915858383e-01
1.825000000000001066e+00 -6.735289109326492163e-01
1.875000000000000000e+00 -6.590350761215884035e-01
1.925000000000000711e+00 -5.979785295131828660e-01
1.974999999999999645e+00 -5.724858721175902776e-01
2.025000000000000355e+00 -5.347080622785893578e-01
2.074999999999999289e+00 -4.731271500484723336e-01
2.125000000000000000e+00 -4.365769564831351035e-01
2.175000000000000711e+00 -3.884030703871720336e-01
2.225000000000001421e+00 -3.671038372762980284e-01
2.275000000000000355e+00 -3.723180719541096528e-01
2.324999999999999289e+00 -3.621856677013535197e-01
2.375000000000000000e+00 -3.735400167485732892e-01
2.425000000000000711e+00 -4.071269222224193074e-01
2.475000000000001421e+00 -4.079041399134142321e-01
2.525000000000000355e+00 -4.621428370081497317e-01
2.574999999999999289e+00 -4.577729103842599900e-01
2.625000000000000000e+00 -5.013196475203771652e-01
2.675000000000000711e+00 -5.076378252129722934e-01
2.725000000000001421e+00 -5.144821883935799534e-01
2.775000000000000355e+00 -5.171729263091684459e-01
2.824999999999999289e+00 -5.210603595251303011e-01
2.875000000000000000e+00 -4.705541877432047881e-01
2.925000000000000711e+00 -4.926159103206732004e-01
2.975000000000001421e+00 -4.868841368919575308e-01
3.025000000000000355e+00 -4.807267048555732281e-01
3.074999999999999289e+00 -4.763995336738180431e-01
3.125000000000000000e+00 -4.703642474355700376e-01
3.175000000000000711e+00 -4.842692285058151080e-01
3.225000000000001421e+00 -5.338064735836045571e-01
3.275000000000000355e+00 -5.080999426278027808e-01
3.324999999999999289e+00 -4.986748982938659647e-01
3.375000000000000000e+00 -4.846942450983049433e-01
3.425000000000000711e+00 -4.756873887473590523e-01
3.475000000000001421e+00 -4.819303162181544087e-01
3.525000000000000355e+00 -4.667691987145763388e-01
3.575000000000001066e+00 -4.216210101595274651e-01
3.625000000000000000e+00 -4.047815625971101228e-01
3.675000000000000711e+00 -3.699503434284157066e-01
3.725000000000001421e+00 -3.895102031869163151e-01
3.775000000000000355e+00 -3.742976116153545751e-01
3.825000000000001066e+00 -3.281903839746728724e-01
3.875000000000000000e+00 -3.226706421460371343e-01
3.925000000000000711e+00 -2.771143469843668217e-01
3.975000000000001421e+00 -2.186668115770282750e-01
4.025000000000000355e+00 -1.884641256918394292e-01
4.075000000000001066e+00 -1.452811146130021935e-01
4.125000000000000000e+00 -1.174986845312976369e-01
4.175000000000000711e+00 -1.131056646281286826e-01
4.225000000000001421e+00 -6.118656090405266701e-02
4.275000000000000355e+00 -3.660140184894952742e-02
4.325000000000001066e+00 -1.235134471452653884e-02
4.375000000000000000e+00 -8.687272492434603083e-04
4.425000000000000711e+00 3.684903564400546228e-02
4.475000000000001421e+00 5.833096675761899330e-02
4.525000000000000355e+00 9.107264819086681451e-02
4.575000000000001066e+00 1.274167951761922823e-01
4.625000000000000000e+00 1.509144822366178529e-01
4.675000000000000711e+00 1.528498912352208028e-01
4.725000000000001421e+00 1.697170524206429165e-01
4.775000000000000355e+00 1.966248627809825678e-01
4.825000000000001066e+00 2.144162517814165170e-01
4.875000000000000000e+00 2.278983500079986846e-01
4.925000000000000711e+00 1.858737935772233341e-01
4.975000000000001421e+00 1.722834635051584962e-01
5.025000000000000355e+00 1.414935135678290767e-01
5.075000000000001066e+00 1.524877086196713416e-01
5.125000000000000000e+00 1.614974641645530729e-01
5.175000000000000711e+00 1.208380524020917085e-01
5.225000000000001421e+00 8.388095561897683516e-02
5.275000000000000355e+00 1.034898738533990281e-01
5.325000000000001066e+00 4.757997763959082721e-02
5.375000000000000000e+00 1.667408267193693297e-02
5.425000000000000711e+00 -1.516066085187694340e-02
5.475000000000001421e+00 -6.667287468188096144e-02
5.525000000000000355e+00 -7.821233935204677246e-02
5.575000000000001066e+00 -1.004862840955641767e-01
5.625000000000000000e+00 -1.203634204058017104e-01
5.675000000000000711e+00 -1.351295226381815651e-01
5.725000000000001421e+00 -1.495906705368929557e-01
5.775000000000000355e+00 -1.714766549189294387e-01
5.825000000000001066e+00 -2.119440044047105620e-01
5.875000000000000000e+00 -2.369903873996996035e-01
5.925000000000000711e+00 -2.475042181477909442e-01
5.975000000000001421e+00 -2.716196821982648224e-01
6.025000000000000355e+00 -2.720797427437042781e-01
6.075000000000001066e+00 -2.804753097806701456e-01
6.125000000000000000e+00 -2.911372968140444328e-01
6.175000000000000711e+00 -2.818115788127431576e-01
6.225000000000001421e+00 -2.746764350358369411e-01
6.275000000000000355e+00 -2.740615402481557661e-01
6.325000000000001066e+00 -2.943778638884579912e-01
6.375000000000000000e+00 -2.797359364547712945e-01
6.425000000000000711e+00 -2.618897706651797663e-01
6.475000000000001421e+00 -2.496239991554618509e-01
6.525000000000000355e+00 -2.601488797570983835e-01
6.575000000000001066e+00 -2.377154166615618736e-01
6.625000000000000000e+00 -2.297783983452548195e-01
6.675000000000000711e+00 -2.198747210862221357e-01
6.725000000000001421e+00 -2.142150907116811276e-01
6.775000000000000355e+00 -2.017996421540347585e-01
6.825000000000001066e+00 -2.130625685602307862e-01
6.875000000000000000e+00 -2.003703228704382111e-01
6.925000000000000711e+00 -2.091836065941498624e-01
6.975000000000001421e+00 -1.871081958599507544e-01
7.025000000000000355e+00 -1.656990444341361890e-01
7.075000000000001066e+00 -1.580357498071184308e-01
7.125000000000000000e+00 -1.626381999658914057e-01
7.175000000000000711e+00 -1.463137753107147110e-01
7.225000000000001421e+00 -1.148727046038123534e-01
7.275000000000000355e+00 -1.073250959055435383e-01
7.325000000000001066e+00 -1.213287613702053319e-01
7.375000000000000000e+00 -1.182000846916087811e-01
7.425000000000000711e+00 -1.243527137848923075e-01
7.475000000000001421e+00 -9.256706691617214156e-02
7.525000000000000355e+00 -7.693498001135676279e-02
7.575000000000001066e+00 -9.341936507364147213e-02
7.625000000000000000e+00 -1.037009024740613850e-01
7.675000000000000711e+00 -8.275875375535715617e-02
7.725000000000001421e+00 -9.072525028998285057e-02
7.775000000000000355e+00 -9.949915671671863415e-02
7.825000000000001066e+00 -1.218361220645010484e-01
7.875000000000000000e+00 -1.058887080386125834e-01
7.925000000000000711e+00 -1.092809364519489179e-01
7.975000000000001421e+00 -8.551618277351838437e-02
8.025000000000000355e+00 -9.881593123490975406e-02
8.075000000000001066e+00 -8.273550532159974769e-02
8.125000000000000000e+00 -4.923941582597179262e-02
8.175000000000000711e+00 -3.800060985289758358e-02
8.225000000000001421e+00 -3.968481291439550362e-02
8.275000000000000355e+00 -4.338622851525998636e-02
8.325000000000001066e+00 -6.702285401414696808e-02
8.375000000000000000e+00 -5.813629307408291896e-02
8.425000000000000711e+00 -5.821046223540982112e-02
8.475000000000001421e+00 -6.847344662437063190e-02
8.525000000000000355e+00 -9.281787444408098886e-02
8.575000000000001066e+00 -1.309562688628272964e-01
8.625000000000000000e+00 -1.266653295443307958e-01
8.675000000000000711e+00 -1.039496898358144572e-01
8.725000000000001421e+00 -1.073883514170478615e-01
8.775000000000000355e+00 -1.136893999086497631e-01
8.825000000000001066e+00 -1.106919437015313756e-01
8.875000000000000000e+00 -1.192640019925380879e-01
8.925000000000000711e+00 -9.707113586783604198e-02
8.975000000000001421e+00 -9.122468456465021580e-02
9.025000000000000355e+00 -1.093532533590376166e-01
9.075000000000001066e+00 -1.027084355978186980e-01
9.125000000000000000e+00 -1.113155846692774620e-01
9.175000000000000711e+00 -1.469669439849991821e-01
9.225000000000001421e+00 -1.225072569140629453e-01
9.275000000000000355e+00 -1.124650987025559989e-01
9.325000000000001066e+00 -8.994059220092408269e-02
9.375000000000000000e+00 -8.025091812483026166e-02
9.425000000000000711e+00 -8.826853107665146025e-02
9.475000000000001421e+00 -7.268294264737944210e-02
9.525000000000000355e+00 -2.490338754175398100e-02
9.575000000000001066e+00 -3.558670497385512527e-02
9.625000000000000000e+00 -5.195157063904991268e-02
9.675000000000000711e+00 -4.175177835314945740e-02
9.725000000000001421e+00 -2.541126465973141124e-02
9.775000000000000355e+00 -5.287433649579271339e-02
9.825000000000001066e+00 -7.927549492698206246e-02
9.875000000000000000e+00 -7.204144534396636490e-02
9.925000000000000711e+00 1.338345849841517943e-01
9.975000000000001421e+00 7.327346838368213877e-01
1.002499999999999858e+01 1.452872400747998061e+00
1.007500000000000284e+01 2.368810951561578726e+00
1.012500000000000000e+01 3.284749502375157171e+00
1.017500000000000071e+01 4.200688053188735616e+00
