# r_minus_2Rs_A, PMF_over_kBT
-3.375000000000000000e+00 2.088557480248838516e+01
-3.325000000000000178e+00 2.138117510383203523e+01
-3.274999999999999911e+00 2.176260397997356222e+01
-3.225000000000000089e+00 2.207649320527431058e+01
-3.174999999999999822e+00 2.234457024485327281e+01
-3.125000000000000000e+00 2.257913611686110755e+01
-3.075000000000000178e+00 2.278796111929363377e+01
-3.024999999999999911e+00 2.297631701325464348e+01
-2.975000000000000089e+00 2.314796668765850995e+01
-2.924999999999999822e+00 2.330570056831229664e+01
-2.875000000000000000e+00 2.345165074652850734e+01
-2.825000000000000178e+00 2.358748608844499373e+01
-2.774999999999999911e+00 2.371453918023226137e+01
-2.725000000000000089e+00 2.383389209471656045e+01
-2.674999999999999822e+00 2.394643617634597632e+01
-2.625000000000000000e+00 2.405291482928360125e+01
-2.575000000000000178e+00 2.415395484078091926e+01
-2.524999999999999911e+00 2.425008976552910767e+01
-2.475000000000000089e+00 2.434177768555136723e+01
-2.424999999999999822e+00 2.442941490481438294e+01
-2.375000000000000000e+00 2.451334665296480608e+01
-2.325000000000000178e+00 2.459387555357609045e+01
-2.274999999999999911e+00 2.467126839761440138e+01
-2.225000000000000089e+00 2.474576161546070807e+01
-2.174999999999999822e+00 2.481756573782638498e+01
-2.125000000000000000e+00 2.488686906273220600e+01
-2.075000000000000178e+00 2.495384069297163521e+01
-2.024999999999999911e+00 2.501863306993278258e+01
-1.975000000000000089e+00 2.508138410113451755e+01
-1.924999999999999822e+00 2.514221895748938351e+01
-1.875000000000000000e+00 2.520125160016436183e+01
-1.825000000000000178e+00 2.525858608458197097e+01
-1.774999999999999911e+00 2.531431767960222246e+01
-1.725000000000000089e+00 2.536853383253966143e+01
-1.674999999999999822e+00 2.542131500488221008e+01
-1.625000000000000000e+00 2.547273539901038575e+01
-1.574999999999999734e+00 2.552286359258348369e+01
-1.524999999999999911e+00 2.557176309435362427e+01
-1.475000000000000089e+00 2.561949283282872614e+01
-1.425000000000000266e+00 2.566610758731042807e+01
-1.375000000000000000e+00 2.571165836928981463e+01
-1.324999999999999734e+00 2.575619276092024990e+01
-1.274999999999999911e+00 2.579975521624712087e+01
-1.225000000000000089e+00 2.584238733001468091e+01
-1.174999999999999822e+00 2.588412807815676331e+01
-1.125000000000000000e+00 2.592501403348261491e+01
-1.074999999999999734e+00 2.596507955957074998e+01
-1.024999999999999911e+00 2.600435698546458951e+01
-9.750000000000000888e-01 2.604287676340995716e+01
-9.249999999999998224e-01 2.608066761157498448e+01
-8.750000000000000000e-01 2.611775664343836922e+01
-8.249999999999997335e-01 2.615416948531493802e+01
-7.749999999999999112e-01 2.618993038330176049e+01
-7.250000000000000888e-01 2.622506230076882261e+01
-6.749999999999998224e-01 2.625958700738114970e+01
-6.250000000000000000e-01 2.629352516052111355e+01
-5.749999999999997335e-01 2.632689637987715514e+01
-5.249999999999999112e-01 2.635971931587667427e+01
-4.750000000000000888e-01 2.274761777260093254e+01
-4.249999999999998224e-01 1.893696053393948375e+01
-3.750000000000000000e-01 1.497085917367387964e+01
-3.249999999999997335e-01 1.091353849231096085e+01
-2.749999999999999112e-01 6.793970187847373055e+00
-2.250000000000000888e-01 2.650110083853828957e+00
-1.749999999999998224e-01 -1.497660569941388742e+00
-1.250000000000000000e-01 -1.979252528133815581e+00
-7.499999999999973355e-02 -2.275981152118680129e+00
-2.499999999999991118e-02 -2.395021422499935770e+00
2.499999999999991118e-02 -2.431062296419602919e+00
7.500000000000017764e-02 -2.381622488369518287e+00
1.250000000000000000e-01 -2.322184414752847648e+00
1.750000000000002665e-01 -2.229946095465439093e+00
2.250000000000000888e-01 -2.151893148511796028e+00
2.749999999999999112e-01 -2.041381178421897147e+00
3.250000000000001776e-01 -1.959759976221184141e+00
3.750000000000000000e-01 -1.866257038638657217e+00
4.250000000000002665e-01 -1.775862375306211272e+00
4.750000000000000888e-01 -1.676703971148490346e+00
5.249999999999999112e-01 -1.624433101879927843e+00
5.750000000000006217e-01 -1.565171699380695225e+00
6.249999999999995559e-01 -1.510021242255530804e+00
6.750000000000002665e-01 -1.443420439625348273e+00
7.250000000000000888e-01 -1.388274123169006780e+00
7.749999999999999112e-01 -1.336393217924493726e+00
8.250000000000006217e-01 -1.281930823455923241e+00
8.749999999999995559e-01 -1.201248741503234685e+00
9.250000000000002665e-01 -1.138122095166720804e+00
9.750000000000000888e-01 -1.084769759515771925e+00
1.024999999999999911e+00 -1.025467717476136187e+00
1.075000000000000622e+00 -9.742894130609447423e-01
1.124999999999999556e+00 -9.255449315434919333e-01
1.175000000000000266e+00 -8.473293013626199688e-01
1.225000000000000977e+00 -7.982775104785233555e-01
1.274999999999999911e+00 -7.575206482662260044e-01
1.325000000000000622e+00 -7.108866758019138921e-01
1.374999999999999556e+00 -6.629396591412957118e-01
1.425000000000000266e+00 -6.021155395434087954e-01
1.475000000000000977e+00 -5.630944965390454193e-01
1.524999999999999911e+00 -5.468940267358199936e-01
1.575000000000000622e+00 -4.948348951845963906e-01
1.624999999999999556e+00 -4.406315712029250653e-01
1.675000000000000266e+00 -4.005794370106625646e-01
1.725000000000000977e+00 -3.850661507326667010e-01
1.774999999999999911e+00 -3.663678912319906500e-01
1.825000000000000622e+00 -3.489210578955331821e-01
1.874999999999999556e+00 -3.212713249235785162e-01
1.925000000000000266e+00 -3.116696421415404150e-01
1.975000000000000977e+00 -3.051726364839628669e-01
2.024999999999999911e+00 -2.942797007992137837e-01
2.075000000000000622e+00 -2.892817063017937285e-01
2.124999999999999556e+00 -2.717323312656819700e-01
2.175000000000000266e+00 -2.488615307439529800e-01
2.225000000000000977e+00 -2.190755435530300499e-01
2.274999999999999911e+00 -2.166703368989086331e-01
2.325000000000000622e+00 -1.952164016657747247e-01
2.374999999999999556e+00 -1.817663298606796429e-01
2.425000000000000266e+00 -1.599370768940201470e-01
2.475000000000000977e+00 -1.583425110766525923e-01
2.524999999999999911e+00 -1.773497350639566816e-01
2.575000000000000622e+00 -2.176921035512344726e-01
2.624999999999999556e+00 -2.119152862230317402e-01
2.675000000000000266e+00 -2.406753628074351781e-01
2.725000000000000977e+00 -2.463443895824174723e-01
2.774999999999999911e+00 -2.546994378479727206e-01
2.825000000000000622e+00 -2.747472763424596565e-01
2.874999999999999556e+00 -2.795082497033892777e-01
2.925000000000000266e+00 -3.005110464729392472e-01
2.975000000000000977e+00 -3.132703321968950405e-01
3.024999999999999911e+00 -3.085827220736580001e-01
3.075000000000000622e+00 -3.295494974790373899e-01
3.124999999999999556e+00 -3.518964269493898844e-01
3.175000000000000266e+00 -3.541672861721324450e-01
3.225000000000000977e+00 -3.545096581703474081e-01
3.274999999999999911e+00 -3.452740981287266697e-01
3.325000000000000622e+00 -3.649364361602012163e-01
3.374999999999999556e+00 -3.842738614714466538e-01
3.425000000000000266e+00 -3.786022827691874482e-01
3.475000000000000977e+00 -3.664509744571142758e-01
3.524999999999999911e+00 -3.755806041041728216e-01
3.575000000000000622e+00 -3.615917963339744245e-01
3.624999999999999556e+00 -3.294681821188460979e-01
3.675000000000000266e+00 -3.238378866218479812e-01
3.725000000000000977e+00 -2.918468493830922439e-01
3.774999999999999911e+00 -2.796258088328725799e-01
3.825000000000000622e+00 -2.647556690116726896e-01
3.874999999999999556e+00 -2.369387277726280328e-01
3.925000000000000266e+00 -2.262984716532177309e-01
3.975000000000000977e+00 -2.279529010117164467e-01
4.025000000000000355e+00 -1.930760790043434816e-01
4.075000000000001066e+00 -1.868059096743878156e-01
4.125000000000000000e+00 -1.978937195494994139e-01
4.175000000000000711e+00 -1.780182765630394515e-01
4.225000000000001421e+00 -1.813619104837803364e-01
4.275000000000000355e+00 -1.751452370191434182e-01
4.325000000000001066e+00 -1.658150921932328992e-01
4.375000000000000000e+00 -1.615183375288507805e-01
4.425000000000000711e+00 -1.372490577935255307e-01
4.474999999999999645e+00 -1.145515141549936500e-01
4.525000000000000355e+00 -1.258488335089855414e-01
4.575000000000001066e+00 -1.050999457693467254e-01
4.625000000000001776e+00 -7.599708226640648767e-02
4.675000000000000711e+00 -6.777039707501308907e-02
4.724999999999999645e+00 -4.600794120553938771e-02
4.775000000000000355e+00 -2.120585374822806651e-02
4.825000000000001066e+00 -1.301015283424560715e-02
4.875000000000001776e+00 6.920149576332943614e-03
4.925000000000000711e+00 1.621273956509990816e-02
4.974999999999999645e+00 -2.379250499623047216e-03
5.025000000000000355e+00 -5.352104634025373758e-03
5.075000000000001066e+00 -1.754421753601193706e-02
5.125000000000001776e+00 -5.161353765243223424e-02
5.175000000000000711e+00 -4.200330287386577766e-02
5.224999999999999645e+00 -3.873245868124237934e-02
5.275000000000000355e+00 -4.527592908246092646e-02
5.325000000000001066e+00 -5.901582179100400144e-02
5.375000000000001776e+00 -5.734989411744224885e-02
5.425000000000000711e+00 -5.392927265719370256e-02
5.474999999999999645e+00 -6.416014158825841807e-02
5.525000000000000355e+00 -5.195911463875065028e-02
5.575000000000001066e+00 -5.039986037799643048e-02
5.625000000000001776e+00 -7.183887994308463254e-02
5.675000000000000711e+00 -6.248204264889549442e-02
5.724999999999999645e+00 -7.559295431507351282e-02
5.775000000000000355e+00 -1.035245803179886404e-01
5.825000000000001066e+00 -9.238988056702904239e-02
5.875000000000001776e+00 -1.171673387447335901e-01
5.925000000000000711e+00 -1.366918070155634934e-01
5.975000000000001421e+00 -1.204955744594293776e-01
6.025000000000000355e+00 -1.315466398843704310e-01
6.075000000000001066e+00 -1.334602993453753994e-01
6.125000000000001776e+00 -1.325069876408421221e-01
6.175000000000000711e+00 -1.480471810525957055e-01
6.225000000000001421e+00 -1.527035471988299475e-01
6.275000000000000355e+00 -1.430088053526409886e-01
6.325000000000001066e+00 -1.381983532131937364e-01
6.375000000000001776e+00 -1.260554154652958614e-01
6.425000000000000711e+00 -1.206030524237226564e-01
6.475000000000001421e+00 -1.089954645573982112e-01
6.525000000000000355e+00 -1.209374365530463125e-01
6.575000000000001066e+00 -1.054128334117598320e-01
6.625000000000001776e+00 -1.053419218858948625e-01
6.675000000000000711e+00 -8.984332184482850259e-02
6.725000000000001421e+00 -8.305345927998203370e-02
6.775000000000000355e+00 -8.092167152181367618e-02
6.825000000000001066e+00 -7.541075205901393019e-02
6.875000000000001776e+00 -3.190472011643765565e-02
6.925000000000000711e+00 -5.273647969099977406e-02
6.975000000000001421e+00 -5.593641729259019035e-02
7.025000000000000355e+00 -5.650786116730698028e-02
7.075000000000001066e+00 -4.503787346232103472e-02
7.125000000000001776e+00 -3.256856080159335060e-02
7.175000000000000711e+00 -2.407251800780738082e-02
7.225000000000001421e+00 -1.837293517222806163e-02
7.275000000000000355e+00 5.217867204246474065e-03
7.325000000000001066e+00 1.517789885451392880e-02
7.375000000000001776e+00 1.107783915328498965e-02
7.425000000000000711e+00 9.889064935728296424e-04
7.475000000000001421e+00 4.999177802502379267e-03
7.525000000000000355e+00 8.096759609835201682e-03
7.575000000000001066e+00 -8.979830672762137075e-03
7.625000000000001776e+00 -4.362049264444628309e-03
7.675000000000000711e+00 -6.452301239795487850e-03
7.725000000000001421e+00 -1.215477517245032446e-02
7.775000000000000355e+00 -1.393035737067143537e-02
7.825000000000001066e+00 -2.032348067644410700e-02
7.875000000000001776e+00 -1.350675041398474718e-02
7.925000000000000711e+00 -1.742365652454681835e-02
7.975000000000001421e+00 -2.856300856675504304e-02
8.025000000000000355e+00 -2.635528194724911372e-02
8.075000000000001066e+00 -1.031583765677370271e-02
8.125000000000001776e+00 -6.781237333242221867e-03
8.175000000000000711e+00 2.416844834230960810e-03
8.225000000000001421e+00 -4.546908777956267661e-04
8.275000000000000355e+00 1.035165929662618285e-02
8.325000000000001066e+00 1.186565748476147569e-02
8.375000000000001776e+00 -2.283963995441192114e-03
8.425000000000000711e+00 -9.147240335046295454e-03
8.475000000000001421e+00 -5.373166874061245657e-03
8.525000000000000355e+00 -2.767166279007048091e-02
8.575000000000001066e+00 -4.688714902249710437e-02
8.625000000000001776e+00 -6.017460877029179311e-02
8.675000000000000711e+00 -7.116675574317328501e-02
8.725000000000001421e+00 -6.063510889396692138e-02
8.775000000000000355e+00 -6.417356448515729173e-02
8.825000000000001066e+00 -6.771440364095532294e-02
8.875000000000001776e+00 -5.255877807781825228e-02
8.925000000000000711e+00 -4.941101250085035840e-02
8.975000000000001421e+00 -4.114872576574211266e-02
9.025000000000000355e+00 -3.432778455469102236e-02
9.075000000000001066e+00 -5.160794794263397212e-02
9.125000000000001776e+00 -6.052601961291236704e-02
9.175000000000000711e+00 -7.186826361681118713e-02
9.225000000000001421e+00 -8.794261667629957313e-02
9.275000000000000355e+00 -9.607895114078857102e-02
9.325000000000001066e+00 -1.226522280734107656e-01
9.375000000000001776e+00 -1.297030495873500999e-01
9.425000000000000711e+00 -1.209916836265253898e-01
9.475000000000001421e+00 -1.175615029432740821e-01
9.525000000000000355e+00 -1.129724887621349760e-01
9.575000000000001066e+00 -1.026225391986306107e-01
9.625000000000001776e+00 -1.054537446415887147e-01
9.675000000000000711e+00 -8.560197112475950720e-02
9.725000000000001421e+00 -8.612285959102169985e-02
9.775000000000000355e+00 -9.040026777590018381e-02
9.825000000000001066e+00 -9.588778093544955694e-02
9.875000000000001776e+00 -6.355674543867095849e-02
9.925000000000000711e+00 1.254875199926632212e-01
9.975000000000001421e+00 6.366337933980655839e-01
1.002500000000000036e+01 1.117390033567675189e+00
1.007500000000000107e+01 1.598146273737284240e+00
1.012500000000000178e+01 2.078902513906892846e+00
