# r_minus_2Rs_A, PMF_over_kBT
-9.695999999999997954e-01 1.804980555897435863e+02
-9.343000000000003524e-01 1.779605705897435826e+02
-8.989999999999991331e-01 1.728564555897435753e+02
-8.635999999999999233e-01 1.638199295897435945e+02
-8.283000000000004803e-01 1.497292455897435843e+02
-7.928999999999994941e-01 1.304131995897435843e+02
-7.576000000000000512e-01 1.071597015897435909e+02
-7.223000000000006082e-01 8.261373758974357884e+01
-6.868999999999996220e-01 5.988914558974359181e+01
-6.516000000000001791e-01 4.130835358974358940e+01
-6.161999999999991928e-01 2.756001058974358742e+01
-5.808999999999997499e-01 1.779489858974358896e+01
-5.456000000000003070e-01 1.049372158974358982e+01
-5.101999999999993207e-01 4.428453589743588381e+00
-4.748999999999998778e-01 -8.559684102564117936e-01
-4.395000000000006679e-01 -5.239181410256411375e+00
-4.041999999999994486e-01 -8.503027410256411400e+00
-3.689000000000000057e-01 -1.069054641025641139e+01
-3.335000000000007958e-01 -1.211867741025641187e+01
-2.981999999999995765e-01 -1.315345441025641193e+01
-2.628000000000003666e-01 -1.401266241025641079e+01
-2.274999999999991473e-01 -1.472267741025641108e+01
-1.921999999999997044e-01 -1.521872341025641262e+01
-1.568000000000004945e-01 -1.546397741025641182e+01
-1.214999999999992752e-01 -1.549654741025641158e+01
-8.610000000000006537e-02 -1.538613141025641085e+01
-5.080000000000062244e-02 -1.520779441025641177e+01
-1.549999999999940314e-02 -1.501057541025641129e+01
1.989999999999980673e-02 -1.481018641025641180e+01
5.519999999999924967e-02 -1.460131341025641127e+01
9.060000000000023590e-02 -1.440087841025641069e+01
1.258999999999996788e-01 -1.418971541025641159e+01
1.611999999999991218e-01 -1.396100941025641262e+01
1.966000000000001080e-01 -1.372613541025641126e+01
2.318999999999995509e-01 -1.349831341025641152e+01
2.673000000000005372e-01 -1.329267941025641164e+01
3.025999999999999801e-01 -1.310613241025641074e+01
3.378999999999994230e-01 -1.292538841025641183e+01
3.733000000000004093e-01 -1.272222641025641110e+01
4.085999999999998522e-01 -1.250149441025641117e+01
4.440000000000008384e-01 -1.227593641025641169e+01
4.793000000000002814e-01 -1.205697841025641104e+01
5.145999999999997243e-01 -1.184829841025641173e+01
5.500000000000007105e-01 -1.164860941025641239e+01
5.853000000000001535e-01 -1.144119441025641137e+01
6.206999999999993634e-01 -1.123606941025641248e+01
6.560000000000005826e-01 -1.103233141025641117e+01
6.913000000000000256e-01 -1.083242941025641137e+01
7.266999999999992355e-01 -1.063376441025641128e+01
7.620000000000004547e-01 -1.044403541025641147e+01
7.972999999999998977e-01 -1.025874041025641148e+01
8.327000000000008839e-01 -1.005764741025641129e+01
8.680000000000003268e-01 -9.849660410256412035e+00
9.033999999999995367e-01 -9.659663410256412064e+00
9.387000000000007560e-01 -9.486397410256412144e+00
9.740000000000001990e-01 -9.314906410256410751e+00
1.009399999999999409e+00 -9.122469410256410782e+00
1.044700000000000628e+00 -8.924191410256412382e+00
1.080099999999999838e+00 -8.744461410256411327e+00
1.115399999999999281e+00 -8.601149410256411443e+00
1.150700000000000500e+00 -8.480130410256411011e+00
1.186099999999999710e+00 -8.333501410256412001e+00
1.221399999999999153e+00 -8.137321410256411980e+00
1.256800000000000139e+00 -7.902801410256411252e+00
1.292099999999999582e+00 -7.681091410256411400e+00
1.327400000000000801e+00 -7.489648410256411815e+00
1.362800000000000011e+00 -7.306219410256411528e+00
1.398099999999999454e+00 -7.111285410256411588e+00
1.433500000000000441e+00 -6.919754410256411248e+00
1.468799999999999883e+00 -6.740402410256411514e+00
1.504099999999999326e+00 -6.586356410256411387e+00
1.539500000000000313e+00 -6.461523410256411637e+00
1.574799999999999756e+00 -6.335508410256410983e+00
1.610200000000000742e+00 -6.192703410256411800e+00
1.645500000000000185e+00 -6.022656410256411519e+00
1.680799999999999628e+00 -5.853163410256411403e+00
1.716200000000000614e+00 -5.682640410256411201e+00
1.751500000000000057e+00 -5.522472410256411557e+00
1.786899999999999267e+00 -5.368337410256411424e+00
1.822200000000000486e+00 -5.209830410256412137e+00
1.857499999999999929e+00 -5.050125410256411485e+00
1.892899999999999139e+00 -4.891358410256411382e+00
1.928200000000000358e+00 -4.774922410256412064e+00
1.963599999999999568e+00 -4.701609410256411437e+00
1.998900000000000787e+00 -4.624620410256412129e+00
2.034200000000000230e+00 -4.495532410256410927e+00
2.069599999999999440e+00 -4.307486410256410991e+00
2.104900000000000659e+00 -4.117520410256410912e+00
2.140299999999999869e+00 -3.990130410256411686e+00
2.175599999999999312e+00 -3.915776410256411211e+00
2.210900000000000531e+00 -3.845017410256411416e+00
2.246299999999999741e+00 -3.717838410256411485e+00
2.281599999999999184e+00 -3.537966410256411898e+00
2.317000000000000171e+00 -3.363399410256411315e+00
2.352299999999999613e+00 -3.240091410256411564e+00
2.387600000000000833e+00 -3.165836410256411604e+00
2.423000000000000043e+00 -3.085013410256411071e+00
2.458299999999999486e+00 -2.960862410256411614e+00
2.493700000000000472e+00 -2.825639410256411743e+00
2.528999999999999915e+00 -2.694156410256411505e+00
2.564299999999999358e+00 -2.585638410256411390e+00
2.599700000000000344e+00 -2.479325410256411288e+00
2.634999999999999787e+00 -2.365974410256411531e+00
2.670400000000000773e+00 -2.239554410256411110e+00
2.705700000000000216e+00 -2.119032410256411758e+00
2.740999999999999659e+00 -2.035173410256411408e+00
2.776400000000000645e+00 -1.973759410256411329e+00
2.811700000000000088e+00 -1.912007410256411077e+00
2.847099999999999298e+00 -1.827488410256411733e+00
2.882400000000000517e+00 -1.714994410256411861e+00
2.917699999999999960e+00 -1.611700410256411864e+00
2.953099999999999170e+00 -1.530299410256411363e+00
2.988400000000000389e+00 -1.476548410256411259e+00
3.023799999999999599e+00 -1.434914410256411088e+00
3.059100000000000819e+00 -1.379959410256411445e+00
3.094400000000000261e+00 -1.314651410256411523e+00
3.129799999999999471e+00 -1.261431410256411034e+00
3.165100000000000691e+00 -1.216357410256411420e+00
3.200499999999999901e+00 -1.158744410256411506e+00
3.235799999999999343e+00 -1.063254410256411653e+00
3.271100000000000563e+00 -9.431954102564112929e-01
3.306499999999999773e+00 -8.405514102564115575e-01
3.341799999999999216e+00 -7.752874102564115688e-01
3.377200000000000202e+00 -7.486594102564110287e-01
3.412499999999999645e+00 -7.214754102564118199e-01
3.447800000000000864e+00 -6.708804102564114302e-01
3.483200000000000074e+00 -5.997074102564114995e-01
3.518499999999999517e+00 -5.299764102564115120e-01
3.553900000000000503e+00 -4.838454102564115900e-01
3.589199999999999946e+00 -4.365134102564116603e-01
3.624499999999999389e+00 -3.635374102564110643e-01
3.659900000000000375e+00 -2.704964102564115791e-01
3.695199999999999818e+00 -2.002434102564114582e-01
3.730600000000000804e+00 -1.768924102564115586e-01
3.765900000000000247e+00 -1.619724102564115142e-01
3.801199999999999690e+00 -1.360924102564116112e-01
3.836600000000000676e+00 -7.472741025641127521e-02
3.871900000000000119e+00 1.135258974358777095e-02
3.907299999999999329e+00 7.161558974358861462e-02
3.942600000000000549e+00 8.598258974358863327e-02
3.977899999999999991e+00 6.678458974358925104e-02
4.013300000000000978e+00 5.663058974358925468e-02
4.048600000000000421e+00 9.023258974358938644e-02
4.083999999999999631e+00 1.318765897435891787e-01
4.119299999999999073e+00 1.563585897435881833e-01
4.154599999999998516e+00 1.539275897435885554e-01
4.190000000000001279e+00 1.650075897435883121e-01
4.225300000000000722e+00 2.216375897435884923e-01
4.260600000000000165e+00 2.991125897435882308e-01
4.295999999999999375e+00 3.619745897435890924e-01
4.331299999999998818e+00 3.879165897435878918e-01
4.366700000000001580e+00 3.905795897435879738e-01
4.402000000000001023e+00 4.094055897435886493e-01
4.437300000000000466e+00 4.541385897435876728e-01
4.472699999999999676e+00 5.059105897435891563e-01
4.507999999999999119e+00 5.399675897435880501e-01
4.543399999999998329e+00 5.605335897435885784e-01
4.578700000000001324e+00 5.730505897435893559e-01
4.614000000000000767e+00 5.805975897435882160e-01
4.649399999999999977e+00 5.873815897435878952e-01
4.684699999999999420e+00 5.879275897435878306e-01
4.720099999999998630e+00 6.075345897435884268e-01
4.755400000000001626e+00 6.534625897435883957e-01
4.790700000000001069e+00 7.010175897435892978e-01
4.826100000000000279e+00 7.280675897435884281e-01
4.861399999999999721e+00 7.306385897435880850e-01
4.896799999999998931e+00 7.391545897435882750e-01
4.932099999999998374e+00 7.695375897435887680e-01
4.967400000000001370e+00 8.023795897435892499e-01
5.002800000000000580e+00 8.249705897435877233e-01
5.038100000000000023e+00 8.100415897435890855e-01
5.073499999999999233e+00 7.725755897435888642e-01
5.108799999999998676e+00 7.214955897435881838e-01
5.144100000000001671e+00 6.783565897435881453e-01
5.179500000000000881e+00 6.500875897435882678e-01
5.214800000000000324e+00 6.400835897435879218e-01
5.250199999999999534e+00 6.455155897435886914e-01
5.285499999999998977e+00 6.531615897435880669e-01
5.320799999999998420e+00 6.451005897435884151e-01
5.356200000000001182e+00 6.050355897435881758e-01
5.391500000000000625e+00 5.594775897435884104e-01
5.426899999999999835e+00 5.232085897435894140e-01
5.462199999999999278e+00 4.934965897435876769e-01
5.497499999999998721e+00 4.419465897435888024e-01
5.532900000000001484e+00 3.679295897435892471e-01
5.568200000000000927e+00 2.835885897435890257e-01
5.603600000000000136e+00 2.167895897435876407e-01
5.638899999999999579e+00 1.654075897435891562e-01
5.674199999999999022e+00 1.243875897435877675e-01
5.709599999999998232e+00 8.599058974358797514e-02
5.744900000000001228e+00 3.365658974358787248e-02
5.780300000000000438e+00 -1.875241025641116721e-02
5.815599999999999881e+00 -6.775341025641168358e-02
5.850899999999999324e+00 -1.089394102564114064e-01
5.886299999999998533e+00 -1.621114102564114035e-01
5.921600000000001529e+00 -2.284494102564114115e-01
5.957000000000000739e+00 -2.840284102564112345e-01
5.992300000000000182e+00 -3.091144102564111762e-01
6.027599999999999625e+00 -3.268314102564113810e-01
6.062999999999998835e+00 -3.370664102564111531e-01
6.098299999999998278e+00 -3.360814102564111394e-01
6.133700000000001040e+00 -3.450774102564118095e-01
6.169000000000000483e+00 -3.720924102564113767e-01
6.204299999999999926e+00 -4.098424102564113269e-01
6.239699999999999136e+00 -4.484254102564113609e-01
6.274999999999998579e+00 -4.656154102564116215e-01
6.310400000000001342e+00 -4.592724102564114119e-01
6.345700000000000784e+00 -4.561884102564111032e-01
6.381000000000000227e+00 -4.780904102564118574e-01
6.416399999999999437e+00 -5.150234102564112959e-01
6.451699999999998880e+00 -5.478114102564113352e-01
6.487100000000001643e+00 -5.625094102564114351e-01
6.522400000000001086e+00 -5.642804102564111801e-01
6.557700000000000529e+00 -5.669874102564111951e-01
6.593099999999999739e+00 -5.746704102564113015e-01
6.628399999999999181e+00 -5.685834102564113479e-01
6.663799999999998391e+00 -5.466554102564114004e-01
6.699100000000001387e+00 -5.384874102564118914e-01
6.734400000000000830e+00 -5.395794102564117622e-01
6.769800000000000040e+00 -5.334394102564115059e-01
6.805099999999999483e+00 -5.237244102564115877e-01
6.840499999999998693e+00 -5.263434102564117367e-01
6.875800000000001688e+00 -5.597934102564110503e-01
6.911100000000001131e+00 -6.127354102564117611e-01
6.946500000000000341e+00 -6.522924102564111593e-01
6.981799999999999784e+00 -6.261084102564113962e-01
7.017199999999998994e+00 -5.418284102564117077e-01
7.052499999999998437e+00 -4.458994102564117767e-01
7.087800000000001432e+00 -3.933244102564117384e-01
7.123200000000000642e+00 -3.827984102564112590e-01
7.158500000000000085e+00 -3.922034102564113667e-01
7.193899999999999295e+00 -3.975674102564115131e-01
7.229199999999998738e+00 -3.973954102564114521e-01
7.264500000000001734e+00 -3.988374102564113954e-01
7.299900000000000944e+00 -4.046074102564114483e-01
7.335200000000000387e+00 -3.999154102564110858e-01
7.370599999999999596e+00 -3.899424102564115202e-01
7.405899999999999039e+00 -3.554284102564118086e-01
7.441199999999998482e+00 -2.932794102564111327e-01
7.476600000000001245e+00 -2.580134102564111132e-01
7.511900000000000688e+00 -2.625774102564113477e-01
7.547299999999999898e+00 -3.012974102564118795e-01
7.582599999999999341e+00 -3.157594102564118543e-01
7.617899999999998784e+00 -2.897324102564118320e-01
7.653300000000001546e+00 -2.373344102564116653e-01
7.688600000000000989e+00 -1.939164102564117087e-01
7.724000000000000199e+00 -1.762274102564118650e-01
7.759299999999999642e+00 -1.616434102564117126e-01
7.794599999999999085e+00 -1.185864102564115896e-01
7.829999999999998295e+00 -5.409541025641129153e-02
7.865300000000001290e+00 -1.795541025641167465e-02
7.900600000000000733e+00 -2.966241025641114248e-02
7.935999999999999943e+00 -7.374341025641140135e-02
7.971299999999999386e+00 -1.093634102564111643e-01
8.006699999999998596e+00 -1.152074102564117908e-01
8.042000000000001592e+00 -1.035984102564118103e-01
8.077300000000001035e+00 -9.900641025641121473e-02
8.112700000000000244e+00 -9.773141025641152169e-02
8.147999999999999687e+00 -1.038794102564111199e-01
8.183399999999998897e+00 -1.187474102564118894e-01
8.218699999999998340e+00 -1.224394102564110298e-01
8.254000000000001336e+00 -1.049744102564114101e-01
8.289400000000000546e+00 -5.489541025641120342e-02
8.324699999999999989e+00 -2.706541025641140408e-02
8.360099999999999199e+00 -2.150341025641111514e-02
8.395399999999998641e+00 -2.878041025641131512e-02
8.430700000000001637e+00 -1.691341025641168727e-02
8.466100000000000847e+00 2.429558974358769774e-02
8.501400000000000290e+00 6.262458974358864339e-02
8.536799999999999500e+00 5.508758974358940463e-02
8.572099999999998943e+00 4.974589743587998214e-03
8.607399999999998386e+00 -4.692741025641122832e-02
8.642800000000001148e+00 -5.387641025641176640e-02
8.678100000000000591e+00 -1.276741025641214833e-02
8.713499999999999801e+00 4.299558974358852481e-02
8.748799999999999244e+00 7.170058974358894943e-02
8.784099999999998687e+00 8.153758974358815692e-02
8.819500000000001450e+00 8.097758974358804096e-02
8.854800000000000892e+00 7.927658974358919863e-02
8.890200000000000102e+00 1.057995897435883847e-01
8.925499999999999545e+00 1.458835897435886153e-01
8.960799999999998988e+00 1.773225897435892762e-01
8.996200000000001751e+00 1.918715897435880890e-01
9.031500000000001194e+00 1.771045897435890026e-01
9.066900000000000404e+00 1.660255897435884975e-01
9.102199999999999847e+00 1.739225897435883184e-01
9.137499999999999289e+00 2.002765897435878628e-01
9.172899999999998499e+00 2.134765897435890736e-01
9.208200000000001495e+00 2.047205897435890876e-01
9.243600000000000705e+00 1.734615897435887177e-01
9.278900000000000148e+00 1.317385897435876529e-01
9.314199999999999591e+00 1.091405897435890893e-01
9.349599999999998801e+00 1.034185897435886403e-01
9.384899999999998244e+00 1.008185897435893708e-01
9.420300000000001006e+00 9.397758974358794148e-02
9.455600000000000449e+00 8.928358974358907574e-02
9.490899999999999892e+00 9.430558974358937974e-02
9.526299999999999102e+00 9.421758974358773742e-02
9.561599999999998545e+00 8.797258974358790340e-02
9.597000000000001307e+00 9.095858974358783655e-02
9.632300000000000750e+00 9.189358974358796672e-02
9.667600000000000193e+00 7.989458974358853993e-02
9.702999999999999403e+00 6.107058974358814396e-02
9.738299999999998846e+00 4.462558974358898922e-02
9.773700000000001609e+00 3.795658974358850912e-02
9.809000000000001052e+00 4.657958974358855642e-02
9.844300000000000495e+00 6.424458974358771002e-02
9.879699999999999704e+00 5.939058974358779608e-02
9.914999999999999147e+00 5.164558974358790522e-02
9.950399999999998357e+00 2.834258974358938588e-02
9.985700000000001353e+00 -4.360410256412095009e-03
1.002100000000000080e+01 -2.947641025641178913e-02
1.005640000000000001e+01 -5.725341025641128567e-02
1.009169999999999945e+01 -9.600741025641124082e-02
1.012709999999999866e+01 -1.344394102564114846e-01
1.016240000000000165e+01 -1.717354102564110363e-01
1.019770000000000110e+01 -2.114734102564117535e-01
1.023310000000000031e+01 -2.436004102564117701e-01
1.026839999999999975e+01 -2.703984102564112035e-01
1.030379999999999896e+01 -2.912814102564116325e-01
1.033909999999999840e+01 -3.095314102564117320e-01
1.037440000000000140e+01 -3.266364102564116578e-01
1.040980000000000061e+01 -3.315264102564112747e-01
1.044510000000000005e+01 -3.257464102564116004e-01
1.048049999999999926e+01 -3.219224102564117729e-01
1.051579999999999870e+01 -3.220824102564110447e-01
1.055110000000000170e+01 -3.440304102564111233e-01
1.058650000000000091e+01 -3.954014102564116229e-01
1.062180000000000035e+01 -4.458704102564112759e-01
1.065719999999999956e+01 -4.929924102564111621e-01
1.069249999999999901e+01 -5.164804102564115595e-01
1.072779999999999845e+01 -5.196314102564114634e-01
1.076320000000000121e+01 -5.107034102564114164e-01
1.079850000000000065e+01 -4.910814102564113881e-01
1.083389999999999986e+01 -4.676524102564112439e-01
1.086919999999999931e+01 -4.501674102564114932e-01
1.090449999999999875e+01 -4.378254102564111960e-01
1.093990000000000151e+01 -4.325024102564114514e-01
1.097520000000000095e+01 -4.399694102564115639e-01
1.101060000000000016e+01 -4.476634102564114315e-01
1.104589999999999961e+01 -4.467674102564114236e-01
1.108119999999999905e+01 -4.468724102564118894e-01
1.111659999999999826e+01 -4.657364102564116592e-01
1.115190000000000126e+01 -4.974874102564115219e-01
1.118730000000000047e+01 -5.158664102564118892e-01
1.122259999999999991e+01 -5.207254102564116138e-01
1.125789999999999935e+01 -5.213194102564111532e-01
1.129329999999999856e+01 -5.232134102564112155e-01
1.132860000000000156e+01 -5.214274102564111502e-01
1.136390000000000100e+01 -5.087894102564112231e-01
1.139930000000000021e+01 -4.868024102564119104e-01
1.143459999999999965e+01 -4.738464102564110547e-01
1.146999999999999886e+01 -4.954694102564118907e-01
1.150529999999999831e+01 -5.479574102564113147e-01
1.154060000000000130e+01 -6.097904102564113415e-01
1.157600000000000051e+01 -6.540174102564115799e-01
1.161129999999999995e+01 -6.726424102564116936e-01
1.164669999999999916e+01 -6.878674102564117376e-01
1.168199999999999861e+01 -7.203104102564115152e-01
1.171730000000000160e+01 -7.645594102564112760e-01
1.175270000000000081e+01 -8.125444102564118865e-01
1.178800000000000026e+01 -8.433224102564116365e-01
1.182339999999999947e+01 -8.562994102564118748e-01
1.185869999999999891e+01 -8.640754102564116579e-01
1.189399999999999835e+01 -8.897764102564114097e-01
1.192940000000000111e+01 -9.438544102564110361e-01
1.196470000000000056e+01 -9.804094102564118174e-01
1.200009999999999977e+01 -8.945464102564111286e-01
1.203539999999999921e+01 -5.135694102564114516e-01
1.207069999999999865e+01 3.566415897435888382e-01
1.210610000000000142e+01 1.865311589743589238e+00
1.214140000000000086e+01 4.061168589743589408e+00
1.217680000000000007e+01 6.951248589743588724e+00
1.221209999999999951e+01 1.048137358974358690e+01
1.224739999999999895e+01 1.461174458974358714e+01
1.228280000000000172e+01 1.929871458974358944e+01
1.231810000000000116e+01 2.457682158974359155e+01
1.235350000000000037e+01 3.053863958974358539e+01
1.238879999999999981e+01 3.725299658974358863e+01
1.242409999999999926e+01 4.470601558974358625e+01
1.245949999999999847e+01 5.276382258974358308e+01
1.249480000000000146e+01 6.123148258974357816e+01
1.253020000000000067e+01 7.001843358974358011e+01
1.256550000000000011e+01 7.924773058974358264e+01
1.260079999999999956e+01 8.926885158974359058e+01
1.263619999999999877e+01 1.004558035897435815e+02
1.267150000000000176e+01 1.129280415897435859e+02
1.270690000000000097e+01 1.263091375897435853e+02
1.274220000000000041e+01 1.397276555897435912e+02
1.277749999999999986e+01 1.520437585897435895e+02
1.281289999999999907e+01 1.622565105897435842e+02
1.284819999999999851e+01 1.698466895897435904e+02
1.288360000000000127e+01 1.748800695897435844e+02
1.291890000000000072e+01 1.778354485897435779e+02
1.295420000000000016e+01 1.793755385897435985e+02
1.298959999999999937e+01 1.800743145897435795e+02
1.302489999999999881e+01 1.803469995897435751e+02
1.306030000000000157e+01 1.804318145897435954e+02
1.309560000000000102e+01 1.804431975897435905e+02
