# r_minus_2Rs_A, PMF_over_kBT
-9.719999999999995310e-01 1.912440379807692068e+02
-9.366000000000003212e-01 1.882192749807692280e+02
-9.013000000000008782e-01 1.822355499807692070e+02
-8.658999999999998920e-01 1.718209399807692250e+02
-8.306000000000004491e-01 1.558889569807692226e+02
-7.951999999999994628e-01 1.344776079807692213e+02
-7.599000000000000199e-01 1.092548029807692274e+02
-7.245000000000008100e-01 8.324601398076923431e+01
-6.891999999999995907e-01 5.974023098076922622e+01
-6.538000000000003809e-01 4.096337498076923112e+01
-6.184999999999991616e-01 2.729961498076923476e+01
-5.830999999999999517e-01 1.759542098076923367e+01
-5.478000000000005087e-01 1.019665398076923246e+01
-5.123999999999995225e-01 3.926072980769230725e+00
-4.771000000000000796e-01 -1.553295019230768403e+00
-4.417000000000008697e-01 -6.051497019230769325e+00
-4.063999999999996504e-01 -9.369636019230767943e+00
-3.710000000000004405e-01 -1.161148101923076936e+01
-3.356999999999992212e-01 -1.314373501923076937e+01
-3.003000000000000114e-01 -1.430419801923076761e+01
-2.650000000000005684e-01 -1.527097301923076955e+01
-2.295999999999995822e-01 -1.603982001923076695e+01
-1.943000000000001393e-01 -1.655096801923076910e+01
-1.588999999999991530e-01 -1.680084401923076953e+01
-1.235999999999997101e-01 -1.685560001923077067e+01
-8.820000000000050022e-02 -1.680777101923077055e+01
-5.289999999999928093e-02 -1.671225401923076959e+01
-1.750000000000007105e-02 -1.659700501923076743e+01
1.789999999999913882e-02 -1.644316801923076810e+01
5.320000000000035811e-02 -1.623074401923076948e+01
8.859999999999956799e-02 -1.600331301923076666e+01
1.239000000000007873e-01 -1.580034201923076864e+01
1.592999999999999972e-01 -1.563543901923076973e+01
1.945999999999994401e-01 -1.547974801923076882e+01
2.300000000000004263e-01 -1.530706301923076751e+01
2.652999999999998693e-01 -1.512058801923076956e+01
3.007000000000008555e-01 -1.493611901923076957e+01
3.360000000000002984e-01 -1.477775401923076970e+01
3.713999999999995083e-01 -1.462521301923076855e+01
4.067000000000007276e-01 -1.446585401923076830e+01
4.420999999999999375e-01 -1.429255301923076971e+01
4.773999999999993804e-01 -1.411722601923076859e+01
5.128000000000003666e-01 -1.395003701923076989e+01
5.480999999999998096e-01 -1.379409001923076872e+01
5.835000000000007958e-01 -1.361805501923076989e+01
6.188000000000002387e-01 -1.341320201923076993e+01
6.541999999999994486e-01 -1.320326901923076868e+01
6.895000000000006679e-01 -1.300880301923076843e+01
7.248999999999998778e-01 -1.282898601923076853e+01
7.601999999999993207e-01 -1.264586601923076969e+01
7.956000000000003070e-01 -1.246599801923076889e+01
8.308999999999997499e-01 -1.229512001923076880e+01
8.663000000000007361e-01 -1.213592301923076811e+01
9.016000000000001791e-01 -1.198091001923076959e+01
9.369999999999993889e-01 -1.182314801923076786e+01
9.723000000000006082e-01 -1.165992901923076808e+01
1.007699999999999818e+00 -1.149834001923076876e+01
1.042999999999999261e+00 -1.135671901923076810e+01
1.078400000000000247e+00 -1.121692001923076809e+01
1.113799999999999457e+00 -1.106665901923076945e+01
1.149100000000000676e+00 -1.088464401923076963e+01
1.184499999999999886e+00 -1.069767001923076855e+01
1.219799999999999329e+00 -1.052449801923076933e+01
1.255200000000000315e+00 -1.036067801923076814e+01
1.290499999999999758e+00 -1.019238201923076836e+01
1.325900000000000745e+00 -1.002010501923076902e+01
1.361200000000000188e+00 -9.859747019230768572e+00
1.396599999999999397e+00 -9.706095019230769338e+00
1.431900000000000617e+00 -9.557293019230769460e+00
1.467299999999999827e+00 -9.407190019230768030e+00
1.502599999999999270e+00 -9.257622019230769439e+00
1.538000000000000256e+00 -9.108858019230769543e+00
1.573299999999999699e+00 -8.960875019230769567e+00
1.608700000000000685e+00 -8.821919019230769266e+00
1.644000000000000128e+00 -8.680390019230769028e+00
1.679399999999999338e+00 -8.539116019230768018e+00
1.714700000000000557e+00 -8.374591019230768651e+00
1.750099999999999767e+00 -8.192954019230768381e+00
1.785399999999999210e+00 -8.016898019230769279e+00
1.820800000000000196e+00 -7.859438019230768901e+00
1.856099999999999639e+00 -7.731717019230768706e+00
1.891500000000000625e+00 -7.618191019230768468e+00
1.926800000000000068e+00 -7.481241019230768785e+00
1.962199999999999278e+00 -7.325394019230769160e+00
1.997500000000000497e+00 -7.160407019230769166e+00
2.032899999999999707e+00 -7.008936019230768366e+00
2.068199999999999150e+00 -6.881450019230769044e+00
2.103600000000000136e+00 -6.760751019230768932e+00
2.138899999999999579e+00 -6.637417019230769100e+00
2.174300000000000566e+00 -6.502867019230768264e+00
2.209699999999999775e+00 -6.358748019230768378e+00
2.244999999999999218e+00 -6.222872019230768714e+00
2.280400000000000205e+00 -6.091388019230768336e+00
2.315699999999999648e+00 -5.949173019230768134e+00
2.351100000000000634e+00 -5.772527019230768275e+00
2.386400000000000077e+00 -5.595224019230768064e+00
2.421799999999999287e+00 -5.435060019230768091e+00
2.457100000000000506e+00 -5.299455019230769004e+00
2.492499999999999716e+00 -5.175347019230768453e+00
2.527799999999999159e+00 -5.045089019230768912e+00
2.563200000000000145e+00 -4.936834019230769144e+00
2.598499999999999588e+00 -4.828940019230768321e+00
2.633900000000000574e+00 -4.708185019230768376e+00
2.669200000000000017e+00 -4.562905019230768744e+00
2.704599999999999227e+00 -4.404098019230768379e+00
2.739900000000000446e+00 -4.261047019230768562e+00
2.775299999999999656e+00 -4.132559019230768627e+00
2.810600000000000875e+00 -4.009169019230768960e+00
2.846000000000000085e+00 -3.873475019230768979e+00
2.881299999999999528e+00 -3.718462019230768689e+00
2.916700000000000514e+00 -3.560036019230768289e+00
2.951999999999999957e+00 -3.434128019230768381e+00
2.987399999999999167e+00 -3.328590019230769137e+00
3.022700000000000387e+00 -3.213933019230768906e+00
3.058099999999999596e+00 -3.059684019230768826e+00
3.093400000000000816e+00 -2.903797019230768939e+00
3.128800000000000026e+00 -2.774088019230768865e+00
3.164099999999999469e+00 -2.684852019230768327e+00
3.199500000000000455e+00 -2.618546019230768351e+00
3.234799999999999898e+00 -2.537931019230768470e+00
3.270200000000000884e+00 -2.427805019230768302e+00
3.305600000000000094e+00 -2.293206019230768611e+00
3.340899999999999537e+00 -2.152840019230768398e+00
3.376300000000000523e+00 -2.027575019230768660e+00
3.411599999999999966e+00 -1.899772019230768549e+00
3.446999999999999176e+00 -1.760434019230769032e+00
3.482300000000000395e+00 -1.625805019230768700e+00
3.517699999999999605e+00 -1.495664019230768638e+00
3.553000000000000824e+00 -1.385152019230768694e+00
3.588400000000000034e+00 -1.290890019230769070e+00
3.623699999999999477e+00 -1.208905019230769540e+00
3.659100000000000463e+00 -1.121425019230768427e+00
3.694399999999999906e+00 -1.009670019230767934e+00
3.729799999999999116e+00 -8.817970192307686972e-01
3.765100000000000335e+00 -7.521600192307680288e-01
3.800499999999999545e+00 -6.517890192307689290e-01
3.835800000000000765e+00 -5.555520192307685790e-01
3.871199999999999974e+00 -4.668230192307678550e-01
3.906499999999999417e+00 -3.740180192307693829e-01
3.941900000000000404e+00 -2.882180192307686184e-01
3.977199999999999847e+00 -2.271260192307682502e-01
4.012599999999999056e+00 -1.810430192307688202e-01
4.047899999999998499e+00 -1.342320192307688842e-01
4.083300000000001262e+00 -7.199801923076876164e-02
4.118600000000000705e+00 4.624980769230901956e-03
4.153999999999999915e+00 6.222898076923044641e-02
4.189299999999999358e+00 1.055689807692310467e-01
4.224699999999998568e+00 1.567769807692318551e-01
4.260000000000001563e+00 2.079649807692316443e-01
4.295400000000000773e+00 2.580159807692314899e-01
4.330700000000000216e+00 3.071599807692315665e-01
4.366099999999999426e+00 3.387879807692311118e-01
4.401499999999998636e+00 3.476639807692318840e-01
4.436800000000001631e+00 3.580229807692312249e-01
4.472200000000000841e+00 3.848309807692320561e-01
4.507500000000000284e+00 4.161999807692318143e-01
4.542899999999999494e+00 4.454079807692306048e-01
4.578199999999998937e+00 4.631119807692307688e-01
4.613600000000001700e+00 4.853019807692309229e-01
4.648900000000001143e+00 5.122269807692312327e-01
4.684300000000000352e+00 5.466409807692311773e-01
4.719599999999999795e+00 5.760429807692304394e-01
4.754999999999999005e+00 5.916199807692308354e-01
4.790299999999998448e+00 5.898169807692319466e-01
4.825700000000001211e+00 5.831419807692306279e-01
4.861000000000000654e+00 5.693269807692313833e-01
4.896399999999999864e+00 5.627849807692317796e-01
4.931699999999999307e+00 5.673409807692308959e-01
4.967099999999998516e+00 5.697609807692316508e-01
5.002400000000001512e+00 5.764299807692321309e-01
5.037800000000000722e+00 5.662889807692312871e-01
5.073100000000000165e+00 5.275319807692309126e-01
5.108499999999999375e+00 4.792499807692305325e-01
5.143799999999998818e+00 4.472289807692320096e-01
5.179200000000001580e+00 4.412709807692305475e-01
5.214500000000001023e+00 4.427349807692309014e-01
5.249900000000000233e+00 4.419159807692309982e-01
5.285199999999999676e+00 4.458259807692304122e-01
5.320599999999998886e+00 4.545719807692307768e-01
5.355899999999998329e+00 4.734509807692308669e-01
5.391300000000001091e+00 4.738779807692310442e-01
5.426600000000000534e+00 4.487929807692321305e-01
5.461999999999999744e+00 4.071759807692316713e-01
5.497399999999998954e+00 3.733519807692307069e-01
5.532699999999998397e+00 3.551359807692318071e-01
5.568100000000001160e+00 3.509029807692307656e-01
5.603400000000000603e+00 3.571189807692309870e-01
5.638799999999999812e+00 3.600989807692318578e-01
5.674099999999999255e+00 3.654009807692304435e-01
5.709499999999998465e+00 3.769729807692314694e-01
5.744800000000001461e+00 3.765499807692318512e-01
5.780200000000000671e+00 3.493839807692307176e-01
5.815500000000000114e+00 3.126589807692319312e-01
5.850899999999999324e+00 3.039149807692318461e-01
5.886199999999998766e+00 3.232609807692305992e-01
5.921600000000001529e+00 3.442259807692309437e-01
5.956900000000000972e+00 3.378349807692320184e-01
5.992300000000000182e+00 3.072849807692321633e-01
6.027599999999999625e+00 2.808729807692316172e-01
6.062999999999998835e+00 2.781799807692308946e-01
6.098299999999998278e+00 2.625779807692314449e-01
6.133700000000001040e+00 2.149929807692316786e-01
6.169000000000000483e+00 1.491169807692305227e-01
6.204399999999999693e+00 8.933798076923160636e-02
6.239699999999999136e+00 6.108298076923190933e-02
6.275099999999998346e+00 6.271998076923068766e-02
6.310400000000001342e+00 5.477798076923079407e-02
6.345800000000000551e+00 2.272998076923116173e-02
6.381099999999999994e+00 5.669807692321171544e-04
6.416499999999999204e+00 -5.233019230768576335e-03
6.451799999999998647e+00 -5.545019230769554497e-03
6.487200000000001410e+00 -3.146001923076902074e-02
6.522500000000000853e+00 -6.998201923076941000e-02
6.557900000000000063e+00 -8.925401923076847766e-02
6.593299999999999272e+00 -7.485601923076856679e-02
6.628599999999998715e+00 -4.135001923076941921e-02
6.664000000000001478e+00 -3.162601923076913124e-02
6.699300000000000921e+00 -5.913701923076786215e-02
6.734700000000000131e+00 -1.026630192307695921e-01
6.769999999999999574e+00 -1.175990192307683202e-01
6.805399999999998784e+00 -9.858301923076950857e-02
6.840699999999998226e+00 -6.197101923076786534e-02
6.876100000000000989e+00 -2.299501923076796572e-02
6.911400000000000432e+00 -8.284019230769601450e-03
6.946799999999999642e+00 -2.518201923076901494e-02
6.982099999999999085e+00 -5.286701923076897458e-02
7.017499999999998295e+00 -8.568501923076787818e-02
7.052800000000001290e+00 -9.460501923076947151e-02
7.088200000000000500e+00 -7.698601923076786591e-02
7.123499999999999943e+00 -5.330901923076858395e-02
7.158899999999999153e+00 -3.862301923076927324e-02
7.194199999999998596e+00 -4.840301923076850699e-02
7.229600000000001359e+00 -6.418301923076796811e-02
7.264900000000000801e+00 -7.591401923076901426e-02
7.300300000000000011e+00 -7.479001923076822322e-02
7.335599999999999454e+00 -6.273601923076910225e-02
7.370999999999998664e+00 -4.910501923076893149e-02
7.406300000000001660e+00 -2.430001923076829939e-02
7.441700000000000870e+00 -4.000192307689331983e-04
7.477000000000000313e+00 1.993798076923170015e-02
7.512399999999999523e+00 3.687798076923165524e-02
7.547699999999998965e+00 5.514698076923174597e-02
7.583100000000001728e+00 6.480298076923141082e-02
7.618400000000001171e+00 7.511898076923095857e-02
7.653800000000000381e+00 6.725298076923102997e-02
7.689199999999999591e+00 5.499098076923125689e-02
7.724499999999999034e+00 2.920798076923070141e-02
7.759899999999998244e+00 -2.754019230769344517e-03
7.795200000000001239e+00 -4.089401923076785295e-02
7.830600000000000449e+00 -7.747801923076913511e-02
7.865899999999999892e+00 -1.017180192307680642e-01
7.901299999999999102e+00 -1.165490192307689910e-01
7.936599999999998545e+00 -1.238120192307690104e-01
7.972000000000001307e+00 -1.269280192307693511e-01
8.007300000000000750e+00 -1.240050192307684540e-01
8.042699999999999960e+00 -1.164210192307688629e-01
8.077999999999999403e+00 -1.252810192307691750e-01
8.113399999999998613e+00 -1.375140192307693354e-01
8.148700000000001609e+00 -1.560200192307679146e-01
8.184100000000000819e+00 -1.777040192307683952e-01
8.219400000000000261e+00 -2.018450192307685853e-01
8.254799999999999471e+00 -2.259120192307690900e-01
8.290099999999998914e+00 -2.315470192307689246e-01
8.325500000000001677e+00 -2.201310192307683877e-01
8.360800000000001120e+00 -2.131620192307686068e-01
8.396200000000000330e+00 -2.184900192307690503e-01
8.431499999999999773e+00 -2.361570192307684835e-01
8.466899999999998983e+00 -2.469060192307690471e-01
8.502199999999998425e+00 -2.478760192307678523e-01
8.537600000000001188e+00 -2.446210192307685105e-01
8.572900000000000631e+00 -2.528820192307694725e-01
8.608299999999999841e+00 -2.661690192307695213e-01
8.643599999999999284e+00 -2.762190192307691916e-01
8.678999999999998494e+00 -2.630440192307688108e-01
8.714300000000001489e+00 -2.433100192307691145e-01
8.749700000000000699e+00 -2.344950192307688752e-01
8.785099999999999909e+00 -2.472730192307679431e-01
8.820399999999999352e+00 -2.809340192307683282e-01
8.855799999999998562e+00 -3.218720192307689132e-01
8.891100000000001558e+00 -3.553760192307695576e-01
8.926500000000000767e+00 -3.764300192307690196e-01
8.961800000000000210e+00 -3.867210192307695138e-01
8.997199999999999420e+00 -4.010140192307680707e-01
9.032499999999998863e+00 -4.321530192307694307e-01
9.067900000000001626e+00 -4.612500192307695812e-01
9.103200000000001069e+00 -4.803410192307691062e-01
9.138600000000000279e+00 -4.864020192307680901e-01
9.173899999999999721e+00 -4.888570192307692963e-01
9.209299999999998931e+00 -4.933400192307679788e-01
9.244599999999998374e+00 -4.959520192307689257e-01
9.280000000000001137e+00 -4.754110192307692273e-01
9.315300000000000580e+00 -4.455500192307688678e-01
9.350699999999999790e+00 -4.137140192307686704e-01
9.385999999999999233e+00 -4.039500192307681203e-01
9.421399999999998442e+00 -4.061410192307679523e-01
9.456700000000001438e+00 -4.081460192307684309e-01
9.492100000000000648e+00 -3.948940192307688335e-01
9.527400000000000091e+00 -3.874030192307689191e-01
9.562799999999999301e+00 -3.867160192307679267e-01
9.598099999999998744e+00 -3.938020192307689626e-01
9.633500000000001506e+00 -3.974930192307688515e-01
9.668800000000000949e+00 -4.006900192307689679e-01
9.704200000000000159e+00 -4.123820192307690036e-01
9.739499999999999602e+00 -4.294610192307679597e-01
9.774899999999998812e+00 -4.404890192307693297e-01
9.810199999999998255e+00 -4.359950192307682215e-01
9.845600000000001017e+00 -4.097720192307683362e-01
9.881000000000000227e+00 -3.823140192307690199e-01
9.916299999999999670e+00 -3.627650192307694255e-01
9.951699999999998880e+00 -3.786290192307681934e-01
9.986999999999998323e+00 -4.083610192307691733e-01
1.002240000000000109e+01 -4.421160192307684866e-01
1.005770000000000053e+01 -4.435600192307695977e-01
1.009309999999999974e+01 -4.268920192307685824e-01
1.012839999999999918e+01 -4.047610192307686816e-01
1.016379999999999839e+01 -4.004980192307687759e-01
1.019910000000000139e+01 -3.910420192307686449e-01
1.023450000000000060e+01 -3.807070192307691059e-01
1.026980000000000004e+01 -3.659850192307683159e-01
1.030519999999999925e+01 -3.603470192307689501e-01
1.034049999999999869e+01 -3.734860192307678517e-01
1.037590000000000146e+01 -4.077960192307692466e-01
1.041120000000000090e+01 -4.386790192307685743e-01
1.044660000000000011e+01 -4.438320192307685375e-01
1.048189999999999955e+01 -4.322710192307681609e-01
1.051729999999999876e+01 -4.284270192307690905e-01
1.055260000000000176e+01 -4.437440192307686715e-01
1.058800000000000097e+01 -4.532680192307694256e-01
1.062330000000000041e+01 -4.460650192307689110e-01
1.065869999999999962e+01 -4.410910192307682109e-01
1.069399999999999906e+01 -4.514840192307687516e-01
1.072939999999999827e+01 -4.887580192307687810e-01
1.076470000000000127e+01 -5.263080192307683092e-01
1.080010000000000048e+01 -5.491350192307695721e-01
1.083539999999999992e+01 -5.509260192307685600e-01
1.087079999999999913e+01 -5.267260192307681166e-01
1.090609999999999857e+01 -4.914910192307679893e-01
1.094150000000000134e+01 -4.643130192307687309e-01
1.097690000000000055e+01 -4.332750192307681658e-01
1.101219999999999999e+01 -4.000400192307687064e-01
1.104759999999999920e+01 -3.760420192307680765e-01
1.108289999999999864e+01 -3.790760192307693899e-01
1.111830000000000140e+01 -4.057120192307692719e-01
1.115360000000000085e+01 -4.414100192307692794e-01
1.118900000000000006e+01 -4.758610192307681785e-01
1.122429999999999950e+01 -5.121490192307689426e-01
1.125969999999999871e+01 -5.362470192307693395e-01
1.129500000000000171e+01 -5.435120192307678622e-01
1.133040000000000092e+01 -5.460130192307683927e-01
1.136570000000000036e+01 -5.535030192307690555e-01
1.140109999999999957e+01 -5.662040192307689068e-01
1.143639999999999901e+01 -5.823180192307688685e-01
1.147180000000000177e+01 -5.869450192307681391e-01
1.150710000000000122e+01 -5.861650192307692464e-01
1.154250000000000043e+01 -5.931780192307680721e-01
1.157779999999999987e+01 -6.082230192307687133e-01
1.161319999999999908e+01 -6.218500192307683250e-01
1.164849999999999852e+01 -6.160310192307694166e-01
1.168390000000000128e+01 -5.898210192307686839e-01
1.171920000000000073e+01 -5.851170192307684204e-01
1.175459999999999994e+01 -6.209220192307682851e-01
1.178989999999999938e+01 -6.703850192307694300e-01
1.182529999999999859e+01 -6.870430192307690476e-01
1.186060000000000159e+01 -6.467480192307686337e-01
1.189600000000000080e+01 -5.917850192307678725e-01
1.193130000000000024e+01 -5.870110192307684827e-01
1.196669999999999945e+01 -6.091760192307695831e-01
1.200199999999999889e+01 -5.317880192307686826e-01
1.203740000000000165e+01 -1.343520192307678940e-01
1.207280000000000086e+01 7.788879807692321577e-01
1.210810000000000031e+01 2.326074980769231360e+00
1.214349999999999952e+01 4.543707980769230659e+00
1.217879999999999896e+01 7.446988980769232214e+00
1.221420000000000172e+01 1.102990098076923253e+01
1.224950000000000117e+01 1.523991698076923207e+01
1.228490000000000038e+01 2.002956398076923250e+01
1.232019999999999982e+01 2.538456498076923396e+01
1.235559999999999903e+01 3.137503898076923292e+01
1.239089999999999847e+01 3.809034498076923114e+01
1.242630000000000123e+01 4.558550898076923374e+01
1.246160000000000068e+01 5.378465698076923474e+01
1.249699999999999989e+01 6.248832698076923009e+01
1.253229999999999933e+01 7.148731998076922878e+01
1.256769999999999854e+01 8.073168298076923577e+01
1.260300000000000153e+01 9.041126498076923212e+01
1.263840000000000074e+01 1.009221279807692326e+02
1.267370000000000019e+01 1.126421569807692293e+02
1.270909999999999940e+01 1.256095199807692353e+02
1.274439999999999884e+01 1.393278069807692248e+02
1.277980000000000160e+01 1.528210169807692296e+02
1.281510000000000105e+01 1.649395289807692109e+02
1.285050000000000026e+01 1.747587119807692204e+02
1.288579999999999970e+01 1.819037839807692194e+02
1.292119999999999891e+01 1.865515849807692064e+02
1.295649999999999835e+01 1.892387089807692178e+02
1.299190000000000111e+01 1.906191079807692290e+02
1.302720000000000056e+01 1.912376029807692248e+02
1.306259999999999977e+01 1.914745069807692062e+02
1.309789999999999921e+01 1.915449879807692071e+02
1.313329999999999842e+01 1.915561319807692087e+02
