# r_minus_2Rs_A, PMF_over_kBT
-7.208000000000005514e-01 9.334536561403510291e+00
-6.854999999999993321e-01 9.201090561403507451e+00
-6.501000000000001222e-01 8.909439561403509344e+00
-6.148000000000006793e-01 8.336390561403508315e+00
-5.793999999999996930e-01 7.332679561403508295e+00
-5.441000000000002501e-01 5.758921561403508527e+00
-5.086999999999992639e-01 3.554979561403508903e+00
-4.733999999999998209e-01 7.988055614035092233e-01
-4.380000000000006111e-01 -2.274086438596491178e+00
-4.026999999999993918e-01 -5.322614438596491304e+00
-3.673000000000001819e-01 -8.006519438596491511e+00
-3.320000000000007390e-01 -1.009896143859648987e+01
-2.965999999999997527e-01 -1.154317843859649173e+01
-2.613000000000003098e-01 -1.243249243859649056e+01
-2.258999999999993236e-01 -1.293286443859649104e+01
-1.905999999999998806e-01 -1.320598743859649105e+01
-1.552000000000006708e-01 -1.335810343859649052e+01
-1.198999999999994515e-01 -1.344037043859649216e+01
-8.450000000000024158e-02 -1.346993843859649154e+01
-4.920000000000079865e-02 -1.345190543859649068e+01
-1.389999999999957936e-02 -1.338380143859649074e+01
2.149999999999963052e-02 -1.325963843859649138e+01
5.680000000000084981e-02 -1.308211543859649240e+01
9.220000000000005969e-02 -1.286953043859649171e+01
1.274999999999995026e-01 -1.265351643859649045e+01
1.629000000000004889e-01 -1.246527143859649200e+01
1.981999999999999318e-01 -1.231489243859649108e+01
2.335999999999991417e-01 -1.218801843859649026e+01
2.689000000000003610e-01 -1.205315843859649050e+01
3.042999999999995708e-01 -1.188829443859649082e+01
3.396000000000007901e-01 -1.169771743859649149e+01
3.750000000000000000e-01 -1.150562543859649089e+01
4.102999999999994429e-01 -1.133641643859649051e+01
4.457000000000004292e-01 -1.119682543859649115e+01
4.809999999999998721e-01 -1.107085243859649104e+01
5.164000000000008583e-01 -1.093532143859649075e+01
5.517000000000003013e-01 -1.077540543859648992e+01
5.870999999999995111e-01 -1.059491543859649099e+01
6.224000000000007304e-01 -1.041108143859649005e+01
6.577999999999999403e-01 -1.024169143859649012e+01
6.930999999999993832e-01 -1.009091443859649218e+01
7.285000000000003695e-01 -9.946886438596491686e+00
7.637999999999998124e-01 -9.794108438596492050e+00
7.992000000000007987e-01 -9.627147438596491469e+00
8.345000000000002416e-01 -9.459823438596490774e+00
8.697999999999996845e-01 -9.310572438596491196e+00
9.052000000000006708e-01 -9.183916438596490650e+00
9.405000000000001137e-01 -9.061895438596490493e+00
9.758999999999993236e-01 -8.918343438596490813e+00
1.011200000000000543e+00 -8.742650438596491824e+00
1.046599999999999753e+00 -8.550932438596490215e+00
1.081899999999999196e+00 -8.367219438596491088e+00
1.117300000000000182e+00 -8.204786438596491038e+00
1.152599999999999625e+00 -8.057974438596492206e+00
1.188000000000000611e+00 -7.914950438596490834e+00
1.223300000000000054e+00 -7.768189438596491136e+00
1.258699999999999264e+00 -7.620652438596491329e+00
1.294000000000000483e+00 -7.474877438596490897e+00
1.329399999999999693e+00 -7.326774438596491024e+00
1.364699999999999136e+00 -7.175187438596490885e+00
1.400100000000000122e+00 -7.027057438596491679e+00
1.435399999999999565e+00 -6.894899438596491237e+00
1.470800000000000551e+00 -6.780159438596490951e+00
1.506099999999999994e+00 -6.666566438596491118e+00
1.541499999999999204e+00 -6.531609438596491124e+00
1.576800000000000423e+00 -6.365913438596491503e+00
1.612199999999999633e+00 -6.182534438596491100e+00
1.647500000000000853e+00 -6.009364438596491276e+00
1.682800000000000296e+00 -5.863186438596491357e+00
1.718199999999999505e+00 -5.743723438596490816e+00
1.753500000000000725e+00 -5.635085438596490803e+00
1.788899999999999935e+00 -5.519147438596490929e+00
1.824199999999999378e+00 -5.392400438596490986e+00
1.859600000000000364e+00 -5.262010438596490758e+00
1.894899999999999807e+00 -5.134667438596490996e+00
1.930300000000000793e+00 -5.006868438596491444e+00
1.965600000000000236e+00 -4.868641438596490900e+00
2.000999999999999446e+00 -4.712741438596490973e+00
2.036300000000000665e+00 -4.544340438596490728e+00
2.071699999999999875e+00 -4.384021438596491294e+00
2.106999999999999318e+00 -4.250926438596491330e+00
2.142400000000000304e+00 -4.150644438596491348e+00
2.177699999999999747e+00 -4.067219438596491266e+00
2.213100000000000733e+00 -3.973312438596491081e+00
2.248400000000000176e+00 -3.851779438596491190e+00
2.283799999999999386e+00 -3.709671438596491289e+00
2.319100000000000605e+00 -3.571174438596491196e+00
2.354499999999999815e+00 -3.455872438596490959e+00
2.389799999999999258e+00 -3.358323438596491073e+00
2.425200000000000244e+00 -3.256456438596491143e+00
2.460499999999999687e+00 -3.128736438596491087e+00
2.495799999999999130e+00 -2.974567438596491087e+00
2.531200000000000117e+00 -2.813333438596491209e+00
2.566499999999999559e+00 -2.667478438596491142e+00
2.601900000000000546e+00 -2.547108438596491276e+00
2.637199999999999989e+00 -2.447582438596491272e+00
2.672599999999999199e+00 -2.351910438596491293e+00
2.707900000000000418e+00 -2.249100438596491003e+00
2.743299999999999628e+00 -2.132050438596491126e+00
2.778600000000000847e+00 -2.002094438596491166e+00
2.814000000000000057e+00 -1.860420438596491088e+00
2.849299999999999500e+00 -1.711943438596491340e+00
2.884700000000000486e+00 -1.565163438596490764e+00
2.919999999999999929e+00 -1.425505438596490926e+00
2.955399999999999139e+00 -1.300387438596491307e+00
2.990700000000000358e+00 -1.194401438596490728e+00
3.026099999999999568e+00 -1.107939438596491577e+00
3.061400000000000787e+00 -1.035925438596491333e+00
3.096799999999999997e+00 -9.678474385964914717e-01
3.132099999999999440e+00 -8.880124385964913714e-01
3.167500000000000426e+00 -7.874134385964914884e-01
3.202799999999999869e+00 -6.682544385964908074e-01
3.238200000000000855e+00 -5.449354385964912950e-01
3.273500000000000298e+00 -4.352774385964908177e-01
3.308899999999999508e+00 -3.459194385964909912e-01
3.344200000000000728e+00 -2.658534385964914648e-01
3.379500000000000171e+00 -1.769744385964910904e-01
3.414899999999999380e+00 -7.332743859649148988e-02
3.450200000000000600e+00 3.722656140350899534e-02
3.485599999999999810e+00 1.360995614035092061e-01
3.520899999999999253e+00 2.078905614035084781e-01
3.556300000000000239e+00 2.488275614035089234e-01
3.591599999999999682e+00 2.654615614035087390e-01
3.627000000000000668e+00 2.693325614035089188e-01
3.662300000000000111e+00 2.706525614035086846e-01
3.697699999999999321e+00 2.806865614035087830e-01
3.733000000000000540e+00 3.087475614035088967e-01
3.768399999999999750e+00 3.553595614035085504e-01
3.803699999999999193e+00 4.152485614035086314e-01
3.839100000000000179e+00 4.774305614035085910e-01
3.874399999999999622e+00 5.344125614035091232e-01
3.909800000000000608e+00 5.813265614035092455e-01
3.945100000000000051e+00 6.162835614035087062e-01
3.980499999999999261e+00 6.400295614035087510e-01
4.015799999999998704e+00 6.576525614035091394e-01
4.051200000000001467e+00 6.806535614035089665e-01
4.086500000000000909e+00 7.122675614035092195e-01
4.121900000000000119e+00 7.436555614035089690e-01
4.157199999999999562e+00 7.565635614035084444e-01
4.192499999999999005e+00 7.315625614035088375e-01
4.227900000000001768e+00 6.704625614035091274e-01
4.263200000000001211e+00 6.038495614035088721e-01
4.298600000000000421e+00 5.745685614035087596e-01
4.333899999999999864e+00 6.048645614035086382e-01
4.369299999999999073e+00 6.835205614035091415e-01
4.404599999999998516e+00 7.764925614035087520e-01
4.440000000000001279e+00 8.508835614035090700e-01
4.475300000000000722e+00 8.919155614035085833e-01
4.510699999999999932e+00 9.003165614035086861e-01
4.545999999999999375e+00 8.797015614035084141e-01
4.581399999999998585e+00 8.389635614035091393e-01
4.616700000000001580e+00 7.986375614035088333e-01
4.652100000000000790e+00 7.872655614035091176e-01
4.687400000000000233e+00 8.241915614035084658e-01
4.722799999999999443e+00 9.007865614035086566e-01
4.758099999999998886e+00 9.771745614035092231e-01
4.793500000000001648e+00 1.014822561403509127e+00
4.828800000000001091e+00 1.003217561403508817e+00
4.864200000000000301e+00 9.642935614035090808e-01
4.899499999999999744e+00 9.279875614035084652e-01
4.934899999999998954e+00 9.017125614035084169e-01
4.970199999999998397e+00 8.692635614035086888e-01
5.005500000000001393e+00 8.193565614035085432e-01
5.040900000000000603e+00 7.678315614035087222e-01
5.076200000000000045e+00 7.557065614035085588e-01
5.111599999999999255e+00 8.125965614035086659e-01
5.146899999999998698e+00 9.228205614035092097e-01
5.182300000000001461e+00 1.027938561403509254e+00
5.217600000000000904e+00 1.062663561403509149e+00
5.253000000000000114e+00 9.994985614035085675e-01
5.288299999999999557e+00 8.635355614035091776e-01
5.323699999999998766e+00 7.166515614035091630e-01
5.359000000000001762e+00 6.141615614035087489e-01
5.394400000000000972e+00 5.785985614035089597e-01
5.429700000000000415e+00 5.955885614035087983e-01
5.465099999999999625e+00 6.257765614035086799e-01
5.500399999999999068e+00 6.375575614035087213e-01
5.535799999999998278e+00 6.121355614035088877e-01
5.571100000000001273e+00 5.489505614035090630e-01
5.606500000000000483e+00 4.596835614035086337e-01
5.641799999999999926e+00 3.616475614035090658e-01
5.677199999999999136e+00 2.770295614035092058e-01
5.712499999999998579e+00 2.239815614035087776e-01
5.747900000000001342e+00 2.088735614035091004e-01
5.783200000000000784e+00 2.260035614035089679e-01
5.818500000000000227e+00 2.569025614035087557e-01
5.853899999999999437e+00 2.793555614035092560e-01
5.889199999999998880e+00 2.781415614035092077e-01
5.924600000000001643e+00 2.503425614035084124e-01
5.959900000000001086e+00 1.962465614035089345e-01
5.995300000000000296e+00 1.182985614035088062e-01
6.030599999999999739e+00 1.850856140350920498e-02
6.065999999999998948e+00 -9.098643859649158117e-02
6.101299999999998391e+00 -1.953644385964912189e-01
6.136700000000001154e+00 -2.757024385964914615e-01
6.172000000000000597e+00 -3.232704385964915161e-01
6.207399999999999807e+00 -3.408074385964914299e-01
6.242699999999999250e+00 -3.373804385964911390e-01
6.278099999999998460e+00 -3.210324385964913319e-01
6.313400000000001455e+00 -2.925754385964909332e-01
6.348800000000000665e+00 -2.489614385964911136e-01
6.384100000000000108e+00 -1.942624385964908384e-01
6.419499999999999318e+00 -1.463144385964909588e-01
6.454799999999998761e+00 -1.228194385964913593e-01
6.490200000000001523e+00 -1.329014385964910616e-01
6.525500000000000966e+00 -1.719204385964907544e-01
6.560900000000000176e+00 -2.227414385964907595e-01
6.596199999999999619e+00 -2.680254385964913055e-01
6.631599999999998829e+00 -2.980174385964913242e-01
6.666899999999998272e+00 -3.083134385964907409e-01
6.702200000000001268e+00 -3.006064385964908325e-01
6.737600000000000477e+00 -2.779674385964909789e-01
6.772899999999999920e+00 -2.491924385964914279e-01
6.808299999999999130e+00 -2.303534385964915998e-01
6.843599999999998573e+00 -2.343054385964915554e-01
6.879000000000001336e+00 -2.629544385964912578e-01
6.914300000000000779e+00 -2.979184385964908088e-01
6.949699999999999989e+00 -3.138744385964908901e-01
6.984999999999999432e+00 -2.900054385964914161e-01
7.020399999999998641e+00 -2.192204385964915403e-01
7.055700000000001637e+00 -1.130094385964914849e-01
7.091100000000000847e+00 3.464561403508703563e-03
7.126400000000000290e+00 9.837156140350877820e-02
7.161799999999999500e+00 1.479885614035092445e-01
7.197099999999998943e+00 1.383495614035084031e-01
7.232500000000001705e+00 6.910956140350865695e-02
7.267800000000001148e+00 -4.379643859649107185e-02
7.303200000000000358e+00 -1.710164385964914047e-01
7.338499999999999801e+00 -2.770054385964915156e-01
7.373899999999999011e+00 -3.364224385964913466e-01
7.409199999999998454e+00 -3.480644385964914989e-01
7.444600000000001216e+00 -3.225504385964912402e-01
7.479900000000000659e+00 -2.783814385964911153e-01
7.515200000000000102e+00 -2.208984385964907204e-01
7.550599999999999312e+00 -1.446724385964914816e-01
7.585899999999998755e+00 -4.378943859649098158e-02
7.621300000000001518e+00 7.131256140350927808e-02
7.656600000000000961e+00 1.722815614035084764e-01
7.692000000000000171e+00 2.328705614035087024e-01
7.727299999999999613e+00 2.462535614035088471e-01
7.762699999999998823e+00 2.260055614035092475e-01
7.797999999999998266e+00 1.895925614035087747e-01
7.833400000000001029e+00 1.436955614035086981e-01
7.868700000000000472e+00 8.379156140350918491e-02
7.904099999999999682e+00 1.697056140350916564e-02
7.939399999999999125e+00 -3.340043859649100000e-02
7.974799999999998334e+00 -4.394943859649114160e-02
8.010100000000001330e+00 -1.425643859649117218e-02
8.045500000000000540e+00 2.207156140350896578e-02
8.080799999999999983e+00 2.481156140350915251e-02
8.116199999999999193e+00 -1.878043859649114466e-02
8.151499999999998636e+00 -7.895043859649142348e-02
8.186900000000001398e+00 -1.096294385964915463e-01
8.222200000000000841e+00 -8.148943859649104837e-02
8.257600000000000051e+00 -8.246438596491323381e-03
8.292899999999999494e+00 6.469256140350854167e-02
8.328199999999998937e+00 9.702756140350921044e-02
8.363600000000001700e+00 8.141156140350869208e-02
8.398900000000001143e+00 4.081256140350841832e-02
8.434300000000000352e+00 6.203561403508750516e-03
8.469599999999999795e+00 -4.387438596491044507e-03
8.504999999999999005e+00 1.212856140350915268e-02
8.540299999999998448e+00 4.534456140350862086e-02
8.575700000000001211e+00 8.454156140350921333e-02
8.611000000000000654e+00 1.228635614035091805e-01
8.646399999999999864e+00 1.525025614035087074e-01
8.681699999999999307e+00 1.654425614035091030e-01
8.717099999999998516e+00 1.599975614035091809e-01
8.752400000000001512e+00 1.404875614035088205e-01
8.787800000000000722e+00 1.188385614035087912e-01
8.823100000000000165e+00 1.044625614035084027e-01
8.858499999999999375e+00 9.720556140350922192e-02
8.893799999999998818e+00 8.532156140350899420e-02
8.929200000000001580e+00 6.258556140350890473e-02
8.964500000000001023e+00 3.642056140350913296e-02
8.999900000000000233e+00 2.251956140350852564e-02
9.035199999999999676e+00 3.589656140350871993e-02
9.070599999999998886e+00 6.982456140350912221e-02
9.105899999999998329e+00 1.006875614035092070e-01
9.141300000000001091e+00 1.068325614035092741e-01
9.176600000000000534e+00 7.762056140350903632e-02
9.211899999999999977e+00 2.018056140350843464e-02
9.247299999999999187e+00 -3.923943859649092758e-02
9.282599999999998630e+00 -6.920043859649105400e-02
9.318000000000001393e+00 -4.874643859649108180e-02
9.353300000000000836e+00 2.091556140350903092e-02
9.388700000000000045e+00 1.107555614035087288e-01
9.423999999999999488e+00 1.797215614035092557e-01
9.459399999999998698e+00 1.964145614035084364e-01
9.494700000000001694e+00 1.579415614035086790e-01
9.530100000000000904e+00 8.739056140350864865e-02
9.565400000000000347e+00 1.113656140350904877e-02
9.600799999999999557e+00 -5.973143859649088228e-02
9.636099999999999000e+00 -1.239584385964915825e-01
9.671500000000001762e+00 -1.830334385964915711e-01
9.706800000000001205e+00 -2.262044385964907534e-01
9.742200000000000415e+00 -2.407954385964909960e-01
9.777499999999999858e+00 -2.317504385964914704e-01
9.812899999999999068e+00 -2.175624385964907148e-01
9.848199999999998511e+00 -2.186374385964908740e-01
9.883600000000001273e+00 -2.374824385964915407e-01
9.918900000000000716e+00 -2.572914385964910622e-01
9.954299999999999926e+00 -2.499124385964908157e-01
9.989599999999999369e+00 -2.037254385964910597e-01
1.002489999999999881e+01 -1.328344385964914665e-01
1.006030000000000157e+01 -6.915243859649145008e-02
1.009560000000000102e+01 -3.785743859649137733e-02
1.013100000000000023e+01 -4.565643859649082259e-02
1.016629999999999967e+01 -7.812943859649124079e-02
1.020169999999999888e+01 -1.121204385964915673e-01
1.023699999999999832e+01 -1.320274385964914643e-01
1.027240000000000109e+01 -1.347214385964914385e-01
1.030770000000000053e+01 -1.274484385964909094e-01
1.034309999999999974e+01 -1.187244385964909554e-01
1.037839999999999918e+01 -1.182194385964914218e-01
1.041379999999999839e+01 -1.284744385964913249e-01
1.044910000000000139e+01 -1.523314385964908979e-01
1.048450000000000060e+01 -1.833274385964909214e-01
1.051980000000000004e+01 -1.998214385964915962e-01
1.055519999999999925e+01 -1.735394385964914576e-01
1.059049999999999869e+01 -8.670543859649093577e-02
1.062590000000000146e+01 4.556056140350861483e-02
1.066120000000000090e+01 1.907355614035086688e-01
1.069660000000000011e+01 3.082495614035085651e-01
1.073189999999999955e+01 3.743415614035088268e-01
1.076729999999999876e+01 3.877855614035086163e-01
1.080260000000000176e+01 3.622265614035091730e-01
1.083790000000000120e+01 3.101495614035085779e-01
1.087330000000000041e+01 2.472465614035090908e-01
1.090859999999999985e+01 1.933025614035086548e-01
1.094399999999999906e+01 1.765695614035092120e-01
1.097929999999999851e+01 2.137735614035092269e-01
1.101470000000000127e+01 2.885725614035088427e-01
1.105000000000000071e+01 3.533885614035092715e-01
1.108539999999999992e+01 3.554905614035090977e-01
1.112069999999999936e+01 2.766935614035084257e-01
1.115609999999999857e+01 1.432425614035084394e-01
1.119140000000000157e+01 1.234656140350853804e-02
1.122680000000000078e+01 -6.345943859649150198e-02
1.126210000000000022e+01 -7.249043859649084709e-02
1.129749999999999943e+01 -4.269743859649111073e-02
1.133279999999999887e+01 -2.128243859649092684e-02
1.136820000000000164e+01 -3.923143859649158571e-02
1.140350000000000108e+01 -1.040404385964910361e-01
1.143890000000000029e+01 -1.985124385964915916e-01
1.147419999999999973e+01 -2.975784385964912460e-01
1.150959999999999894e+01 -3.767454385964912333e-01
1.154489999999999839e+01 -4.275164385964913549e-01
1.158030000000000115e+01 -4.537754385964909432e-01
1.161560000000000059e+01 -4.633374385964907916e-01
1.165099999999999980e+01 -4.615574385964915649e-01
1.168629999999999924e+01 -4.522424385964907145e-01
1.172159999999999869e+01 -4.362824385964909624e-01
1.175700000000000145e+01 -4.151754385964911975e-01
1.179230000000000089e+01 -3.992464385964913376e-01
1.182770000000000010e+01 -4.087584385964913025e-01
1.186299999999999955e+01 -4.574124385964912776e-01
1.189839999999999876e+01 -5.380874385964915518e-01
1.193370000000000175e+01 -6.032174385964914620e-01
1.196910000000000096e+01 -5.584474385964908194e-01
1.200440000000000040e+01 -2.835154385964910873e-01
1.203979999999999961e+01 3.162085614035090586e-01
1.207509999999999906e+01 1.259995561403508546e+00
1.211049999999999827e+01 2.465713561403508614e+00
1.214580000000000126e+01 3.773414561403508394e+00
1.218120000000000047e+01 5.008323561403508428e+00
1.221649999999999991e+01 6.036816561403509418e+00
1.225189999999999912e+01 6.797197561403508281e+00
1.228719999999999857e+01 7.298559561403508589e+00
1.232260000000000133e+01 7.593968561403507955e+00
1.235790000000000077e+01 7.748417561403509346e+00
1.239329999999999998e+01 7.817635561403508682e+00
1.242859999999999943e+01 7.843088561403509296e+00
1.246399999999999864e+01 7.849875561403508506e+00
1.249930000000000163e+01 7.849572561403509674e+00
