# r_minus_2Rs_A, PMF_over_kBT
-9.485999999999998877e-01 1.684954156071428599e+02
-9.132999999999995566e-01 1.662240946071428596e+02
-8.779000000000003467e-01 1.616794906071428670e+02
-8.426000000000000156e-01 1.536761716071428623e+02
-8.071999999999999176e-01 1.412435636071428746e+02
-7.718999999999995865e-01 1.242172676071428441e+02
-7.366000000000001435e-01 1.036991986071428471e+02
-7.012000000000000455e-01 8.196607260714284848e+01
-6.658999999999997144e-01 6.172655260714285674e+01
-6.304999999999996163e-01 4.504496860714285589e+01
-5.952000000000001734e-01 3.260599960714285572e+01
-5.598000000000000753e-01 2.375519960714285617e+01
-5.244999999999997442e-01 1.718630760714285799e+01
-4.890999999999996461e-01 1.180540960714285781e+01
-4.538000000000002032e-01 7.143137607142857171e+00
-4.184000000000001052e-01 3.258357607142857493e+00
-3.830999999999997740e-01 3.322296071428570974e-01
-3.478000000000003311e-01 -1.645388392857143112e+00
-3.124000000000002331e-01 -2.944213392857142786e+00
-2.770999999999999019e-01 -3.894006392857142895e+00
-2.416999999999998039e-01 -4.689007392857143408e+00
-2.064000000000003610e-01 -5.366957392857143461e+00
-1.710000000000002629e-01 -5.864417392857142808e+00
-1.356999999999999318e-01 -6.138429392857142730e+00
-1.002999999999998337e-01 -6.215429392857143576e+00
-6.500000000000039080e-02 -6.186382392857143309e+00
-2.960000000000029274e-02 -6.137765392857143176e+00
5.699999999999150191e-03 -6.090676392857143462e+00
4.110000000000013642e-02 -6.034432392857143057e+00
7.639999999999957936e-02 -5.938618392857143213e+00
1.117000000000007987e-01 -5.813968392857143286e+00
1.471000000000000085e-01 -5.671826392857143517e+00
1.823999999999994515e-01 -5.538096392857142725e+00
2.178000000000004377e-01 -5.415421392857143523e+00
2.530999999999998806e-01 -5.302292392857142822e+00
2.885000000000008669e-01 -5.181254392857143287e+00
3.238000000000003098e-01 -5.052015392857143183e+00
3.591999999999995197e-01 -4.927262392857143070e+00
3.945000000000007390e-01 -4.837252392857143590e+00
4.298999999999999488e-01 -4.768543392857143459e+00
4.651999999999993918e-01 -4.710815392857143458e+00
5.005000000000006111e-01 -4.637172392857142889e+00
5.358999999999998209e-01 -4.540726392857143523e+00
5.711999999999992639e-01 -4.452042392857142872e+00
6.066000000000002501e-01 -4.382238392857143339e+00
6.418999999999996930e-01 -4.312486392857143080e+00
6.773000000000006793e-01 -4.223731392857143163e+00
7.126000000000001222e-01 -4.116774392857142750e+00
7.479999999999993321e-01 -4.001302392857143175e+00
7.833000000000005514e-01 -3.882716392857143095e+00
8.186999999999997613e-01 -3.767745392857142495e+00
8.539999999999992042e-01 -3.648685392857142329e+00
8.893000000000004235e-01 -3.540385392857142488e+00
9.246999999999996334e-01 -3.444208392857142531e+00
9.600000000000008527e-01 -3.343990392857142613e+00
9.954000000000000625e-01 -3.234697392857142528e+00
1.030699999999999505e+00 -3.133292392857142783e+00
1.066100000000000492e+00 -3.045872392857142508e+00
1.101399999999999935e+00 -2.983492392857142850e+00
1.136799999999999145e+00 -2.927580392857142666e+00
1.172100000000000364e+00 -2.883978392857142747e+00
1.207499999999999574e+00 -2.817084392857142738e+00
1.242800000000000793e+00 -2.723512392857142750e+00
1.278100000000000236e+00 -2.608309392857142583e+00
1.313499999999999446e+00 -2.472923392857142577e+00
1.348800000000000665e+00 -2.339800392857142697e+00
1.384199999999999875e+00 -2.214868392857142876e+00
1.419499999999999318e+00 -2.110112392857142805e+00
1.454900000000000304e+00 -2.008006392857142774e+00
1.490199999999999747e+00 -1.911235392857143056e+00
1.525600000000000733e+00 -1.812311392857142822e+00
1.560900000000000176e+00 -1.733405392857142902e+00
1.596299999999999386e+00 -1.685880392857143084e+00
1.631600000000000605e+00 -1.643907392857143046e+00
1.666999999999999815e+00 -1.574344392857143005e+00
1.702299999999999258e+00 -1.479030392857142884e+00
1.737600000000000477e+00 -1.370063392857142848e+00
1.772999999999999687e+00 -1.271526392857142973e+00
1.808299999999999130e+00 -1.209319392857142850e+00
1.843700000000000117e+00 -1.165048392857142900e+00
1.878999999999999559e+00 -1.131825392857142898e+00
1.914400000000000546e+00 -1.086067392857142933e+00
1.949699999999999989e+00 -1.024154392857142826e+00
1.985099999999999199e+00 -9.393343928571429302e-01
2.020400000000000418e+00 -8.488283928571429549e-01
2.055799999999999628e+00 -7.742773928571429209e-01
2.091100000000000847e+00 -7.132283928571430121e-01
2.126400000000000290e+00 -6.572603928571429943e-01
2.161799999999999500e+00 -5.911873928571429460e-01
2.197100000000000719e+00 -4.881803928571428197e-01
2.232499999999999929e+00 -3.694113928571429173e-01
2.267799999999999372e+00 -2.795823928571428696e-01
2.303200000000000358e+00 -2.316853928571429022e-01
2.338499999999999801e+00 -2.064063928571428508e-01
2.373900000000000787e+00 -1.874593928571429147e-01
2.409200000000000230e+00 -1.360313928571428854e-01
2.444599999999999440e+00 -6.184239285714282497e-02
2.479900000000000659e+00 1.615860714285710653e-02
2.515200000000000102e+00 9.356360714285710811e-02
2.550599999999999312e+00 1.813296071428571188e-01
2.585900000000000531e+00 2.588926071428571118e-01
2.621299999999999741e+00 3.186206071428571152e-01
2.656599999999999184e+00 3.517476071428571327e-01
2.692000000000000171e+00 3.755436071428571165e-01
2.727299999999999613e+00 4.226386071428571145e-01
2.762700000000000600e+00 4.973126071428571326e-01
2.798000000000000043e+00 5.778746071428570996e-01
2.833399999999999253e+00 6.147116071428571082e-01
2.868700000000000472e+00 6.181456071428571564e-01
2.903999999999999915e+00 6.271076071428571819e-01
2.939399999999999125e+00 6.764196071428570933e-01
2.974700000000000344e+00 7.568566071428570741e-01
3.010099999999999554e+00 8.426246071428571405e-01
3.045400000000000773e+00 9.039476071428571569e-01
3.080799999999999983e+00 9.472726071428571037e-01
3.116099999999999426e+00 1.008100607142857097e+00
3.151500000000000412e+00 1.081233607142857212e+00
3.186799999999999855e+00 1.139918607142857088e+00
3.222200000000000841e+00 1.155604607142857176e+00
3.257500000000000284e+00 1.120157607142857170e+00
3.292899999999999494e+00 1.059060607142857213e+00
3.328200000000000713e+00 1.036330607142857074e+00
3.363500000000000156e+00 1.062495607142857068e+00
3.398899999999999366e+00 1.111123607142857184e+00
3.434200000000000585e+00 1.166408607142857212e+00
3.469599999999999795e+00 1.213897607142857105e+00
3.504899999999999238e+00 1.253073607142857204e+00
3.540300000000000225e+00 1.288550607142857185e+00
3.575599999999999667e+00 1.314451607142857137e+00
3.611000000000000654e+00 1.339897607142857217e+00
3.646300000000000097e+00 1.374689607142857151e+00
3.681699999999999307e+00 1.418137607142857082e+00
3.717000000000000526e+00 1.472719607142856990e+00
3.752299999999999969e+00 1.532834607142857131e+00
3.787699999999999179e+00 1.569913607142856993e+00
3.823000000000000398e+00 1.585116607142857070e+00
3.858399999999999608e+00 1.597403607142857007e+00
3.893700000000000827e+00 1.634425607142857118e+00
3.929100000000000037e+00 1.690939607142857071e+00
3.964399999999999480e+00 1.727511607142857120e+00
3.999800000000000466e+00 1.724728607142857140e+00
4.035099999999999909e+00 1.710579607142857173e+00
4.070499999999999119e+00 1.713671607142857045e+00
4.105800000000000338e+00 1.737909607142857027e+00
4.141099999999999781e+00 1.766965607142856998e+00
4.176500000000000767e+00 1.766055607142857031e+00
4.211800000000000210e+00 1.739694607142857175e+00
4.247199999999999420e+00 1.696429607142857066e+00
4.282500000000000639e+00 1.648647607142857074e+00
4.317899999999999849e+00 1.632332607142856995e+00
4.353199999999999292e+00 1.634125607142857151e+00
4.388600000000000279e+00 1.647855607142857171e+00
4.423899999999999721e+00 1.656415607142857072e+00
4.459300000000000708e+00 1.656465607142857177e+00
4.494600000000000151e+00 1.646179607142857160e+00
4.529999999999999361e+00 1.646457607142857160e+00
4.565300000000000580e+00 1.654672607142857022e+00
4.600600000000000023e+00 1.678233607142856965e+00
4.635999999999999233e+00 1.680812607142857074e+00
4.671300000000000452e+00 1.661625607142857008e+00
4.706699999999999662e+00 1.621514607142857001e+00
4.742000000000000881e+00 1.594429607142856975e+00
4.777400000000000091e+00 1.594941607142857043e+00
4.812699999999999534e+00 1.593612607142857129e+00
4.848100000000000520e+00 1.576697607142857116e+00
4.883399999999999963e+00 1.533748607142856990e+00
4.918799999999999173e+00 1.488644607142857179e+00
4.954100000000000392e+00 1.453391607142856978e+00
4.989399999999999835e+00 1.419062607142857146e+00
5.024800000000000821e+00 1.390192607142857195e+00
5.060100000000000264e+00 1.363105607142857112e+00
5.095499999999999474e+00 1.345926607142857057e+00
5.130800000000000693e+00 1.349694607142857050e+00
5.166199999999999903e+00 1.359792607142857213e+00
5.201499999999999346e+00 1.374579607142857096e+00
5.236900000000000333e+00 1.375631607142857149e+00
5.272199999999999775e+00 1.357610607142857084e+00
5.307600000000000762e+00 1.340227607142857158e+00
5.342900000000000205e+00 1.313930607142857143e+00
5.378199999999999648e+00 1.299968607142857113e+00
5.413600000000000634e+00 1.289065607142857228e+00
5.448900000000000077e+00 1.305671607142857127e+00
5.484299999999999287e+00 1.320705607142857119e+00
5.519600000000000506e+00 1.309037607142857107e+00
5.554999999999999716e+00 1.255640607142857190e+00
5.590299999999999159e+00 1.160034607142857110e+00
5.625700000000000145e+00 1.069672607142857057e+00
5.660999999999999588e+00 1.002787607142857196e+00
5.696400000000000574e+00 9.692586071428570538e-01
5.731700000000000017e+00 9.570016071428570914e-01
5.766999999999999460e+00 9.302636071428571629e-01
5.802400000000000446e+00 8.984906071428571117e-01
5.837699999999999889e+00 8.942516071428571189e-01
5.873100000000000875e+00 9.006366071428570930e-01
5.908400000000000318e+00 9.047496071428571263e-01
5.943799999999999528e+00 8.863446071428571216e-01
5.979100000000000747e+00 8.663266071428571413e-01
6.014499999999999957e+00 8.500706071428572042e-01
6.049799999999999400e+00 8.500576071428571634e-01
6.085200000000000387e+00 8.585766071428571067e-01
6.120499999999999829e+00 8.553956071428571173e-01
6.155900000000000816e+00 8.329276071428570738e-01
6.191200000000000259e+00 7.848936071428571637e-01
6.226499999999999702e+00 7.313996071428571222e-01
6.261900000000000688e+00 6.896326071428571236e-01
6.297200000000000131e+00 6.630186071428570971e-01
6.332599999999999341e+00 6.520076071428571041e-01
6.367900000000000560e+00 6.492526071428571521e-01
6.403299999999999770e+00 6.535206071428570906e-01
6.438599999999999213e+00 6.412566071428571490e-01
6.474000000000000199e+00 6.162546071428571803e-01
6.509299999999999642e+00 5.963766071428571180e-01
6.544700000000000628e+00 5.797156071428570812e-01
6.580000000000000071e+00 5.550976071428571634e-01
6.615299999999999514e+00 5.402456071428571871e-01
6.650700000000000500e+00 5.401416071428570831e-01
6.685999999999999943e+00 5.543356071428571230e-01
6.721399999999999153e+00 5.509656071428571389e-01
6.756700000000000372e+00 5.280526071428570667e-01
6.792099999999999582e+00 4.975566071428570991e-01
6.827400000000000801e+00 4.923076071428571510e-01
6.862800000000000011e+00 5.199666071428571401e-01
6.898099999999999454e+00 5.627466071428570693e-01
6.933500000000000441e+00 5.739236071428571728e-01
6.968799999999999883e+00 5.381376071428570773e-01
7.004099999999999326e+00 4.839986071428571401e-01
7.039500000000000313e+00 4.531946071428571421e-01
7.074799999999999756e+00 4.618246071428571131e-01
7.110200000000000742e+00 4.897776071428571187e-01
7.145500000000000185e+00 5.115486071428571035e-01
7.180899999999999395e+00 5.198096071428570664e-01
7.216200000000000614e+00 5.082506071428570804e-01
7.251599999999999824e+00 4.882066071428571297e-01
7.286899999999999267e+00 4.690016071428571021e-01
7.322300000000000253e+00 4.473806071428571007e-01
7.357599999999999696e+00 4.134136071428571313e-01
7.392899999999999139e+00 3.780366071428571395e-01
7.428300000000000125e+00 3.539026071428571507e-01
7.463599999999999568e+00 3.434416071428570971e-01
7.499000000000000554e+00 3.424776071428571322e-01
7.534299999999999997e+00 3.491536071428571475e-01
7.569699999999999207e+00 3.503686071428571136e-01
7.605000000000000426e+00 3.525646071428571449e-01
7.640399999999999636e+00 3.609616071428571327e-01
7.675700000000000855e+00 3.731746071428571065e-01
7.711100000000000065e+00 3.560966071428571245e-01
7.746399999999999508e+00 2.935386071428571220e-01
7.781800000000000495e+00 2.137666071428571124e-01
7.817099999999999937e+00 1.331906071428571314e-01
7.852399999999999380e+00 8.912360714285710861e-02
7.887800000000000367e+00 9.052460714285714971e-02
7.923099999999999810e+00 1.187546071428571270e-01
7.958500000000000796e+00 1.432846071428571233e-01
7.993800000000000239e+00 1.484686071428571452e-01
8.029199999999999449e+00 1.210076071428571320e-01
8.064499999999998892e+00 8.346160714285710824e-02
8.099900000000001654e+00 6.679960714285709811e-02
8.135200000000001097e+00 8.133760714285714899e-02
8.170600000000000307e+00 1.065586071428571424e-01
8.205899999999999750e+00 1.171236071428571335e-01
8.241199999999999193e+00 9.906760714285711700e-02
8.276599999999998403e+00 6.638660714285710140e-02
8.311900000000001398e+00 5.498660714285713569e-02
8.347300000000000608e+00 8.384360714285710170e-02
8.382600000000000051e+00 1.294956071428571276e-01
8.417999999999999261e+00 1.619976071428571029e-01
8.453299999999998704e+00 1.892966071428571206e-01
8.488700000000001467e+00 2.170866071428571298e-01
8.524000000000000909e+00 2.302306071428571188e-01
8.559400000000000119e+00 2.393816071428571113e-01
8.594699999999999562e+00 2.301896071428571333e-01
8.629999999999999005e+00 2.187346071428571126e-01
8.665400000000001768e+00 2.076876071428571113e-01
8.700700000000001211e+00 2.020176071428571307e-01
8.736100000000000421e+00 1.804906071428571401e-01
8.771399999999999864e+00 1.437656071428571325e-01
8.806799999999999073e+00 9.717460714285713896e-02
8.842099999999998516e+00 5.195260714285709902e-02
8.877500000000001279e+00 1.938607142857151633e-03
8.912800000000000722e+00 -4.440739285714290219e-02
8.948199999999999932e+00 -8.124439285714285530e-02
8.983499999999999375e+00 -1.023843928571429029e-01
9.018799999999998818e+00 -8.783839285714284406e-02
9.054200000000001580e+00 -4.601039285714286775e-02
9.089500000000001023e+00 -2.696392857142848598e-03
9.124900000000000233e+00 2.645060714285712988e-02
9.160199999999999676e+00 3.329660714285714862e-02
9.195599999999998886e+00 1.614960714285712529e-02
9.230899999999998329e+00 4.365607142857108602e-03
9.266300000000001091e+00 -4.862392857142849856e-03
9.301600000000000534e+00 -1.708539285714288924e-02
9.336999999999999744e+00 -2.340239285714285078e-02
9.372299999999999187e+00 -1.498439285714286973e-02
9.407699999999998397e+00 -7.506392857142885067e-03
9.443000000000001393e+00 -1.668392857142875219e-03
9.478300000000000836e+00 -2.469739285714289689e-02
9.513700000000000045e+00 -7.114839285714286143e-02
9.548999999999999488e+00 -1.266173928571428520e-01
9.584399999999998698e+00 -1.584283928571428857e-01
9.619700000000001694e+00 -1.347963928571428993e-01
9.655100000000000904e+00 -1.000013928571428790e-01
9.690400000000000347e+00 -9.711639285714285252e-02
9.725799999999999557e+00 -1.357603928571428642e-01
9.761099999999999000e+00 -2.010633928571428641e-01
9.796500000000001762e+00 -2.409443928571429194e-01
9.831800000000001205e+00 -2.481983928571429021e-01
9.867100000000000648e+00 -2.760603928571428445e-01
9.902499999999999858e+00 -3.461183928571429091e-01
9.937799999999999301e+00 -4.180783928571428221e-01
9.973199999999998511e+00 -4.491553928571428433e-01
1.000850000000000151e+01 -4.296533928571428240e-01
1.004390000000000072e+01 -4.050373928571428528e-01
1.007920000000000016e+01 -4.277133928571428823e-01
1.011459999999999937e+01 -4.917733928571428881e-01
1.014989999999999881e+01 -5.379703928571428762e-01
1.018530000000000157e+01 -5.414463928571429108e-01
1.022060000000000102e+01 -5.303533928571428913e-01
1.025590000000000046e+01 -5.669563928571428324e-01
1.029129999999999967e+01 -6.577483928571430383e-01
1.032659999999999911e+01 -7.430933928571428204e-01
1.036199999999999832e+01 -7.800513928571428668e-01
1.039730000000000132e+01 -7.810643928571430195e-01
1.043270000000000053e+01 -7.921383928571428257e-01
1.046799999999999997e+01 -8.523863928571429049e-01
1.050339999999999918e+01 -9.167643928571429512e-01
1.053869999999999862e+01 -9.278643928571428390e-01
1.057410000000000139e+01 -9.018623928571429804e-01
1.060940000000000083e+01 -8.701013928571428302e-01
1.064470000000000027e+01 -8.749093928571429757e-01
1.068009999999999948e+01 -9.237853928571428952e-01
1.071539999999999893e+01 -9.769753928571429658e-01
1.075080000000000169e+01 -1.000814392857142909e+00
1.078610000000000113e+01 -1.009234392857143003e+00
1.082150000000000034e+01 -1.022243392857142830e+00
1.085679999999999978e+01 -1.051620392857143038e+00
1.089219999999999899e+01 -1.066098392857143029e+00
1.092749999999999844e+01 -1.048477392857142920e+00
1.096290000000000120e+01 -1.031214392857142892e+00
1.099820000000000064e+01 -1.039839392857142997e+00
1.103359999999999985e+01 -1.089665392857142923e+00
1.106889999999999930e+01 -1.157119392857142826e+00
1.110419999999999874e+01 -1.201027392857142884e+00
1.113960000000000150e+01 -1.202765392857142901e+00
1.117490000000000094e+01 -1.208375392857143016e+00
1.121030000000000015e+01 -1.250144392857142961e+00
1.124559999999999960e+01 -1.324024392857142907e+00
1.128099999999999881e+01 -1.391870392857142980e+00
1.131629999999999825e+01 -1.405465392857143003e+00
1.135170000000000101e+01 -1.372110392857142980e+00
1.138700000000000045e+01 -1.330161392857142966e+00
1.142239999999999966e+01 -1.312218392857142923e+00
1.145769999999999911e+01 -1.332626392857142905e+00
1.149299999999999855e+01 -1.377532392857143018e+00
1.152840000000000131e+01 -1.433315392857142934e+00
1.156370000000000076e+01 -1.474952392857142858e+00
1.159909999999999997e+01 -1.512612392857142884e+00
1.163439999999999941e+01 -1.558541392857142993e+00
1.166979999999999862e+01 -1.616506392857142815e+00
1.170510000000000161e+01 -1.649845392857143045e+00
1.174050000000000082e+01 -1.670332392857142745e+00
1.177580000000000027e+01 -1.700545392857143012e+00
1.181119999999999948e+01 -1.743068392857143101e+00
1.184649999999999892e+01 -1.770191392857143109e+00
1.188179999999999836e+01 -1.787457392857142890e+00
1.191720000000000113e+01 -1.802869392857142872e+00
1.195250000000000057e+01 -1.833369392857142843e+00
1.198789999999999978e+01 -1.819261392857143056e+00
1.202319999999999922e+01 -1.603980392857143000e+00
1.205859999999999843e+01 -9.507663928571430390e-01
1.209390000000000143e+01 3.584276071428571520e-01
1.212930000000000064e+01 2.391833607142856977e+00
1.216460000000000008e+01 5.086390607142856624e+00
1.219999999999999929e+01 8.336585607142858123e+00
1.223529999999999873e+01 1.209849260714285712e+01
1.227060000000000173e+01 1.643265760714285761e+01
1.230600000000000094e+01 2.145162360714285654e+01
1.234130000000000038e+01 2.726640960714285811e+01
1.237669999999999959e+01 3.387894160714285618e+01
1.241199999999999903e+01 4.119668360714285882e+01
1.244739999999999824e+01 4.903311460714285630e+01
1.248270000000000124e+01 5.722750360714285733e+01
1.251810000000000045e+01 6.575311260714285311e+01
1.255339999999999989e+01 7.479072660714284382e+01
1.258879999999999910e+01 8.469129460714285074e+01
1.262409999999999854e+01 9.577726560714285142e+01
1.265950000000000131e+01 1.080298026071428552e+02
1.269480000000000075e+01 1.209039986071428530e+02
1.273010000000000019e+01 1.334196156071428732e+02
1.276549999999999940e+01 1.444859606071428573e+02
1.280079999999999885e+01 1.533041256071428506e+02
1.283620000000000161e+01 1.595927896071428620e+02
1.287150000000000105e+01 1.635973366071428643e+02
1.290690000000000026e+01 1.658702156071428533e+02
1.294219999999999970e+01 1.670134256071428638e+02
1.297759999999999891e+01 1.675099616071428557e+02
1.301289999999999836e+01 1.676926386071428681e+02
1.304830000000000112e+01 1.677452836071428521e+02
1.308360000000000056e+01 1.677496516071428516e+02
