# r_minus_2Rs_A, PMF_over_kBT
-9.694000000000002615e-01 1.803515468269230837e+02
-9.341000000000008185e-01 1.779284798269230805e+02
-8.987999999999995993e-01 1.730104248269230993e+02
-8.635000000000001563e-01 1.642493748269230878e+02
-8.280999999999991701e-01 1.504973248269230908e+02
-7.927999999999997272e-01 1.315072308269230916e+02
-7.575000000000002842e-01 1.084916408269230743e+02
-7.222000000000008413e-01 8.403710382692307235e+01
-6.868999999999996220e-01 6.125080782692308645e+01
-6.516000000000001791e-01 4.252088982692308150e+01
-6.163000000000007361e-01 2.863044082692307413e+01
-5.809999999999995168e-01 1.878930982692307694e+01
-5.457000000000000739e-01 1.147685482692307701e+01
-5.104000000000006310e-01 5.429709826923077465e+00
-4.750999999999994117e-01 1.627868269230772214e-01
-4.397999999999999687e-01 -4.203177173076922735e+00
-4.045000000000005258e-01 -7.435666173076922902e+00
-3.691999999999993065e-01 -9.558404173076922916e+00
-3.338000000000000966e-01 -1.091628617307692295e+01
-2.985000000000006537e-01 -1.191022517307692397e+01
-2.631999999999994344e-01 -1.275457017307692276e+01
-2.278999999999999915e-01 -1.346002417307692234e+01
-1.926000000000005485e-01 -1.391302017307692296e+01
-1.572999999999993292e-01 -1.406148017307692299e+01
-1.219999999999998863e-01 -1.400098217307692394e+01
-8.670000000000044338e-02 -1.385584917307692265e+01
-5.139999999999922409e-02 -1.370405817307692331e+01
-1.609999999999978115e-02 -1.354736117307692211e+01
1.919999999999966178e-02 -1.334565117307692361e+01
5.450000000000088107e-02 -1.308862017307692227e+01
8.980000000000032401e-02 -1.279779817307692369e+01
1.250999999999997669e-01 -1.252088717307692178e+01
1.605000000000007532e-01 -1.226259417307692345e+01
1.958000000000001961e-01 -1.200008417307692277e+01
2.310999999999996390e-01 -1.173222617307692239e+01
2.664000000000008583e-01 -1.145821517307692261e+01
3.017000000000003013e-01 -1.119466017307692240e+01
3.369999999999997442e-01 -1.094018317307692278e+01
3.722999999999991871e-01 -1.070338717307692278e+01
4.076000000000004064e-01 -1.047984617307692190e+01
4.428999999999998494e-01 -1.025567017307692197e+01
4.781999999999992923e-01 -1.001878917307692340e+01
5.135000000000005116e-01 -9.771243173076921806e+00
5.487999999999999545e-01 -9.523044173076922192e+00
5.840999999999993975e-01 -9.294834173076923278e+00
6.194000000000006168e-01 -9.092241173076923033e+00
6.547000000000000597e-01 -8.889125173076923403e+00
6.900999999999992696e-01 -8.657030173076922352e+00
7.254000000000004889e-01 -8.396337173076922511e+00
7.606999999999999318e-01 -8.135678173076922093e+00
7.959999999999993747e-01 -7.902057173076922680e+00
8.313000000000005940e-01 -7.700341173076922452e+00
8.666000000000000369e-01 -7.492619173076922934e+00
9.018999999999994799e-01 -7.249366173076922770e+00
9.372000000000006992e-01 -6.997043173076923139e+00
9.725000000000001421e-01 -6.763166173076922583e+00
1.007799999999999585e+00 -6.554391173076922428e+00
1.043100000000000804e+00 -6.349997173076922685e+00
1.078400000000000247e+00 -6.121014173076922305e+00
1.113699999999999690e+00 -5.882477173076923194e+00
1.148999999999999133e+00 -5.672847173076922545e+00
1.184400000000000119e+00 -5.519516173076922883e+00
1.219699999999999562e+00 -5.377074173076922925e+00
1.255000000000000782e+00 -5.189599173076922867e+00
1.290300000000000225e+00 -4.968305173076922543e+00
1.325599999999999667e+00 -4.761673173076922616e+00
1.360900000000000887e+00 -4.597720173076922379e+00
1.396200000000000330e+00 -4.469254173076922854e+00
1.431499999999999773e+00 -4.328786173076922594e+00
1.466799999999999216e+00 -4.147671173076922457e+00
1.502100000000000435e+00 -3.944040173076922784e+00
1.537399999999999878e+00 -3.762773173076922717e+00
1.572699999999999321e+00 -3.608508173076922620e+00
1.608000000000000540e+00 -3.453963173076922910e+00
1.643299999999999983e+00 -3.281155173076922615e+00
1.678599999999999426e+00 -3.092525173076922762e+00
1.714000000000000412e+00 -2.916790173076922787e+00
1.749299999999999855e+00 -2.769877173076922716e+00
1.784599999999999298e+00 -2.618171173076922820e+00
1.819900000000000517e+00 -2.419972173076923028e+00
1.855199999999999960e+00 -2.205265173076922380e+00
1.890499999999999403e+00 -2.016939173076922387e+00
1.925800000000000622e+00 -1.881738173076922926e+00
1.961100000000000065e+00 -1.771459173076922688e+00
1.996399999999999508e+00 -1.637638173076922499e+00
2.031700000000000728e+00 -1.454652173076922850e+00
2.067000000000000171e+00 -1.267319173076923100e+00
2.102299999999999613e+00 -1.116661173076923141e+00
2.137600000000000833e+00 -9.975211730769224516e-01
2.172900000000000276e+00 -8.923241730769229108e-01
2.208299999999999486e+00 -7.575371730769226986e-01
2.243600000000000705e+00 -5.971051730769225685e-01
2.278900000000000148e+00 -4.420421730769223956e-01
2.314199999999999591e+00 -3.139941730769226780e-01
2.349500000000000810e+00 -2.080231730769224185e-01
2.384800000000000253e+00 -8.790217307692316240e-02
2.420099999999999696e+00 5.568982692307766769e-02
2.455399999999999139e+00 2.126498269230774341e-01
2.490700000000000358e+00 3.614028269230775692e-01
2.525999999999999801e+00 4.863178269230772344e-01
2.561299999999999244e+00 5.942608269230769125e-01
2.596600000000000463e+00 6.875088269230769100e-01
2.631899999999999906e+00 7.601748269230768074e-01
2.667199999999999349e+00 8.217948269230772596e-01
2.702600000000000335e+00 8.933148269230768435e-01
2.737899999999999778e+00 9.660378269230776027e-01
2.773199999999999221e+00 1.021086826923077062e+00
2.808500000000000441e+00 1.060262826923077384e+00
2.843799999999999883e+00 1.099875826923077504e+00
2.879099999999999326e+00 1.157600826923077086e+00
2.914400000000000546e+00 1.263769826923077488e+00
2.949699999999999989e+00 1.371891826923077318e+00
2.984999999999999432e+00 1.432103826923076362e+00
3.020300000000000651e+00 1.433978826923076433e+00
3.055600000000000094e+00 1.411765826923077505e+00
3.090899999999999537e+00 1.419037826923077894e+00
3.126200000000000756e+00 1.469467826923076537e+00
3.161500000000000199e+00 1.519221826923076613e+00
3.196799999999999642e+00 1.523832826923077199e+00
3.232200000000000628e+00 1.491745826923076557e+00
3.267500000000000071e+00 1.491651826923077628e+00
3.302799999999999514e+00 1.540157826923077344e+00
3.338100000000000733e+00 1.621040826923077383e+00
3.373400000000000176e+00 1.685630826923076420e+00
3.408699999999999619e+00 1.690895826923077827e+00
3.444000000000000838e+00 1.663982826923077418e+00
3.479300000000000281e+00 1.675080826923077915e+00
3.514599999999999724e+00 1.727110826923076381e+00
3.549899999999999167e+00 1.776246826923077116e+00
3.585200000000000387e+00 1.781751826923076543e+00
3.620499999999999829e+00 1.746787826923077880e+00
3.655799999999999272e+00 1.710923826923077762e+00
3.691100000000000492e+00 1.712264826923077798e+00
3.726499999999999702e+00 1.752846826923076584e+00
3.761799999999999145e+00 1.800478826923076703e+00
3.797100000000000364e+00 1.833291826923077572e+00
3.832399999999999807e+00 1.831822826923077407e+00
3.867699999999999250e+00 1.825354826923077489e+00
3.903000000000000469e+00 1.814440826923077843e+00
3.938299999999999912e+00 1.792791826923077814e+00
3.973599999999999355e+00 1.744237826923076717e+00
4.008900000000000574e+00 1.679121826923076988e+00
4.044200000000000017e+00 1.638852826923076655e+00
4.079499999999999460e+00 1.647378826923076467e+00
4.114799999999998903e+00 1.683168826923076900e+00
4.150099999999998346e+00 1.711746826923076448e+00
4.185400000000001342e+00 1.706273826923077941e+00
4.220700000000000784e+00 1.676698826923076702e+00
4.256099999999999994e+00 1.658224826923077266e+00
4.291399999999999437e+00 1.660117826923078077e+00
4.326699999999998880e+00 1.656493826923077783e+00
4.361999999999998323e+00 1.621084826923076427e+00
4.397300000000001319e+00 1.558728826923077015e+00
4.432600000000000762e+00 1.507321826923077701e+00
4.467900000000000205e+00 1.506071826923077062e+00
4.503199999999999648e+00 1.533254826923077907e+00
4.538499999999999091e+00 1.541599826923076400e+00
4.573799999999998533e+00 1.524372826923078073e+00
4.609100000000001529e+00 1.496672826923076904e+00
4.644400000000000972e+00 1.484964826923076409e+00
4.679700000000000415e+00 1.495076826923077640e+00
4.714999999999999858e+00 1.497793826923076388e+00
4.750399999999999068e+00 1.469379826923076671e+00
4.785699999999998511e+00 1.415117826923077082e+00
4.821000000000001506e+00 1.357162826923077326e+00
4.856300000000000949e+00 1.317995826923077374e+00
4.891600000000000392e+00 1.297251826923076834e+00
4.926899999999999835e+00 1.281217826923077396e+00
4.962199999999999278e+00 1.247644826923076877e+00
4.997499999999998721e+00 1.196983826923077032e+00
5.032800000000001717e+00 1.141656826923076906e+00
5.068100000000001160e+00 1.099255826923076995e+00
5.103400000000000603e+00 1.052182826923076853e+00
5.138700000000000045e+00 1.001847826923077278e+00
5.173999999999999488e+00 9.479918269230775962e-01
5.209299999999998931e+00 8.955348269230771763e-01
5.244700000000001694e+00 8.570418269230772879e-01
5.280000000000001137e+00 8.037888269230775151e-01
5.315300000000000580e+00 7.094988269230775302e-01
5.350600000000000023e+00 5.966928269230775683e-01
5.385899999999999466e+00 5.132798269230773869e-01
5.421199999999998909e+00 4.825178269230772088e-01
5.456499999999998352e+00 4.614198269230769256e-01
5.491800000000001347e+00 4.081548269230772519e-01
5.527100000000000790e+00 3.198948269230772468e-01
5.562400000000000233e+00 2.414838269230772383e-01
5.597699999999999676e+00 2.079888269230769637e-01
5.632999999999999119e+00 1.992858269230772805e-01
5.668299999999998562e+00 1.730308269230773632e-01
5.703600000000001558e+00 1.115828269230769720e-01
5.738900000000001000e+00 3.550782692307752342e-02
5.774300000000000210e+00 -2.138717307692239444e-02
5.809599999999999653e+00 -6.332217307692289410e-02
5.844899999999999096e+00 -1.027731730769225749e-01
5.880199999999998539e+00 -1.631241730769223963e-01
5.915500000000001535e+00 -2.339001730769227905e-01
5.950800000000000978e+00 -2.766531730769230535e-01
5.986100000000000421e+00 -2.945661730769231212e-01
6.021399999999999864e+00 -3.090931730769224117e-01
6.056699999999999307e+00 -3.551851730769230997e-01
6.091999999999998749e+00 -4.160131730769229819e-01
6.127300000000001745e+00 -4.648401730769231577e-01
6.162600000000001188e+00 -4.633551730769225330e-01
6.197900000000000631e+00 -4.269091730769227766e-01
6.233200000000000074e+00 -3.972951730769231915e-01
6.268599999999999284e+00 -3.874631730769229065e-01
6.303899999999998727e+00 -3.745041730769225197e-01
6.339200000000001722e+00 -3.588601730769225284e-01
6.374500000000001165e+00 -3.301831730769224649e-01
6.409800000000000608e+00 -3.047861730769225730e-01
6.445100000000000051e+00 -2.922951730769227652e-01
6.480399999999999494e+00 -2.703871730769229487e-01
6.515699999999998937e+00 -2.249611730769229823e-01
6.550999999999998380e+00 -1.670411730769227887e-01
6.586300000000001376e+00 -1.304541730769228636e-01
6.621600000000000819e+00 -1.117941730769231867e-01
6.656900000000000261e+00 -8.061217307692292167e-02
6.692199999999999704e+00 -2.951017307692271885e-02
6.727499999999999147e+00 2.783982692307684914e-02
6.762799999999998590e+00 6.121982692307703644e-02
6.798200000000001353e+00 7.865882692307746282e-02
6.833500000000000796e+00 9.817882692307744463e-02
6.868800000000000239e+00 1.552608269230768556e-01
6.904099999999999682e+00 2.165648269230775469e-01
6.939399999999999125e+00 2.382758269230773607e-01
6.974699999999998568e+00 2.154328269230774140e-01
7.010000000000001563e+00 1.817298269230773755e-01
7.045300000000001006e+00 1.724038269230776521e-01
7.080600000000000449e+00 2.008388269230776402e-01
7.115899999999999892e+00 2.164158269230771481e-01
7.151199999999999335e+00 1.929318269230773097e-01
7.186499999999998778e+00 1.522018269230773768e-01
7.221800000000001774e+00 1.328598269230774065e-01
7.257100000000001216e+00 1.441918269230768601e-01
7.292500000000000426e+00 1.602248269230770461e-01
7.327799999999999869e+00 1.606748269230768855e-01
7.363099999999999312e+00 1.555078269230776300e-01
7.398399999999998755e+00 1.633248269230769267e-01
7.433700000000001751e+00 1.962308269230774727e-01
7.469000000000001194e+00 2.181548269230768611e-01
7.504300000000000637e+00 2.129708269230770057e-01
7.539600000000000080e+00 1.817508269230776463e-01
7.574899999999999523e+00 1.496538269230773821e-01
7.610199999999998965e+00 1.301288269230775896e-01
7.645499999999998408e+00 1.048278269230769055e-01
7.680800000000001404e+00 6.689582692307727285e-02
7.716100000000000847e+00 2.459482692307712881e-02
7.751400000000000290e+00 8.728826923077193101e-03
7.786799999999999500e+00 2.750982692307690769e-02
7.822099999999998943e+00 6.278882692307696800e-02
7.857399999999998386e+00 9.818682692307767468e-02
7.892700000000001381e+00 1.127748269230774980e-01
7.928000000000000824e+00 1.106468269230775903e-01
7.963300000000000267e+00 1.125208269230775215e-01
7.998599999999999710e+00 1.202948269230770251e-01
8.033899999999999153e+00 1.110678269230769288e-01
8.069199999999998596e+00 6.983982692307755258e-02
8.104500000000001592e+00 4.030826923076880064e-03
8.139800000000001035e+00 -6.294417307692246055e-02
8.175100000000000477e+00 -1.065031730769225859e-01
8.210399999999999920e+00 -1.158201730769228277e-01
8.245699999999999363e+00 -1.242241730769224617e-01
8.280999999999998806e+00 -1.433041730769231137e-01
8.316400000000001569e+00 -1.722191730769226936e-01
8.351700000000001012e+00 -1.965931730769225894e-01
8.387000000000000455e+00 -2.166461730769224658e-01
8.422299999999999898e+00 -2.463351730769227643e-01
8.457599999999999341e+00 -2.799031730769225845e-01
8.492899999999998784e+00 -3.229621730769229870e-01
8.528199999999998226e+00 -3.546551730769227362e-01
8.563500000000001222e+00 -3.718751730769227493e-01
8.598800000000000665e+00 -3.876491730769231481e-01
8.634100000000000108e+00 -4.160941730769227576e-01
8.669399999999999551e+00 -4.430981730769225635e-01
8.704699999999998994e+00 -4.623541730769229474e-01
8.739999999999998437e+00 -4.844121730769224143e-01
8.775300000000001432e+00 -5.139101730769226606e-01
8.810700000000000642e+00 -5.695861730769227194e-01
8.846000000000000085e+00 -6.329521730769229748e-01
8.881299999999999528e+00 -6.780721730769228017e-01
8.916599999999998971e+00 -6.947851730769230016e-01
8.951899999999998414e+00 -7.118281730769231430e-01
8.987200000000001410e+00 -7.336331730769227732e-01
9.022500000000000853e+00 -7.515131730769226692e-01
9.057800000000000296e+00 -7.369021730769231837e-01
9.093099999999999739e+00 -7.057851730769231224e-01
9.128399999999999181e+00 -6.799981730769228960e-01
9.163699999999998624e+00 -6.897161730769223453e-01
9.199000000000001620e+00 -7.378231730769231334e-01
9.234300000000001063e+00 -7.752781730769227053e-01
9.269600000000000506e+00 -7.686091730769231134e-01
9.304899999999999949e+00 -7.051471730769227619e-01
9.340299999999999159e+00 -6.532331730769227462e-01
9.375599999999998602e+00 -6.500191730769229181e-01
9.410900000000001597e+00 -6.904401730769231804e-01
9.446200000000001040e+00 -7.287941730769231796e-01
9.481500000000000483e+00 -7.342251730769229212e-01
9.516799999999999926e+00 -7.252731730769230722e-01
9.552099999999999369e+00 -7.295501730769231585e-01
9.587399999999998812e+00 -7.584451730769226074e-01
9.622699999999998255e+00 -7.976631730769225825e-01
9.658000000000001251e+00 -8.228481730769230396e-01
9.693300000000000693e+00 -8.408181730769230811e-01
9.728600000000000136e+00 -8.670721730769228586e-01
9.763899999999999579e+00 -9.066191730769226353e-01
9.799199999999999022e+00 -9.495871730769227526e-01
9.834599999999998232e+00 -9.633421730769224922e-01
9.869900000000001228e+00 -9.480851730769224162e-01
9.905200000000000671e+00 -9.333351730769230414e-01
9.940500000000000114e+00 -9.410281730769227693e-01
9.975799999999999557e+00 -9.796841730769223489e-01
1.001109999999999900e+01 -1.005296173076922983e+00
1.004639999999999844e+01 -1.013897173076922620e+00
1.008170000000000144e+01 -9.966901730769226475e-01
1.011700000000000088e+01 -9.708241730769229250e-01
1.015230000000000032e+01 -9.618371730769226247e-01
1.018759999999999977e+01 -9.765921730769226983e-01
1.022289999999999921e+01 -9.957131730769228639e-01
1.025819999999999865e+01 -1.001285173076922774e+00
1.029350000000000165e+01 -1.007232173076922699e+00
1.032890000000000086e+01 -1.016972173076922559e+00
1.036420000000000030e+01 -1.030958173076922613e+00
1.039949999999999974e+01 -1.053117173076922874e+00
1.043479999999999919e+01 -1.091106173076922481e+00
1.047009999999999863e+01 -1.134983173076922647e+00
1.050540000000000163e+01 -1.179624173076923022e+00
1.054070000000000107e+01 -1.191906173076922926e+00
1.057600000000000051e+01 -1.185117173076922548e+00
1.061129999999999995e+01 -1.174719173076923084e+00
1.064659999999999940e+01 -1.169060173076922560e+00
1.068189999999999884e+01 -1.194722173076923077e+00
1.071719999999999828e+01 -1.248112173076922460e+00
1.075250000000000128e+01 -1.302696173076922648e+00
1.078780000000000072e+01 -1.352206173076922369e+00
1.082310000000000016e+01 -1.395816173076922517e+00
1.085849999999999937e+01 -1.437255173076922965e+00
1.089379999999999882e+01 -1.479450173076922503e+00
1.092909999999999826e+01 -1.501577173076922733e+00
1.096440000000000126e+01 -1.496126173076922861e+00
1.099970000000000070e+01 -1.488532173076922760e+00
1.103500000000000014e+01 -1.482155173076923127e+00
1.107029999999999959e+01 -1.491990173076922943e+00
1.110559999999999903e+01 -1.524881173076923169e+00
1.114089999999999847e+01 -1.573825173076922823e+00
1.117620000000000147e+01 -1.605962173076922461e+00
1.121150000000000091e+01 -1.611779173076922866e+00
1.124680000000000035e+01 -1.596696173076923131e+00
1.128209999999999980e+01 -1.595686173076923176e+00
1.131739999999999924e+01 -1.612913173076922391e+00
1.135279999999999845e+01 -1.640620173076922761e+00
1.138810000000000144e+01 -1.668198173076922863e+00
1.142340000000000089e+01 -1.699904173076922653e+00
1.145870000000000033e+01 -1.723783173076922637e+00
1.149399999999999977e+01 -1.766235173076922571e+00
1.152929999999999922e+01 -1.810692173076922984e+00
1.156459999999999866e+01 -1.840126173076923166e+00
1.159990000000000165e+01 -1.842136173076922567e+00
1.163520000000000110e+01 -1.833157173076922497e+00
1.167050000000000054e+01 -1.836077173076922975e+00
1.170579999999999998e+01 -1.880014173076922646e+00
1.174109999999999943e+01 -1.943103173076922374e+00
1.177639999999999887e+01 -1.994928173076922384e+00
1.181169999999999831e+01 -2.015122173076922429e+00
1.184700000000000131e+01 -2.016038173076922568e+00
1.188240000000000052e+01 -2.027310173076922517e+00
1.191769999999999996e+01 -2.065716173076922679e+00
1.195299999999999940e+01 -2.127807173076922354e+00
1.198829999999999885e+01 -2.129757173076923138e+00
1.202359999999999829e+01 -1.905404173076922447e+00
1.205890000000000128e+01 -1.218884173076922650e+00
1.209420000000000073e+01 9.480382692307731674e-02
1.212950000000000017e+01 2.097771826923076510e+00
1.216479999999999961e+01 4.760170826923077136e+00
1.220009999999999906e+01 8.024659826923077333e+00
1.223539999999999850e+01 1.187238282692307578e+01
1.227070000000000149e+01 1.631247982692307730e+01
1.230600000000000094e+01 2.135922082692307811e+01
1.234130000000000038e+01 2.705556182692307843e+01
1.237669999999999959e+01 3.346047582692307998e+01
1.241199999999999903e+01 4.058488882692307698e+01
1.244729999999999848e+01 4.837451882692307947e+01
1.248260000000000147e+01 5.670769482692308117e+01
1.251790000000000092e+01 6.545609682692307274e+01
1.255320000000000036e+01 7.461216782692306992e+01
1.258849999999999980e+01 8.437102682692307098e+01
1.262379999999999924e+01 9.505039182692307520e+01
1.265909999999999869e+01 1.068477598269230668e+02
1.269440000000000168e+01 1.196131318269230661e+02
1.272970000000000113e+01 1.327512438269230870e+02
1.276500000000000057e+01 1.453315738269230906e+02
1.280030000000000001e+01 1.563858668269230918e+02
1.283559999999999945e+01 1.652149498269230889e+02
1.287099999999999866e+01 1.715849888269230803e+02
1.290630000000000166e+01 1.757146958269230765e+02
1.294160000000000110e+01 1.781117028269230786e+02
1.297690000000000055e+01 1.793451828269230930e+02
1.301219999999999999e+01 1.799033608269230911e+02
1.304749999999999943e+01 1.801190418269230804e+02
1.308279999999999887e+01 1.801867508269230882e+02
1.311809999999999832e+01 1.801980518269230913e+02
