# r_minus_2Rs_A, PMF_over_kBT
-7.362999999999999545e-01 1.458702001785714231e+01
-7.010000000000005116e-01 1.431055201785714104e+01
-6.655999999999995254e-01 1.372856601785714403e+01
-6.303000000000000824e-01 1.263919601785714164e+01
-5.950000000000006395e-01 1.082648301785714295e+01
-5.595999999999996533e-01 8.147291017857142492e+00
-5.243000000000002103e-01 4.625485017857142722e+00
-4.888999999999992241e-01 5.180580178571432270e-01
-4.535999999999997812e-01 -3.730923982142857476e+00
-4.182000000000005713e-01 -7.629843982142856973e+00
-3.828999999999993520e-01 -1.080731398214285832e+01
-3.475999999999999091e-01 -1.311727298214285753e+01
-3.122000000000006992e-01 -1.463674098214285735e+01
-2.768999999999994799e-01 -1.557515498214285721e+01
-2.415000000000002700e-01 -1.615563098214285631e+01
-2.062000000000008271e-01 -1.654114898214285745e+01
-1.708999999999996078e-01 -1.681747298214285635e+01
-1.355000000000003979e-01 -1.701010098214285904e+01
-1.001999999999991786e-01 -1.711768098214285772e+01
-6.479999999999996874e-02 -1.714398398214285635e+01
-2.950000000000052580e-02 -1.710405598214285661e+01
5.900000000000460432e-03 -1.701467098214285656e+01
4.119999999999990337e-02 -1.688586698214285775e+01
7.649999999999934630e-02 -1.672077998214285799e+01
1.119000000000003325e-01 -1.653088398214285704e+01
1.471999999999997755e-01 -1.634234798214285789e+01
1.826000000000007617e-01 -1.618343098214285902e+01
2.179000000000002046e-01 -1.605871898214285665e+01
2.532999999999994145e-01 -1.594907898214285780e+01
2.886000000000006338e-01 -1.582953698214285865e+01
3.239000000000000767e-01 -1.568902698214285607e+01
3.592999999999992866e-01 -1.553763698214285682e+01
3.946000000000005059e-01 -1.539098498214285726e+01
4.299999999999997158e-01 -1.524873598214285764e+01
4.652999999999991587e-01 -1.509927798214285843e+01
5.007000000000001450e-01 -1.493851398214285808e+01
5.359999999999995879e-01 -1.477873198214285821e+01
5.713000000000008072e-01 -1.463286198214285605e+01
6.067000000000000171e-01 -1.450102598214285621e+01
6.419999999999994600e-01 -1.437027198214285661e+01
6.774000000000004462e-01 -1.423095898214285704e+01
7.126999999999998892e-01 -1.408694298214285823e+01
7.479999999999993321e-01 -1.395144698214285839e+01
7.834000000000003183e-01 -1.382752398214285705e+01
8.186999999999997613e-01 -1.370323898214285663e+01
8.541000000000007475e-01 -1.356096898214285673e+01
8.894000000000001904e-01 -1.339988498214285784e+01
9.247999999999994003e-01 -1.323444098214285702e+01
9.601000000000006196e-01 -1.308236098214285725e+01
9.954000000000000625e-01 -1.295087998214285818e+01
1.030799999999999272e+00 -1.283619098214285792e+01
1.066100000000000492e+00 -1.272745398214285828e+01
1.101499999999999702e+00 -1.261522998214285707e+01
1.136799999999999145e+00 -1.249287598214285744e+01
1.172200000000000131e+00 -1.235446298214285754e+01
1.207499999999999574e+00 -1.219468798214285776e+01
1.242800000000000793e+00 -1.202293198214285752e+01
1.278200000000000003e+00 -1.186382098214285818e+01
1.313499999999999446e+00 -1.173561998214285751e+01
1.348900000000000432e+00 -1.163702198214285666e+01
1.384199999999999875e+00 -1.154342998214285743e+01
1.419600000000000861e+00 -1.142395598214285712e+01
1.454900000000000304e+00 -1.126712798214285804e+01
1.490199999999999747e+00 -1.109262998214285645e+01
1.525600000000000733e+00 -1.093189998214285730e+01
1.560900000000000176e+00 -1.080473398214285652e+01
1.596299999999999386e+00 -1.070519698214285675e+01
1.631600000000000605e+00 -1.060758798214285648e+01
1.666999999999999815e+00 -1.048464198214285759e+01
1.702299999999999258e+00 -1.032793898214285733e+01
1.737600000000000477e+00 -1.015711498214285768e+01
1.772999999999999687e+00 -1.000548998214285668e+01
1.808299999999999130e+00 -9.893102982142856661e+00
1.843700000000000117e+00 -9.811981982142857106e+00
1.878999999999999559e+00 -9.725449982142857053e+00
1.914300000000000779e+00 -9.601674982142856862e+00
1.949699999999999989e+00 -9.438744982142857509e+00
1.984999999999999432e+00 -9.262840982142856561e+00
2.020400000000000418e+00 -9.103581982142857854e+00
2.055699999999999861e+00 -8.973336982142857465e+00
2.091100000000000847e+00 -8.863916982142857393e+00
2.126400000000000290e+00 -8.757377982142857675e+00
2.161699999999999733e+00 -8.639139982142857832e+00
2.197100000000000719e+00 -8.511078982142857186e+00
2.232400000000000162e+00 -8.376387982142857069e+00
2.267799999999999372e+00 -8.239499982142858059e+00
2.303100000000000591e+00 -8.109157982142857435e+00
2.338499999999999801e+00 -7.998508982142856993e+00
2.373799999999999244e+00 -7.911115982142857384e+00
2.409100000000000463e+00 -7.832173982142856872e+00
2.444499999999999673e+00 -7.731307982142856972e+00
2.479799999999999116e+00 -7.591997982142856927e+00
2.515200000000000102e+00 -7.422783982142856729e+00
2.550499999999999545e+00 -7.262176982142857895e+00
2.585900000000000531e+00 -7.148045982142857468e+00
2.621199999999999974e+00 -7.093177982142857552e+00
2.656499999999999417e+00 -7.069408982142856956e+00
2.691900000000000404e+00 -7.024130982142857249e+00
2.727199999999999847e+00 -6.909107982142857374e+00
2.762600000000000833e+00 -6.715590982142857435e+00
2.797900000000000276e+00 -6.486907982142857243e+00
2.833199999999999719e+00 -6.282605982142857926e+00
2.868600000000000705e+00 -6.144774982142857667e+00
2.903900000000000148e+00 -6.078604982142857160e+00
2.939299999999999358e+00 -6.048613982142857282e+00
2.974600000000000577e+00 -6.007714982142857707e+00
3.009999999999999787e+00 -5.925663982142857833e+00
3.045299999999999230e+00 -5.798784982142857203e+00
3.080600000000000449e+00 -5.632771982142857681e+00
3.115999999999999659e+00 -5.446266982142857316e+00
3.151300000000000878e+00 -5.265865982142857504e+00
3.186700000000000088e+00 -5.126076982142857119e+00
3.221999999999999531e+00 -5.047237982142857682e+00
3.257400000000000517e+00 -5.028919982142856959e+00
3.292699999999999960e+00 -5.030803982142857400e+00
3.327999999999999403e+00 -4.999784982142857714e+00
3.363400000000000389e+00 -4.894378982142857382e+00
3.398699999999999832e+00 -4.708883982142856972e+00
3.434100000000000819e+00 -4.484608982142857414e+00
3.469400000000000261e+00 -4.285574982142857259e+00
3.504799999999999471e+00 -4.164867982142856917e+00
3.540100000000000691e+00 -4.128782982142856994e+00
3.575400000000000134e+00 -4.133636982142856908e+00
3.610799999999999343e+00 -4.121394982142857266e+00
3.646100000000000563e+00 -4.049515982142857240e+00
3.681499999999999773e+00 -3.914019982142857401e+00
3.716799999999999216e+00 -3.756577982142857763e+00
3.752200000000000202e+00 -3.630737982142857589e+00
3.787499999999999645e+00 -3.566392982142857271e+00
3.822800000000000864e+00 -3.547906982142857046e+00
3.858200000000000074e+00 -3.531873982142857749e+00
3.893499999999999517e+00 -3.463363982142857012e+00
3.928900000000000503e+00 -3.319921982142857608e+00
3.964199999999999946e+00 -3.121588982142857738e+00
3.999499999999999389e+00 -2.915425982142857642e+00
4.034900000000000375e+00 -2.754651982142857669e+00
4.070199999999999818e+00 -2.662111982142857158e+00
4.105599999999999028e+00 -2.629268982142857425e+00
4.140899999999998471e+00 -2.626666982142856988e+00
4.176300000000001234e+00 -2.619744982142857559e+00
4.211600000000000676e+00 -2.585946982142857564e+00
4.246900000000000119e+00 -2.515712982142857435e+00
4.282299999999999329e+00 -2.414713982142857596e+00
4.317599999999998772e+00 -2.304000982142857090e+00
4.353000000000001535e+00 -2.207522982142857693e+00
4.388300000000000978e+00 -2.145539982142857127e+00
4.423700000000000188e+00 -2.127790982142857779e+00
4.458999999999999631e+00 -2.141704982142857538e+00
4.494299999999999073e+00 -2.149726982142857068e+00
4.529699999999998283e+00 -2.110766982142857628e+00
4.565000000000001279e+00 -2.011559982142856917e+00
4.600400000000000489e+00 -1.870101982142857722e+00
4.635699999999999932e+00 -1.730356982142857269e+00
4.671099999999999142e+00 -1.634052982142858212e+00
4.706399999999998585e+00 -1.596289982142858221e+00
4.741700000000001580e+00 -1.593577982142857508e+00
4.777100000000000790e+00 -1.588036982142856601e+00
4.812400000000000233e+00 -1.547831982142858109e+00
4.847799999999999443e+00 -1.460569982142857270e+00
4.883099999999998886e+00 -1.338964982142856641e+00
4.918399999999998329e+00 -1.215609982142856538e+00
4.953800000000001091e+00 -1.127818982142857251e+00
4.989100000000000534e+00 -1.092091982142857631e+00
5.024499999999999744e+00 -1.087987982142857746e+00
5.059799999999999187e+00 -1.070330982142857934e+00
5.095199999999998397e+00 -1.003863982142856770e+00
5.130500000000001393e+00 -8.807429821428574002e-01
5.165800000000000836e+00 -7.379139821428566393e-01
5.201200000000000045e+00 -6.195189821428570554e-01
5.236499999999999488e+00 -5.547159821428575555e-01
5.271899999999998698e+00 -5.432639821428573157e-01
5.307200000000001694e+00 -5.644219821428571038e-01
5.342600000000000904e+00 -5.946169821428579638e-01
5.377900000000000347e+00 -6.103629821428580016e-01
5.413199999999999790e+00 -5.858899821428575905e-01
5.448599999999999000e+00 -5.085239821428579887e-01
5.483899999999998442e+00 -3.963499821428566605e-01
5.519300000000001205e+00 -2.896139821428569405e-01
5.554600000000000648e+00 -2.288689821428580018e-01
5.589999999999999858e+00 -2.263449821428569209e-01
5.625299999999999301e+00 -2.475469821428575301e-01
5.660599999999998744e+00 -2.450409821428571888e-01
5.696000000000001506e+00 -1.949169821428569094e-01
5.731300000000000949e+00 -1.199649821428572238e-01
5.766700000000000159e+00 -6.840398214285769996e-02
5.801999999999999602e+00 -7.127798214285796519e-02
5.837399999999998812e+00 -1.037079821428577020e-01
5.872699999999998255e+00 -1.207969821428580559e-01
5.908000000000001251e+00 -8.444198214285769666e-02
5.943400000000000460e+00 -6.828982142858208704e-03
5.978699999999999903e+00 7.361201785714222012e-02
6.014099999999999113e+00 1.198100178571426255e-01
6.049399999999998556e+00 1.260110178571434147e-01
6.084700000000001552e+00 1.096380178571418895e-01
6.120100000000000762e+00 8.187201785714215418e-02
6.155400000000000205e+00 3.970101785714241771e-02
6.190799999999999415e+00 -1.034998214285742790e-02
6.226099999999998857e+00 -4.192498214285755864e-02
6.261500000000001620e+00 -2.840698214285808376e-02
6.296800000000001063e+00 2.604101785714263428e-02
6.332100000000000506e+00 7.569001785714313257e-02
6.367499999999999716e+00 5.512101785714307312e-02
6.402799999999999159e+00 -5.638398214285800236e-02
6.438199999999998369e+00 -2.166189821428581297e-01
6.473500000000001364e+00 -3.462609821428568324e-01
6.508900000000000574e+00 -3.881299821428569885e-01
6.544200000000000017e+00 -3.354029821428579083e-01
6.579499999999999460e+00 -2.260959821428567551e-01
6.614899999999998670e+00 -1.046409821428575526e-01
6.650200000000001666e+00 -7.909982142857430176e-03
6.685600000000000875e+00 4.702901785714352911e-02
6.720900000000000318e+00 5.150101785714333857e-02
6.756299999999999528e+00 1.434101785714325672e-02
6.791599999999998971e+00 -4.142498214285694758e-02
6.826899999999998414e+00 -8.605598214285770098e-02
6.862300000000001177e+00 -9.393698214285706172e-02
6.897600000000000620e+00 -6.162798214285736265e-02
6.932999999999999829e+00 4.350178571428386931e-04
6.968299999999999272e+00 7.043501785714312291e-02
7.003599999999998715e+00 1.242820178571424350e-01
7.039000000000001478e+00 1.465950178571429063e-01
7.074300000000000921e+00 1.343890178571420790e-01
7.109700000000000131e+00 1.033720178571417847e-01
7.144999999999999574e+00 7.681601785714242681e-02
7.180399999999998784e+00 7.009601785714281164e-02
7.215699999999998226e+00 7.215801785714326400e-02
7.251000000000001222e+00 5.790001785714338212e-02
7.286400000000000432e+00 8.360017857143020592e-03
7.321699999999999875e+00 -6.416698214285787571e-02
7.357099999999999085e+00 -1.168099821428576490e-01
7.392399999999998528e+00 -1.109079821428569090e-01
7.427800000000001290e+00 -4.438898214285735833e-02
7.463100000000000733e+00 4.771401785714246557e-02
7.498400000000000176e+00 1.141040178571426367e-01
7.533799999999999386e+00 1.250130178571424722e-01
7.569099999999998829e+00 8.042901785714207108e-02
7.604500000000001592e+00 1.118501785714265395e-02
7.639800000000001035e+00 -3.206898214285658355e-02
7.675200000000000244e+00 -1.639798214285725919e-02
7.710499999999999687e+00 5.927801785714237326e-02
7.745799999999999130e+00 1.631010178571425939e-01
7.781199999999998340e+00 2.412470178571428647e-01
7.816500000000001336e+00 2.504060178571432260e-01
7.851900000000000546e+00 1.812800178571425391e-01
7.887199999999999989e+00 6.894901785714324660e-02
7.922499999999999432e+00 -3.021598214285781125e-02
7.957899999999998641e+00 -6.488498214285698396e-02
7.993200000000001637e+00 -2.428598214285671020e-02
8.028600000000000847e+00 6.749701785714279367e-02
8.063900000000000290e+00 1.723340178571426407e-01
8.099299999999999500e+00 2.512370178571430301e-01
8.134599999999998943e+00 2.871560178571428423e-01
8.169899999999998386e+00 2.904040178571420938e-01
8.205300000000001148e+00 2.786500178571422737e-01
8.240600000000000591e+00 2.606510178571426195e-01
8.275999999999999801e+00 2.230810178571420721e-01
8.311299999999999244e+00 1.516670178571430938e-01
8.346699999999998454e+00 5.240001785714198945e-02
8.382000000000001450e+00 -4.466898214285741631e-02
8.417300000000000892e+00 -9.793898214285690074e-02
8.452700000000000102e+00 -9.137498214285777465e-02
8.487999999999999545e+00 -3.973598214285800623e-02
8.523399999999998755e+00 2.006101785714342611e-02
8.558700000000001751e+00 6.147001785714323319e-02
8.594100000000000961e+00 7.521601785714260302e-02
8.629400000000000404e+00 7.038301785714295988e-02
8.664699999999999847e+00 5.957201785714261177e-02
8.700099999999999056e+00 4.850401785714275604e-02
8.735399999999998499e+00 3.636601785714255186e-02
8.770800000000001262e+00 1.641601785714286166e-02
8.806100000000000705e+00 -1.368398214285804215e-02
8.841499999999999915e+00 -4.700998214285689869e-02
8.876799999999999358e+00 -6.412498214285733411e-02
8.912099999999998801e+00 -5.080398214285786196e-02
8.947500000000001563e+00 -1.591998214285794688e-02
8.982800000000001006e+00 6.801017857142710454e-03
9.018200000000000216e+00 -1.536998214285745235e-02
9.053499999999999659e+00 -8.497098214285792039e-02
9.088799999999999102e+00 -1.619629821428567595e-01
9.124199999999998312e+00 -1.962789821428572168e-01
9.159500000000001307e+00 -1.628599821428569072e-01
9.194900000000000517e+00 -8.069498214285708571e-02
9.230199999999999960e+00 5.005017857142135540e-03
9.265599999999999170e+00 5.746501785714208665e-02
9.300899999999998613e+00 6.765401785714253435e-02
9.336200000000001609e+00 5.839401785714315452e-02
9.371600000000000819e+00 6.055701785714262542e-02
9.406900000000000261e+00 8.469601785714253595e-02
9.442299999999999471e+00 1.176760178571427673e-01
9.477599999999998914e+00 1.277360178571420590e-01
9.513000000000001677e+00 9.141901785714345863e-02
9.548300000000001120e+00 7.880017857143428728e-03
9.583600000000000563e+00 -9.622198214285759832e-02
9.618999999999999773e+00 -1.873489821428577784e-01
9.654299999999999216e+00 -2.452019821428574886e-01
9.689699999999998425e+00 -2.728479821428582142e-01
9.725000000000001421e+00 -2.804419821428574267e-01
9.760400000000000631e+00 -2.697329821428571250e-01
9.795700000000000074e+00 -2.325229821428571597e-01
9.830999999999999517e+00 -1.658939821428582206e-01
9.866399999999998727e+00 -8.381098214285742642e-02
9.901700000000001722e+00 -2.238098214285777487e-02
9.937100000000000932e+00 -1.596698214285652284e-02
9.972400000000000375e+00 -6.857698214285790073e-02
1.000769999999999982e+01 -1.432159821428573565e-01
1.004309999999999903e+01 -1.909439821428566830e-01
1.007839999999999847e+01 -1.826629821428564782e-01
1.011380000000000123e+01 -1.359009821428571740e-01
1.014910000000000068e+01 -8.969298214285714721e-02
1.018449999999999989e+01 -8.487798214285646736e-02
1.021979999999999933e+01 -1.345349821428580839e-01
1.025509999999999877e+01 -2.128609821428568694e-01
1.029050000000000153e+01 -2.726919821428577251e-01
1.032580000000000098e+01 -2.775739821428580001e-01
1.036120000000000019e+01 -2.260409821428570609e-01
1.039649999999999963e+01 -1.622739821428567097e-01
1.043189999999999884e+01 -1.411599821428577428e-01
1.046719999999999828e+01 -1.988199821428580094e-01
1.050250000000000128e+01 -3.225639821428565313e-01
1.053790000000000049e+01 -4.638719821428569645e-01
1.057319999999999993e+01 -5.668319821428582372e-01
1.060859999999999914e+01 -6.066699821428578332e-01
1.064389999999999858e+01 -5.981739821428568860e-01
1.067930000000000135e+01 -5.671479821428579982e-01
1.071460000000000079e+01 -5.280699821428580520e-01
1.074990000000000023e+01 -4.826219821428576751e-01
1.078529999999999944e+01 -4.326189821428574334e-01
1.082059999999999889e+01 -3.935249821428570272e-01
1.085600000000000165e+01 -3.880309821428564732e-01
1.089130000000000109e+01 -4.321829821428568863e-01
1.092670000000000030e+01 -5.212959821428579943e-01
1.096199999999999974e+01 -6.255859821428568779e-01
1.099729999999999919e+01 -7.070829821428574746e-01
1.103269999999999840e+01 -7.355349821428571744e-01
1.106800000000000139e+01 -6.982449821428566850e-01
1.110340000000000060e+01 -6.148869821428579741e-01
1.113870000000000005e+01 -5.194879821428575184e-01
1.117399999999999949e+01 -4.509989821428579404e-01
1.120939999999999870e+01 -4.290409821428582404e-01
1.124470000000000169e+01 -4.515909821428572002e-01
1.128010000000000090e+01 -4.985809821428581756e-01
1.131540000000000035e+01 -5.560809821428573940e-01
1.135079999999999956e+01 -6.225119821428570788e-01
1.138609999999999900e+01 -7.018689821428569786e-01
1.142139999999999844e+01 -7.886749821428580276e-01
1.145680000000000121e+01 -8.714729821428566225e-01
1.149210000000000065e+01 -9.293159821428567113e-01
1.152749999999999986e+01 -9.552489821428569172e-01
1.156279999999999930e+01 -9.633559821428576697e-01
1.159819999999999851e+01 -9.769509821428581375e-01
1.163350000000000151e+01 -1.009389982142856468e+00
1.166880000000000095e+01 -1.054385982142857614e+00
1.170420000000000016e+01 -1.083831982142857697e+00
1.173949999999999960e+01 -1.069326982142857929e+00
1.177489999999999881e+01 -1.012962982142857626e+00
1.181019999999999825e+01 -9.605589821428566211e-01
1.184560000000000102e+01 -9.742479821428577935e-01
1.188090000000000046e+01 -1.092561982142857602e+00
1.191619999999999990e+01 -1.287232982142857196e+00
1.195159999999999911e+01 -1.450229982142857921e+00
1.198689999999999856e+01 -1.411976982142856940e+00
1.202230000000000132e+01 -9.922979821428565828e-01
1.205760000000000076e+01 -6.186598214285687902e-02
1.209290000000000020e+01 1.406035017857142577e+00
1.212829999999999941e+01 3.308247017857143035e+00
1.216359999999999886e+01 5.436914017857143122e+00
1.219900000000000162e+01 7.538464017857140931e+00
1.223430000000000106e+01 9.386615017857142362e+00
1.226970000000000027e+01 1.084081401785714149e+01
1.230499999999999972e+01 1.186778401785714365e+01
1.234029999999999916e+01 1.251782101785714119e+01
1.237569999999999837e+01 1.288456301785714331e+01
1.241100000000000136e+01 1.306827101785714262e+01
1.244640000000000057e+01 1.314741301785714356e+01
1.248170000000000002e+01 1.317581101785714282e+01
1.251709999999999923e+01 1.318245901785714125e+01
1.255239999999999867e+01 1.318157601785714306e+01
