# r_minus_2Rs_A, PMF_over_kBT
-7.126000000000001222e-01 1.449811350877192950e+01
-6.773000000000006793e-01 1.435176450877192877e+01
-6.419999999999994600e-01 1.403342750877192913e+01
-6.067000000000000171e-01 1.341586150877192907e+01
-5.714000000000005741e-01 1.234403450877192832e+01
-5.360999999999993548e-01 1.068676450877192963e+01
-5.008999999999996788e-01 8.400408508771930016e+00
-4.656000000000002359e-01 5.590672508771930005e+00
-4.303000000000007930e-01 2.517255508771929939e+00
-3.949999999999995737e-01 -4.714554912280701782e-01
-3.597000000000001307e-01 -3.050905491228069977e+00
-3.244000000000006878e-01 -5.022648491228070000e+00
-2.891999999999992355e-01 -6.358702491228069853e+00
-2.538999999999997925e-01 -7.169645491228069822e+00
-2.186000000000003496e-01 -7.627375491228069571e+00
-1.832999999999991303e-01 -7.888247491228069563e+00
-1.479999999999996874e-01 -8.047788491228070384e+00
-1.127000000000002444e-01 -8.140668491228069570e+00
-7.750000000000056843e-02 -8.169408491228070446e+00
-4.219999999999934914e-02 -8.133350491228069856e+00
-6.899999999999906208e-03 -8.046096491228070136e+00
2.839999999999953673e-02 -7.924870491228070080e+00
6.370000000000075602e-02 -7.779907491228070349e+00
9.900000000000019895e-02 -7.612212491228070199e+00
1.341999999999998749e-01 -7.428425491228069610e+00
1.694999999999993179e-01 -7.243672491228069887e+00
2.048000000000005372e-01 -7.080382491228069952e+00
2.400999999999999801e-01 -6.951409491228069726e+00
2.753999999999994230e-01 -6.848459491228069851e+00
3.107000000000006423e-01 -6.743944491228069715e+00
3.459000000000003183e-01 -6.609064491228069826e+00
3.811999999999997613e-01 -6.433821491228069789e+00
4.164999999999992042e-01 -6.235306491228070236e+00
4.518000000000004235e-01 -6.046648491228070021e+00
4.870999999999998664e-01 -5.898409491228069790e+00
5.223999999999993094e-01 -5.795414491228069842e+00
5.576000000000007617e-01 -5.713454491228070253e+00
5.929000000000002046e-01 -5.612097491228070112e+00
6.281999999999996476e-01 -5.462503491228069663e+00
6.635000000000008669e-01 -5.270352491228069702e+00
6.988000000000003098e-01 -5.073658491228069778e+00
7.340999999999997527e-01 -4.909453491228069844e+00
7.692999999999994287e-01 -4.787079491228070083e+00
8.046000000000006480e-01 -4.686358491228070022e+00
8.399000000000000909e-01 -4.579047491228069866e+00
8.751999999999995339e-01 -4.449898491228069908e+00
9.105000000000007532e-01 -4.304998491228070101e+00
9.458000000000001961e-01 -4.157956491228070206e+00
9.810999999999996390e-01 -4.016648491228069773e+00
1.016299999999999315e+00 -3.878908491228069799e+00
1.051600000000000534e+00 -3.740623491228070030e+00
1.086899999999999977e+00 -3.600220491228069974e+00
1.122199999999999420e+00 -3.460609491228070489e+00
1.157500000000000639e+00 -3.329380491228070227e+00
1.192800000000000082e+00 -3.208476491228069882e+00
1.227999999999999758e+00 -3.089589491228069917e+00
1.263299999999999201e+00 -2.962546491228070344e+00
1.298600000000000421e+00 -2.819215491228070469e+00
1.333899999999999864e+00 -2.660124491228070376e+00
1.369199999999999307e+00 -2.499148491228070146e+00
1.404500000000000526e+00 -2.350914491228070169e+00
1.439700000000000202e+00 -2.224609491228070279e+00
1.474999999999999645e+00 -2.115911491228070318e+00
1.510300000000000864e+00 -2.007951491228070040e+00
1.545600000000000307e+00 -1.886985491228070133e+00
1.580899999999999750e+00 -1.752276491228070165e+00
1.616199999999999193e+00 -1.614900491228070223e+00
1.651400000000000645e+00 -1.490947491228070021e+00
1.686700000000000088e+00 -1.386543491228070302e+00
1.721999999999999531e+00 -1.292982491228070074e+00
1.757300000000000750e+00 -1.187650491228070315e+00
1.792600000000000193e+00 -1.054102491228070093e+00
1.827899999999999636e+00 -8.962904912280701408e-01
1.863099999999999312e+00 -7.382154912280701753e-01
1.898400000000000531e+00 -6.054424912280701454e-01
1.933699999999999974e+00 -5.033984912280702329e-01
1.968999999999999417e+00 -4.146104912280701993e-01
2.004300000000000637e+00 -3.127694912280701844e-01
2.039600000000000080e+00 -1.839234912280701684e-01
2.074799999999999756e+00 -3.933549122807022957e-02
2.110099999999999199e+00 1.025425087719298300e-01
2.145400000000000418e+00 2.238285087719298350e-01
2.180699999999999861e+00 3.245705087719297222e-01
2.215999999999999304e+00 4.189145087719299276e-01
2.251300000000000523e+00 5.179295087719297808e-01
2.286500000000000199e+00 6.301365087719297264e-01
2.321799999999999642e+00 7.508745087719297384e-01
2.357100000000000861e+00 8.701365087719297176e-01
2.392400000000000304e+00 9.761755087719297119e-01
2.427699999999999747e+00 1.062457508771929904e+00
2.462999999999999190e+00 1.133767508771929888e+00
2.498300000000000409e+00 1.199242508771929838e+00
2.533500000000000085e+00 1.273633508771929712e+00
2.568799999999999528e+00 1.366409508771929682e+00
2.604100000000000747e+00 1.469806508771929865e+00
2.639400000000000190e+00 1.565640508771929840e+00
2.674699999999999633e+00 1.633796508771929945e+00
2.710000000000000853e+00 1.668213508771929865e+00
2.745200000000000529e+00 1.687855508771930024e+00
2.780499999999999972e+00 1.723170508771929788e+00
2.815799999999999415e+00 1.799461508771929674e+00
2.851100000000000634e+00 1.915845508771929717e+00
2.886400000000000077e+00 2.045288508771929692e+00
2.921699999999999520e+00 2.147590508771929585e+00
2.956899999999999196e+00 2.195858508771929785e+00
2.992200000000000415e+00 2.196290508771929773e+00
3.027499999999999858e+00 2.184744508771929716e+00
3.062799999999999301e+00 2.199784508771929659e+00
3.098100000000000520e+00 2.254049508771929666e+00
3.133399999999999963e+00 2.328760508771929416e+00
3.168599999999999639e+00 2.387709508771929556e+00
3.203900000000000858e+00 2.401977508771929948e+00
3.239200000000000301e+00 2.382389508771930231e+00
3.274499999999999744e+00 2.364413508771930239e+00
3.309799999999999187e+00 2.381729508771929460e+00
3.345100000000000406e+00 2.443583508771929758e+00
3.380300000000000082e+00 2.525000508771929830e+00
3.415599999999999525e+00 2.587679508771929981e+00
3.450900000000000745e+00 2.613306508771930048e+00
3.486200000000000188e+00 2.607969508771930123e+00
3.521499999999999631e+00 2.595755508771929954e+00
3.556800000000000850e+00 2.595963508771929718e+00
3.592000000000000526e+00 2.609367508771930133e+00
3.627299999999999969e+00 2.623334508771930196e+00
3.662599999999999412e+00 2.631523508771929976e+00
3.697900000000000631e+00 2.638986508771929529e+00
3.733200000000000074e+00 2.656977508771929841e+00
3.768499999999999517e+00 2.689950508771929982e+00
3.803699999999999193e+00 2.730418508771929709e+00
3.839000000000000412e+00 2.765034508771929467e+00
3.874299999999999855e+00 2.781131508771929717e+00
3.909599999999999298e+00 2.774573508771929653e+00
3.944900000000000517e+00 2.750778508771929864e+00
3.980199999999999960e+00 2.723159508771930248e+00
4.015399999999999636e+00 2.703240508771929562e+00
4.050699999999999079e+00 2.696843508771929798e+00
4.085999999999998522e+00 2.699882508771930034e+00
4.121300000000001518e+00 2.708493508771930181e+00
4.156600000000000961e+00 2.719556508771930226e+00
4.191900000000000404e+00 2.728017508771929833e+00
4.227199999999999847e+00 2.729706508771929663e+00
4.262399999999999523e+00 2.717213508771929575e+00
4.297699999999998965e+00 2.689219508771929945e+00
4.332999999999998408e+00 2.651115508771930251e+00
4.368300000000001404e+00 2.617643508771929639e+00
4.403600000000000847e+00 2.599590508771929542e+00
4.438900000000000290e+00 2.593014508771929627e+00
4.474099999999999966e+00 2.580185508771929648e+00
4.509399999999999409e+00 2.542642508771930210e+00
4.544699999999998852e+00 2.481813508771930188e+00
4.579999999999998295e+00 2.420384508771929788e+00
4.615300000000001290e+00 2.383741508771930029e+00
4.650600000000000733e+00 2.378574508771929885e+00
4.685800000000000409e+00 2.392109508771929960e+00
4.721099999999999852e+00 2.397238508771930121e+00
4.756399999999999295e+00 2.373745508771929913e+00
4.791699999999998738e+00 2.321238508771929610e+00
4.827000000000001734e+00 2.256750508771929731e+00
4.862300000000001177e+00 2.203650508771930028e+00
4.897500000000000853e+00 2.172517508771929506e+00
4.932800000000000296e+00 2.157846508771929628e+00
4.968099999999999739e+00 2.145184508771929899e+00
5.003399999999999181e+00 2.126771508771930108e+00
5.038699999999998624e+00 2.102246508771929534e+00
5.074000000000001620e+00 2.079244508771929567e+00
5.109200000000001296e+00 2.062752508771930060e+00
5.144500000000000739e+00 2.048164508771930237e+00
5.179800000000000182e+00 2.021954508771929504e+00
5.215099999999999625e+00 1.973927508771929906e+00
5.250399999999999068e+00 1.908931508771929630e+00
5.285699999999998511e+00 1.843177508771929984e+00
5.320900000000001739e+00 1.797466508771929705e+00
5.356200000000001182e+00 1.776944508771929998e+00
5.391500000000000625e+00 1.771434508771929872e+00
5.426800000000000068e+00 1.760296508771930002e+00
5.462099999999999511e+00 1.724359508771929894e+00
5.497399999999998954e+00 1.657762508771929655e+00
5.532599999999998630e+00 1.571732508771929604e+00
5.567900000000001626e+00 1.490878508771929623e+00
5.603200000000001069e+00 1.432874508771929678e+00
5.638500000000000512e+00 1.403001508771929862e+00
5.673799999999999955e+00 1.391121508771929749e+00
5.709099999999999397e+00 1.377942508771929697e+00
5.744299999999999073e+00 1.351059508771929929e+00
5.779599999999998516e+00 1.309917508771929917e+00
5.814900000000001512e+00 1.267466508771929901e+00
5.850200000000000955e+00 1.234241508771929841e+00
5.885500000000000398e+00 1.211563508771929865e+00
5.920799999999999841e+00 1.194589508771929820e+00
5.956099999999999284e+00 1.174340508771929859e+00
5.991299999999998960e+00 1.149559508771929917e+00
6.026599999999998403e+00 1.127325508771929830e+00
6.061900000000001398e+00 1.112641508771929910e+00
6.097200000000000841e+00 1.106590508771929882e+00
6.132500000000000284e+00 1.099962508771929803e+00
6.167799999999999727e+00 1.083605508771929848e+00
6.202999999999999403e+00 1.058809508771929808e+00
6.238299999999998846e+00 1.039435508771929806e+00
6.273599999999998289e+00 1.042721508771929928e+00
6.308900000000001285e+00 1.073230508771929825e+00
6.344200000000000728e+00 1.123059508771929726e+00
6.379500000000000171e+00 1.170299508771929897e+00
6.414699999999999847e+00 1.189737508771929742e+00
6.449999999999999289e+00 1.163384508771929893e+00
6.485299999999998732e+00 1.089179508771929816e+00
6.520600000000001728e+00 9.884285087719297813e-01
6.555900000000001171e+00 8.992135087719297371e-01
6.591200000000000614e+00 8.565465087719297266e-01
6.626400000000000290e+00 8.753935087719297847e-01
6.661699999999999733e+00 9.341615087719297161e-01
6.696999999999999176e+00 9.911325087719298210e-01
6.732299999999998619e+00 1.013824508771929755e+00
6.767600000000001614e+00 9.959445087719298595e-01
6.802900000000001057e+00 9.549625087719297856e-01
6.838100000000000733e+00 9.122645087719298829e-01
6.873400000000000176e+00 8.773995087719297370e-01
6.908699999999999619e+00 8.471695087719297579e-01
6.943999999999999062e+00 8.221795087719299122e-01
6.979299999999998505e+00 8.085605087719298645e-01
7.014600000000001501e+00 8.131685087719298100e-01
7.049800000000001177e+00 8.319885087719298689e-01
7.085100000000000620e+00 8.442985087719299120e-01
7.120400000000000063e+00 8.270875087719298246e-01
7.155699999999999505e+00 7.753015087719297149e-01
7.190999999999998948e+00 7.075465087719299273e-01
7.226299999999998391e+00 6.540865087719298643e-01
7.261500000000001620e+00 6.394715087719298197e-01
7.296800000000001063e+00 6.642945087719298591e-01
7.332100000000000506e+00 7.086715087719297479e-01
7.367399999999999949e+00 7.449785087719298371e-01
7.402699999999999392e+00 7.534695087719298634e-01
7.437999999999998835e+00 7.301905087719298137e-01
7.473199999999998511e+00 6.821975087719298614e-01
7.508500000000001506e+00 6.199985087719297461e-01
7.543800000000000949e+00 5.545975087719299257e-01
7.579100000000000392e+00 4.897945087719297597e-01
7.614399999999999835e+00 4.346425087719298919e-01
7.649699999999999278e+00 4.018235087719297383e-01
7.684999999999998721e+00 3.956625087719298772e-01
7.720199999999998397e+00 4.172265087719297938e-01
7.755500000000001393e+00 4.523435087719298586e-01
7.790800000000000836e+00 4.773045087719298696e-01
7.826100000000000279e+00 4.732995087719298333e-01
7.861399999999999721e+00 4.386195087719297891e-01
7.896699999999999164e+00 3.883815087719297843e-01
7.931899999999998840e+00 3.427535087719297824e-01
7.967199999999998283e+00 3.168075087719298688e-01
8.002500000000001279e+00 3.128525087719298270e-01
8.037800000000000722e+00 3.214875087719297753e-01
8.073100000000000165e+00 3.255905087719297430e-01
8.108399999999999608e+00 3.129115087719298582e-01
8.143599999999999284e+00 2.809725087719298076e-01
8.178899999999998727e+00 2.406995087719298043e-01
8.214200000000001722e+00 2.051015087719297858e-01
8.249500000000001165e+00 1.813385087719298072e-01
8.284800000000000608e+00 1.666405087719298184e-01
8.320100000000000051e+00 1.550365087719298707e-01
8.355299999999999727e+00 1.335875087719298193e-01
8.390599999999999170e+00 9.926650877192977340e-02
8.425899999999998613e+00 6.616350877192977986e-02
8.461200000000001609e+00 5.368150877192978676e-02
8.496500000000001052e+00 7.245450877192982642e-02
8.531800000000000495e+00 1.120765087719298725e-01
8.567000000000000171e+00 1.448785087719298703e-01
8.602299999999999613e+00 1.433625087719297975e-01
8.637599999999999056e+00 9.992050877192981684e-02
8.672899999999998499e+00 3.581450877192982052e-02
8.708200000000001495e+00 -1.161349122807020517e-02
8.743500000000000938e+00 -1.699949122807020707e-02
8.778700000000000614e+00 1.724250877192978759e-02
8.814000000000000057e+00 5.725350877192980636e-02
8.849299999999999500e+00 6.400650877192981536e-02
8.884599999999998943e+00 2.816850877192977887e-02
8.919899999999998386e+00 -2.565249122807022886e-02
8.955200000000001381e+00 -5.758749122807016452e-02
8.990400000000001057e+00 -4.520949122807016440e-02
9.025700000000000500e+00 -4.155491228070129495e-03
9.060999999999999943e+00 2.704850877192976899e-02
9.096299999999999386e+00 1.995150877192986005e-02
9.131599999999998829e+00 -2.144249122807018182e-02
9.166899999999998272e+00 -7.392049122807020645e-02
9.202100000000001501e+00 -1.155874912280702160e-01
9.237400000000000944e+00 -1.385974912280701909e-01
9.272700000000000387e+00 -1.482164912280702351e-01
9.307999999999999829e+00 -1.516724912280701387e-01
9.343299999999999272e+00 -1.510274912280701320e-01
9.378599999999998715e+00 -1.465484912280702323e-01
9.413900000000001711e+00 -1.432674912280701429e-01
9.449100000000001387e+00 -1.434774912280701864e-01
9.484400000000000830e+00 -1.450644912280701915e-01
9.519700000000000273e+00 -1.477614912280701409e-01
9.554999999999999716e+00 -1.443234912280701998e-01
9.590299999999999159e+00 -1.319284912280701549e-01
9.625599999999998602e+00 -1.154784912280701903e-01
9.660799999999998278e+00 -1.095414912280702202e-01
9.696100000000001273e+00 -1.285374912280702331e-01
9.731400000000000716e+00 -1.716794912280701357e-01
9.766700000000000159e+00 -2.200824912280701651e-01
9.801999999999999602e+00 -2.468354912280701918e-01
9.837299999999999045e+00 -2.336714912280701828e-01
9.872499999999998721e+00 -1.876894912280701599e-01
9.907800000000001717e+00 -1.327624912280701563e-01
9.943100000000001160e+00 -9.171649122807012944e-02
9.978400000000000603e+00 -7.545949122807016352e-02
1.001370000000000005e+01 -7.761049122807017753e-02
1.004899999999999949e+01 -9.052449122807015858e-02
1.008419999999999916e+01 -1.069874912280701640e-01
1.011949999999999861e+01 -1.225934912280701727e-01
1.015480000000000160e+01 -1.322864912280702354e-01
1.019010000000000105e+01 -1.350104912280701841e-01
1.022540000000000049e+01 -1.352934912280702173e-01
1.026069999999999993e+01 -1.356304912280701380e-01
1.029589999999999961e+01 -1.375734912280701661e-01
1.033119999999999905e+01 -1.380184912280701948e-01
1.036649999999999849e+01 -1.323604912280701429e-01
1.040180000000000149e+01 -1.233084912280701939e-01
1.043710000000000093e+01 -1.155944912280701953e-01
1.047240000000000038e+01 -1.157114912280702290e-01
1.050760000000000005e+01 -1.239174912280701646e-01
1.054289999999999949e+01 -1.330674912280701561e-01
1.057819999999999894e+01 -1.389234912280701284e-01
1.061349999999999838e+01 -1.379454912280702050e-01
1.064880000000000138e+01 -1.315414912280701287e-01
1.068410000000000082e+01 -1.215464912280701526e-01
1.071930000000000049e+01 -1.114304912280701387e-01
1.075459999999999994e+01 -1.064764912280702358e-01
1.078989999999999938e+01 -1.091354912280702028e-01
1.082519999999999882e+01 -1.209654912280702099e-01
1.086049999999999827e+01 -1.417724912280702299e-01
1.089580000000000126e+01 -1.680874912280702071e-01
1.093110000000000070e+01 -1.943634912280701732e-01
1.096630000000000038e+01 -2.138084912280701633e-01
1.100159999999999982e+01 -2.209304912280701805e-01
1.103689999999999927e+01 -2.090774912280701781e-01
1.107219999999999871e+01 -1.809144912280701289e-01
1.110750000000000171e+01 -1.512774912280702155e-01
1.114280000000000115e+01 -1.335414912280701305e-01
1.117800000000000082e+01 -1.357134912280701933e-01
1.121330000000000027e+01 -1.543204912280702334e-01
1.124859999999999971e+01 -1.765984912280701424e-01
1.128389999999999915e+01 -1.866804912280701778e-01
1.131919999999999860e+01 -1.729064912280702249e-01
1.135450000000000159e+01 -1.307414912280702168e-01
1.138970000000000127e+01 -6.673549122807020950e-02
1.142500000000000071e+01 1.837508771929785567e-03
1.146030000000000015e+01 5.110650877192979280e-02
1.149559999999999960e+01 5.889850877192981393e-02
1.153089999999999904e+01 2.453950877192978552e-02
1.156619999999999848e+01 -2.674649122807015722e-02
1.160140000000000171e+01 -6.424249122807013102e-02
1.163670000000000115e+01 -6.701849122807013170e-02
1.167200000000000060e+01 -4.661449122807015399e-02
1.170730000000000004e+01 -2.312849122807014712e-02
1.174259999999999948e+01 -9.258491228070209189e-03
1.177789999999999893e+01 -6.402491228070128493e-03
1.181309999999999860e+01 -1.754149122807013850e-02
1.184840000000000160e+01 -6.176049122807014680e-02
1.188370000000000104e+01 -1.687114912280701651e-01
1.191900000000000048e+01 -3.350674912280701689e-01
1.195429999999999993e+01 -4.740094912280701789e-01
1.198959999999999937e+01 -4.109304912280701827e-01
1.202479999999999905e+01 6.000150877192977905e-02
1.206009999999999849e+01 1.079986508771929810e+00
1.209540000000000148e+01 2.647356508771929740e+00
1.213070000000000093e+01 4.604122508771929745e+00
1.216600000000000037e+01 6.689488508771930242e+00
1.220129999999999981e+01 8.631408508771929888e+00
1.223649999999999949e+01 1.023268750877192979e+01
1.227179999999999893e+01 1.140903150877192829e+01
1.230709999999999837e+01 1.217897250877192938e+01
1.234240000000000137e+01 1.263013950877192926e+01
1.237770000000000081e+01 1.286268850877192982e+01
1.241300000000000026e+01 1.296792650877192976e+01
1.244819999999999993e+01 1.300836750877192927e+01
1.248349999999999937e+01 1.301966150877192874e+01
1.251879999999999882e+01 1.302002850877192941e+01
1.255409999999999826e+01 1.301760750877192940e+01
