# r_minus_2Rs_A, PMF_over_kBT
-3.774999999999999911e+00 2.091976157045649032e+01
-3.725000000000000089e+00 2.141536187180014394e+01
-3.674999999999999822e+00 2.179679074794166382e+01
-3.625000000000000000e+00 2.211067997324241219e+01
-3.575000000000000178e+00 2.237875701282137442e+01
-3.524999999999999911e+00 2.261332288482920205e+01
-3.475000000000000089e+00 2.282214788726173538e+01
-3.424999999999999822e+00 2.301050378122274509e+01
-3.375000000000000000e+00 2.318215345562661156e+01
-3.325000000000000178e+00 2.333988733628039469e+01
-3.274999999999999911e+00 2.348583751449660895e+01
-3.225000000000000089e+00 2.362167285641309533e+01
-3.174999999999999822e+00 2.374872594820036653e+01
-3.125000000000000000e+00 2.386807886268466206e+01
-3.075000000000000178e+00 2.398062294431407793e+01
-3.024999999999999911e+00 2.408710159725170641e+01
-2.975000000000000089e+00 2.418814160874902086e+01
-2.924999999999999822e+00 2.428427653349721282e+01
-2.875000000000000000e+00 2.437596445351947239e+01
-2.824999999999999734e+00 2.446360167278248809e+01
-2.774999999999999911e+00 2.454753342093290769e+01
-2.725000000000000089e+00 2.462806232154419561e+01
-2.674999999999999822e+00 2.470545516558250654e+01
-2.625000000000000000e+00 2.477994838342881323e+01
-2.574999999999999734e+00 2.485175250579448658e+01
-2.524999999999999911e+00 2.492105583070031116e+01
-2.475000000000000089e+00 2.498802746093974037e+01
-2.424999999999999822e+00 2.505281983790088773e+01
-2.375000000000000000e+00 2.511557086910261916e+01
-2.324999999999999734e+00 2.517640572545748867e+01
-2.274999999999999911e+00 2.523543836813246344e+01
-2.225000000000000089e+00 2.529277285255006902e+01
-2.174999999999999822e+00 2.534850444757032761e+01
-2.125000000000000000e+00 2.540272060050776304e+01
-2.074999999999999734e+00 2.545550177285031168e+01
-2.024999999999999911e+00 2.550692216697849091e+01
-1.974999999999999645e+00 2.555705036055158530e+01
-1.924999999999999822e+00 2.560594986232172943e+01
-1.875000000000000000e+00 2.565367960079683129e+01
-1.825000000000000178e+00 2.570029435527853323e+01
-1.774999999999999911e+00 2.574584513725791268e+01
-1.724999999999999645e+00 2.579037952888835150e+01
-1.674999999999999822e+00 2.583394198421522248e+01
-1.625000000000000000e+00 2.587657409798278252e+01
-1.574999999999999734e+00 2.591831484612486491e+01
-1.524999999999999911e+00 2.595920080145072006e+01
-1.474999999999999645e+00 2.599926632753885158e+01
-1.424999999999999822e+00 2.603854375343269112e+01
-1.375000000000000000e+00 2.607706353137805877e+01
-1.324999999999999734e+00 2.611485437954308964e+01
-1.274999999999999911e+00 2.615194341140647083e+01
-1.224999999999999645e+00 2.618835625328303962e+01
-1.174999999999999822e+00 2.622411715126986209e+01
-1.125000000000000000e+00 2.625924906873692066e+01
-1.074999999999999734e+00 2.629377377534925841e+01
-1.024999999999999911e+00 2.632771192848921515e+01
-9.749999999999996447e-01 2.636108314784525675e+01
-9.249999999999998224e-01 2.639390608384477588e+01
-8.750000000000000000e-01 2.642619848053143272e+01
-8.249999999999997335e-01 2.645797723342004559e+01
-7.749999999999999112e-01 2.648925844280335795e+01
-7.249999999999996447e-01 2.652005746293353994e+01
-6.749999999999998224e-01 2.655038894745591449e+01
-6.250000000000000000e-01 2.658026689143291321e+01
-5.749999999999997335e-01 2.660970467026096031e+01
-5.249999999999999112e-01 2.663871507575220576e+01
-4.749999999999996447e-01 2.294297129710151850e+01
-4.249999999999998224e-01 1.902970614475931654e+01
-3.750000000000000000e-01 1.496674544430898735e+01
-3.249999999999997335e-01 1.079848781751704578e+01
-2.749999999999999112e-01 6.589264695654462045e+00
-2.249999999999996447e-01 2.352724058460342604e+00
-1.749999999999998224e-01 -1.884480809484925690e+00
-1.250000000000000000e-01 -2.392117368532472366e+00
-7.499999999999973355e-02 -2.667375988483131177e+00
-2.499999999999991118e-02 -2.793293871206128820e+00
2.500000000000035527e-02 -2.804068334573965426e+00
7.500000000000017764e-02 -2.754219817752558086e+00
1.250000000000000000e-01 -2.675674141585823840e+00
1.750000000000007105e-01 -2.581931713023426944e+00
2.249999999999996447e-01 -2.483500636242347070e+00
2.750000000000003553e-01 -2.404457973744651422e+00
3.250000000000001776e-01 -2.311444793938218556e+00
3.750000000000000000e-01 -2.217216888935998664e+00
4.250000000000007105e-01 -2.141970543621911194e+00
4.749999999999996447e-01 -2.059607261851718274e+00
5.250000000000003553e-01 -1.978429827518288775e+00
5.750000000000001776e-01 -1.924357906324576151e+00
6.250000000000000000e-01 -1.826483456048409559e+00
6.750000000000007105e-01 -1.756900455655647342e+00
7.249999999999996447e-01 -1.683367622219313020e+00
7.750000000000003553e-01 -1.598570494285830090e+00
8.250000000000010658e-01 -1.510654047301093872e+00
8.750000000000000000e-01 -1.437750211335330874e+00
9.250000000000007105e-01 -1.345382345299407589e+00
9.749999999999996447e-01 -1.304132735697691503e+00
1.025000000000000355e+00 -1.224953307583735329e+00
1.075000000000001066e+00 -1.158368766454699106e+00
1.125000000000000000e+00 -1.117997047101948027e+00
1.175000000000000711e+00 -1.083335181910061396e+00
1.224999999999999645e+00 -1.044545835788021959e+00
1.275000000000000355e+00 -9.821079553886808977e-01
1.325000000000001066e+00 -9.191168843156491963e-01
1.375000000000000000e+00 -8.609823341783273687e-01
1.425000000000000711e+00 -8.051696392697464955e-01
1.474999999999999645e+00 -7.423464349118915617e-01
1.525000000000000355e+00 -6.924353507708511657e-01
1.575000000000001066e+00 -6.155322011834434281e-01
1.625000000000000000e+00 -5.716233053610886294e-01
1.675000000000000711e+00 -5.330884774454700548e-01
1.724999999999999645e+00 -5.155391024093585184e-01
1.775000000000000355e+00 -4.956139143451605555e-01
1.825000000000001066e+00 -4.846477463404375019e-01
1.875000000000000000e+00 -4.698466471594572869e-01
1.925000000000000711e+00 -4.742275627279767258e-01
1.974999999999999645e+00 -4.680686620782084084e-01
2.025000000000000355e+00 -4.346749018574265766e-01
2.075000000000001066e+00 -4.122408203171003538e-01
2.125000000000000000e+00 -3.941319935971019373e-01
2.175000000000000711e+00 -3.650176921321185430e-01
2.224999999999999645e+00 -3.267361462491306656e-01
2.275000000000000355e+00 -3.107319629477991452e-01
2.325000000000001066e+00 -2.931336714012613420e-01
2.375000000000000000e+00 -2.783123199200867037e-01
2.425000000000000711e+00 -2.574242849845456704e-01
2.474999999999999645e+00 -2.558449408096835631e-01
2.525000000000000355e+00 -2.636735965457190911e-01
2.575000000000001066e+00 -2.815173029986319797e-01
2.625000000000000000e+00 -2.960766028904311953e-01
2.675000000000000711e+00 -3.120447512142716096e-01
2.724999999999999645e+00 -3.447853290751448085e-01
2.775000000000000355e+00 -3.767534174493091248e-01
2.825000000000001066e+00 -3.740183831939890013e-01
2.875000000000000000e+00 -3.818457727572198701e-01
2.925000000000000711e+00 -3.864258236917457179e-01
2.974999999999999645e+00 -4.053798944223793166e-01
3.025000000000000355e+00 -4.171371395144604088e-01
3.075000000000001066e+00 -4.107086835804618641e-01
3.125000000000000000e+00 -4.083526878161827800e-01
3.175000000000000711e+00 -4.175090644221463032e-01
3.224999999999999645e+00 -4.256389652528698719e-01
3.275000000000000355e+00 -4.061909534635721464e-01
3.325000000000001066e+00 -3.837294281609502922e-01
3.375000000000000000e+00 -3.741296931347575794e-01
3.425000000000000711e+00 -3.761050126279306682e-01
3.474999999999999645e+00 -3.528659340339264650e-01
3.525000000000000355e+00 -3.437410113185971339e-01
3.575000000000001066e+00 -3.090812795819428693e-01
3.625000000000000000e+00 -3.194899530054459147e-01
3.675000000000000711e+00 -2.791221714252248853e-01
3.724999999999999645e+00 -2.561961097315986757e-01
3.775000000000000355e+00 -2.333538782404996625e-01
3.825000000000001066e+00 -2.433667423243534578e-01
3.875000000000000000e+00 -2.032697623455390346e-01
3.925000000000000711e+00 -1.779026796789294762e-01
3.974999999999999645e+00 -1.486316143759277564e-01
4.025000000000000355e+00 -1.576620758989963900e-01
4.074999999999999289e+00 -1.427956962934591734e-01
4.125000000000000000e+00 -1.328491127672907224e-01
4.175000000000000711e+00 -9.517923047876525322e-02
4.225000000000001421e+00 -1.167142941068702866e-01
4.275000000000000355e+00 -1.249899375037069327e-01
4.324999999999999289e+00 -1.257765773637654350e-01
4.375000000000000000e+00 -1.167083902283238550e-01
4.425000000000000711e+00 -1.060281546412182863e-01
4.475000000000001421e+00 -8.369683532830041184e-02
4.525000000000000355e+00 -9.678637114646004846e-02
4.574999999999999289e+00 -9.173454755791166093e-02
4.625000000000000000e+00 -7.836638729401876335e-02
4.675000000000000711e+00 -7.546477625269419620e-02
4.725000000000001421e+00 -7.181408099730887673e-02
4.775000000000000355e+00 -7.488497772793818730e-02
4.824999999999999289e+00 -7.520069369689545702e-02
4.875000000000000000e+00 -6.226087113485728741e-02
4.925000000000000711e+00 -4.151478675726431172e-02
4.975000000000001421e+00 -4.839202145906705554e-02
5.025000000000000355e+00 -3.516306888368488093e-02
5.074999999999999289e+00 -2.080238768200778909e-02
5.125000000000000000e+00 -1.308370234359212958e-02
5.175000000000000711e+00 -1.349723309977982587e-02
5.225000000000001421e+00 -1.115767587500078248e-02
5.275000000000000355e+00 -3.094511286900253344e-02
5.324999999999999289e+00 -1.759839551106916894e-02
5.375000000000000000e+00 -2.631064021564620548e-02
5.425000000000000711e+00 -4.347332270412770233e-02
5.475000000000001421e+00 -6.422764914891881949e-02
5.525000000000000355e+00 -6.820534521284153662e-02
5.575000000000001066e+00 -7.012002574650302855e-02
5.625000000000000000e+00 -6.384328171772286897e-02
5.675000000000000711e+00 -6.837388125353846546e-02
5.725000000000001421e+00 -7.678997087459359105e-02
5.775000000000000355e+00 -7.282278332279458477e-02
5.825000000000001066e+00 -7.183740559899465250e-02
5.875000000000000000e+00 -9.057503387631818392e-02
5.925000000000000711e+00 -9.490614652989939892e-02
5.975000000000001421e+00 -9.949761354910247046e-02
6.025000000000000355e+00 -1.164823822269994424e-01
6.075000000000001066e+00 -1.167676974588653244e-01
6.125000000000000000e+00 -1.417876217849812492e-01
6.175000000000000711e+00 -1.483993699507898945e-01
6.225000000000001421e+00 -1.577709677047939574e-01
6.275000000000000355e+00 -1.742027873366877311e-01
6.325000000000001066e+00 -1.882004618389539197e-01
6.375000000000000000e+00 -1.894309096989779118e-01
6.425000000000000711e+00 -1.879378833972037144e-01
6.475000000000001421e+00 -1.755868485908524679e-01
6.525000000000000355e+00 -1.768555258527169660e-01
6.575000000000001066e+00 -1.795126580071902400e-01
6.625000000000000000e+00 -1.810722729395077002e-01
6.675000000000000711e+00 -1.777905933934179894e-01
6.725000000000001421e+00 -1.944899022478910611e-01
6.775000000000000355e+00 -1.985412104925353138e-01
6.825000000000001066e+00 -2.166662819637564241e-01
6.875000000000000000e+00 -2.168571888559171768e-01
6.925000000000000711e+00 -2.146213271293904157e-01
6.975000000000001421e+00 -2.038250472521813683e-01
7.025000000000000355e+00 -2.128091135298039172e-01
7.075000000000001066e+00 -1.975999939639673242e-01
7.125000000000000000e+00 -1.968465039891758583e-01
7.175000000000000711e+00 -1.745219738297277279e-01
7.225000000000001421e+00 -1.652783584128984240e-01
7.275000000000000355e+00 -1.624173745260746315e-01
7.325000000000001066e+00 -1.568741353944109185e-01
7.375000000000000000e+00 -1.500974868157516351e-01
7.425000000000000711e+00 -1.609895598191851407e-01
7.475000000000001421e+00 -1.591811937684561307e-01
7.525000000000000355e+00 -1.617971183093847576e-01
7.575000000000001066e+00 -1.674960072607710460e-01
7.625000000000000000e+00 -1.632348333736937385e-01
7.675000000000000711e+00 -1.769985531230236775e-01
7.725000000000001421e+00 -1.707412510451757348e-01
7.775000000000000355e+00 -1.487238805219639470e-01
7.825000000000001066e+00 -1.547701023239860807e-01
7.875000000000000000e+00 -1.624364734785150310e-01
7.925000000000000711e+00 -1.596135731611321162e-01
7.975000000000001421e+00 -1.582284295507586647e-01
8.025000000000000355e+00 -1.512855304216936814e-01
8.075000000000001066e+00 -1.536541676301841908e-01
8.125000000000000000e+00 -1.599878343564943572e-01
8.175000000000000711e+00 -1.477172273050083307e-01
8.225000000000001421e+00 -1.426369505148340211e-01
8.275000000000000355e+00 -1.445115863660389188e-01
8.325000000000001066e+00 -1.453619961420659079e-01
8.375000000000000000e+00 -1.497175542354323152e-01
8.425000000000000711e+00 -1.442642233193915380e-01
8.475000000000001421e+00 -1.354128979378687314e-01
8.525000000000000355e+00 -1.276852638177453092e-01
8.575000000000001066e+00 -1.096033266813527252e-01
8.625000000000000000e+00 -1.059385201906029444e-01
8.675000000000000711e+00 -8.959605612173314471e-02
8.725000000000001421e+00 -7.523281795949912643e-02
8.775000000000000355e+00 -5.830735898307373016e-02
8.825000000000001066e+00 -5.560175658061401738e-02
8.875000000000000000e+00 -6.355062609296106835e-02
8.925000000000000711e+00 -6.147540232449078684e-02
8.975000000000001421e+00 -4.295642169764553320e-02
9.025000000000000355e+00 -4.497485150632905132e-02
9.075000000000001066e+00 -5.572208864367122344e-02
9.125000000000000000e+00 -6.884324041351737311e-02
9.175000000000000711e+00 -6.385473302873442836e-02
9.225000000000001421e+00 -6.155238067764289694e-02
9.275000000000000355e+00 -6.812560549889074002e-02
9.325000000000001066e+00 -7.958211916186529178e-02
9.375000000000000000e+00 -8.118391437132377320e-02
9.425000000000000711e+00 -6.849083983363449257e-02
9.475000000000001421e+00 -6.342071451246830693e-02
9.525000000000000355e+00 -7.355742210136069492e-02
9.575000000000001066e+00 -6.664686316183945913e-02
9.625000000000000000e+00 -6.517324076261121757e-02
9.675000000000000711e+00 -5.808044963604799132e-02
9.725000000000001421e+00 -5.173000291015700247e-02
9.775000000000000355e+00 -5.763170542650352529e-02
9.825000000000001066e+00 -6.056909496415803507e-02
9.875000000000000000e+00 -2.780614021623190046e-02
9.925000000000000711e+00 1.805130505015177800e-01
9.975000000000001421e+00 6.407708767873779854e-01
1.002500000000000036e+01 1.465569120546431847e+00
1.007500000000000107e+01 2.366947371445415449e+00
1.012500000000000000e+01 3.268325622344396830e+00
1.017500000000000071e+01 4.169703873243378212e+00
