# r_minus_2Rs_A, PMF_over_kBT
-9.710000000000000853e-01 1.810779157692307706e+02
-9.357000000000006423e-01 1.786496277692307615e+02
-9.003999999999994230e-01 1.737065907692307576e+02
-8.650999999999999801e-01 1.648949197692307678e+02
-8.298000000000005372e-01 1.510597197692307532e+02
-7.943999999999995509e-01 1.319678507692307505e+02
-7.591000000000001080e-01 1.088481987692307627e+02
-7.238000000000006651e-01 8.429601076923076164e+01
-6.884999999999994458e-01 6.142703476923076522e+01
-6.532000000000000028e-01 4.262641676923077227e+01
-6.179000000000005599e-01 2.867780576923076552e+01
-5.824999999999995737e-01 1.881034376923076934e+01
-5.472000000000001307e-01 1.152096376923076804e+01
-5.119000000000006878e-01 5.529301769230767327e+00
-4.765999999999994685e-01 2.868507692307682433e-01
-4.413000000000000256e-01 -4.129369230769231791e+00
-4.059000000000008157e-01 -7.497180230769232345e+00
-3.705999999999995964e-01 -9.786947230769232675e+00
-3.353000000000001535e-01 -1.128938823076923192e+01
-3.000000000000007105e-01 -1.236619123076923188e+01
-2.646999999999994913e-01 -1.324369823076923325e+01
-2.294000000000000483e-01 -1.396430723076923286e+01
-1.940000000000008384e-01 -1.447159923076923249e+01
-1.586999999999996191e-01 -1.470828123076923077e+01
-1.234000000000001762e-01 -1.472689023076923220e+01
-8.810000000000073328e-02 -1.462155423076923100e+01
-5.279999999999951399e-02 -1.447981423076923235e+01
-1.750000000000007105e-02 -1.433021323076923181e+01
1.789999999999913882e-02 -1.416967723076923136e+01
5.320000000000035811e-02 -1.399374223076923229e+01
8.849999999999980105e-02 -1.380123323076923114e+01
1.237999999999992440e-01 -1.359692123076923309e+01
1.591000000000004633e-01 -1.338129223076923324e+01
1.944999999999996732e-01 -1.315866123076923166e+01
2.297999999999991161e-01 -1.292944423076923144e+01
2.651000000000003354e-01 -1.268511623076923200e+01
3.003999999999997783e-01 -1.245414423076923249e+01
3.356999999999992212e-01 -1.222858823076923329e+01
3.710000000000004405e-01 -1.202518623076923276e+01
4.063999999999996504e-01 -1.182875423076923127e+01
4.417000000000008697e-01 -1.164692623076923184e+01
4.770000000000003126e-01 -1.148022823076923160e+01
5.122999999999997556e-01 -1.132699623076923245e+01
5.475999999999991985e-01 -1.117256523076923180e+01
5.829000000000004178e-01 -1.099879323076923221e+01
6.182999999999996277e-01 -1.080237123076923211e+01
6.536000000000008470e-01 -1.059599123076923277e+01
6.889000000000002899e-01 -1.039122223076923213e+01
7.241999999999997328e-01 -1.021185123076923240e+01
7.594999999999991758e-01 -1.003114223076923217e+01
7.949000000000001620e-01 -9.820634230769233142e+00
8.301999999999996049e-01 -9.589376230769232734e+00
8.655000000000008242e-01 -9.362234230769232113e+00
9.008000000000002672e-01 -9.158263230769232877e+00
9.360999999999997101e-01 -8.977110230769232757e+00
9.713999999999991530e-01 -8.781809230769232144e+00
1.006800000000000139e+00 -8.576164230769231622e+00
1.042099999999999582e+00 -8.369610230769232828e+00
1.077400000000000801e+00 -8.194339230769232429e+00
1.112700000000000244e+00 -8.027564230769232978e+00
1.147999999999999687e+00 -7.848703230769231709e+00
1.183299999999999130e+00 -7.648045230769231928e+00
1.218700000000000117e+00 -7.447046230769232444e+00
1.253999999999999559e+00 -7.266597230769232141e+00
1.289300000000000779e+00 -7.116367230769232499e+00
1.324600000000000222e+00 -6.973981230769232376e+00
1.359899999999999665e+00 -6.792056230769231817e+00
1.395300000000000651e+00 -6.588685230769232071e+00
1.430600000000000094e+00 -6.397811230769232083e+00
1.465899999999999537e+00 -6.233796230769232061e+00
1.501200000000000756e+00 -6.082802230769232210e+00
1.536500000000000199e+00 -5.913440230769231754e+00
1.571799999999999642e+00 -5.723094230769231849e+00
1.607200000000000628e+00 -5.539760230769232408e+00
1.642500000000000071e+00 -5.381484230769231658e+00
1.677799999999999514e+00 -5.235246230769232234e+00
1.713100000000000733e+00 -5.086782230769232527e+00
1.748400000000000176e+00 -4.919818230769232414e+00
1.783699999999999619e+00 -4.738961230769231925e+00
1.819100000000000605e+00 -4.569268230769232275e+00
1.854400000000000048e+00 -4.414164230769232589e+00
1.889699999999999491e+00 -4.262223230769231819e+00
1.925000000000000711e+00 -4.095912230769231499e+00
1.960300000000000153e+00 -3.919284230769231936e+00
1.995699999999999363e+00 -3.745784230769232170e+00
2.031000000000000583e+00 -3.578476230769231936e+00
2.066300000000000026e+00 -3.422591230769231885e+00
2.101599999999999469e+00 -3.301241230769232260e+00
2.136900000000000688e+00 -3.191949230769232315e+00
2.172200000000000131e+00 -3.075150230769231996e+00
2.207599999999999341e+00 -2.949868230769231658e+00
2.242900000000000560e+00 -2.806515230769232261e+00
2.278200000000000003e+00 -2.666302230769232118e+00
2.313499999999999446e+00 -2.530056230769232251e+00
2.348800000000000665e+00 -2.397943230769231882e+00
2.384100000000000108e+00 -2.284713230769232162e+00
2.419499999999999318e+00 -2.180584230769231802e+00
2.454800000000000537e+00 -2.068745230769232002e+00
2.490099999999999980e+00 -1.949056230769231846e+00
2.525399999999999423e+00 -1.840145230769231866e+00
2.560700000000000642e+00 -1.722424230769232345e+00
2.596000000000000085e+00 -1.595223230769232003e+00
2.631399999999999295e+00 -1.462922230769232002e+00
2.666700000000000514e+00 -1.344862230769232170e+00
2.701999999999999957e+00 -1.231980230769232243e+00
2.737299999999999400e+00 -1.126775230769232472e+00
2.772600000000000620e+00 -1.042834230769232207e+00
2.807999999999999829e+00 -9.645552307692319971e-01
2.843299999999999272e+00 -8.881442307692317684e-01
2.878600000000000492e+00 -8.129392307692322461e-01
2.913899999999999935e+00 -7.309972307692325089e-01
2.949199999999999378e+00 -6.502462307692322696e-01
2.984500000000000597e+00 -5.722012307692319055e-01
3.019899999999999807e+00 -4.845202307692320076e-01
3.055199999999999250e+00 -3.939152307692319610e-01
3.090500000000000469e+00 -3.026042307692318190e-01
3.125799999999999912e+00 -2.127832307692321123e-01
3.161099999999999355e+00 -1.239382307692320495e-01
3.196400000000000574e+00 -5.665723076923168122e-02
3.231799999999999784e+00 -7.410230769232306614e-03
3.267099999999999227e+00 2.966076923076776950e-02
3.302400000000000446e+00 5.927976923076805349e-02
3.337699999999999889e+00 7.967576923076791218e-02
3.372999999999999332e+00 1.080337692307677955e-01
3.408400000000000318e+00 1.517457692307679906e-01
3.443699999999999761e+00 1.946957692307682564e-01
3.478999999999999204e+00 2.243137692307675124e-01
3.514300000000000423e+00 2.392767692307682381e-01
3.549599999999999866e+00 2.424697692307677954e-01
3.584899999999999309e+00 2.599597692307682451e-01
3.620300000000000296e+00 3.018247692307678420e-01
3.655599999999999739e+00 3.540387692307680467e-01
3.690899999999999181e+00 3.882697692307681692e-01
3.726200000000000401e+00 3.898737692307676639e-01
3.761499999999999844e+00 3.657847692307676368e-01
3.796799999999999287e+00 3.456027692307674926e-01
3.832200000000000273e+00 3.563437692307678262e-01
3.867499999999999716e+00 3.688287692307676835e-01
3.902799999999999159e+00 3.586137692307680425e-01
3.938100000000000378e+00 3.428087692307677514e-01
3.973399999999999821e+00 3.546157692307678744e-01
4.008800000000000807e+00 3.977347692307677818e-01
4.044100000000000250e+00 4.516447692307679063e-01
4.079399999999999693e+00 4.885567692307679621e-01
4.114699999999999136e+00 4.933287692307679606e-01
4.149999999999998579e+00 4.856847692307679765e-01
4.185300000000001575e+00 4.983957692307683374e-01
4.220700000000000784e+00 5.255007692307680500e-01
4.256000000000000227e+00 5.446367692307676478e-01
4.291299999999999670e+00 5.293397692307681979e-01
4.326599999999999113e+00 5.002447692307683269e-01
4.361899999999998556e+00 4.902687692307683420e-01
4.397200000000001552e+00 5.045047692307678133e-01
4.432600000000000762e+00 5.129297692307677181e-01
4.467900000000000205e+00 5.052817692307680630e-01
4.503199999999999648e+00 4.855717692307681688e-01
4.538499999999999091e+00 4.920867692307675512e-01
4.573799999999998533e+00 5.195977692307680584e-01
4.609200000000001296e+00 5.654437692307681118e-01
4.644500000000000739e+00 6.000777692307677214e-01
4.679800000000000182e+00 6.287757692307680557e-01
4.715099999999999625e+00 6.486967692307681332e-01
4.750399999999999068e+00 6.784787692307681084e-01
4.785699999999998511e+00 7.135517692307677962e-01
4.821100000000001273e+00 7.362757692307679847e-01
4.856400000000000716e+00 7.376677692307680445e-01
4.891700000000000159e+00 7.263487692307677435e-01
4.926999999999999602e+00 7.192597692307680646e-01
4.962299999999999045e+00 7.253637692307677298e-01
4.997599999999998488e+00 7.267427692307677489e-01
5.033000000000001251e+00 7.042627692307679155e-01
5.068300000000000693e+00 6.779217692307675236e-01
5.103600000000000136e+00 6.746467692307680508e-01
5.138899999999999579e+00 6.887297692307683405e-01
5.174199999999999022e+00 7.076567692307680346e-01
5.209599999999998232e+00 6.830227692307682119e-01
5.244900000000001228e+00 6.339007692307676578e-01
5.280200000000000671e+00 5.962917692307678763e-01
5.315500000000000114e+00 5.939167692307680824e-01
5.350799999999999557e+00 6.034677692307681696e-01
5.386099999999999000e+00 5.849067692307681199e-01
5.421500000000001762e+00 5.170397692307675541e-01
5.456800000000001205e+00 4.455107692307676004e-01
5.492100000000000648e+00 4.309567692307680886e-01
5.527400000000000091e+00 4.649917692307683481e-01
5.562699999999999534e+00 5.002077692307675960e-01
5.597999999999998977e+00 4.775387692307679899e-01
5.633400000000001739e+00 4.159677692307681696e-01
5.668700000000001182e+00 3.770327692307677836e-01
5.704000000000000625e+00 3.829127692307681130e-01
5.739300000000000068e+00 4.079127692307675801e-01
5.774599999999999511e+00 3.999957692307676282e-01
5.809999999999998721e+00 3.406517692307682310e-01
5.845300000000001717e+00 2.774377692307679055e-01
5.880600000000001160e+00 2.380447692307683383e-01
5.915900000000000603e+00 2.072927692307677816e-01
5.951200000000000045e+00 1.622467692307676401e-01
5.986499999999999488e+00 9.311376923076775114e-02
6.021899999999998698e+00 2.981776923076751018e-02
6.057200000000001694e+00 -6.290230769232074692e-03
6.092500000000001137e+00 -1.117423076923174108e-02
6.127800000000000580e+00 -1.621323076923175677e-02
6.163100000000000023e+00 -3.327623076923202916e-02
6.198399999999999466e+00 -5.921623076923232531e-02
6.233799999999998676e+00 -7.706623076923246884e-02
6.269100000000001671e+00 -7.676623076923227984e-02
6.304400000000001114e+00 -9.323923076923179565e-02
6.339700000000000557e+00 -1.243252307692319647e-01
6.375000000000000000e+00 -1.638342307692317590e-01
6.410399999999999210e+00 -1.896572307692316883e-01
6.445699999999998653e+00 -1.838122307692318103e-01
6.481000000000001648e+00 -1.631882307692320566e-01
6.516300000000001091e+00 -1.415362307692324961e-01
6.551600000000000534e+00 -1.341802307692319118e-01
6.586899999999999977e+00 -1.504932307692321558e-01
6.622299999999999187e+00 -1.771612307692320698e-01
6.657599999999998630e+00 -1.889892307692324636e-01
6.692900000000001626e+00 -1.746602307692324274e-01
6.728200000000001069e+00 -1.391762307692321343e-01
6.763500000000000512e+00 -1.126582307692318707e-01
6.798799999999999955e+00 -1.024932307692321132e-01
6.834199999999999164e+00 -1.067412307692316986e-01
6.869499999999998607e+00 -1.089142307692316791e-01
6.904800000000001603e+00 -1.106212307692322483e-01
6.940100000000001046e+00 -1.208702307692322009e-01
6.975400000000000489e+00 -1.363192307692324690e-01
7.010799999999999699e+00 -1.332792307692320932e-01
7.046099999999999142e+00 -8.602523076923240808e-02
7.081399999999998585e+00 -9.670230769232013301e-03
7.116700000000001580e+00 4.533676923076779275e-02
7.152000000000001023e+00 3.468376923076821328e-02
7.187300000000000466e+00 -3.823223076923198960e-02
7.222699999999999676e+00 -1.173352307692319130e-01
7.257999999999999119e+00 -1.422292307692316626e-01
7.293299999999998562e+00 -1.128182307692320308e-01
7.328600000000001558e+00 -6.989823076923240563e-02
7.363900000000001000e+00 -5.009523076923194651e-02
7.399200000000000443e+00 -7.014023076923248112e-02
7.434599999999999653e+00 -8.965323076923237267e-02
7.469899999999999096e+00 -1.046832307692318054e-01
7.505199999999998539e+00 -1.136622307692318756e-01
7.540500000000001535e+00 -1.325582307692316775e-01
7.575800000000000978e+00 -1.685862307692325146e-01
7.611200000000000188e+00 -2.089402307692322935e-01
7.646499999999999631e+00 -2.155152307692320690e-01
7.681799999999999073e+00 -1.787202307692323799e-01
7.717099999999998516e+00 -1.384312307692319166e-01
7.752400000000001512e+00 -1.229132307692317738e-01
7.787700000000000955e+00 -1.329732307692319537e-01
7.823100000000000165e+00 -1.477752307692323797e-01
7.858399999999999608e+00 -1.350422307692324964e-01
7.893699999999999051e+00 -9.865423076923196533e-02
7.928999999999998494e+00 -7.046923076923228280e-02
7.964300000000001489e+00 -8.175923076923208299e-02
7.999600000000000932e+00 -1.155192307692320952e-01
8.035000000000000142e+00 -1.138852307692319599e-01
8.070299999999999585e+00 -8.683723076923222095e-02
8.105599999999999028e+00 -5.510923076923202046e-02
8.140899999999998471e+00 -6.301023076923240041e-02
8.176200000000001467e+00 -1.171822307692318432e-01
8.211600000000000676e+00 -1.704502307692319363e-01
8.246900000000000119e+00 -1.810582307692323312e-01
8.282199999999999562e+00 -1.701462307692320763e-01
8.317499999999999005e+00 -1.828922307692320004e-01
8.352799999999998448e+00 -2.222722307692324151e-01
8.388100000000001444e+00 -2.561702307692321767e-01
8.423500000000000654e+00 -2.717672307692318157e-01
8.458800000000000097e+00 -2.537342307692318499e-01
8.494099999999999540e+00 -2.313092307692317107e-01
8.529399999999998983e+00 -2.413182307692318673e-01
8.564699999999998425e+00 -2.692432307692325111e-01
8.600000000000001421e+00 -3.000302307692317427e-01
8.635400000000000631e+00 -3.119702307692318044e-01
8.670700000000000074e+00 -3.147132307692324105e-01
8.705999999999999517e+00 -3.084622307692317378e-01
8.741299999999998960e+00 -2.864012307692318515e-01
8.776599999999998403e+00 -2.623312307692318157e-01
8.812000000000001165e+00 -2.344512307692321329e-01
8.847300000000000608e+00 -2.334752307692324891e-01
8.882600000000000051e+00 -2.524352307692323549e-01
8.917899999999999494e+00 -2.598202307692316637e-01
8.953199999999998937e+00 -2.435352307692317808e-01
8.988499999999998380e+00 -2.208622307692325037e-01
9.023900000000001143e+00 -2.112322307692320322e-01
9.059200000000000585e+00 -2.184712307692322497e-01
9.094500000000000028e+00 -2.475602307692321702e-01
9.129799999999999471e+00 -2.780582307692318622e-01
9.165099999999998914e+00 -2.870382307692320722e-01
9.200399999999998357e+00 -2.791032307692322689e-01
9.235800000000001120e+00 -2.802992307692324658e-01
9.271100000000000563e+00 -2.925782307692319506e-01
9.306400000000000006e+00 -3.212452307692323927e-01
9.341699999999999449e+00 -3.444812307692322051e-01
9.376999999999998892e+00 -3.576532307692321666e-01
9.412400000000001654e+00 -3.813752307692324095e-01
9.447700000000001097e+00 -4.110352307692322071e-01
9.483000000000000540e+00 -4.318832307692321848e-01
9.518299999999999983e+00 -4.350782307692320217e-01
9.553599999999999426e+00 -4.209262307692318572e-01
9.588899999999998869e+00 -3.994602307692316501e-01
9.624300000000001631e+00 -4.019902307692317933e-01
9.659600000000001074e+00 -4.356232307692318173e-01
9.694900000000000517e+00 -4.664622307692321002e-01
9.730199999999999960e+00 -4.694112307692321906e-01
9.765499999999999403e+00 -4.776842307692321654e-01
9.800799999999998846e+00 -4.987502307692324166e-01
9.836200000000001609e+00 -5.239382307692324048e-01
9.871500000000001052e+00 -5.359852307692323237e-01
9.906800000000000495e+00 -5.119172307692316792e-01
9.942099999999999937e+00 -4.559922307692323429e-01
9.977399999999999380e+00 -4.227982307692323971e-01
1.001269999999999882e+01 -4.431082307692317812e-01
1.004810000000000159e+01 -4.867052307692318891e-01
1.008340000000000103e+01 -5.137332307692323852e-01
1.011870000000000047e+01 -5.106452307692324055e-01
1.015399999999999991e+01 -4.909442307692319929e-01
1.018929999999999936e+01 -4.950922307692318114e-01
1.022469999999999857e+01 -5.294172307692317503e-01
1.026000000000000156e+01 -5.658792307692319667e-01
1.029530000000000101e+01 -5.861402307692324953e-01
1.033060000000000045e+01 -5.747782307692324011e-01
1.036589999999999989e+01 -5.410752307692323626e-01
1.040119999999999933e+01 -5.062392307692320514e-01
1.043659999999999854e+01 -4.865592307692319096e-01
1.047190000000000154e+01 -4.857732307692321783e-01
1.050720000000000098e+01 -4.733002307692322219e-01
1.054250000000000043e+01 -4.597532307692322462e-01
1.057779999999999987e+01 -4.575632307692316658e-01
1.061309999999999931e+01 -4.601382307692318818e-01
1.064849999999999852e+01 -4.661332307692322985e-01
1.068380000000000152e+01 -4.681672307692323898e-01
1.071910000000000096e+01 -4.786532307692317190e-01
1.075440000000000040e+01 -4.896122307692323261e-01
1.078969999999999985e+01 -5.030742307692319670e-01
1.082509999999999906e+01 -5.035652307692322083e-01
1.086039999999999850e+01 -4.908532307692317076e-01
1.089570000000000149e+01 -4.824642307692323939e-01
1.093100000000000094e+01 -4.737802307692318138e-01
1.096630000000000038e+01 -4.669062307692319891e-01
1.100159999999999982e+01 -4.511662307692319018e-01
1.103699999999999903e+01 -4.228292307692322893e-01
1.107229999999999848e+01 -4.044022307692323182e-01
1.110760000000000147e+01 -3.999052307692316788e-01
1.114290000000000092e+01 -4.210282307692319037e-01
1.117820000000000036e+01 -4.482472307692324520e-01
1.121349999999999980e+01 -4.404182307692323661e-01
1.124889999999999901e+01 -3.996332307692318508e-01
1.128419999999999845e+01 -3.526372307692318131e-01
1.131950000000000145e+01 -3.346632307692321007e-01
1.135480000000000089e+01 -3.683112307692324450e-01
1.139010000000000034e+01 -3.967132307692322613e-01
1.142549999999999955e+01 -4.100352307692318732e-01
1.146079999999999899e+01 -3.982662307692317327e-01
1.149609999999999843e+01 -3.861452307692321284e-01
1.153140000000000143e+01 -3.960522307692322386e-01
1.156670000000000087e+01 -4.223372307692319083e-01
1.160200000000000031e+01 -4.382822307692322283e-01
1.163739999999999952e+01 -4.051092307692316652e-01
1.167269999999999897e+01 -3.552222307692316505e-01
1.170799999999999841e+01 -3.351002307692318993e-01
1.174330000000000140e+01 -3.724552307692317044e-01
1.177860000000000085e+01 -4.325912307692316716e-01
1.181390000000000029e+01 -4.563432307692316670e-01
1.184929999999999950e+01 -4.223652307692322694e-01
1.188459999999999894e+01 -3.566112307692321792e-01
1.191989999999999839e+01 -3.370822307692318276e-01
1.195520000000000138e+01 -3.818042307692319781e-01
1.199050000000000082e+01 -3.841272307692324972e-01
1.202590000000000003e+01 -1.296482307692317093e-01
1.206119999999999948e+01 6.069957692307674790e-01
1.209649999999999892e+01 1.994020769230767876e+00
1.213179999999999836e+01 4.061557769230767612e+00
1.216710000000000136e+01 6.802878769230768619e+00
1.220240000000000080e+01 1.018282176923077031e+01
1.223780000000000001e+01 1.416592276923076810e+01
1.227309999999999945e+01 1.873705876923076730e+01
1.230839999999999890e+01 2.390770176923076917e+01
1.234369999999999834e+01 2.970361376923077046e+01
1.237900000000000134e+01 3.618012376923076800e+01
1.241430000000000078e+01 4.340353276923077175e+01
1.244969999999999999e+01 5.134508276923077119e+01
1.248499999999999943e+01 5.986183676923077002e+01
1.252029999999999887e+01 6.877246176923075893e+01
1.255559999999999832e+01 7.805317976923076628e+01
1.259090000000000131e+01 8.791860576923076565e+01
1.262630000000000052e+01 9.873401476923076814e+01
1.266159999999999997e+01 1.107507807692307580e+02
1.269689999999999941e+01 1.237962777692307554e+02
1.273219999999999885e+01 1.371384957692307580e+02
1.276749999999999829e+01 1.496785367692307602e+02
1.280280000000000129e+01 1.603559037692307641e+02
1.283820000000000050e+01 1.685342497692307688e+02
1.287349999999999994e+01 1.741474967692307700e+02
1.290879999999999939e+01 1.775873037692307719e+02
1.294409999999999883e+01 1.794655757692307532e+02
1.297939999999999827e+01 1.803761527692307709e+02
1.301470000000000127e+01 1.807622837692307485e+02
1.305010000000000048e+01 1.808937777692307520e+02
1.308539999999999992e+01 1.809276167692307524e+02
1.312069999999999936e+01 1.809310927692307587e+02
