# r_minus_2Rs_A, PMF_over_kBT
-7.695000000000007390e-01 1.528571858928571636e+01
-7.341999999999995197e-01 1.509507258928571538e+01
-6.988000000000003098e-01 1.468895658928571457e+01
-6.635000000000008669e-01 1.390899458928571342e+01
-6.281999999999996476e-01 1.256108458928571459e+01
-5.928000000000004377e-01 1.046342658928571545e+01
-5.574999999999992184e-01 7.520725589285715884e+00
-5.221999999999997755e-01 3.803285589285714252e+00
-4.868000000000005656e-01 -4.169014107142849923e-01
-4.514999999999993463e-01 -4.713387410714284798e+00
-4.161999999999999034e-01 -8.623338410714286084e+00
-3.809000000000004604e-01 -1.179005241071428500e+01
-3.454999999999994742e-01 -1.406811341071428600e+01
-3.102000000000000313e-01 -1.552981841071428448e+01
-2.749000000000005883e-01 -1.639771141071428673e+01
-2.394999999999996021e-01 -1.692398741071428603e+01
-2.042000000000001592e-01 -1.730350241071428741e+01
-1.689000000000007162e-01 -1.762466141071428538e+01
-1.334999999999997300e-01 -1.788635041071428589e+01
-9.820000000000028706e-02 -1.805579541071428551e+01
-6.290000000000084412e-02 -1.810114441071428359e+01
-2.759999999999962483e-02 -1.802664241071428464e+01
7.799999999999585043e-03 -1.787274741071428608e+01
4.310000000000080433e-02 -1.769639941071428524e+01
7.840000000000024727e-02 -1.753908341071428367e+01
1.137999999999994571e-01 -1.741009341071428551e+01
1.491000000000006764e-01 -1.729345941071428427e+01
1.844000000000001194e-01 -1.716694141071428703e+01
2.197999999999993292e-01 -1.702438741071428652e+01
2.551000000000005485e-01 -1.687243541071428510e+01
2.903999999999999915e-01 -1.672837041071428388e+01
3.256999999999994344e-01 -1.660040641071428524e+01
3.611000000000004206e-01 -1.648769841071428743e+01
3.963999999999998636e-01 -1.637515841071428468e+01
4.316999999999993065e-01 -1.625507441071428616e+01
4.671000000000002927e-01 -1.612272441071428375e+01
5.023999999999997357e-01 -1.598202341071428556e+01
5.376999999999991786e-01 -1.583430641071428546e+01
5.731000000000001648e-01 -1.568756141071428445e+01
6.083999999999996078e-01 -1.555658541071428402e+01
6.437000000000008271e-01 -1.543935641071428577e+01
6.790000000000002700e-01 -1.532817441071428632e+01
7.143999999999994799e-01 -1.520771441071428498e+01
7.497000000000006992e-01 -1.507055441071428525e+01
7.850000000000001421e-01 -1.491764241071428643e+01
8.203999999999993520e-01 -1.475947841071428535e+01
8.557000000000005713e-01 -1.461134441071428469e+01
8.910000000000000142e-01 -1.448675441071428516e+01
9.263999999999992241e-01 -1.438802941071428521e+01
9.617000000000004434e-01 -1.430029141071428533e+01
9.969999999999998863e-01 -1.420221041071428481e+01
1.032299999999999329e+00 -1.407673441071428577e+01
1.067700000000000315e+00 -1.392036541071428601e+01
1.102999999999999758e+00 -1.375398741071428432e+01
1.138299999999999201e+00 -1.360790041071428469e+01
1.173700000000000188e+00 -1.350018041071428598e+01
1.208999999999999631e+00 -1.341526241071428416e+01
1.244300000000000850e+00 -1.331941641071428606e+01
1.279700000000000060e+00 -1.318007941071428490e+01
1.314999999999999503e+00 -1.299987641071428612e+01
1.350300000000000722e+00 -1.280537941071428421e+01
1.385600000000000165e+00 -1.263920841071428569e+01
1.420999999999999375e+00 -1.252573441071428562e+01
1.456300000000000594e+00 -1.245555441071428504e+01
1.491600000000000037e+00 -1.239136541071428610e+01
1.526999999999999247e+00 -1.229862641071428442e+01
1.562300000000000466e+00 -1.216456841071428485e+01
1.597599999999999909e+00 -1.200538641071428536e+01
1.632999999999999119e+00 -1.184795841071428590e+01
1.668300000000000338e+00 -1.171438841071428527e+01
1.703599999999999781e+00 -1.160609941071428608e+01
1.738899999999999224e+00 -1.150723641071428460e+01
1.774300000000000210e+00 -1.139567541071428458e+01
1.809599999999999653e+00 -1.126362841071428456e+01
1.844900000000000873e+00 -1.111873641071428587e+01
1.880300000000000082e+00 -1.097615541071428602e+01
1.915599999999999525e+00 -1.084430641071428525e+01
1.950900000000000745e+00 -1.072466641071428484e+01
1.986299999999999955e+00 -1.060806041071428574e+01
2.021599999999999397e+00 -1.049433041071428541e+01
2.056900000000000617e+00 -1.038229041071428504e+01
2.092200000000000060e+00 -1.027345441071428489e+01
2.127599999999999270e+00 -1.016343041071428566e+01
2.162900000000000489e+00 -1.003723341071428443e+01
2.198199999999999932e+00 -9.892704410714285856e+00
2.233599999999999142e+00 -9.742436410714285344e+00
2.268900000000000361e+00 -9.611133410714284508e+00
2.304199999999999804e+00 -9.516571410714284696e+00
2.339600000000000790e+00 -9.455229410714284910e+00
2.374900000000000233e+00 -9.399399410714284642e+00
2.410199999999999676e+00 -9.321290410714285102e+00
2.445499999999999119e+00 -9.206537410714284775e+00
2.480900000000000105e+00 -9.060051410714285325e+00
2.516199999999999548e+00 -8.905085410714285388e+00
2.551500000000000767e+00 -8.763554410714284870e+00
2.586899999999999977e+00 -8.643862410714284294e+00
2.622199999999999420e+00 -8.541630410714285304e+00
2.657500000000000639e+00 -8.445705410714285932e+00
2.692899999999999849e+00 -8.342130410714284849e+00
2.728199999999999292e+00 -8.223466410714285857e+00
2.763500000000000512e+00 -8.090207410714285174e+00
2.798799999999999955e+00 -7.956078410714285454e+00
2.834199999999999164e+00 -7.845725410714285530e+00
2.869500000000000384e+00 -7.765790410714284775e+00
2.904799999999999827e+00 -7.698820410714285245e+00
2.940200000000000813e+00 -7.603909410714285499e+00
2.975500000000000256e+00 -7.457410410714285121e+00
3.010799999999999699e+00 -7.276760410714285143e+00
3.046200000000000685e+00 -7.107720410714285286e+00
3.081500000000000128e+00 -6.988927410714285138e+00
3.116799999999999571e+00 -6.917145410714285347e+00
3.152100000000000790e+00 -6.855649410714285352e+00
3.187500000000000000e+00 -6.771865410714285716e+00
3.222799999999999443e+00 -6.668065410714285157e+00
3.258100000000000662e+00 -6.567535410714285149e+00
3.293499999999999872e+00 -6.483960410714285416e+00
3.328799999999999315e+00 -6.404562410714285114e+00
3.364100000000000534e+00 -6.307375410714285202e+00
3.399499999999999744e+00 -6.182356410714285211e+00
3.434799999999999187e+00 -6.046427410714285244e+00
3.470100000000000406e+00 -5.925801410714285566e+00
3.505399999999999849e+00 -5.831204410714285302e+00
3.540800000000000836e+00 -5.750034410714285116e+00
3.576100000000000279e+00 -5.659962410714284964e+00
3.611399999999999721e+00 -5.556446410714285022e+00
3.646800000000000708e+00 -5.457513410714285307e+00
3.682100000000000151e+00 -5.383691410714285475e+00
3.717399999999999594e+00 -5.336362410714285076e+00
3.752700000000000813e+00 -5.290878410714284996e+00
3.788100000000000023e+00 -5.222340410714284786e+00
3.823399999999999466e+00 -5.122245410714285185e+00
3.858700000000000685e+00 -5.010995410714285114e+00
3.894099999999999895e+00 -4.910057410714284920e+00
3.929399999999999338e+00 -4.827190410714285562e+00
3.964700000000000557e+00 -4.752058410714285586e+00
4.000099999999999767e+00 -4.669823410714284861e+00
4.035399999999999210e+00 -4.577262410714284968e+00
4.070699999999998653e+00 -4.485216410714285118e+00
4.106000000000001648e+00 -4.403210410714285317e+00
4.141400000000000858e+00 -4.325543410714285386e+00
4.176700000000000301e+00 -4.232330410714284952e+00
4.211999999999999744e+00 -4.104879410714285193e+00
4.247399999999998954e+00 -3.948998410714285257e+00
4.282699999999998397e+00 -3.786262410714285487e+00
4.318000000000001393e+00 -3.640438410714285311e+00
4.353400000000000603e+00 -3.524485410714285116e+00
4.388700000000000045e+00 -3.443686410714285273e+00
4.423999999999999488e+00 -3.391739410714285086e+00
4.459299999999998931e+00 -3.357730410714284908e+00
4.494700000000001694e+00 -3.327541410714284886e+00
4.530000000000001137e+00 -3.293715410714285419e+00
4.565300000000000580e+00 -3.260659410714285222e+00
4.600699999999999790e+00 -3.236864410714285434e+00
4.635999999999999233e+00 -3.220162410714284995e+00
4.671299999999998676e+00 -3.198410410714284779e+00
4.706700000000001438e+00 -3.154334410714285220e+00
4.742000000000000881e+00 -3.081939410714285010e+00
4.777300000000000324e+00 -2.999732410714285535e+00
4.812599999999999767e+00 -2.931105410714285320e+00
4.847999999999998977e+00 -2.876914410714284998e+00
4.883299999999998420e+00 -2.813562410714284923e+00
4.918600000000001415e+00 -2.712239410714285093e+00
4.954000000000000625e+00 -2.582417410714285211e+00
4.989300000000000068e+00 -2.463382410714284987e+00
5.024599999999999511e+00 -2.395156410714285755e+00
5.059999999999998721e+00 -2.376316410714284899e+00
5.095300000000001717e+00 -2.359746410714285147e+00
5.130600000000001160e+00 -2.292960410714284691e+00
5.165900000000000603e+00 -2.167398410714286072e+00
5.201299999999999812e+00 -2.022747410714284655e+00
5.236599999999999255e+00 -1.912626410714285186e+00
5.271899999999998698e+00 -1.863776410714285348e+00
5.307300000000001461e+00 -1.860075410714285837e+00
5.342600000000000904e+00 -1.854744410714285863e+00
5.377900000000000347e+00 -1.814087410714284587e+00
5.413299999999999557e+00 -1.720839410714285478e+00
5.448599999999999000e+00 -1.586557410714284799e+00
5.483899999999998442e+00 -1.442429410714284543e+00
5.519200000000001438e+00 -1.326234410714285161e+00
5.554600000000000648e+00 -1.274579410714284933e+00
5.589900000000000091e+00 -1.305359410714284962e+00
5.625199999999999534e+00 -1.399505410714285247e+00
5.660599999999998744e+00 -1.503382410714285911e+00
5.695900000000001739e+00 -1.550557410714285211e+00
5.731200000000001182e+00 -1.493920410714284941e+00
5.766600000000000392e+00 -1.332699410714285548e+00
5.801899999999999835e+00 -1.126069410714285013e+00
5.837199999999999278e+00 -9.564214107142845478e-01
5.872499999999998721e+00 -8.821054107142849432e-01
5.907900000000001484e+00 -8.997014107142859984e-01
5.943200000000000927e+00 -9.638704107142856969e-01
5.978500000000000369e+00 -1.019894410714284660e+00
6.013899999999999579e+00 -1.037697410714285340e+00
6.049199999999999022e+00 -1.017824410714284866e+00
6.084499999999998465e+00 -9.720774107142844400e-01
6.119900000000001228e+00 -9.069794107142854500e-01
6.155200000000000671e+00 -8.251524107142849118e-01
6.190500000000000114e+00 -7.298764107142847735e-01
6.225799999999999557e+00 -6.395754107142845868e-01
6.261199999999998766e+00 -5.784074107142860299e-01
6.296500000000001762e+00 -5.579604107142852598e-01
6.331800000000001205e+00 -5.738934107142856789e-01
6.367200000000000415e+00 -6.133794107142858110e-01
6.402499999999999858e+00 -6.564574107142853165e-01
6.437799999999999301e+00 -6.786384107142851008e-01
6.473199999999998511e+00 -6.471344107142851243e-01
6.508500000000001506e+00 -5.448374107142850420e-01
6.543800000000000949e+00 -3.934974107142856781e-01
6.579100000000000392e+00 -2.507624107142856218e-01
6.614499999999999602e+00 -1.836624107142856843e-01
6.649799999999999045e+00 -2.199474107142851409e-01
6.685099999999998488e+00 -3.248074107142855382e-01
6.720500000000001251e+00 -4.243324107142854018e-01
6.755800000000000693e+00 -4.551324107142846742e-01
6.791100000000000136e+00 -4.067414107142859336e-01
6.826499999999999346e+00 -3.174194107142849219e-01
6.861799999999998789e+00 -2.397664107142851719e-01
6.897099999999998232e+00 -2.011214107142844654e-01
6.932400000000001228e+00 -1.943014107142850833e-01
6.967800000000000438e+00 -1.970304107142855088e-01
7.003099999999999881e+00 -1.931264107142851572e-01
7.038399999999999324e+00 -1.882024107142843405e-01
7.073799999999998533e+00 -1.823284107142857380e-01
7.109100000000001529e+00 -1.687154107142845305e-01
7.144400000000000972e+00 -1.398304107142855912e-01
7.179800000000000182e+00 -1.035314107142859541e-01
7.215099999999999625e+00 -9.554941071428579846e-02
7.250399999999999068e+00 -1.491214107142848633e-01
7.285699999999998511e+00 -2.645324107142847936e-01
7.321100000000001273e+00 -3.892174107142860606e-01
7.356400000000000716e+00 -4.512254107142847914e-01
7.391700000000000159e+00 -4.003354107142857998e-01
7.427099999999999369e+00 -2.446054107142856537e-01
7.462399999999998812e+00 -4.874941071428473549e-02
7.497699999999998255e+00 1.075935892857149412e-01
7.533100000000001017e+00 1.758785892857144262e-01
7.568400000000000460e+00 1.592125892857154668e-01
7.603699999999999903e+00 1.027265892857140983e-01
7.638999999999999346e+00 5.577458928571488173e-02
7.674399999999998556e+00 4.436358928571415561e-02
7.709700000000001552e+00 6.409558928571534864e-02
7.745000000000000995e+00 8.365958928571437525e-02
7.780400000000000205e+00 7.447858928571449155e-02
7.815699999999999648e+00 2.896158928571423985e-02
7.850999999999999091e+00 -2.985541071428521320e-02
7.886399999999998300e+00 -6.023641071428542659e-02
7.921700000000001296e+00 -3.294441071428444445e-02
7.957000000000000739e+00 5.862658928571562456e-02
7.992300000000000182e+00 1.856995892857149499e-01
8.027699999999999392e+00 3.098965892857155069e-01
8.062999999999998835e+00 4.006165892857147526e-01
8.098299999999998278e+00 4.508615892857150698e-01
8.133700000000001040e+00 4.764965892857144780e-01
8.169000000000000483e+00 4.919695892857145481e-01
8.204299999999999926e+00 4.990405892857143755e-01
8.239599999999999369e+00 4.840085892857146632e-01
8.274999999999998579e+00 4.366305892857145210e-01
8.310300000000001575e+00 3.559125892857153417e-01
8.345600000000001017e+00 2.571375892857155065e-01
8.381000000000000227e+00 1.588925892857151467e-01
8.416299999999999670e+00 8.133658928571563251e-02
8.451599999999999113e+00 2.686558928571436411e-02
8.486999999999998323e+00 -1.486041071428445548e-02
8.522300000000001319e+00 -5.503041071428604880e-02
8.557600000000000762e+00 -9.561141071428558291e-02
8.592900000000000205e+00 -1.198914107142847740e-01
8.628299999999999415e+00 -1.120334107142859636e-01
8.663599999999998857e+00 -6.430441071428560917e-02
8.698899999999998300e+00 7.440589285714338530e-03
8.734300000000001063e+00 7.227958928571531771e-02
8.769600000000000506e+00 1.012265892857140415e-01
8.804899999999999949e+00 7.861458928571529725e-02
8.840299999999999159e+00 1.708758928571540991e-02
8.875599999999998602e+00 -5.757741071428590374e-02
8.910900000000001597e+00 -1.301254107142852945e-01
8.946200000000001040e+00 -2.006864107142849463e-01
8.981600000000000250e+00 -2.723124107142851358e-01
9.016899999999999693e+00 -3.320994107142851703e-01
9.052199999999999136e+00 -3.578524107142850852e-01
9.087599999999998346e+00 -3.302114107142859467e-01
9.122900000000001342e+00 -2.483834107142843806e-01
9.158200000000000784e+00 -1.428614107142855971e-01
9.193599999999999994e+00 -5.416241071428551379e-02
9.228899999999999437e+00 -1.576241071428441387e-02
9.264199999999998880e+00 -4.254741071428469468e-02
9.299499999999998323e+00 -1.225574107142843872e-01
9.334900000000001086e+00 -2.204324107142845435e-01
9.370200000000000529e+00 -2.894214107142847325e-01
9.405499999999999972e+00 -2.873034107142853344e-01
9.440899999999999181e+00 -2.021604107142849216e-01
9.476199999999998624e+00 -6.638741071428455598e-02
9.511500000000001620e+00 5.460358928571551473e-02
9.546900000000000830e+00 1.029935892857150037e-01
9.582200000000000273e+00 5.568258928571445665e-02
9.617499999999999716e+00 -5.473141071428599957e-02
9.652799999999999159e+00 -1.602694107142852431e-01
9.688199999999998369e+00 -2.001954107142847050e-01
9.723500000000001364e+00 -1.587514107142844466e-01
9.758800000000000807e+00 -7.042141071428531518e-02
9.794200000000000017e+00 5.131589285713999971e-03
9.829499999999999460e+00 1.975558928571530259e-02
9.864799999999998903e+00 -2.899141071428523730e-02
9.900200000000001666e+00 -1.034724107142857008e-01
9.935500000000001108e+00 -1.593124107142855905e-01
9.970800000000000551e+00 -1.737604107142853849e-01
1.000609999999999999e+01 -1.536044107142853221e-01
1.004149999999999920e+01 -1.174244107142854432e-01
1.007679999999999865e+01 -7.259341071428515590e-02
1.011210000000000164e+01 -1.620941071428561031e-02
1.014750000000000085e+01 4.552058928571511842e-02
1.018280000000000030e+01 9.045658928571498336e-02
1.021809999999999974e+01 8.652758928571557817e-02
1.025349999999999895e+01 1.645558928571411172e-02
1.028879999999999839e+01 -9.249241071428571104e-02
1.032410000000000139e+01 -1.818104107142843873e-01
1.035940000000000083e+01 -2.022254107142860136e-01
1.039480000000000004e+01 -1.524504107142856668e-01
1.043009999999999948e+01 -7.377241071428564112e-02
1.046539999999999893e+01 -1.839241071428610041e-02
1.050080000000000169e+01 -1.036641071428512362e-02
1.053610000000000113e+01 -3.363541071428599594e-02
1.057140000000000057e+01 -5.039641071428491159e-02
1.060679999999999978e+01 -3.578041071428472719e-02
1.064209999999999923e+01 1.198958928571514093e-02
1.067739999999999867e+01 7.370958928571447188e-02
1.071270000000000167e+01 1.286665892857143945e-01
1.074810000000000088e+01 1.637865892857153227e-01
1.078340000000000032e+01 1.659885892857140277e-01
1.081869999999999976e+01 1.234025892857140150e-01
1.085409999999999897e+01 3.297658928571500780e-02
1.088939999999999841e+01 -8.781641071428580858e-02
1.092470000000000141e+01 -2.019114107142847558e-01
1.096010000000000062e+01 -2.663694107142848821e-01
1.099540000000000006e+01 -2.573424107142852080e-01
1.103069999999999951e+01 -1.911084107142855260e-01
1.106599999999999895e+01 -1.159514107142847195e-01
1.110140000000000171e+01 -8.276441071428486396e-02
1.113670000000000115e+01 -9.984341071428559644e-02
1.117200000000000060e+01 -1.306324107142859958e-01
1.120739999999999981e+01 -1.217234107142850519e-01
1.124269999999999925e+01 -5.027841071428440500e-02
1.127799999999999869e+01 5.750858928571389583e-02
1.131340000000000146e+01 1.442245892857147993e-01
1.134870000000000090e+01 1.663465892857143302e-01
1.138400000000000034e+01 1.255455892857142430e-01
1.141929999999999978e+01 7.390058928571541230e-02
1.145469999999999899e+01 6.293058928571504396e-02
1.148999999999999844e+01 1.039965892857139806e-01
1.152530000000000143e+01 1.526575892857149341e-01
1.156070000000000064e+01 1.467375892857152309e-01
1.159600000000000009e+01 5.785258928571401782e-02
1.163129999999999953e+01 -7.529941071428503108e-02
1.166669999999999874e+01 -1.715924107142861033e-01
1.170200000000000173e+01 -1.673714107142849628e-01
1.173730000000000118e+01 -6.565341071428498765e-02
1.177260000000000062e+01 6.039958928571564911e-02
1.180799999999999983e+01 1.117725892857155401e-01
1.184329999999999927e+01 2.384958928571556669e-02
1.187859999999999872e+01 -1.930194107142852999e-01
1.191400000000000148e+01 -4.493784107142850814e-01
1.194930000000000092e+01 -6.001424107142856457e-01
1.198460000000000036e+01 -4.780884107142853168e-01
1.201999999999999957e+01 6.756758928571393596e-02
1.205529999999999902e+01 1.123869589285714454e+00
1.209059999999999846e+01 2.674822589285714258e+00
1.212590000000000146e+01 4.590217589285714439e+00
1.216130000000000067e+01 6.657178589285715375e+00
1.219660000000000011e+01 8.641351589285713786e+00
1.223189999999999955e+01 1.035156958928571491e+01
1.226729999999999876e+01 1.168324758928571505e+01
1.230260000000000176e+01 1.261851058928571412e+01
1.233790000000000120e+01 1.321193358928571548e+01
1.237330000000000041e+01 1.354995958928571476e+01
1.240859999999999985e+01 1.372032558928571611e+01
1.244389999999999930e+01 1.379417658928571377e+01
1.247919999999999874e+01 1.382192058928571576e+01
1.251460000000000150e+01 1.382857658928571531e+01
1.254990000000000094e+01 1.382800358928571605e+01
