# r_minus_2Rs_A, PMF_over_kBT
-7.005999999999996675e-01 1.488609817543859748e+01
-6.653999999999999915e-01 1.468400817543859738e+01
-6.301000000000005485e-01 1.426210817543859655e+01
-5.947999999999993292e-01 1.347646317543859773e+01
-5.594999999999998863e-01 1.217438617543859714e+01
-5.242000000000004434e-01 1.025671217543859726e+01
-4.888999999999992241e-01 7.746183175438596358e+00
-4.535999999999997812e-01 4.819665175438595739e+00
-4.183000000000003382e-01 1.782928175438596607e+00
-3.831000000000006622e-01 -1.024253824561403459e+00
-3.477999999999994429e-01 -3.339922824561403658e+00
-3.125000000000000000e-01 -5.045677824561403568e+00
-2.772000000000005571e-01 -6.168753824561403754e+00
-2.418999999999993378e-01 -6.832389824561404090e+00
-2.065999999999998948e-01 -7.190809824561403829e+00
-1.713000000000004519e-01 -7.377764824561404033e+00
-1.359999999999992326e-01 -7.477461824561403958e+00
-1.007999999999995566e-01 -7.517860824561403810e+00
-6.550000000000011369e-02 -7.495245824561403758e+00
-3.020000000000067075e-02 -7.402354824561403923e+00
5.100000000000548539e-03 -7.246266824561403475e+00
4.039999999999999147e-02 -7.058086824561404349e+00
7.569999999999943441e-02 -6.870587824561403600e+00
1.110000000000006537e-01 -6.700838824561404117e+00
1.463000000000000966e-01 -6.541176824561404146e+00
1.814999999999997726e-01 -6.373507824561404078e+00
2.167999999999992156e-01 -6.191260824561403808e+00
2.521000000000004349e-01 -6.006082824561404188e+00
2.873999999999998778e-01 -5.828264824561403934e+00
3.226999999999993207e-01 -5.659511824561404225e+00
3.580000000000005400e-01 -5.494588824561404294e+00
3.932999999999999829e-01 -5.328131824561403995e+00
4.285999999999994259e-01 -5.159641824561403745e+00
4.639000000000006452e-01 -4.991860824561404009e+00
4.991000000000003212e-01 -4.828053824561403751e+00
5.343999999999997641e-01 -4.668442824561403803e+00
5.696999999999992070e-01 -4.510364824561404085e+00
6.050000000000004263e-01 -4.354238824561403653e+00
6.402999999999998693e-01 -4.203144824561404036e+00
6.755999999999993122e-01 -4.055826824561403754e+00
7.109000000000005315e-01 -3.904359824561403514e+00
7.461999999999999744e-01 -3.742587824561403487e+00
7.813999999999996504e-01 -3.571045824561403403e+00
8.167000000000008697e-01 -3.400130824561403475e+00
8.520000000000003126e-01 -3.240904824561403608e+00
8.872999999999997556e-01 -3.092668824561403351e+00
9.225999999999991985e-01 -2.944262824561403313e+00
9.579000000000004178e-01 -2.784684824561403538e+00
9.931999999999998607e-01 -2.614465824561403640e+00
1.028499999999999304e+00 -2.449694824561403639e+00
1.063700000000000756e+00 -2.313399824561403584e+00
1.099000000000000199e+00 -2.210734824561403578e+00
1.134299999999999642e+00 -2.120278824561403486e+00
1.169600000000000861e+00 -2.012033824561403783e+00
1.204900000000000304e+00 -1.867428824561403466e+00
1.240199999999999747e+00 -1.699003824561403420e+00
1.275499999999999190e+00 -1.538611824561403552e+00
1.310800000000000409e+00 -1.412530824561403442e+00
1.346000000000000085e+00 -1.320041824561403399e+00
1.381299999999999528e+00 -1.235677824561403515e+00
1.416600000000000747e+00 -1.131062824561403390e+00
1.451900000000000190e+00 -9.969668245614035085e-01
1.487199999999999633e+00 -8.474278245614034200e-01
1.522500000000000853e+00 -7.050978245614034634e-01
1.557800000000000296e+00 -5.869168245614034829e-01
1.593099999999999739e+00 -4.897768245614035343e-01
1.628399999999999181e+00 -3.976888245614035311e-01
1.663600000000000634e+00 -2.930868245614035028e-01
1.698900000000000077e+00 -1.675388245614035099e-01
1.734199999999999520e+00 -3.196582456140351081e-02
1.769500000000000739e+00 9.232817543859647702e-02
1.804800000000000182e+00 1.907091754385964733e-01
1.840099999999999625e+00 2.659061754385964593e-01
1.875400000000000844e+00 3.386841754385964687e-01
1.910700000000000287e+00 4.271491754385964845e-01
1.945899999999999963e+00 5.390691754385965595e-01
1.981199999999999406e+00 6.680501754385965718e-01
2.016500000000000625e+00 8.030891754385965919e-01
2.051800000000000068e+00 9.303121754385965669e-01
2.087099999999999511e+00 1.034538175438596497e+00
2.122400000000000730e+00 1.103378175438596509e+00
2.157700000000000173e+00 1.136718175438596434e+00
2.192999999999999616e+00 1.156510175438596466e+00
2.228199999999999292e+00 1.202503175438596639e+00
2.263500000000000512e+00 1.302165175438596556e+00
2.298799999999999955e+00 1.453905175438596542e+00
2.334099999999999397e+00 1.617943175438596448e+00
2.369400000000000617e+00 1.747121175438596463e+00
2.404700000000000060e+00 1.818896175438596607e+00
2.439999999999999503e+00 1.843923175438596518e+00
2.475300000000000722e+00 1.856438175438596572e+00
2.510600000000000165e+00 1.883458175438596616e+00
2.545799999999999841e+00 1.928455175438596569e+00
2.581099999999999284e+00 1.976481175438596694e+00
2.616400000000000503e+00 2.012367175438596334e+00
2.651699999999999946e+00 2.039919175438596355e+00
2.686999999999999389e+00 2.071915175438596712e+00
2.722300000000000608e+00 2.116177175438596514e+00
2.757600000000000051e+00 2.163717175438596652e+00
2.792899999999999494e+00 2.192784175438596606e+00
2.828099999999999170e+00 2.194118175438596552e+00
2.863400000000000389e+00 2.175892175438596698e+00
2.898699999999999832e+00 2.159033175438596519e+00
2.933999999999999275e+00 2.155957175438596440e+00
2.969300000000000495e+00 2.156914175438596537e+00
3.004599999999999937e+00 2.143604175438596382e+00
3.039899999999999380e+00 2.103820175438596340e+00
3.075200000000000600e+00 2.050807175438596364e+00
3.110400000000000276e+00 2.012197175438596553e+00
3.145699999999999719e+00 2.003416175438596625e+00
3.180999999999999162e+00 2.015687175438596324e+00
3.216300000000000381e+00 2.023972175438596643e+00
3.251599999999999824e+00 2.010393175438596636e+00
3.286899999999999267e+00 1.979184175438596593e+00
3.322200000000000486e+00 1.952057175438596470e+00
3.357499999999999929e+00 1.951256175438596641e+00
3.392699999999999605e+00 1.984328175438596631e+00
3.428000000000000824e+00 2.039183175438596507e+00
3.463300000000000267e+00 2.093855175438596561e+00
3.498599999999999710e+00 2.124544175438596749e+00
3.533899999999999153e+00 2.125780175438596320e+00
3.569200000000000372e+00 2.109161175438596381e+00
3.604499999999999815e+00 2.097453175438596329e+00
3.639799999999999258e+00 2.108908175438596544e+00
3.675100000000000477e+00 2.143742175438596576e+00
3.710300000000000153e+00 2.182827175438596612e+00
3.745599999999999596e+00 2.198428175438596366e+00
3.780900000000000816e+00 2.179238175438596326e+00
3.816200000000000259e+00 2.140070175438596678e+00
3.851499999999999702e+00 2.112628175438596489e+00
3.886799999999999145e+00 2.119165175438596727e+00
3.922100000000000364e+00 2.157319175438596748e+00
3.957399999999999807e+00 2.197611175438596742e+00
3.992599999999999483e+00 2.202209175438596400e+00
4.027899999999998926e+00 2.160801175438596733e+00
4.063199999999998369e+00 2.095906175438596364e+00
4.098500000000001364e+00 2.052717175438596442e+00
4.133800000000000807e+00 2.062818175438596580e+00
4.169100000000000250e+00 2.119153175438596381e+00
4.204399999999999693e+00 2.178065175438596679e+00
4.239699999999999136e+00 2.199333175438596744e+00
4.274899999999998812e+00 2.172067175438596731e+00
4.310199999999998255e+00 2.119433175438596439e+00
4.345500000000001251e+00 2.075836175438596332e+00
4.380800000000000693e+00 2.061980175438596685e+00
4.416100000000000136e+00 2.073992175438596597e+00
4.451399999999999579e+00 2.099823175438596756e+00
4.486699999999999022e+00 2.126059175438596682e+00
4.521999999999998465e+00 2.144271175438596355e+00
4.557200000000001694e+00 2.145319175438596737e+00
4.592500000000001137e+00 2.123287175438596464e+00
4.627800000000000580e+00 2.081855175438596550e+00
4.663100000000000023e+00 2.038033175438596523e+00
4.698399999999999466e+00 2.010893175438596359e+00
4.733699999999998909e+00 2.005248175438596459e+00
4.768999999999998352e+00 2.000231175438596409e+00
4.804300000000001347e+00 1.967499175438596648e+00
4.839600000000000790e+00 1.891958175438596568e+00
4.874800000000000466e+00 1.791629175438596455e+00
4.910099999999999909e+00 1.711462175438596578e+00
4.945399999999999352e+00 1.686024175438596506e+00
4.980699999999998795e+00 1.711684175438596522e+00
5.015999999999998238e+00 1.742456175438596544e+00
5.051300000000001234e+00 1.722973175438596627e+00
5.086600000000000676e+00 1.630996175438596429e+00
5.121900000000000119e+00 1.495964175438596611e+00
5.157099999999999795e+00 1.381365175438596493e+00
5.192399999999999238e+00 1.332197175438596615e+00
5.227699999999998681e+00 1.346688175438596646e+00
5.263000000000001677e+00 1.378562175438596604e+00
5.298300000000001120e+00 1.374955175438596466e+00
5.333600000000000563e+00 1.311047175438596613e+00
5.368900000000000006e+00 1.206998175438596554e+00
5.404199999999999449e+00 1.102399175438596446e+00
5.439399999999999125e+00 1.031476175438596599e+00
5.474699999999998568e+00 1.005076175438596620e+00
5.510000000000001563e+00 1.006982175438596583e+00
5.545300000000001006e+00 1.006186175438596564e+00
5.580600000000000449e+00 9.828471754385965653e-01
5.615899999999999892e+00 9.367501754385965107e-01
5.651199999999999335e+00 8.802401754385965615e-01
5.686499999999998778e+00 8.293761754385965412e-01
5.721699999999998454e+00 7.858901754385965166e-01
5.757000000000001450e+00 7.409411754385964999e-01
5.792300000000000892e+00 6.854321754385965804e-01
5.827600000000000335e+00 6.223531754385965842e-01
5.862899999999999778e+00 5.664391754385965649e-01
5.898199999999999221e+00 5.289131754385965056e-01
5.933499999999998664e+00 5.107801754385965509e-01
5.968800000000001660e+00 5.020301754385965154e-01
6.004100000000001103e+00 4.928621754385965059e-01
6.039300000000000779e+00 4.785851754385965218e-01
6.074600000000000222e+00 4.579091754385964941e-01
6.109899999999999665e+00 4.276991754385964795e-01
6.145199999999999108e+00 3.861321754385964589e-01
6.180499999999998550e+00 3.395381754385964901e-01
6.215800000000001546e+00 3.009461754385964749e-01
6.251100000000000989e+00 2.820941754385964950e-01
6.286400000000000432e+00 2.800951754385964665e-01
6.321600000000000108e+00 2.813851754385964798e-01
6.356899999999999551e+00 2.729661754385964700e-01
6.392199999999998994e+00 2.565261754385964599e-01
6.427499999999998437e+00 2.465551754385965078e-01
6.462800000000001432e+00 2.552901754385965005e-01
6.498100000000000875e+00 2.775141754385964665e-01
6.533400000000000318e+00 2.979661754385964922e-01
6.568699999999999761e+00 2.952921754385964825e-01
6.603899999999999437e+00 2.642541754385964725e-01
6.639199999999998880e+00 2.193171754385964678e-01
6.674499999999998323e+00 1.859481754385964858e-01
6.709800000000001319e+00 1.827451754385964744e-01
6.745100000000000762e+00 2.055211754385964928e-01
6.780400000000000205e+00 2.367251754385965024e-01
6.815699999999999648e+00 2.584461754385964927e-01
6.850999999999999091e+00 2.658781754385964868e-01
6.886199999999998766e+00 2.706461754385964813e-01
6.921500000000001762e+00 2.862721754385965101e-01
6.956800000000001205e+00 3.158081754385964612e-01
6.992100000000000648e+00 3.497421754385964809e-01
7.027400000000000091e+00 3.761901754385965080e-01
7.062699999999999534e+00 3.906371754385964956e-01
7.097999999999998977e+00 4.029181754385964820e-01
7.133299999999998420e+00 4.203511754385964583e-01
7.168600000000001415e+00 4.413851754385964554e-01
7.203800000000001091e+00 4.559981754385964980e-01
7.239100000000000534e+00 4.580171754385964911e-01
7.274399999999999977e+00 4.479461754385964944e-01
7.309699999999999420e+00 4.348871754385965072e-01
7.344999999999998863e+00 4.285541754385964741e-01
7.380299999999998306e+00 4.314751754385964810e-01
7.415600000000001302e+00 4.389571754385964697e-01
7.450900000000000745e+00 4.414041754385965022e-01
7.486100000000000421e+00 4.336221754385964910e-01
7.521399999999999864e+00 4.105161754385964756e-01
7.556699999999999307e+00 3.814351754385965076e-01
7.591999999999998749e+00 3.640631754385965091e-01
7.627300000000001745e+00 3.740781754385965052e-01
7.662600000000001188e+00 4.112911754385965013e-01
7.697900000000000631e+00 4.567491754385964997e-01
7.733200000000000074e+00 4.841231754385964536e-01
7.768399999999999750e+00 4.794201754385964409e-01
7.803699999999999193e+00 4.533371754385964736e-01
7.838999999999998636e+00 4.284951754385964984e-01
7.874300000000001631e+00 4.200381754385965061e-01
7.909600000000001074e+00 4.204961754385964645e-01
7.944900000000000517e+00 4.097181754385965102e-01
7.980199999999999960e+00 3.763481754385964995e-01
8.015499999999999403e+00 3.307891754385964833e-01
8.050699999999999079e+00 2.915071754385964997e-01
8.085999999999998522e+00 2.696211754385964832e-01
8.121300000000001518e+00 2.616381754385964653e-01
8.156600000000000961e+00 2.545401754385964721e-01
8.191900000000000404e+00 2.419621754385964940e-01
8.227199999999999847e+00 2.317981754385964877e-01
8.262499999999999289e+00 2.384501754385964789e-01
8.297799999999998732e+00 2.653141754385964779e-01
8.333100000000001728e+00 2.976031754385964900e-01
8.368300000000001404e+00 3.104911754385965006e-01
8.403600000000000847e+00 2.862801754385964625e-01
8.438900000000000290e+00 2.292191754385964897e-01
8.474199999999999733e+00 1.567331754385964948e-01
8.509499999999999176e+00 9.774317543859648016e-02
8.544799999999998619e+00 7.264617543859649973e-02
8.580100000000001614e+00 8.265717543859649186e-02
8.615400000000001057e+00 1.109561754385964827e-01
8.650600000000000733e+00 1.334541754385964729e-01
8.685900000000000176e+00 1.332581754385964712e-01
8.721199999999999619e+00 1.076041754385964888e-01
8.756499999999999062e+00 6.605417543859648521e-02
8.791799999999998505e+00 2.710517543859648770e-02
8.827100000000001501e+00 1.281175438596487970e-03
8.862400000000000944e+00 -1.009982456140351079e-02
8.897700000000000387e+00 -8.078824561403508825e-03
8.932900000000000063e+00 1.486175438596491760e-03
8.968199999999999505e+00 7.561175438596488829e-03
9.003499999999998948e+00 5.331754385964893039e-04
9.038799999999998391e+00 -2.247482456140351137e-02
9.074100000000001387e+00 -5.236782456140351427e-02
9.109400000000000830e+00 -7.566882456140350266e-02
9.144700000000000273e+00 -7.936482456140350750e-02
9.179999999999999716e+00 -6.649482456140351494e-02
9.215299999999999159e+00 -4.951282456140351090e-02
9.250499999999998835e+00 -4.305382456140351144e-02
9.285799999999998278e+00 -4.711882456140351061e-02
9.321100000000001273e+00 -5.087082456140350900e-02
9.356400000000000716e+00 -4.888682456140350935e-02
9.391700000000000159e+00 -4.943282456140350722e-02
9.426999999999999602e+00 -6.728982456140350510e-02
9.462299999999999045e+00 -1.081658245614035008e-01
9.497599999999998488e+00 -1.564668245614035114e-01
9.532800000000001717e+00 -1.878358245614035194e-01
9.568100000000001160e+00 -1.855408245614035279e-01
9.603400000000000603e+00 -1.567508245614035178e-01
9.638700000000000045e+00 -1.331778245614035072e-01
9.673999999999999488e+00 -1.453158245614035171e-01
9.709299999999998931e+00 -1.991538245614035141e-01
9.744599999999998374e+00 -2.771058245614034798e-01
9.779900000000001370e+00 -3.502568245614035014e-01
9.815100000000001046e+00 -3.931358245614035019e-01
9.850400000000000489e+00 -3.941608245614035000e-01
9.885699999999999932e+00 -3.579938245614034953e-01
9.920999999999999375e+00 -3.026498245614034910e-01
9.956299999999998818e+00 -2.549778245614034988e-01
9.991599999999998261e+00 -2.348838245614035258e-01
1.002690000000000126e+01 -2.506948245614035176e-01
1.006220000000000070e+01 -2.916338245614035207e-01
1.009740000000000038e+01 -3.365158245614034982e-01
1.013269999999999982e+01 -3.600048245614035358e-01
1.016799999999999926e+01 -3.527678245614035424e-01
1.020329999999999870e+01 -3.266988245614035336e-01
1.023860000000000170e+01 -3.097788245614035429e-01
1.027390000000000114e+01 -3.207758245614035220e-01
1.030920000000000059e+01 -3.578688245614035091e-01
1.034450000000000003e+01 -4.008478245614034985e-01
1.037979999999999947e+01 -4.281108245614035357e-01
1.041499999999999915e+01 -4.338998245614035243e-01
1.045029999999999859e+01 -4.307138245614035021e-01
1.048560000000000159e+01 -4.356278245614035316e-01
1.052090000000000103e+01 -4.529058245614034917e-01
1.055620000000000047e+01 -4.694538245614034988e-01
1.059149999999999991e+01 -4.707188245614035149e-01
1.062679999999999936e+01 -4.622428245614035314e-01
1.066209999999999880e+01 -4.645528245614035101e-01
1.069729999999999848e+01 -4.944648245614035043e-01
1.073260000000000147e+01 -5.433618245614034725e-01
1.076790000000000092e+01 -5.835408245614034373e-01
1.080320000000000036e+01 -5.887748245614035092e-01
1.083849999999999980e+01 -5.521918245614034770e-01
1.087379999999999924e+01 -5.002598245614034989e-01
1.090909999999999869e+01 -4.705148245614035329e-01
1.094440000000000168e+01 -4.868458245614035174e-01
1.097960000000000136e+01 -5.413358245614035003e-01
1.101490000000000080e+01 -6.029098245614034068e-01
1.105020000000000024e+01 -6.392838245614034243e-01
1.108549999999999969e+01 -6.315658245614034216e-01
1.112079999999999913e+01 -5.886418245614034594e-01
1.115609999999999857e+01 -5.321748245614035255e-01
1.119140000000000157e+01 -4.884098245614035272e-01
1.122670000000000101e+01 -4.735278245614035209e-01
1.126190000000000069e+01 -4.883078245614035362e-01
1.129720000000000013e+01 -5.195528245614035034e-01
1.133249999999999957e+01 -5.431568245614034618e-01
1.136779999999999902e+01 -5.383548245614034888e-01
1.140309999999999846e+01 -5.021798245614035316e-01
1.143840000000000146e+01 -4.537828245614035083e-01
1.147370000000000090e+01 -4.296918245614035348e-01
1.150900000000000034e+01 -4.531578245614035216e-01
1.154429999999999978e+01 -5.206998245614035126e-01
1.157949999999999946e+01 -6.013108245614035008e-01
1.161479999999999890e+01 -6.596858245614034555e-01
1.165009999999999835e+01 -6.759838245614034902e-01
1.168540000000000134e+01 -6.542628245614034999e-01
1.172070000000000078e+01 -6.157838245614034589e-01
1.175600000000000023e+01 -5.753168245614034282e-01
1.179129999999999967e+01 -5.457998245614034127e-01
1.182659999999999911e+01 -5.414388245614034645e-01
1.186179999999999879e+01 -5.764658245614034948e-01
1.189709999999999823e+01 -6.649008245614034252e-01
1.193240000000000123e+01 -7.867868245614034750e-01
1.196770000000000067e+01 -8.518548245614034897e-01
1.200300000000000011e+01 -6.887538245614034382e-01
1.203829999999999956e+01 -9.154282456140350188e-02
1.207359999999999900e+01 1.082628175438596463e+00
1.210889999999999844e+01 2.827290175438596620e+00
1.214410000000000167e+01 4.959067175438596209e+00
1.217940000000000111e+01 7.180408175438595997e+00
1.221470000000000056e+01 9.195875175438596116e+00
1.225000000000000000e+01 1.080719917543859765e+01
1.228529999999999944e+01 1.195246917543859766e+01
1.232059999999999889e+01 1.268071317543859777e+01
1.235589999999999833e+01 1.309614617543859616e+01
1.239120000000000132e+01 1.330783517543859773e+01
1.242640000000000100e+01 1.340095417543859746e+01
1.246170000000000044e+01 1.343675817543859630e+01
1.249699999999999989e+01 1.344605317543859613e+01
1.253229999999999933e+01 1.344654217543859787e+01
1.256759999999999877e+01 1.344455617543859738e+01
