# r_minus_2Rs_A, PMF_over_kBT
-5.775000000000000355e+00 1.995450647347859530e+01
-5.724999999999999645e+00 2.045010677482224892e+01
-5.674999999999999822e+00 2.083153565096377235e+01
-5.625000000000000000e+00 2.114542487626452072e+01
-5.575000000000000178e+00 2.141350191584348295e+01
-5.525000000000000355e+00 2.164806778785131058e+01
-5.474999999999999645e+00 2.185689279028384036e+01
-5.424999999999999822e+00 2.204524868424485362e+01
-5.375000000000000000e+00 2.221689835864871654e+01
-5.325000000000000178e+00 2.237463223930250322e+01
-5.275000000000000355e+00 2.252058241751871748e+01
-5.224999999999999645e+00 2.265641775943520031e+01
-5.174999999999999822e+00 2.278347085122247151e+01
-5.125000000000000000e+00 2.290282376570676348e+01
-5.075000000000000178e+00 2.301536784733618646e+01
-5.025000000000000355e+00 2.312184650027381139e+01
-4.974999999999999645e+00 2.322288651177112939e+01
-4.924999999999999822e+00 2.331902143651932136e+01
-4.875000000000000000e+00 2.341070935654158092e+01
-4.824999999999999289e+00 2.349834657580459307e+01
-4.775000000000000355e+00 2.358227832395501622e+01
-4.724999999999999645e+00 2.366280722456630770e+01
-4.674999999999999822e+00 2.374020006860461507e+01
-4.625000000000000000e+00 2.381469328645092531e+01
-4.574999999999999289e+00 2.388649740881659866e+01
-4.525000000000000355e+00 2.395580073372241969e+01
-4.474999999999999645e+00 2.402277236396184534e+01
-4.424999999999999822e+00 2.408756474092299271e+01
-4.375000000000000000e+00 2.415031577212472769e+01
-4.324999999999999289e+00 2.421115062847959365e+01
-4.275000000000000355e+00 2.427018327115457197e+01
-4.224999999999999645e+00 2.432751775557217755e+01
-4.174999999999999822e+00 2.438324935059243259e+01
-4.125000000000000000e+00 2.443746550352987157e+01
-4.074999999999999289e+00 2.449024667587242021e+01
-4.025000000000000355e+00 2.454166707000059944e+01
-3.974999999999999645e+00 2.459179526357369383e+01
-3.924999999999999822e+00 2.464069476534383796e+01
-3.875000000000000000e+00 2.468842450381894338e+01
-3.825000000000000178e+00 2.473503925830064176e+01
-3.774999999999999911e+00 2.478059004028002477e+01
-3.724999999999999645e+00 2.482512443191046358e+01
-3.674999999999999822e+00 2.486868688723733101e+01
-3.625000000000000000e+00 2.491131900100489105e+01
-3.574999999999999734e+00 2.495305974914697345e+01
-3.524999999999999911e+00 2.499394570447282860e+01
-3.474999999999999645e+00 2.503401123056096012e+01
-3.424999999999999822e+00 2.507328865645479965e+01
-3.375000000000000000e+00 2.511180843440016730e+01
-3.324999999999999734e+00 2.514959928256519461e+01
-3.274999999999999911e+00 2.518668831442858291e+01
-3.224999999999999645e+00 2.522310115630514815e+01
-3.174999999999999822e+00 2.525886205429197062e+01
-3.125000000000000000e+00 2.529399397175903275e+01
-3.074999999999999734e+00 2.532851867837135984e+01
-3.024999999999999911e+00 2.536245683151132368e+01
-2.974999999999999645e+00 2.539582805086736172e+01
-2.924999999999999822e+00 2.542865098686688441e+01
-2.875000000000000000e+00 2.546094338355354125e+01
-2.824999999999999734e+00 2.549272213644215057e+01
-2.774999999999999911e+00 2.552400334582546648e+01
-2.724999999999999645e+00 2.555480236595564492e+01
-2.674999999999999822e+00 2.558513385047801947e+01
-2.625000000000000000e+00 2.561501179445501819e+01
-2.574999999999999734e+00 2.564444957328306884e+01
-2.524999999999999911e+00 2.567345997877431074e+01
-2.474999999999999645e+00 2.570205525264771751e+01
-2.424999999999999822e+00 2.573024711764970718e+01
-2.375000000000000000e+00 2.575804680650306366e+01
-2.324999999999999734e+00 2.578546508886354260e+01
-2.274999999999999911e+00 2.581251229644669465e+01
-2.224999999999999645e+00 2.583919834647193881e+01
-2.174999999999999822e+00 2.586553276355753894e+01
-2.125000000000000000e+00 2.589152470018773400e+01
-2.074999999999999734e+00 2.591718295586237630e+01
-2.024999999999999911e+00 2.594251599502969441e+01
-1.974999999999999645e+00 2.596753196389377294e+01
-1.924999999999999822e+00 2.599223870618056509e+01
-1.875000000000000000e+00 2.601664377793894189e+01
-1.824999999999999289e+00 2.604075446144680228e+01
-1.775000000000000355e+00 2.606457777828651956e+01
-1.724999999999999645e+00 2.608812050164852891e+01
-1.674999999999999822e+00 2.611138916791713882e+01
-1.625000000000000000e+00 2.613439008758829374e+01
-1.574999999999999289e+00 2.615712935556495466e+01
-1.525000000000000355e+00 2.617961286087228245e+01
-1.474999999999999645e+00 2.620184629583135916e+01
-1.424999999999999822e+00 2.622383516472738307e+01
-1.375000000000000000e+00 2.624558479200532091e+01
-1.324999999999999289e+00 2.626710033002363787e+01
-1.275000000000000355e+00 2.628838676639445993e+01
-1.224999999999999645e+00 2.630944893093633041e+01
-1.174999999999998934e+00 2.633029150226380111e+01
-1.125000000000000000e+00 2.635091901403650283e+01
-1.074999999999999289e+00 2.637133586088854287e+01
-1.025000000000000355e+00 2.639154630405761282e+01
-9.749999999999996447e-01 2.641155447673202872e+01
-9.249999999999989342e-01 2.643136438913233022e+01
-8.750000000000000000e-01 2.645097993334320208e+01
-8.249999999999992895e-01 2.647040488791031976e+01
-7.750000000000003553e-01 2.648964292221562644e+01
-7.249999999999996447e-01 2.650869760064380642e+01
-6.749999999999989342e-01 2.652757238655183158e+01
-6.250000000000000000e-01 2.654627064605250553e+01
-5.749999999999992895e-01 2.656479565162258893e+01
-5.250000000000003553e-01 2.279863818086735705e+01
-4.749999999999996447e-01 1.875179805867429650e+01
-4.249999999999989342e-01 1.445821530424799128e+01
-3.750000000000000000e-01 1.002514984937107201e+01
-3.249999999999992895e-01 5.496957236873624808e+00
-2.750000000000003553e-01 9.288865948858142652e-01
-2.249999999999996447e-01 -3.662219174809921540e+00
-1.749999999999989342e-01 -4.463789966793947350e+00
-1.250000000000000000e-01 -4.970169213777307249e+00
-7.499999999999928946e-02 -5.212578530444886837e+00
-2.500000000000035527e-02 -5.299218339646284193e+00
2.500000000000035527e-02 -5.276853968357513303e+00
7.500000000000106581e-02 -5.194880294792532993e+00
1.250000000000000000e-01 -5.073882928746540344e+00
1.750000000000007105e-01 -4.943243245176240031e+00
2.249999999999996447e-01 -4.812732063258536641e+00
2.750000000000003553e-01 -4.685215595045894688e+00
3.250000000000010658e-01 -4.556097059021457341e+00
3.750000000000000000e-01 -4.424069507506888321e+00
4.250000000000007105e-01 -4.296810340559773955e+00
4.749999999999996447e-01 -4.165615028867018843e+00
5.250000000000003553e-01 -4.042673853854456212e+00
5.750000000000010658e-01 -3.918541214343412626e+00
6.250000000000000000e-01 -3.795287880691127214e+00
6.750000000000007105e-01 -3.673261500314665362e+00
7.249999999999996447e-01 -3.555397566680985388e+00
7.750000000000003553e-01 -3.442404550927283147e+00
8.250000000000010658e-01 -3.333295514018047356e+00
8.750000000000000000e-01 -3.225963516155705868e+00
9.250000000000007105e-01 -3.112523206539520082e+00
9.749999999999996447e-01 -2.996382983946185075e+00
1.025000000000000355e+00 -2.895471713712355566e+00
1.075000000000001066e+00 -2.776509962199568360e+00
1.125000000000000000e+00 -2.666736913837972178e+00
1.175000000000000711e+00 -2.566640648434709959e+00
1.224999999999999645e+00 -2.453334632293399764e+00
1.275000000000000355e+00 -2.363259363615657804e+00
1.325000000000001066e+00 -2.278010175482102717e+00
1.375000000000000000e+00 -2.179977845610943987e+00
1.425000000000000711e+00 -2.104904668460977568e+00
1.474999999999999645e+00 -2.005071583848696992e+00
1.525000000000000355e+00 -1.909873922759798504e+00
1.575000000000001066e+00 -1.823476250387662478e+00
1.625000000000000000e+00 -1.734172075238392008e+00
1.675000000000000711e+00 -1.632744849021422473e+00
1.724999999999999645e+00 -1.545301207016487099e+00
1.775000000000000355e+00 -1.428266095420115400e+00
1.825000000000001066e+00 -1.375281886660212338e+00
1.875000000000000000e+00 -1.314309632828322139e+00
1.925000000000000711e+00 -1.256702661350475037e+00
1.974999999999999645e+00 -1.172181589297978110e+00
2.025000000000000355e+00 -1.113393286103230517e+00
2.074999999999999289e+00 -1.040365056325665005e+00
2.125000000000000000e+00 -9.988871431276982182e-01
2.175000000000000711e+00 -9.065368811977940755e-01
2.225000000000001421e+00 -8.120812681627681551e-01
2.275000000000000355e+00 -7.231301317627845116e-01
2.324999999999999289e+00 -6.762262048601664910e-01
2.375000000000000000e+00 -6.099234231384684790e-01
2.425000000000000711e+00 -5.579976717645628304e-01
2.475000000000001421e+00 -5.004555263390826347e-01
2.525000000000000355e+00 -4.466549473490056821e-01
2.574999999999999289e+00 -3.952140745987597903e-01
2.625000000000000000e+00 -3.393701165883086235e-01
2.675000000000000711e+00 -2.606644696810194173e-01
2.725000000000001421e+00 -2.115814073803277684e-01
2.775000000000000355e+00 -1.806143207599463785e-01
2.824999999999999289e+00 -1.531530199859683639e-01
2.875000000000000000e+00 -1.259627354313747061e-01
2.925000000000000711e+00 -9.292824804281758777e-02
2.975000000000001421e+00 -1.025696124639627754e-01
3.025000000000000355e+00 -8.687305577910489629e-02
3.074999999999999289e+00 -6.724795308533237925e-02
3.125000000000000000e+00 -6.704595157141005762e-03
3.175000000000000711e+00 -3.429192846140138168e-03
3.225000000000001421e+00 1.170639264310326805e-02
3.275000000000000355e+00 6.216592585819110187e-03
3.324999999999999289e+00 3.501251091782492386e-02
3.375000000000000000e+00 -1.012909687394726935e-02
3.425000000000000711e+00 -1.874945866374590903e-02
3.475000000000001421e+00 -4.618189349755702500e-02
3.525000000000000355e+00 -5.206585481561428613e-02
3.575000000000001066e+00 -6.907517729435903864e-02
3.625000000000000000e+00 -6.279843326557635330e-02
3.675000000000000711e+00 -6.926075070594960026e-02
3.725000000000001421e+00 -3.745307492209068445e-02
3.775000000000000355e+00 -2.061111917733247922e-02
3.825000000000001066e+00 -2.070642327692188284e-02
3.875000000000000000e+00 4.621531267190955895e-03
3.925000000000000711e+00 1.353805038744505980e-02
3.975000000000001421e+00 1.436954940242074485e-02
4.025000000000000355e+00 3.847554766417234096e-02
4.075000000000001066e+00 6.802696249227428715e-02
4.125000000000000000e+00 6.753475011166290565e-02
4.175000000000000711e+00 7.863561184181731833e-02
4.225000000000001421e+00 7.662739327084697183e-02
4.275000000000000355e+00 8.288572179884061419e-02
4.325000000000001066e+00 1.087852062185675622e-01
4.375000000000000000e+00 9.719863982133172819e-02
4.425000000000000711e+00 6.998220220777033596e-02
4.475000000000001421e+00 8.465505813040001548e-02
4.525000000000000355e+00 9.293208106846152783e-02
4.575000000000001066e+00 1.397788990459602199e-01
4.625000000000000000e+00 1.503704628806032395e-01
4.675000000000000711e+00 1.461452395029555207e-01
4.725000000000001421e+00 1.626362131297011959e-01
4.775000000000000355e+00 2.046310137764544290e-01
4.825000000000001066e+00 2.333385370087332211e-01
4.875000000000000000e+00 2.744335764016518908e-01
4.925000000000000711e+00 2.821434624112312273e-01
4.975000000000001421e+00 2.972051931300452310e-01
5.025000000000000355e+00 3.199126092766719776e-01
5.075000000000001066e+00 3.364836731041737639e-01
5.125000000000000000e+00 3.228899993326621032e-01
5.175000000000000711e+00 3.204246732101285744e-01
5.225000000000001421e+00 2.987239897334086347e-01
5.275000000000000355e+00 3.005048086104257221e-01
5.325000000000001066e+00 3.233344722950367567e-01
5.375000000000000000e+00 2.810493940799854151e-01
5.425000000000000711e+00 2.683531268855202101e-01
5.475000000000001421e+00 2.782536187153067386e-01
5.525000000000000355e+00 2.653214212748051803e-01
5.575000000000001066e+00 2.519585668695939473e-01
5.625000000000000000e+00 2.229926518015040993e-01
5.675000000000000711e+00 1.881620016449827570e-01
5.725000000000001421e+00 2.059960519856871008e-01
5.775000000000000355e+00 2.069583937328114132e-01
5.825000000000001066e+00 1.830883233025402679e-01
5.875000000000000000e+00 1.404561770129595655e-01
5.925000000000000711e+00 1.415325307308266944e-01
5.975000000000001421e+00 1.227932533823672540e-01
6.025000000000000355e+00 9.478790977486033220e-02
6.075000000000001066e+00 4.876226857501591433e-02
6.125000000000000000e+00 2.019457779079075060e-02
6.175000000000000711e+00 -1.761413695428767391e-03
6.225000000000001421e+00 -9.930782215376304442e-03
6.275000000000000355e+00 -4.763092813070128606e-02
6.325000000000001066e+00 -6.000205270128006196e-02
6.375000000000000000e+00 -5.567388115394196479e-02
6.425000000000000711e+00 -4.614361523723965047e-02
6.475000000000001421e+00 -7.256268007368127382e-02
6.525000000000000355e+00 -8.230915734013322105e-02
6.575000000000001066e+00 -8.221934478461738471e-02
6.625000000000000000e+00 -1.018010302472713985e-01
6.675000000000000711e+00 -1.319039030472701768e-01
6.725000000000001421e+00 -1.202598524285671266e-01
6.775000000000000355e+00 -1.373533013772824385e-01
6.825000000000001066e+00 -1.295403145514174847e-01
6.875000000000000000e+00 -1.308105342097309887e-01
6.925000000000000711e+00 -1.496836002755436712e-01
6.975000000000001421e+00 -1.382503386785314259e-01
7.025000000000000355e+00 -1.323032964776153231e-01
7.075000000000001066e+00 -1.608811899414475666e-01
7.125000000000000000e+00 -1.695914839001161911e-01
7.175000000000000711e+00 -1.753701127683124361e-01
7.225000000000001421e+00 -1.798057851862025491e-01
7.275000000000000355e+00 -1.806804860783761679e-01
7.325000000000001066e+00 -1.744089236975199242e-01
7.375000000000000000e+00 -1.585821603157359372e-01
7.425000000000000711e+00 -1.557841870047028676e-01
7.475000000000001421e+00 -1.409921766318796010e-01
7.525000000000000355e+00 -1.364588404443282943e-01
7.575000000000001066e+00 -1.313641193185264844e-01
7.625000000000000000e+00 -1.078645739340340776e-01
7.675000000000000711e+00 -1.223821182713091954e-01
7.725000000000001421e+00 -1.222567021540379162e-01
7.775000000000000355e+00 -1.061076134263700121e-01
7.825000000000001066e+00 -8.094167922986171548e-02
7.875000000000000000e+00 -7.084659217259874076e-02
7.925000000000000711e+00 -4.746215523441702638e-02
7.975000000000001421e+00 -5.088017354393695180e-02
8.025000000000000355e+00 -3.607227098634676471e-02
8.075000000000001066e+00 -2.239202299394729007e-02
8.125000000000000000e+00 -2.010183318559301616e-02
8.175000000000000711e+00 -3.940905699457556560e-02
8.225000000000001421e+00 -4.245467080380700697e-02
8.275000000000000355e+00 -4.584210612029541998e-02
8.325000000000001066e+00 -5.542272287439027612e-02
8.375000000000000000e+00 -4.561354047408475859e-02
8.425000000000000711e+00 -4.228558383636434048e-02
8.475000000000001421e+00 -3.595393269810287507e-02
8.525000000000000355e+00 -2.175823735747377946e-02
8.575000000000001066e+00 -2.454856972035608740e-03
8.625000000000000000e+00 -9.113582804746962057e-03
8.675000000000000711e+00 3.239403985529853286e-02
8.725000000000001421e+00 2.922625920557285137e-02
8.775000000000000355e+00 2.185039512557653343e-02
8.825000000000001066e+00 1.408604734070983966e-02
8.875000000000000000e+00 1.740529142080633751e-02
8.925000000000000711e+00 1.007259055047374577e-02
8.975000000000001421e+00 2.505376925038481362e-02
9.025000000000000355e+00 -4.467037153033411555e-03
9.075000000000001066e+00 1.388022667502194878e-02
9.125000000000000000e+00 2.104314301757754732e-02
9.175000000000000711e+00 2.242975350643585525e-02
9.225000000000001421e+00 1.155928462094709709e-02
9.275000000000000355e+00 2.905023757231259968e-03
9.325000000000001066e+00 -1.217315250404509691e-02
9.375000000000000000e+00 7.957527717704799067e-03
9.425000000000000711e+00 -1.468623650731462268e-03
9.475000000000001421e+00 -8.414686322811299607e-03
9.525000000000000355e+00 -1.839014336928711593e-02
9.575000000000001066e+00 -1.195900368530925829e-02
9.625000000000000000e+00 -1.350002794729299183e-02
9.675000000000000711e+00 -1.884540976012338831e-02
9.725000000000001421e+00 -5.412155473732711830e-02
9.775000000000000355e+00 -6.897494495858504104e-02
9.825000000000001066e+00 -6.605288875000020488e-02
9.875000000000000000e+00 -3.378880077958688888e-02
9.925000000000000711e+00 1.381682678636916572e-01
9.975000000000001421e+00 6.232234995222958318e-01
1.002499999999999858e+01 1.093357559863209705e+00
1.007500000000000284e+01 1.563491620204122245e+00
1.012500000000000000e+01 2.033625680545035230e+00
