# r_minus_2Rs_A, PMF_over_kBT
-2.975000000000000089e+00 2.111368524000093316e+01
-2.925000000000000266e+00 2.160928554134458324e+01
-2.875000000000000000e+00 2.199071441748610312e+01
-2.825000000000000178e+00 2.230460364278685503e+01
-2.775000000000000355e+00 2.257268068236581726e+01
-2.725000000000000089e+00 2.280724655437364135e+01
-2.675000000000000266e+00 2.301607155680617467e+01
-2.625000000000000000e+00 2.320442745076718793e+01
-2.575000000000000178e+00 2.337607712517105440e+01
-2.525000000000000355e+00 2.353381100582483754e+01
-2.475000000000000089e+00 2.367976118404105179e+01
-2.425000000000000266e+00 2.381559652595753462e+01
-2.375000000000000000e+00 2.394264961774480582e+01
-2.325000000000000178e+00 2.406200253222910135e+01
-2.275000000000000355e+00 2.417454661385852077e+01
-2.225000000000000089e+00 2.428102526679614570e+01
-2.175000000000000266e+00 2.438206527829346371e+01
-2.125000000000000000e+00 2.447820020304165567e+01
-2.075000000000000178e+00 2.456988812306391168e+01
-2.024999999999999911e+00 2.465752534232692383e+01
-1.975000000000000089e+00 2.474145709047735053e+01
-1.925000000000000266e+00 2.482198599108863846e+01
-1.875000000000000000e+00 2.489937883512694938e+01
-1.825000000000000178e+00 2.497387205297325607e+01
-1.774999999999999911e+00 2.504567617533892943e+01
-1.725000000000000089e+00 2.511497950024475045e+01
-1.675000000000000266e+00 2.518195113048417610e+01
-1.625000000000000000e+00 2.524674350744532347e+01
-1.575000000000000178e+00 2.530949453864705845e+01
-1.524999999999999911e+00 2.537032939500192441e+01
-1.475000000000000089e+00 2.542936203767690273e+01
-1.425000000000000266e+00 2.548669652209451186e+01
-1.375000000000000000e+00 2.554242811711477046e+01
-1.325000000000000178e+00 2.559664427005220233e+01
-1.274999999999999911e+00 2.564942544239475097e+01
-1.225000000000000089e+00 2.570084583652293020e+01
-1.174999999999999822e+00 2.575097403009602459e+01
-1.125000000000000000e+00 2.579987353186616872e+01
-1.075000000000000178e+00 2.584760327034127414e+01
-1.025000000000000355e+00 2.589421802482297252e+01
-9.750000000000000888e-01 2.593976880680235553e+01
-9.249999999999998224e-01 2.598430319843279790e+01
-8.750000000000000000e-01 2.602786565375966177e+01
-8.250000000000001776e-01 2.607049776752722536e+01
-7.749999999999999112e-01 2.611223851566930776e+01
-7.250000000000000888e-01 2.615312447099516291e+01
-6.749999999999998224e-01 2.619318999708329443e+01
-6.250000000000000000e-01 2.623246742297713396e+01
-5.750000000000001776e-01 2.627098720092250161e+01
-5.249999999999999112e-01 2.630877804908752893e+01
-4.750000000000000888e-01 2.285841775365300776e+01
-4.249999999999998224e-01 1.912438105839666136e+01
-3.750000000000000000e-01 1.523274780658402960e+01
-3.250000000000001776e-01 1.127561803036975974e+01
-2.749999999999999112e-01 7.242630122466775511e+00
-2.250000000000000888e-01 3.187386434329705587e+00
-1.749999999999998224e-01 -8.741288604963330933e-01
-1.250000000000000000e-01 -1.448743111380985216e+00
-7.500000000000017764e-02 -1.730886239518835801e+00
-2.499999999999991118e-02 -1.849900743659784963e+00
2.499999999999991118e-02 -1.905683557374036496e+00
7.500000000000017764e-02 -1.873025198942134040e+00
1.250000000000000000e-01 -1.811475913640069990e+00
1.749999999999998224e-01 -1.733733718052422157e+00
2.250000000000000888e-01 -1.657140657519746485e+00
2.749999999999999112e-01 -1.611372244857738112e+00
3.250000000000001776e-01 -1.540532078963060547e+00
3.750000000000000000e-01 -1.441055761658394108e+00
4.249999999999998224e-01 -1.346983400808185127e+00
4.750000000000000888e-01 -1.264895821336827542e+00
5.249999999999999112e-01 -1.190206955398981137e+00
5.750000000000001776e-01 -1.116158911805105181e+00
6.250000000000000000e-01 -1.004251896198684602e+00
6.749999999999998224e-01 -9.540455498020921077e-01
7.250000000000000888e-01 -9.029004859170632891e-01
7.749999999999999112e-01 -8.596208448758435594e-01
8.250000000000001776e-01 -8.336363492995683133e-01
8.750000000000000000e-01 -7.875679307312226651e-01
9.249999999999998224e-01 -7.143050369456113158e-01
9.750000000000005329e-01 -6.460892846307043635e-01
1.024999999999999467e+00 -5.942040533643437872e-01
1.075000000000000178e+00 -5.553615963514381138e-01
1.125000000000000000e+00 -5.298253087747871737e-01
1.174999999999999822e+00 -4.705052264773419979e-01
1.225000000000000533e+00 -4.293468608755687255e-01
1.274999999999999467e+00 -3.953130560498144264e-01
1.325000000000000178e+00 -3.888889879317936060e-01
1.375000000000000000e+00 -3.467124714548426856e-01
1.424999999999999822e+00 -3.237151756099440059e-01
1.475000000000000533e+00 -2.865117995906125703e-01
1.524999999999999467e+00 -2.146293898311799619e-01
1.575000000000000178e+00 -1.909216470368508833e-01
1.625000000000000888e+00 -1.715749756904224876e-01
1.674999999999999822e+00 -1.320657820450970299e-01
1.725000000000000533e+00 -9.257302196100589131e-02
1.774999999999999467e+00 -4.631664210710732810e-02
1.825000000000000178e+00 -1.294760400258468912e-02
1.875000000000000888e+00 -2.066402643504122380e-02
1.924999999999999822e+00 -1.010128421452970160e-02
1.975000000000000533e+00 2.013964488624748680e-02
2.024999999999999467e+00 1.420084086873503459e-03
2.075000000000000178e+00 2.950031988955499965e-02
2.125000000000000888e+00 3.138197110311211069e-02
2.174999999999999822e+00 4.730621833849051050e-02
2.225000000000000533e+00 5.725722251911732202e-02
2.274999999999999467e+00 8.736045618962748338e-02
2.325000000000000178e+00 9.774006919050126641e-02
2.375000000000000888e+00 1.193808918815567888e-01
2.424999999999999822e+00 1.143377581512163982e-01
2.475000000000000533e+00 9.569612912311357966e-02
2.524999999999999467e+00 1.065373637181213640e-01
2.575000000000000178e+00 1.057276198298342379e-01
2.625000000000000888e+00 9.806660730262364845e-02
2.674999999999999822e+00 6.451643792232188146e-02
2.725000000000000533e+00 6.102758591261205762e-02
2.774999999999999467e+00 6.398311934955724922e-02
2.825000000000000178e+00 8.169348012864334485e-02
2.875000000000000888e+00 7.305750818789785717e-02
2.924999999999999822e+00 7.222288078857845572e-02
2.975000000000000533e+00 7.435315589388824531e-02
3.024999999999999467e+00 6.695001164525635207e-02
3.075000000000000178e+00 7.176393162232347356e-02
3.125000000000000888e+00 2.538213702410058864e-02
3.174999999999999822e+00 2.629135793429084739e-02
3.225000000000000533e+00 1.225748745543280352e-02
3.274999999999999467e+00 1.633049688905799032e-02
3.325000000000000178e+00 1.791499741140548455e-02
3.375000000000000888e+00 3.684901162570942273e-02
3.424999999999999822e+00 3.110520859060920268e-02
3.475000000000000533e+00 7.919329471508557150e-02
3.524999999999999467e+00 7.317870992879287051e-02
3.575000000000000178e+00 8.187970290539670071e-02
3.625000000000000888e+00 7.788803735161094199e-02
3.674999999999999822e+00 9.438193001118061476e-02
3.725000000000000533e+00 1.116881873942479619e-01
3.774999999999999467e+00 1.041790023889696548e-01
3.825000000000000178e+00 1.001275273177099079e-01
3.875000000000000888e+00 1.306345802579214066e-01
3.924999999999999822e+00 1.709390661513835452e-01
3.975000000000000533e+00 1.884773022910841700e-01
4.024999999999999467e+00 1.755315361257523965e-01
4.075000000000000178e+00 1.674410109965776550e-01
4.125000000000000888e+00 1.893504168921225084e-01
4.174999999999999822e+00 1.777756819836369129e-01
4.225000000000000533e+00 1.850601980290650372e-01
4.274999999999999467e+00 1.623552189093396270e-01
4.325000000000000178e+00 1.587650294121673022e-01
4.375000000000000888e+00 1.584684647917703471e-01
4.424999999999999822e+00 1.540828529441674588e-01
4.475000000000000533e+00 1.913714390389840425e-01
4.524999999999999467e+00 2.087566400133040179e-01
4.575000000000000178e+00 1.984015222497633180e-01
4.625000000000000888e+00 1.877281400668528999e-01
4.674999999999999822e+00 1.665313599875808404e-01
4.725000000000000533e+00 1.578898181093777997e-01
4.774999999999999467e+00 1.741057046753988757e-01
4.825000000000000178e+00 1.326825278908928818e-01
4.874999999999999112e+00 1.237245028119217938e-01
4.924999999999999822e+00 1.246943799461601166e-01
4.975000000000000533e+00 1.588749337463531142e-01
5.025000000000001243e+00 1.788307632811827752e-01
5.075000000000000178e+00 1.878946375319818785e-01
5.124999999999999112e+00 1.859277795524019727e-01
5.174999999999999822e+00 1.803190016420119224e-01
5.225000000000000533e+00 1.697471097760999414e-01
5.275000000000001243e+00 1.471313992749283261e-01
5.325000000000000178e+00 9.657025756487022661e-02
5.374999999999999112e+00 9.019205522047421542e-02
5.424999999999999822e+00 7.893789594409320043e-02
5.475000000000000533e+00 5.467229829567431254e-02
5.525000000000001243e+00 6.895292959064328042e-02
5.575000000000000178e+00 5.442834187778534255e-02
5.624999999999999112e+00 3.894421738715373588e-02
5.674999999999999822e+00 3.943978061093097315e-02
5.725000000000000533e+00 1.510076045064209782e-02
5.775000000000001243e+00 1.065768752533826323e-02
5.825000000000000178e+00 1.320124147403120042e-02
5.874999999999999112e+00 -2.675745254253733552e-02
5.924999999999999822e+00 -2.025981983209579687e-02
5.975000000000000533e+00 -2.728848871718486321e-02
6.025000000000001243e+00 -5.221451542765301324e-02
6.075000000000000178e+00 -5.654517012307801183e-02
6.124999999999999112e+00 -8.014383183330422988e-02
6.174999999999999822e+00 -1.032687102941130947e-01
6.225000000000000533e+00 -9.341411444231428884e-02
6.275000000000001243e+00 -1.172510212870028351e-01
6.325000000000000178e+00 -1.162128683169687954e-01
6.375000000000000888e+00 -9.344411916449946176e-02
6.424999999999999822e+00 -9.708916598428846134e-02
6.475000000000000533e+00 -8.191985559536200945e-02
6.525000000000001243e+00 -9.341018486916259633e-02
6.575000000000000178e+00 -1.011481901876925271e-01
6.625000000000000888e+00 -9.163650636778455927e-02
6.674999999999999822e+00 -8.475067681241543749e-02
6.725000000000000533e+00 -9.894498345919686133e-02
6.775000000000001243e+00 -9.929441576361763833e-02
6.825000000000000178e+00 -1.089321076896045543e-01
6.875000000000000888e+00 -1.051436377434977476e-01
6.924999999999999822e+00 -9.865129685614819344e-02
6.975000000000000533e+00 -1.029474203434334184e-01
7.025000000000001243e+00 -1.081222333355738169e-01
7.075000000000000178e+00 -1.137548134732648958e-01
7.125000000000000888e+00 -1.088074869927495303e-01
7.174999999999999822e+00 -1.055519540907170900e-01
7.225000000000000533e+00 -8.777017411259092905e-02
7.275000000000001243e+00 -8.349151165887405690e-02
7.325000000000000178e+00 -8.394820300534444613e-02
7.375000000000000888e+00 -8.384996102151719144e-02
7.424999999999999822e+00 -6.724741292145823557e-02
7.475000000000000533e+00 -6.755680742215311452e-02
7.525000000000001243e+00 -7.165493553041851760e-02
7.575000000000000178e+00 -8.613906676879817814e-02
7.625000000000000888e+00 -1.045391558754186767e-01
7.674999999999999822e+00 -1.010482705381621216e-01
7.725000000000000533e+00 -9.545973038056779214e-02
7.775000000000001243e+00 -1.090312597494905028e-01
7.825000000000000178e+00 -1.051572879750206357e-01
7.875000000000000888e+00 -1.008737776703744482e-01
7.924999999999999822e+00 -1.077384201013419918e-01
7.975000000000000533e+00 -1.024661376973553528e-01
8.025000000000002132e+00 -1.064107286071466485e-01
8.074999999999999289e+00 -1.155230561921095078e-01
8.125000000000000000e+00 -1.156538308023453976e-01
8.175000000000000711e+00 -1.280869821973820710e-01
8.225000000000001421e+00 -1.239274353328907591e-01
8.275000000000002132e+00 -1.159550373051778521e-01
8.324999999999999289e+00 -1.202093378618053487e-01
8.375000000000000000e+00 -1.092235304375310523e-01
8.425000000000000711e+00 -1.091862930941779886e-01
8.475000000000001421e+00 -1.083258451523915616e-01
8.525000000000002132e+00 -1.078570804993812249e-01
8.574999999999999289e+00 -1.262790638254314424e-01
8.625000000000000000e+00 -1.308658955843603477e-01
8.675000000000000711e+00 -1.282581769624353274e-01
8.725000000000001421e+00 -1.459870161002480016e-01
8.775000000000002132e+00 -1.466387734917976304e-01
8.824999999999999289e+00 -1.573504416077703971e-01
8.875000000000000000e+00 -1.652759763670187676e-01
8.925000000000000711e+00 -1.639177635592232729e-01
8.975000000000001421e+00 -1.716369368515683613e-01
9.025000000000002132e+00 -1.686023742358558342e-01
9.074999999999999289e+00 -1.686643363140113983e-01
9.125000000000000000e+00 -1.838311889123268317e-01
9.175000000000000711e+00 -1.839814938787572574e-01
9.225000000000001421e+00 -1.941958798958549059e-01
9.275000000000002132e+00 -2.041551768392200761e-01
9.324999999999999289e+00 -1.990200796888789703e-01
9.375000000000000000e+00 -2.136387329859745776e-01
9.425000000000000711e+00 -2.054966074659383968e-01
9.475000000000001421e+00 -2.003010731504069053e-01
9.525000000000002132e+00 -1.977363826684317427e-01
9.574999999999999289e+00 -1.984966989975649465e-01
9.625000000000000000e+00 -1.952540681347695872e-01
9.675000000000000711e+00 -2.094061418375590400e-01
9.725000000000001421e+00 -2.025917299435723573e-01
9.775000000000002132e+00 -2.122416995605630741e-01
9.824999999999999289e+00 -2.337555490367607125e-01
9.875000000000000000e+00 -2.193729760233190940e-01
9.925000000000000711e+00 -4.148683460151644797e-02
9.975000000000001421e+00 4.439580272653973481e-01
1.002500000000000213e+01 1.410354285157051635e+00
1.007499999999999929e+01 2.415293650868050701e+00
1.012500000000000000e+01 3.420233016579048435e+00
1.017500000000000071e+01 4.425172382290044837e+00
