# r_minus_2Rs_A, PMF_over_kBT
-5.775000000000000355e+00 1.564463437022634551e+01
-5.724999999999999645e+00 1.614023467156999914e+01
-5.674999999999999822e+00 1.652166354771151902e+01
-5.625000000000000000e+00 1.683555277301227093e+01
-5.575000000000000178e+00 1.710362981259122961e+01
-5.525000000000000355e+00 1.733819568459906435e+01
-5.474999999999999645e+00 1.754702068703159412e+01
-5.424999999999999822e+00 1.773537658099260383e+01
-5.375000000000000000e+00 1.790702625539646675e+01
-5.325000000000000178e+00 1.806476013605025699e+01
-5.275000000000000355e+00 1.821071031426647124e+01
-5.224999999999999645e+00 1.834654565618295408e+01
-5.174999999999999822e+00 1.847359874797022172e+01
-5.125000000000000000e+00 1.859295166245451725e+01
-5.075000000000000178e+00 1.870549574408393667e+01
-5.025000000000000355e+00 1.881197439702156160e+01
-4.974999999999999645e+00 1.891301440851887605e+01
-4.924999999999999822e+00 1.900914933326707157e+01
-4.875000000000000000e+00 1.910083725328932758e+01
-4.824999999999999289e+00 1.918847447255234329e+01
-4.775000000000000355e+00 1.927240622070276643e+01
-4.724999999999999645e+00 1.935293512131405436e+01
-4.674999999999999822e+00 1.943032796535236528e+01
-4.625000000000000000e+00 1.950482118319867553e+01
-4.574999999999999289e+00 1.957662530556434888e+01
-4.525000000000000355e+00 1.964592863047016635e+01
-4.474999999999999645e+00 1.971290026070959200e+01
-4.424999999999999822e+00 1.977769263767073937e+01
-4.375000000000000000e+00 1.984044366887247790e+01
-4.324999999999999289e+00 1.990127852522734742e+01
-4.275000000000000355e+00 1.996031116790232218e+01
-4.224999999999999645e+00 2.001764565231992776e+01
-4.174999999999999822e+00 2.007337724734018281e+01
-4.125000000000000000e+00 2.012759340027762178e+01
-4.074999999999999289e+00 2.018037457262017043e+01
-4.025000000000000355e+00 2.023179496674834610e+01
-3.974999999999999645e+00 2.028192316032144404e+01
-3.924999999999999822e+00 2.033082266209158817e+01
-3.875000000000000000e+00 2.037855240056669004e+01
-3.825000000000000178e+00 2.042516715504839198e+01
-3.774999999999999911e+00 2.047071793702777143e+01
-3.724999999999999645e+00 2.051525232865821025e+01
-3.674999999999999822e+00 2.055881478398508122e+01
-3.625000000000000000e+00 2.060144689775264126e+01
-3.574999999999999734e+00 2.064318764589472721e+01
-3.524999999999999911e+00 2.068407360122057526e+01
-3.474999999999999645e+00 2.072413912730871033e+01
-3.424999999999999822e+00 2.076341655320254986e+01
-3.375000000000000000e+00 2.080193633114791751e+01
-3.324999999999999734e+00 2.083972717931294483e+01
-3.274999999999999911e+00 2.087681621117632957e+01
-3.224999999999999645e+00 2.091322905305289481e+01
-3.174999999999999822e+00 2.094898995103972084e+01
-3.125000000000000000e+00 2.098412186850678296e+01
-3.074999999999999734e+00 2.101864657511911361e+01
-3.024999999999999911e+00 2.105258472825907035e+01
-2.974999999999999645e+00 2.108595594761511194e+01
-2.924999999999999822e+00 2.111877888361463818e+01
-2.875000000000000000e+00 2.115107128030129147e+01
-2.824999999999999734e+00 2.118285003318990434e+01
-2.774999999999999911e+00 2.121413124257321670e+01
-2.724999999999999645e+00 2.124493026270339868e+01
-2.674999999999999822e+00 2.127526174722577679e+01
-2.625000000000000000e+00 2.130513969120277196e+01
-2.574999999999999734e+00 2.133457747003082261e+01
-2.524999999999999911e+00 2.136358787552206451e+01
-2.474999999999999645e+00 2.139218314939547128e+01
-2.424999999999999822e+00 2.142037501439745739e+01
-2.375000000000000000e+00 2.144817470325081032e+01
-2.324999999999999734e+00 2.147559298561129282e+01
-2.274999999999999911e+00 2.150264019319444131e+01
-2.224999999999999645e+00 2.152932624321968547e+01
-2.174999999999999822e+00 2.155566066030528916e+01
-2.125000000000000000e+00 2.158165259693548066e+01
-2.074999999999999734e+00 2.160731085261012296e+01
-2.024999999999999911e+00 2.163264389177744462e+01
-1.974999999999999645e+00 2.165765986064152315e+01
-1.924999999999999822e+00 2.168236660292831885e+01
-1.875000000000000000e+00 2.170677167468669211e+01
-1.824999999999999289e+00 2.173088235819455249e+01
-1.775000000000000355e+00 2.175470567503426977e+01
-1.724999999999999645e+00 2.177824839839627913e+01
-1.674999999999999822e+00 2.180151706466489259e+01
-1.625000000000000000e+00 2.182451798433604395e+01
-1.574999999999999289e+00 2.184725725231270488e+01
-1.525000000000000355e+00 2.186974075762002911e+01
-1.474999999999999645e+00 2.189197419257910582e+01
-1.424999999999999822e+00 2.191396306147513684e+01
-1.375000000000000000e+00 2.193571268875307112e+01
-1.324999999999999289e+00 2.195722822677138808e+01
-1.275000000000000355e+00 2.197851466314221369e+01
-1.224999999999999645e+00 2.199957682768408063e+01
-1.174999999999998934e+00 2.202041939901154777e+01
-1.125000000000000000e+00 2.204104691078425660e+01
-1.074999999999999289e+00 2.206146375763628953e+01
-1.025000000000000355e+00 2.208167420080535948e+01
-9.749999999999996447e-01 2.210168237347977893e+01
-9.249999999999989342e-01 2.212149228588007688e+01
-8.750000000000000000e-01 2.214110783009095229e+01
-8.249999999999992895e-01 2.216053278465806997e+01
-7.750000000000003553e-01 2.217977081896337310e+01
-7.249999999999996447e-01 2.219882549739156374e+01
-6.749999999999989342e-01 2.221770028329958180e+01
-6.250000000000000000e-01 2.223639854280025929e+01
-5.749999999999992895e-01 2.225492354837034270e+01
-5.250000000000003553e-01 2.227327848229272433e+01
-4.749999999999996447e-01 2.229146643994185339e+01
-4.249999999999989342e-01 2.230949043292087097e+01
-3.750000000000000000e-01 2.232735339205839153e+01
-3.249999999999992895e-01 2.234505817027244490e+01
-2.750000000000003553e-01 2.236260754530855621e+01
-2.249999999999996447e-01 2.238000422235855424e+01
-1.749999999999989342e-01 2.239725083656628968e+01
-1.250000000000000000e-01 2.241434995542607567e+01
-7.499999999999928946e-02 2.243130408107930052e+01
-2.500000000000035527e-02 2.244811565251441721e+01
2.500000000000035527e-02 2.246478704767506684e+01
7.500000000000106581e-02 2.248132058548093326e+01
1.250000000000000000e-01 2.249771852776568792e+01
1.750000000000007105e-01 2.251398308113597224e+01
2.249999999999996447e-01 2.253011639875533234e+01
2.750000000000003553e-01 2.254612058205666614e+01
3.250000000000010658e-01 2.256199768238661107e+01
3.750000000000000000e-01 2.257774970258509484e+01
4.250000000000007105e-01 2.259337859850310792e+01
4.749999999999996447e-01 2.260888628046151894e+01
5.250000000000003553e-01 2.262427461465372147e+01
5.750000000000010658e-01 2.263954542449469187e+01
6.250000000000000000e-01 2.265470049191883106e+01
6.750000000000007105e-01 2.266974155862894946e+01
7.249999999999996447e-01 2.268467032729862254e+01
7.750000000000003553e-01 2.269948846272992782e+01
8.250000000000010658e-01 2.271419759296853869e+01
8.750000000000000000e-01 2.272879931037810763e+01
9.250000000000007105e-01 2.274329517267564782e+01
9.749999999999996447e-01 2.275768670392962889e+01
1.025000000000000355e+00 2.277197539552238581e+01
1.075000000000001066e+00 2.278616270707834701e+01
1.125000000000000000e+00 2.280025006735953141e+01
1.175000000000000711e+00 2.281423887512972826e+01
1.224999999999999645e+00 2.282813049998860322e+01
1.275000000000000355e+00 2.284192628317702045e+01
1.325000000000001066e+00 2.285562753835474226e+01
1.375000000000000000e+00 2.286923555235167171e+01
1.425000000000000711e+00 2.288275158589365077e+01
1.474999999999999645e+00 2.289617687430390802e+01
1.525000000000000355e+00 2.290951262818108702e+01
1.575000000000001066e+00 2.292276003405478235e+01
1.625000000000000000e+00 2.293592025501950360e+01
1.675000000000000711e+00 2.294899443134791994e+01
1.724999999999999645e+00 2.296198368108413490e+01
1.775000000000000355e+00 2.297488910061782263e+01
1.825000000000001066e+00 1.969830448951987734e+01
1.875000000000000000e+00 1.971104545396067920e+01
1.925000000000000711e+00 1.972370575291065364e+01
1.974999999999999645e+00 1.973628640152508495e+01
2.025000000000000355e+00 1.974878839591282542e+01
2.074999999999999289e+00 1.976121271360988985e+01
2.125000000000000000e+00 1.977356031403839864e+01
2.175000000000000711e+00 2.307523941467148987e+01
2.225000000000001421e+00 2.308743638858436498e+01
2.275000000000000355e+00 2.309955941919284328e+01
2.324999999999999289e+00 2.311160939777876067e+01
2.375000000000000000e+00 2.312358719960340636e+01
2.425000000000000711e+00 2.313549368428928332e+01
2.475000000000001421e+00 2.314732969619051062e+01
2.525000000000000355e+00 2.315909606475234028e+01
2.574999999999999289e+00 2.317079360486015815e+01
2.625000000000000000e+00 2.318242311717830262e+01
2.675000000000000711e+00 2.319398538847910984e+01
2.725000000000001421e+00 2.320548119196251236e+01
2.775000000000000355e+00 2.321691128756642541e+01
2.824999999999999289e+00 2.322827642226839728e+01
2.875000000000000000e+00 2.323957733037868678e+01
2.925000000000000711e+00 2.325081473382509500e+01
2.975000000000001421e+00 2.326198934242984606e+01
3.025000000000000355e+00 2.327310185417877619e+01
3.074999999999999289e+00 2.328415295548310127e+01
3.125000000000000000e+00 2.329514332143389410e+01
3.175000000000000711e+00 2.330607361604976191e+01
3.225000000000001421e+00 2.002753721679755827e+01
3.275000000000000355e+00 1.757132261156407793e+01
3.324999999999999289e+00 1.511510800633061180e+01
3.375000000000000000e+00 1.265889340109714389e+01
