# r_minus_2Rs_A, PMF_over_kBT
-5.775000000000000355e+00 1.914947278883474979e+01
-5.724999999999999645e+00 1.964507309017839987e+01
-5.674999999999999822e+00 2.002650196631992685e+01
-5.625000000000000000e+00 2.034039119162067166e+01
-5.575000000000000178e+00 2.060846823119963744e+01
-5.525000000000000355e+00 2.084303410320746863e+01
-5.474999999999999645e+00 2.105185910563999840e+01
-5.424999999999999822e+00 2.124021499960100812e+01
-5.375000000000000000e+00 2.141186467400487459e+01
-5.325000000000000178e+00 2.156959855465865772e+01
-5.275000000000000355e+00 2.171554873287487197e+01
-5.224999999999999645e+00 2.185138407479135481e+01
-5.174999999999999822e+00 2.197843716657862601e+01
-5.125000000000000000e+00 2.209779008106292153e+01
-5.075000000000000178e+00 2.221033416269234095e+01
-5.025000000000000355e+00 2.231681281562996588e+01
-4.974999999999999645e+00 2.241785282712728389e+01
-4.924999999999999822e+00 2.251398775187547585e+01
-4.875000000000000000e+00 2.260567567189773541e+01
-4.824999999999999289e+00 2.269331289116075112e+01
-4.775000000000000355e+00 2.277724463931117072e+01
-4.724999999999999645e+00 2.285777353992245864e+01
-4.674999999999999822e+00 2.293516638396076601e+01
-4.625000000000000000e+00 2.300965960180707626e+01
-4.574999999999999289e+00 2.308146372417274961e+01
-4.525000000000000355e+00 2.315076704907857064e+01
-4.474999999999999645e+00 2.321773867931799629e+01
-4.424999999999999822e+00 2.328253105627914721e+01
-4.375000000000000000e+00 2.334528208748088218e+01
-4.324999999999999289e+00 2.340611694383574815e+01
-4.275000000000000355e+00 2.346514958651072646e+01
-4.224999999999999645e+00 2.352248407092833205e+01
-4.174999999999999822e+00 2.357821566594859064e+01
-4.125000000000000000e+00 2.363243181888602606e+01
-4.074999999999999289e+00 2.368521299122857471e+01
-4.025000000000000355e+00 2.373663338535675393e+01
-3.974999999999999645e+00 2.378676157892984833e+01
-3.924999999999999822e+00 2.383566108069999245e+01
-3.875000000000000000e+00 2.388339081917509432e+01
-3.825000000000000178e+00 2.393000557365679271e+01
-3.774999999999999911e+00 2.397555635563617571e+01
-3.724999999999999645e+00 2.402009074726661808e+01
-3.674999999999999822e+00 2.406365320259348550e+01
-3.625000000000000000e+00 2.410628531636104555e+01
-3.574999999999999734e+00 2.414802606450312794e+01
-3.524999999999999911e+00 2.418891201982897954e+01
-3.474999999999999645e+00 2.422897754591711461e+01
-3.424999999999999822e+00 2.426825497181095415e+01
-3.375000000000000000e+00 2.430677474975632180e+01
-3.324999999999999734e+00 2.434456559792135266e+01
-3.274999999999999911e+00 2.438165462978473386e+01
-3.224999999999999645e+00 2.441806747166130620e+01
-3.174999999999999822e+00 2.445382836964812867e+01
-3.125000000000000000e+00 2.448896028711519079e+01
-3.074999999999999734e+00 2.452348499372751789e+01
-3.024999999999999911e+00 2.455742314686747818e+01
-2.974999999999999645e+00 2.459079436622351977e+01
-2.924999999999999822e+00 2.462361730222304246e+01
-2.875000000000000000e+00 2.465590969890969930e+01
-2.824999999999999734e+00 2.468768845179830862e+01
-2.774999999999999911e+00 2.471896966118162453e+01
-2.724999999999999645e+00 2.474976868131180296e+01
-2.674999999999999822e+00 2.478010016583417752e+01
-2.625000000000000000e+00 2.480997810981117979e+01
-2.574999999999999734e+00 2.483941588863922334e+01
-2.524999999999999911e+00 2.486842629413047234e+01
-2.474999999999999645e+00 2.489702156800387201e+01
-2.424999999999999822e+00 2.492521343300586167e+01
-2.375000000000000000e+00 2.495301312185921816e+01
-2.324999999999999734e+00 2.498043140421969710e+01
-2.274999999999999911e+00 2.500747861180284914e+01
-2.224999999999999645e+00 2.503416466182809330e+01
-2.174999999999999822e+00 2.506049907891369344e+01
-2.125000000000000000e+00 2.508649101554388494e+01
-2.074999999999999734e+00 2.511214927121852725e+01
-2.024999999999999911e+00 2.513748231038584535e+01
-1.974999999999999645e+00 2.516249827924992388e+01
-1.924999999999999822e+00 2.518720502153672314e+01
-1.875000000000000000e+00 2.521161009329509639e+01
-1.824999999999999289e+00 2.523572077680295678e+01
-1.775000000000000355e+00 2.525954409364267406e+01
-1.724999999999999645e+00 2.528308681700467986e+01
-1.674999999999999822e+00 2.530635548327329332e+01
-1.625000000000000000e+00 2.532935640294444823e+01
-1.574999999999999289e+00 2.535209567092110916e+01
-1.525000000000000355e+00 2.537457917622843340e+01
-1.474999999999999645e+00 2.539681261118751010e+01
-1.424999999999999822e+00 2.541880148008354112e+01
-1.375000000000000000e+00 2.544055110736147540e+01
-1.324999999999999289e+00 2.546206664537979236e+01
-1.275000000000000355e+00 2.548335308175061797e+01
-1.224999999999999645e+00 2.550441524629248491e+01
-1.174999999999998934e+00 2.552525781761995560e+01
-1.125000000000000000e+00 2.554588532939266088e+01
-1.074999999999999289e+00 2.556630217624469736e+01
-1.025000000000000355e+00 2.558651261941376731e+01
-9.749999999999996447e-01 2.560652079208818321e+01
-9.249999999999989342e-01 2.562633070448848116e+01
-8.750000000000000000e-01 2.564594624869935302e+01
-8.249999999999992895e-01 2.566537120326647425e+01
-7.750000000000003553e-01 2.568460923757177738e+01
-7.249999999999996447e-01 2.570366391599996447e+01
-6.749999999999989342e-01 2.572253870190798608e+01
-6.250000000000000000e-01 2.574123696140866357e+01
-5.749999999999992895e-01 2.575976196697874343e+01
-5.250000000000003553e-01 2.215976889762333712e+01
-4.749999999999996447e-01 1.822783917766879824e+01
-4.249999999999989342e-01 1.406141286455090622e+01
-3.750000000000000000e-01 9.742948926140471144e+00
-3.249999999999992895e-01 5.335712363675364500e+00
-2.750000000000003553e-01 8.846360513000154357e-01
-2.249999999999996447e-01 -3.579751988815940145e+00
-1.749999999999989342e-01 -4.420027051249428851e+00
-1.250000000000000000e-01 -4.912268159600793993e+00
-7.499999999999928946e-02 -5.152272053141681241e+00
-2.500000000000035527e-02 -5.222093940713701699e+00
2.500000000000035527e-02 -5.188634225523152566e+00
7.500000000000106581e-02 -5.090182133373946982e+00
1.250000000000000000e-01 -4.962529978981009116e+00
1.750000000000007105e-01 -4.820398061546362634e+00
2.249999999999996447e-01 -4.676461982353583124e+00
2.750000000000003553e-01 -4.545272131918454583e+00
3.250000000000010658e-01 -4.414083907788835859e+00
3.750000000000000000e-01 -4.271736294607719309e+00
4.250000000000007105e-01 -4.142305634476346476e+00
4.749999999999996447e-01 -4.007929010914867973e+00
5.250000000000003553e-01 -3.880685946536753583e+00
5.750000000000010658e-01 -3.756565674579229075e+00
6.250000000000000000e-01 -3.625638919352417222e+00
6.750000000000007105e-01 -3.495322794771339669e+00
7.249999999999996447e-01 -3.390179309323284151e+00
7.750000000000003553e-01 -3.263337216745894498e+00
8.250000000000010658e-01 -3.148926787318703457e+00
8.750000000000000000e-01 -3.022839934727054256e+00
9.250000000000007105e-01 -2.918957515320330209e+00
9.749999999999996447e-01 -2.805771177072898137e+00
1.025000000000000355e+00 -2.683447073061898891e+00
1.075000000000001066e+00 -2.576813853196726622e+00
1.125000000000000000e+00 -2.473005310294343229e+00
1.175000000000000711e+00 -2.341454336479452447e+00
1.224999999999999645e+00 -2.227315436727569598e+00
1.275000000000000355e+00 -2.127831762000939264e+00
1.325000000000001066e+00 -2.028066132667663890e+00
1.375000000000000000e+00 -1.932445572878784601e+00
1.425000000000000711e+00 -1.809131412456644217e+00
1.474999999999999645e+00 -1.704850585943580299e+00
1.525000000000000355e+00 -1.655501813873698991e+00
1.575000000000001066e+00 -1.576743703225468085e+00
1.625000000000000000e+00 -1.483106972398233969e+00
1.675000000000000711e+00 -1.416580210157532882e+00
1.724999999999999645e+00 -1.339714131205840042e+00
1.775000000000000355e+00 -1.238069614395836293e+00
1.825000000000001066e+00 -1.170684862531200077e+00
1.875000000000000000e+00 -1.073172929834350642e+00
1.925000000000000711e+00 -1.003881877657548660e+00
1.974999999999999645e+00 -9.053301716186923365e-01
2.025000000000000355e+00 -8.306398813370384770e-01
2.074999999999999289e+00 -7.336368402560120572e-01
2.125000000000000000e+00 -7.131237521360946907e-01
2.175000000000000711e+00 -6.563929886714175987e-01
2.225000000000001421e+00 -5.871737377707932914e-01
2.275000000000000355e+00 -5.352345068096522329e-01
2.324999999999999289e+00 -5.185758336211399033e-01
2.375000000000000000e+00 -4.611046416367733936e-01
2.425000000000000711e+00 -4.766111580665797209e-01
2.475000000000001421e+00 -4.492560260221210022e-01
2.525000000000000355e+00 -4.305196340075246875e-01
2.574999999999999289e+00 -3.821478300643855186e-01
2.625000000000000000e+00 -3.827357710945307190e-01
2.675000000000000711e+00 -3.483691932806330938e-01
2.725000000000001421e+00 -3.842101235049401597e-01
2.775000000000000355e+00 -3.533798077354798894e-01
2.824999999999999289e+00 -3.616748698729094214e-01
2.875000000000000000e+00 -3.703399535304675583e-01
2.925000000000000711e+00 -3.845665831420508329e-01
2.975000000000001421e+00 -3.930521713767070047e-01
3.025000000000000355e+00 -3.975395584798859794e-01
3.074999999999999289e+00 -3.536921083692595724e-01
3.125000000000000000e+00 -3.502888603204409868e-01
3.175000000000000711e+00 -3.433829766998111599e-01
3.225000000000001421e+00 -2.948243015112748666e-01
3.275000000000000355e+00 -3.105432214296224847e-01
3.324999999999999289e+00 -2.753667212663030717e-01
3.375000000000000000e+00 -2.764833872235492040e-01
3.425000000000000711e+00 -2.681296230901469291e-01
3.475000000000001421e+00 -2.446676744680288951e-01
3.525000000000000355e+00 -2.150642545542787998e-01
3.575000000000001066e+00 -2.246750138864042068e-01
3.625000000000000000e+00 -2.142571931614464242e-01
3.675000000000000711e+00 -2.362544554077954106e-01
3.725000000000001421e+00 -2.116464213927023441e-01
3.775000000000000355e+00 -1.967802149310950433e-01
3.825000000000001066e+00 -2.042968554261815894e-01
3.875000000000000000e+00 -2.007892192949317922e-01
3.925000000000000711e+00 -2.062062770586687577e-01
3.975000000000001421e+00 -1.886998817139803053e-01
4.025000000000000355e+00 -1.438957060276889466e-01
4.075000000000001066e+00 -1.235502579468817225e-01
4.125000000000000000e+00 -1.312529397762638717e-01
4.175000000000000711e+00 -1.009567689501566917e-01
4.225000000000001421e+00 -7.513512838318829601e-02
4.275000000000000355e+00 -3.244613148094797200e-02
4.325000000000001066e+00 -7.149335583545024519e-04
4.375000000000000000e+00 4.520218319238393512e-02
4.425000000000000711e+00 5.753964618918468166e-02
4.475000000000001421e+00 7.131190248384328134e-02
4.525000000000000355e+00 8.083659398886895719e-02
4.575000000000001066e+00 8.555379072131129303e-02
4.625000000000000000e+00 7.525284759692700554e-02
4.675000000000000711e+00 4.579569055086325780e-02
4.725000000000001421e+00 2.647507617241374317e-02
4.775000000000000355e+00 8.365222499392390570e-03
4.825000000000001066e+00 5.660629035191763053e-02
4.875000000000000000e+00 5.022378070500975455e-02
4.925000000000000711e+00 7.948201682717762062e-02
4.975000000000001421e+00 1.031555994607131904e-01
5.025000000000000355e+00 1.077826265632985392e-01
5.075000000000001066e+00 1.168331570357467042e-01
5.125000000000000000e+00 9.904311059569591291e-02
5.175000000000000711e+00 7.557567833580644545e-02
5.225000000000001421e+00 5.969590590118352413e-02
5.275000000000000355e+00 3.089771313738840647e-02
5.325000000000001066e+00 9.925861984078875044e-03
5.375000000000000000e+00 6.505708554852826508e-02
5.425000000000000711e+00 1.504292985201998237e-02
5.475000000000001421e+00 4.611238736056628984e-02
5.525000000000000355e+00 2.115641494046396898e-02
5.575000000000001066e+00 1.982100213815563006e-02
5.625000000000000000e+00 2.844234588735870123e-02
5.675000000000000711e+00 -5.615172925905548285e-03
5.725000000000001421e+00 -6.759007264973630746e-02
5.775000000000000355e+00 -9.669175061018391026e-02
5.825000000000001066e+00 -1.028278171063486263e-01
5.875000000000000000e+00 -8.715356600743236204e-02
5.925000000000000711e+00 -1.082916578502672034e-01
5.975000000000001421e+00 -1.362842680348995417e-01
6.025000000000000355e+00 -1.046429666252777363e-01
6.075000000000001066e+00 -1.248421079875099843e-01
6.125000000000000000e+00 -6.256762116865566270e-02
6.175000000000000711e+00 -7.635812496344333844e-02
6.225000000000001421e+00 -9.044716261352014897e-02
6.275000000000000355e+00 -8.842868264145387069e-02
6.325000000000001066e+00 -7.705115968351122779e-02
6.375000000000000000e+00 -9.530045727333380512e-02
6.425000000000000711e+00 -8.723540566622949022e-02
6.475000000000001421e+00 -1.207819990902870011e-01
6.525000000000000355e+00 -9.467408984229183644e-02
6.575000000000001066e+00 -1.045858948408936173e-01
6.625000000000000000e+00 -1.039764900085149574e-01
6.675000000000000711e+00 -9.274843843669498822e-02
6.725000000000001421e+00 -8.028987933537985733e-02
6.775000000000000355e+00 -7.091835105907788595e-02
6.825000000000001066e+00 -8.325944969889474689e-02
6.875000000000000000e+00 -1.126601671187508341e-01
6.925000000000000711e+00 -8.860585257645098300e-02
6.975000000000001421e+00 -4.167811107969653095e-02
7.025000000000000355e+00 -7.592065181722469636e-02
7.075000000000001066e+00 -8.439170164456097356e-02
7.125000000000000000e+00 -6.723032050661589820e-02
7.175000000000000711e+00 -2.743403138128260033e-02
7.225000000000001421e+00 -3.265956686761407879e-02
7.275000000000000355e+00 -4.280759841401048094e-02
7.325000000000001066e+00 -8.680473060082050107e-02
7.375000000000000000e+00 -4.712238738829784002e-02
7.425000000000000711e+00 -2.659724708675399382e-02
7.475000000000001421e+00 -5.902245606757944990e-02
7.525000000000000355e+00 -7.205761137161610652e-02
7.575000000000001066e+00 -5.187539024066697979e-02
7.625000000000000000e+00 -5.520793078274292137e-02
7.675000000000000711e+00 -3.979310860758188129e-02
7.725000000000001421e+00 -5.429052543546145082e-02
7.775000000000000355e+00 -4.238379461548801019e-02
7.825000000000001066e+00 -1.659251340040539952e-02
7.875000000000000000e+00 -2.236788082957908569e-02
7.925000000000000711e+00 -5.288261976870856085e-02
7.975000000000001421e+00 -1.415752325913390529e-02
8.025000000000000355e+00 -1.355845758299674408e-03
8.075000000000001066e+00 8.483130774624168813e-03
8.125000000000000000e+00 -4.867284108672419521e-03
8.175000000000000711e+00 7.973005242343744053e-03
8.225000000000001421e+00 3.075892105417515551e-02
8.275000000000000355e+00 4.600954813609017119e-02
8.325000000000001066e+00 -2.224354620672559790e-05
8.375000000000000000e+00 -1.691812617687737941e-02
8.425000000000000711e+00 -3.624803099294103548e-02
8.475000000000001421e+00 -5.650252544282860501e-02
8.525000000000000355e+00 -7.515981206798576231e-02
8.575000000000001066e+00 -9.363739513000751691e-02
8.625000000000000000e+00 -6.314283223380508236e-02
8.675000000000000711e+00 -2.554206822386616282e-02
8.725000000000001421e+00 -2.704011585526571934e-02
8.775000000000000355e+00 3.293383755349613140e-03
8.825000000000001066e+00 -8.884781129607591602e-03
8.875000000000000000e+00 -5.798077214025046389e-03
8.925000000000000711e+00 -1.390556610978671559e-03
8.975000000000001421e+00 -2.771724799864954195e-02
9.025000000000000355e+00 -6.249071226515441613e-02
9.075000000000001066e+00 -4.996616986201070365e-02
9.125000000000000000e+00 -6.916449854606529501e-02
9.175000000000000711e+00 -4.362830831700697382e-02
9.225000000000001421e+00 -5.507068242903302019e-02
9.275000000000000355e+00 -5.190109275201798544e-02
9.325000000000001066e+00 -6.143314334046046099e-02
9.375000000000000000e+00 -5.897115982349404595e-02
9.425000000000000711e+00 -6.620220667127035830e-02
9.475000000000001421e+00 -7.567800524455264854e-02
9.525000000000000355e+00 -9.108685923198045487e-02
9.575000000000001066e+00 -1.053101808067180289e-01
9.625000000000000000e+00 -9.551158025115416561e-02
9.675000000000000711e+00 -1.132978121253425674e-01
9.725000000000001421e+00 -9.657162127441031030e-02
9.775000000000000355e+00 -1.027431974871636511e-01
9.825000000000001066e+00 -1.080031882771704393e-01
9.875000000000000000e+00 -6.440609428503968337e-02
9.925000000000000711e+00 1.399255194567208260e-01
9.975000000000001421e+00 6.060347670793093666e-01
1.002499999999999858e+01 1.083933578433663669e+00
1.007500000000000284e+01 1.561832389788016862e+00
1.012500000000000000e+01 2.039731201142369610e+00
