# r_minus_2Rs_A, PMF_over_kBT
-7.552000000000003155e-01 1.896591947368420961e+01
-7.199000000000008725e-01 1.874329547368420990e+01
-6.844999999999998863e-01 1.826698147368420777e+01
-6.492000000000004434e-01 1.735751547368420944e+01
-6.138999999999992241e-01 1.580898247368421039e+01
-5.785000000000000142e-01 1.345339147368420996e+01
-5.432000000000005713e-01 1.025549147368420932e+01
-5.077999999999995850e-01 6.371997473684209545e+00
-4.725000000000001421e-01 2.148923473684209107e+00
-4.370999999999991559e-01 -1.962637526315790026e+00
-4.017999999999997129e-01 -5.551256526315790474e+00
-3.665000000000002700e-01 -8.361366526315791248e+00
-3.310999999999992838e-01 -1.033727152631579038e+01
-2.957999999999998408e-01 -1.159802452631578973e+01
-2.604000000000006310e-01 -1.235280152631579043e+01
-2.250999999999994117e-01 -1.281767952631578922e+01
-1.897000000000002018e-01 -1.315333152631579061e+01
-1.544000000000007589e-01 -1.343324952631579094e+01
-1.190999999999995396e-01 -1.365905852631578909e+01
-8.370000000000032969e-02 -1.379446352631579131e+01
-4.840000000000088676e-02 -1.381043452631578994e+01
-1.299999999999990052e-02 -1.371841052631578961e+01
2.229999999999954241e-02 -1.356265952631579097e+01
5.770000000000052864e-02 -1.340433552631579062e+01
9.299999999999997158e-02 -1.328195552631579091e+01
1.282999999999994145e-01 -1.319292852631578938e+01
1.637000000000004007e-01 -1.310520952631578950e+01
1.989999999999998437e-01 -1.299013152631578905e+01
2.344000000000008299e-01 -1.284072452631578898e+01
2.697000000000002728e-01 -1.267784452631579128e+01
3.050999999999994827e-01 -1.253622452631578987e+01
3.404000000000007020e-01 -1.243444652631579039e+01
3.757000000000001450e-01 -1.236738152631578913e+01
4.110999999999993548e-01 -1.230287152631579062e+01
4.464000000000005741e-01 -1.219852352631579073e+01
4.817999999999997840e-01 -1.204124952631579148e+01
5.170999999999992269e-01 -1.185734952631579020e+01
5.525000000000002132e-01 -1.169338052631579039e+01
5.877999999999996561e-01 -1.158196852631579077e+01
6.232000000000006423e-01 -1.151561452631579030e+01
6.585000000000000853e-01 -1.145672752631578994e+01
6.937999999999995282e-01 -1.136333952631579081e+01
7.292000000000005144e-01 -1.121714252631579001e+01
7.644999999999999574e-01 -1.104067952631578997e+01
7.998999999999991672e-01 -1.087351252631578902e+01
8.352000000000003865e-01 -1.074344752631579070e+01
8.705999999999995964e-01 -1.065564352631579048e+01
9.059000000000008157e-01 -1.058807052631578927e+01
9.412000000000002586e-01 -1.051673352631578950e+01
9.765999999999994685e-01 -1.042629752631578910e+01
1.011900000000000688e+00 -1.031524752631579034e+01
1.047299999999999898e+00 -1.018459552631579079e+01
1.082599999999999341e+00 -1.004548252631579075e+01
1.118000000000000327e+00 -9.905318526315790351e+00
1.153299999999999770e+00 -9.775997526315791220e+00
1.188599999999999213e+00 -9.674282526315790776e+00
1.224000000000000199e+00 -9.607040526315790530e+00
1.259299999999999642e+00 -9.551320526315789650e+00
1.294700000000000628e+00 -9.470135526315790031e+00
1.330000000000000071e+00 -9.332475526315789693e+00
1.365399999999999281e+00 -9.146528526315790941e+00
1.400700000000000500e+00 -8.960528526315790998e+00
1.435999999999999943e+00 -8.826756526315790552e+00
1.471399999999999153e+00 -8.760860526315790153e+00
1.506700000000000372e+00 -8.727132526315790173e+00
1.542099999999999582e+00 -8.671048526315789928e+00
1.577400000000000801e+00 -8.558417526315789559e+00
1.612800000000000011e+00 -8.405337526315790342e+00
1.648099999999999454e+00 -8.255466526315789366e+00
1.683400000000000674e+00 -8.147860526315790608e+00
1.718799999999999883e+00 -8.079998526315790741e+00
1.754099999999999326e+00 -8.013832526315789906e+00
1.789500000000000313e+00 -7.914520526315790505e+00
1.824799999999999756e+00 -7.775475526315790198e+00
1.860200000000000742e+00 -7.623098526315789769e+00
1.895500000000000185e+00 -7.494517526315790157e+00
1.930799999999999628e+00 -7.408189526315790197e+00
1.966200000000000614e+00 -7.357889526315790185e+00
2.001500000000000057e+00 -7.315811526315790125e+00
2.036899999999999267e+00 -7.250063526315789986e+00
2.072200000000000486e+00 -7.143833526315789939e+00
2.107599999999999696e+00 -7.011220526315790735e+00
2.142899999999999139e+00 -6.876858526315790421e+00
2.178200000000000358e+00 -6.765407526315790676e+00
2.213599999999999568e+00 -6.683401526315789987e+00
2.248900000000000787e+00 -6.612340526315790612e+00
2.284299999999999997e+00 -6.530908526315790219e+00
2.319599999999999440e+00 -6.425392526315790498e+00
2.355000000000000426e+00 -6.302857526315790437e+00
2.390299999999999869e+00 -6.183433526315790019e+00
2.425599999999999312e+00 -6.084037526315790423e+00
2.461000000000000298e+00 -6.003906526315790693e+00
2.496299999999999741e+00 -5.936696526315790479e+00
2.531700000000000728e+00 -5.870753526315790616e+00
2.567000000000000171e+00 -5.804382526315790436e+00
2.602399999999999380e+00 -5.726354526315790672e+00
2.637700000000000600e+00 -5.626810526315789929e+00
2.673000000000000043e+00 -5.503315526315789796e+00
2.708399999999999253e+00 -5.369245526315790329e+00
2.743700000000000472e+00 -5.247389526315790143e+00
2.779099999999999682e+00 -5.150955526315790678e+00
2.814399999999999125e+00 -5.077744526315790097e+00
2.849800000000000111e+00 -5.008926526315789829e+00
2.885099999999999554e+00 -4.927755526315790391e+00
2.920400000000000773e+00 -4.829511526315790171e+00
2.955799999999999983e+00 -4.726878526315790197e+00
2.991099999999999426e+00 -4.634858526315790428e+00
3.026500000000000412e+00 -4.557068526315790180e+00
3.061799999999999855e+00 -4.483076526315790566e+00
3.097200000000000841e+00 -4.404878526315790133e+00
3.132500000000000284e+00 -4.323831526315790263e+00
3.167899999999999494e+00 -4.242562526315790450e+00
3.203200000000000713e+00 -4.167259526315790552e+00
3.238500000000000156e+00 -4.098043526315789720e+00
3.273899999999999366e+00 -4.031901526315790463e+00
3.309200000000000585e+00 -3.963433526315790267e+00
3.344599999999999795e+00 -3.895538526315790229e+00
3.379899999999999238e+00 -3.837683526315790239e+00
3.415300000000000225e+00 -3.785172526315790265e+00
3.450599999999999667e+00 -3.723570526315790108e+00
3.485900000000000887e+00 -3.632955526315790440e+00
3.521300000000000097e+00 -3.511891526315790379e+00
3.556599999999999540e+00 -3.383275526315790316e+00
3.592000000000000526e+00 -3.276583526315790085e+00
3.627299999999999969e+00 -3.204603526315790152e+00
3.662699999999999179e+00 -3.152480526315790232e+00
3.698000000000000398e+00 -3.094008526315790153e+00
3.733299999999999841e+00 -3.018972526315790272e+00
3.768700000000000827e+00 -2.939934526315790109e+00
3.804000000000000270e+00 -2.882164526315790454e+00
3.839399999999999480e+00 -2.849046526315790473e+00
3.874700000000000699e+00 -2.821547526315790311e+00
3.910099999999999909e+00 -2.772519526315790461e+00
3.945399999999999352e+00 -2.681503526315790253e+00
3.980700000000000571e+00 -2.552794526315790513e+00
4.016100000000001558e+00 -2.416656526315790199e+00
4.051400000000001000e+00 -2.315191526315790504e+00
4.086800000000000210e+00 -2.269326526315790460e+00
4.122099999999999653e+00 -2.268848526315790259e+00
4.157499999999998863e+00 -2.279264526315790462e+00
4.192799999999998306e+00 -2.257337526315790655e+00
4.228100000000001302e+00 -2.186724526315789952e+00
4.263500000000000512e+00 -2.080091526315790418e+00
4.298799999999999955e+00 -1.970095526315790657e+00
4.334199999999999164e+00 -1.884829526315789927e+00
4.369499999999998607e+00 -1.832050526315790684e+00
4.404900000000001370e+00 -1.800773526315790463e+00
4.440200000000000813e+00 -1.770777526315789885e+00
4.475500000000000256e+00 -1.727090526315790520e+00
4.510899999999999466e+00 -1.664836526315790266e+00
4.546199999999998909e+00 -1.584167526315789942e+00
4.581600000000001671e+00 -1.496021526315789885e+00
4.616900000000001114e+00 -1.419133526315790483e+00
4.652300000000000324e+00 -1.370014526315790349e+00
4.687599999999999767e+00 -1.361017526315790427e+00
4.722899999999999210e+00 -1.382401526315790719e+00
4.758299999999998420e+00 -1.407497526315790282e+00
4.793600000000001415e+00 -1.409117526315790236e+00
4.829000000000000625e+00 -1.374250526315790033e+00
4.864300000000000068e+00 -1.310033526315790731e+00
4.899699999999999278e+00 -1.235312526315790471e+00
4.934999999999998721e+00 -1.164920526315790461e+00
4.970300000000001717e+00 -1.094913526315790087e+00
5.005700000000000927e+00 -1.019582526315790716e+00
5.041000000000000369e+00 -9.446705263157904042e-01
5.076399999999999579e+00 -8.976535263157900957e-01
5.111699999999999022e+00 -9.042385263157903807e-01
5.147099999999998232e+00 -9.580285263157906073e-01
5.182400000000001228e+00 -1.018601526315790373e+00
5.217700000000000671e+00 -1.032396526315790375e+00
5.253099999999999881e+00 -9.730415263157903283e-01
5.288399999999999324e+00 -8.608915263157905784e-01
5.323799999999998533e+00 -7.456195263157905373e-01
5.359100000000001529e+00 -6.717315263157903615e-01
5.394500000000000739e+00 -6.563575263157899187e-01
5.429800000000000182e+00 -6.754555263157904221e-01
5.465099999999999625e+00 -6.882955263157901626e-01
5.500499999999998835e+00 -6.673805263157905898e-01
5.535799999999998278e+00 -6.073205263157905875e-01
5.571200000000001040e+00 -5.342205263157904227e-01
5.606500000000000483e+00 -4.807535263157900474e-01
5.641899999999999693e+00 -4.588375263157900008e-01
5.677199999999999136e+00 -4.503845263157906231e-01
5.712499999999998579e+00 -4.267795263157898589e-01
5.747900000000001342e+00 -3.716835263157900471e-01
5.783200000000000784e+00 -3.009315263157903431e-01
5.818599999999999994e+00 -2.465105263157907345e-01
5.853899999999999437e+00 -2.364465263157899955e-01
5.889299999999998647e+00 -2.689465263157906350e-01
5.924600000000001643e+00 -3.178885263157900098e-01
5.960000000000000853e+00 -3.512755263157902874e-01
5.995300000000000296e+00 -3.478625263157901770e-01
6.030599999999999739e+00 -3.110975263157902404e-01
6.065999999999998948e+00 -2.595915263157904107e-01
6.101299999999998391e+00 -2.183225263157906326e-01
6.136700000000001154e+00 -2.048795263157900948e-01
6.172000000000000597e+00 -2.268755263157906654e-01
6.207399999999999807e+00 -2.794495263157905640e-01
6.242699999999999250e+00 -3.503065263157907339e-01
6.277999999999998693e+00 -4.185445263157898665e-01
6.313400000000001455e+00 -4.565935263157898660e-01
6.348700000000000898e+00 -4.475065263157906870e-01
6.384100000000000108e+00 -3.907435263157905680e-01
6.419399999999999551e+00 -3.069945263157904947e-01
6.454799999999998761e+00 -2.256575263157900579e-01
6.490100000000001756e+00 -1.705865263157901879e-01
6.525400000000001199e+00 -1.474545263157907016e-01
6.560800000000000409e+00 -1.451035263157907096e-01
6.596099999999999852e+00 -1.393725263157898908e-01
6.631499999999999062e+00 -1.147365263157906767e-01
6.666799999999998505e+00 -7.322252631579040383e-02
6.702200000000001268e+00 -3.959252631578991100e-02
6.737500000000000711e+00 -4.047152631579020721e-02
6.772800000000000153e+00 -6.849952631579014906e-02
6.808199999999999363e+00 -8.707552631579051905e-02
6.843499999999998806e+00 -5.827652631579027798e-02
6.878900000000001569e+00 2.752647368421001772e-02
6.914200000000001012e+00 1.293014736842099666e-01
6.949600000000000222e+00 1.909284736842096208e-01
6.984899999999999665e+00 1.855844736842096054e-01
7.020199999999999108e+00 1.265164736842097071e-01
7.055599999999998317e+00 5.815347368420997753e-02
7.090900000000001313e+00 1.995647368420971901e-02
7.126300000000000523e+00 2.321247368421008872e-02
7.161599999999999966e+00 4.915147368420935692e-02
7.196999999999999176e+00 7.371647368420930491e-02
7.232299999999998619e+00 8.484347368420941393e-02
7.267600000000001614e+00 8.786247368420951886e-02
7.303000000000000824e+00 1.022784736842092812e-01
7.338300000000000267e+00 1.410954736842100488e-01
7.373699999999999477e+00 2.001804736842096588e-01
7.408999999999998920e+00 2.557664736842095721e-01
7.444400000000001683e+00 2.795724736842100100e-01
7.479700000000001125e+00 2.649464736842093160e-01
7.515000000000000568e+00 2.335794736842098374e-01
7.550399999999999778e+00 2.117754736842094587e-01
7.585699999999999221e+00 2.089264736842100234e-01
7.621099999999998431e+00 2.052744736842093687e-01
7.656400000000001427e+00 1.798544736842098146e-01
7.691800000000000637e+00 1.278644736842098339e-01
7.727100000000000080e+00 7.273847368420938153e-02
7.762399999999999523e+00 4.915647368421005581e-02
7.797799999999998732e+00 7.346547368420974777e-02
7.833100000000001728e+00 1.325004736842094744e-01
7.868500000000000938e+00 2.013944736842097072e-01
7.903800000000000381e+00 2.676324736842099483e-01
7.939199999999999591e+00 3.353804736842098677e-01
7.974499999999999034e+00 4.038684736842093059e-01
8.009799999999998477e+00 4.582994736842094241e-01
8.045200000000001239e+00 4.736564736842092671e-01
8.080500000000000682e+00 4.338424736842094731e-01
8.115899999999999892e+00 3.493764736842095431e-01
8.151199999999999335e+00 2.489574736842099512e-01
8.186599999999998545e+00 1.617854736842101460e-01
8.221900000000001540e+00 1.083184736842097706e-01
8.257200000000000983e+00 9.195247368421011203e-02
8.292600000000000193e+00 1.078784736842095526e-01
8.327899999999999636e+00 1.454994736842101233e-01
8.363299999999998846e+00 1.873904736842098018e-01
8.398599999999998289e+00 2.138724736842094742e-01
8.434000000000001052e+00 2.048624736842095118e-01
8.469300000000000495e+00 1.481804736842100567e-01
8.504599999999999937e+00 5.254047368420966535e-02
8.539999999999999147e+00 -4.729252631579061728e-02
8.575299999999998590e+00 -1.099665263157900696e-01
8.610700000000001353e+00 -1.134345263157898742e-01
8.646000000000000796e+00 -6.907552631579072511e-02
8.681400000000000006e+00 -1.176652631579067076e-02
8.716699999999999449e+00 2.584347368421013869e-02
8.752099999999998658e+00 3.196047368420984469e-02
8.787400000000001654e+00 1.476947368420944429e-02
8.822700000000001097e+00 -4.433526315790636829e-03
8.858100000000000307e+00 -1.478052631579007681e-02
8.893399999999999750e+00 -2.791552631579019561e-02
8.928799999999998960e+00 -5.439152631578991759e-02
8.964099999999998403e+00 -9.734052631579004355e-02
8.999500000000001165e+00 -1.451075263157903805e-01
9.034800000000000608e+00 -1.755965263157905909e-01
9.070100000000000051e+00 -1.746445263157898609e-01
9.105499999999999261e+00 -1.427085263157898964e-01
9.140799999999998704e+00 -9.920752631578988456e-02
9.176200000000001467e+00 -6.604952631579052991e-02
9.211500000000000909e+00 -5.816252631579033050e-02
9.246900000000000119e+00 -7.647952631579002514e-02
9.282199999999999562e+00 -1.083885263157906564e-01
9.317499999999999005e+00 -1.342325263157899684e-01
9.352900000000001768e+00 -1.354355263157902556e-01
9.388200000000001211e+00 -1.014875263157906105e-01
9.423600000000000421e+00 -3.867252631579010114e-02
9.458899999999999864e+00 3.484747368420926250e-02
9.494299999999999073e+00 9.975547368421011640e-02
9.529599999999998516e+00 1.435644736842096592e-01
9.564900000000001512e+00 1.556464736842100294e-01
9.600300000000000722e+00 1.195854736842099086e-01
9.635600000000000165e+00 2.314947368420927631e-02
9.670999999999999375e+00 -1.293765263157906631e-01
9.706299999999998818e+00 -3.030015263157901373e-01
9.741700000000001580e+00 -4.320095263157899268e-01
9.777000000000001023e+00 -4.556165263157900824e-01
9.812300000000000466e+00 -3.579355263157903977e-01
9.847699999999999676e+00 -1.869105263157901931e-01
9.882999999999999119e+00 -2.882152631579071311e-02
9.918399999999998329e+00 3.641347368420966291e-02
9.953700000000001324e+00 -1.786552631579052530e-02
9.989100000000000534e+00 -1.538415263157899560e-01
1.002439999999999998e+01 -2.957055263157899461e-01
1.005969999999999942e+01 -3.680075263157904786e-01
1.009509999999999863e+01 -3.403285263157904694e-01
1.013040000000000163e+01 -2.423445263157901763e-01
1.016580000000000084e+01 -1.447715263157904886e-01
1.020110000000000028e+01 -1.043225263157898652e-01
1.023649999999999949e+01 -1.442255263157905532e-01
1.027179999999999893e+01 -2.374365263157907080e-01
1.030709999999999837e+01 -3.319335263157903171e-01
1.034250000000000114e+01 -3.767365263157902433e-01
1.037780000000000058e+01 -3.513355263157906805e-01
1.041319999999999979e+01 -2.706105263157905227e-01
1.044849999999999923e+01 -1.758445263157906169e-01
1.048389999999999844e+01 -1.109535263157903628e-01
1.051920000000000144e+01 -1.065575263157905184e-01
1.055450000000000088e+01 -1.651095263157902338e-01
1.058990000000000009e+01 -2.615535263157902079e-01
1.062519999999999953e+01 -3.514985263157903717e-01
1.066059999999999874e+01 -3.972625263157905096e-01
1.069590000000000174e+01 -3.850015263157899881e-01
1.073130000000000095e+01 -3.336425263157902776e-01
1.076660000000000039e+01 -2.874245263157906294e-01
1.080189999999999984e+01 -2.871345263157900618e-01
1.083729999999999905e+01 -3.442525263157900639e-01
1.087259999999999849e+01 -4.214835263157903356e-01
1.090800000000000125e+01 -4.620345263157901172e-01
1.094330000000000069e+01 -4.386985263157905379e-01
1.097869999999999990e+01 -3.672335263157906482e-01
1.101399999999999935e+01 -3.054495263157903651e-01
1.104929999999999879e+01 -3.036585263157904890e-01
1.108470000000000155e+01 -3.812565263157905449e-01
1.112000000000000099e+01 -5.067215263157907046e-01
1.115540000000000020e+01 -6.316275263157900000e-01
1.119069999999999965e+01 -7.164615263157898539e-01
1.122609999999999886e+01 -7.489875263157905749e-01
1.126139999999999830e+01 -7.374055263157899276e-01
1.129680000000000106e+01 -7.048145263157898910e-01
1.133210000000000051e+01 -6.752905263157904514e-01
1.136739999999999995e+01 -6.646195263157901323e-01
1.140279999999999916e+01 -6.684965263157902626e-01
1.143809999999999860e+01 -6.799745263157905839e-01
1.147350000000000136e+01 -6.938385263157904603e-01
1.150880000000000081e+01 -7.059095263157901812e-01
1.154420000000000002e+01 -7.116955263157906941e-01
1.157949999999999946e+01 -7.050275263157903538e-01
1.161479999999999890e+01 -6.910355263157903494e-01
1.165020000000000167e+01 -6.860765263157899696e-01
1.168550000000000111e+01 -7.016915263157903482e-01
1.172090000000000032e+01 -7.296715263157906861e-01
1.175619999999999976e+01 -7.355605263157904972e-01
1.179159999999999897e+01 -6.961235263157901088e-01
1.182689999999999841e+01 -6.264985263157907269e-01
1.186220000000000141e+01 -5.959515263157904030e-01
1.189760000000000062e+01 -6.744765263157903590e-01
1.193290000000000006e+01 -8.597715263157903465e-01
1.196829999999999927e+01 -1.029074526315790550e+00
1.200359999999999872e+01 -9.566765263157899213e-01
1.203900000000000148e+01 -3.864765263157901032e-01
1.207430000000000092e+01 8.596834736842096092e-01
1.210960000000000036e+01 2.801912473684208926e+00
1.214499999999999957e+01 5.277221473684210018e+00
1.218029999999999902e+01 7.996234473684210364e+00
1.221569999999999823e+01 1.063273947368420735e+01
1.225100000000000122e+01 1.291600147368420792e+01
1.228640000000000043e+01 1.469228747368421040e+01
1.232169999999999987e+01 1.593679247368421059e+01
1.235699999999999932e+01 1.672079947368420960e+01
1.239239999999999853e+01 1.716315147368420924e+01
1.242770000000000152e+01 1.738332147368420877e+01
1.246310000000000073e+01 1.747948347368420841e+01
1.249840000000000018e+01 1.751400647368420849e+01
1.253379999999999939e+01 1.752304147368420928e+01
1.256909999999999883e+01 1.752256747368420875e+01
