# r_minus_2Rs_A, PMF_over_kBT
-7.074999999999995737e-01 1.562901589473684183e+01
-6.722000000000001307e-01 1.548843589473684190e+01
-6.369000000000006878e-01 1.518507589473684227e+01
-6.014999999999997016e-01 1.459714589473684221e+01
-5.662000000000002586e-01 1.357892289473684322e+01
-5.309000000000008157e-01 1.200423889473684191e+01
-4.954999999999998295e-01 9.827001894736842047e+00
-4.602000000000003865e-01 7.140592894736841778e+00
-4.248999999999991672e-01 4.186654894736841825e+00
-3.895999999999997243e-01 1.299393894736841970e+00
-3.543000000000002814e-01 -1.199888105263158034e+00
-3.188999999999992951e-01 -3.109480105263158656e+00
-2.835999999999998522e-01 -4.399545105263158007e+00
-2.483000000000004093e-01 -5.185845105263158672e+00
-2.128999999999994230e-01 -5.645838105263158546e+00
-1.775999999999999801e-01 -5.929965105263158343e+00
-1.423000000000005372e-01 -6.114300105263158258e+00
-1.069999999999993179e-01 -6.213209105263158172e+00
-7.160000000000010800e-02 -6.224437105263158188e+00
-3.630000000000066507e-02 -6.168263105263158685e+00
-9.999999999994457767e-04 -6.081623105263158635e+00
3.429999999999999716e-02 -5.988298105263158533e+00
6.959999999999944009e-02 -5.887166105263158755e+00
1.050000000000004263e-01 -5.760224105263158201e+00
1.402999999999998693e-01 -5.598893105263158532e+00
1.755999999999993122e-01 -5.423690105263158756e+00
2.110000000000002984e-01 -5.270413105263158648e+00
2.462999999999997414e-01 -5.157946105263158110e+00
2.815999999999991843e-01 -5.075138105263158117e+00
3.169000000000004036e-01 -4.990637105263158624e+00
3.521999999999998465e-01 -4.875090105263158335e+00
3.876000000000008328e-01 -4.726871105263158235e+00
4.229000000000002757e-01 -4.566618105263158256e+00
4.581999999999997186e-01 -4.417901105263158712e+00
4.936000000000007049e-01 -4.292205105263158238e+00
5.289000000000001478e-01 -4.186356105263158156e+00
5.641999999999995907e-01 -4.086748105263158237e+00
5.995000000000008100e-01 -3.980619105263158097e+00
6.349000000000000199e-01 -3.866084105263158044e+00
6.701999999999994628e-01 -3.746605105263157931e+00
7.055000000000006821e-01 -3.624557105263158441e+00
7.408000000000001251e-01 -3.503575105263158740e+00
7.760999999999995680e-01 -3.384410105263158108e+00
8.115000000000005542e-01 -3.263112105263158647e+00
8.467999999999999972e-01 -3.137700105263157901e+00
8.820999999999994401e-01 -3.012638105263158117e+00
9.175000000000004263e-01 -2.896046105263158310e+00
9.527999999999998693e-01 -2.793502105263158342e+00
9.880999999999993122e-01 -2.702636105263158228e+00
1.023400000000000531e+00 -2.608655105263157914e+00
1.058699999999999974e+00 -2.497653105263157869e+00
1.094099999999999184e+00 -2.373073105263157956e+00
1.129400000000000404e+00 -2.247383105263158320e+00
1.164699999999999847e+00 -2.134248105263158557e+00
1.199999999999999289e+00 -2.040613105263157756e+00
1.235400000000000276e+00 -1.958954105263158274e+00
1.270699999999999719e+00 -1.875436105263158071e+00
1.305999999999999162e+00 -1.785008105263157896e+00
1.341400000000000148e+00 -1.689574105263158321e+00
1.376699999999999591e+00 -1.594626105263158289e+00
1.412000000000000810e+00 -1.504378105263157961e+00
1.447300000000000253e+00 -1.417102105263158274e+00
1.482599999999999696e+00 -1.326157105263158220e+00
1.518000000000000682e+00 -1.227980105263158039e+00
1.553300000000000125e+00 -1.123884105263158295e+00
1.588599999999999568e+00 -1.016298105263158336e+00
1.624000000000000554e+00 -9.055431052631581768e-01
1.659299999999999997e+00 -7.943751052631580212e-01
1.694599999999999440e+00 -6.895391052631580919e-01
1.729900000000000659e+00 -5.963241052631580441e-01
1.765200000000000102e+00 -5.177941052631580554e-01
1.800599999999999312e+00 -4.480131052631581845e-01
1.835900000000000531e+00 -3.768161052631580077e-01
1.871199999999999974e+00 -2.961821052631581352e-01
1.906499999999999417e+00 -2.095451052631580602e-01
1.941900000000000404e+00 -1.216851052631580110e-01
1.977199999999999847e+00 -3.462410526315817805e-02
2.012499999999999289e+00 5.634889473684179251e-02
2.047900000000000276e+00 1.625928947368417976e-01
2.083199999999999719e+00 2.789058947368419084e-01
2.118499999999999162e+00 3.857818947368418794e-01
2.153800000000000381e+00 4.633908947368419184e-01
2.189099999999999824e+00 5.109188947368419331e-01
2.224500000000000810e+00 5.515238947368419353e-01
2.259800000000000253e+00 6.136338947368419339e-01
2.295099999999999696e+00 7.117998947368419094e-01
2.330500000000000682e+00 8.313778947368418715e-01
2.365800000000000125e+00 9.447428947368419205e-01
2.401099999999999568e+00 1.030389894736841949e+00
2.436400000000000787e+00 1.091116894736841925e+00
2.471799999999999997e+00 1.149092894736841952e+00
2.507099999999999440e+00 1.218853894736841914e+00
2.542400000000000659e+00 1.297505894736841858e+00
2.577700000000000102e+00 1.370316894736841817e+00
2.612999999999999545e+00 1.425760894736841866e+00
2.648400000000000531e+00 1.470993894736841945e+00
2.683699999999999974e+00 1.518535894736841918e+00
2.718999999999999417e+00 1.578282894736841913e+00
2.754400000000000404e+00 1.643891894736841941e+00
2.789699999999999847e+00 1.696339894736841991e+00
2.824999999999999289e+00 1.725868894736841908e+00
2.860300000000000509e+00 1.735521894736841819e+00
2.895599999999999952e+00 1.737624894736841785e+00
2.930999999999999162e+00 1.739439894736841907e+00
2.966300000000000381e+00 1.738149894736841894e+00
3.001599999999999824e+00 1.723945894736842011e+00
3.036899999999999267e+00 1.693958894736841803e+00
3.072300000000000253e+00 1.657644894736841845e+00
3.107599999999999696e+00 1.634869894736841855e+00
3.142899999999999139e+00 1.640706894736841948e+00
3.178300000000000125e+00 1.668230894736841829e+00
3.213599999999999568e+00 1.690477894736841957e+00
3.248900000000000787e+00 1.682299894736841939e+00
3.284200000000000230e+00 1.640580894736841877e+00
3.319499999999999673e+00 1.592451894736842011e+00
3.354900000000000659e+00 1.572849894736841891e+00
3.390200000000000102e+00 1.594352894736841941e+00
3.425499999999999545e+00 1.640727894736841996e+00
3.460900000000000531e+00 1.674984894736841756e+00
3.496199999999999974e+00 1.675623894736841812e+00
3.531499999999999417e+00 1.658319894736841826e+00
3.566800000000000637e+00 1.652927894736841985e+00
3.602100000000000080e+00 1.683286894736841788e+00
3.637499999999999289e+00 1.743377894736841904e+00
3.672800000000000509e+00 1.804305894736841775e+00
3.708099999999999952e+00 1.832801894736841852e+00
3.743399999999999395e+00 1.817244894736842031e+00
3.778800000000000381e+00 1.772296894736841821e+00
3.814099999999999824e+00 1.724250894736842010e+00
3.849399999999999267e+00 1.693667894736841983e+00
3.884800000000000253e+00 1.686294894736841909e+00
3.920099999999999696e+00 1.698167894736841932e+00
3.955399999999999139e+00 1.726171894736841850e+00
3.990700000000000358e+00 1.764292894736841921e+00
4.026099999999999568e+00 1.804470894736841746e+00
4.061399999999999011e+00 1.829197894736841912e+00
4.096699999999998454e+00 1.829938894736841792e+00
4.132000000000001450e+00 1.810921894736841953e+00
4.167300000000000892e+00 1.782663894736841836e+00
4.202700000000000102e+00 1.754702894736841934e+00
4.237999999999999545e+00 1.725373894736841773e+00
4.273299999999998988e+00 1.688761894736841906e+00
4.308700000000001751e+00 1.649700894736841894e+00
4.344000000000001194e+00 1.631151894736841967e+00
4.379300000000000637e+00 1.651734894736841763e+00
4.414600000000000080e+00 1.702426894736841945e+00
4.449999999999999289e+00 1.749620894736841903e+00
4.485299999999998732e+00 1.756396894736842018e+00
4.520600000000001728e+00 1.709159894736841823e+00
4.555900000000001171e+00 1.630426894736841881e+00
4.591200000000000614e+00 1.554421894736842003e+00
4.626599999999999824e+00 1.501524894736841809e+00
4.661899999999999267e+00 1.473385894736841895e+00
4.697199999999998710e+00 1.460725894736842001e+00
4.732500000000001705e+00 1.457867894736841974e+00
4.767900000000000915e+00 1.462592894736841842e+00
4.803200000000000358e+00 1.470018894736841997e+00
4.838499999999999801e+00 1.468367894736841928e+00
4.873899999999999011e+00 1.446311894736841852e+00
4.909199999999998454e+00 1.405401894736841850e+00
4.944500000000001450e+00 1.361522894736841849e+00
4.979800000000000892e+00 1.332826894736841794e+00
5.015100000000000335e+00 1.325478894736841884e+00
5.050499999999999545e+00 1.333452894736841809e+00
5.085799999999998988e+00 1.336231894736841896e+00
5.121099999999998431e+00 1.318986894736841942e+00
5.156400000000001427e+00 1.280664894736841974e+00
5.191800000000000637e+00 1.229145894736841882e+00
5.227100000000000080e+00 1.175352894736841902e+00
5.262399999999999523e+00 1.125798894736841804e+00
5.297799999999998732e+00 1.080055894736841937e+00
5.333100000000001728e+00 1.032117894736841901e+00
5.368400000000001171e+00 9.817488947368419039e-01
5.403700000000000614e+00 9.328228947368418789e-01
5.439099999999999824e+00 8.940568947368419117e-01
5.474399999999999267e+00 8.666398947368418870e-01
5.509699999999998710e+00 8.382748947368419135e-01
5.545000000000001705e+00 7.893988947368418829e-01
5.580300000000001148e+00 7.080478947368419318e-01
5.615700000000000358e+00 5.999028947368418851e-01
5.650999999999999801e+00 4.898648947368419160e-01
5.686299999999999244e+00 4.083668947368418456e-01
5.721699999999998454e+00 3.730198947368419393e-01
5.757000000000001450e+00 3.736528947368419340e-01
5.792300000000000892e+00 3.822498947368418998e-01
5.827600000000000335e+00 3.728138947368418998e-01
5.862999999999999545e+00 3.331818947368418993e-01
5.898299999999998988e+00 2.705318947368419158e-01
5.933599999999998431e+00 2.018048947368418222e-01
5.968900000000001427e+00 1.469458947368418311e-01
6.004200000000000870e+00 1.184418947368419683e-01
6.039600000000000080e+00 1.178968947368419506e-01
6.074899999999999523e+00 1.350938947368418575e-01
6.110199999999998965e+00 1.538648947368419506e-01
6.145600000000001728e+00 1.657398947368418085e-01
6.180900000000001171e+00 1.672988947368418966e-01
6.216200000000000614e+00 1.656008947368419193e-01
6.251500000000000057e+00 1.696768947368418878e-01
6.286899999999999267e+00 1.771298947368418197e-01
6.322199999999998710e+00 1.769288947368419240e-01
6.357500000000001705e+00 1.673788947368419766e-01
6.392800000000001148e+00 1.610188947368418333e-01
6.428100000000000591e+00 1.761588947368419866e-01
6.463499999999999801e+00 2.165888947368419526e-01
6.498799999999999244e+00 2.648338947368419349e-01
6.534099999999998687e+00 2.866008947368419157e-01
6.569400000000001683e+00 2.626808947368419744e-01
6.604800000000000892e+00 2.034818947368419728e-01
6.640100000000000335e+00 1.448118947368419729e-01
6.675399999999999778e+00 1.206258947368419321e-01
6.710799999999998988e+00 1.351718947368418799e-01
6.746099999999998431e+00 1.681648947368419300e-01
6.781400000000001427e+00 1.908848947368417814e-01
6.816700000000000870e+00 1.906538947368419112e-01
6.852000000000000313e+00 1.733138947368417782e-01
6.887399999999999523e+00 1.529608947368419347e-01
6.922699999999998965e+00 1.385588947368419088e-01
6.957999999999998408e+00 1.291848947368419154e-01
6.993300000000001404e+00 1.251368947368418638e-01
7.028700000000000614e+00 1.363028947368418731e-01
7.064000000000000057e+00 1.665258947368419840e-01
7.099299999999999500e+00 2.050438947368418141e-01
7.134699999999998710e+00 2.275968947368418593e-01
7.170000000000001705e+00 2.190448947368419663e-01
7.205300000000001148e+00 1.869708947368418084e-01
7.240600000000000591e+00 1.573758947368419925e-01
7.275999999999999801e+00 1.550788947368417769e-01
7.311299999999999244e+00 1.767558947368419453e-01
7.346599999999998687e+00 2.001668947368417939e-01
7.381900000000001683e+00 2.021718947368418284e-01
7.417200000000001125e+00 1.807308947368417851e-01
7.452600000000000335e+00 1.540828947368417801e-01
7.487899999999999778e+00 1.405578947368419929e-01
7.523199999999999221e+00 1.434478947368418300e-01
7.558599999999998431e+00 1.519778947368419786e-01
7.593900000000001427e+00 1.551078947368418337e-01
7.629200000000000870e+00 1.469058947368417911e-01
7.664500000000000313e+00 1.339498947368418236e-01
7.699899999999999523e+00 1.260238947368419460e-01
7.735199999999998965e+00 1.243678947368418441e-01
7.770499999999998408e+00 1.221568947368418812e-01
7.805800000000001404e+00 1.112888947368417814e-01
7.841100000000000847e+00 8.571189473684182047e-02
7.876500000000000057e+00 5.373189473684192308e-02
7.911799999999999500e+00 3.013489473684183295e-02
7.947099999999998943e+00 2.664689473684189736e-02
7.982500000000001705e+00 3.841289473684184053e-02
8.017800000000001148e+00 5.005389473684185297e-02
8.053100000000000591e+00 4.965889473684192978e-02
8.088400000000000034e+00 3.379189473684185430e-02
8.123799999999999244e+00 1.989489473684180609e-02
8.159099999999998687e+00 2.473989473684179430e-02
8.194400000000001683e+00 4.909489473684192085e-02
8.229700000000001125e+00 7.214489473684193577e-02
8.265000000000000568e+00 7.114489473684182386e-02
8.300399999999999778e+00 4.446689473684184435e-02
8.335699999999999221e+00 1.371589473684187155e-02
8.370999999999998664e+00 1.245489473684191495e-02
8.406300000000001660e+00 4.622289473684193517e-02
8.441700000000000870e+00 8.939489473684192333e-02
8.477000000000000313e+00 1.006638947368418968e-01
8.512299999999999756e+00 5.555789473684180635e-02
8.547699999999998965e+00 -2.166810526315821051e-02
8.582999999999998408e+00 -7.530810526315812048e-02
8.618300000000001404e+00 -6.599310526315815828e-02
8.653600000000000847e+00 -4.333105263158110176e-03
8.688900000000000290e+00 5.857989473684188653e-02
8.724299999999999500e+00 7.878589473684183275e-02
8.759599999999998943e+00 5.179389473684192780e-02
8.794899999999998386e+00 1.488289473684178965e-02
8.830200000000001381e+00 1.186389473684190676e-02
8.865600000000000591e+00 4.735689473684190354e-02
8.900900000000000034e+00 8.301889473684198606e-02
8.936199999999999477e+00 8.043789473684181957e-02
8.971599999999998687e+00 3.684389473684190897e-02
9.006900000000001683e+00 -1.801610526315822192e-02
9.042200000000001125e+00 -5.026010526315816129e-02
9.077500000000000568e+00 -4.629110526315804996e-02
9.112899999999999778e+00 -1.873310526315807856e-02
9.148199999999999221e+00 9.680894736841860748e-03
9.183499999999998664e+00 1.884489473684181071e-02
9.218800000000001660e+00 4.245894736841782091e-03
9.254100000000001103e+00 -2.488210526315803861e-02
9.289500000000000313e+00 -5.130510526315812392e-02
9.324799999999999756e+00 -5.843310526315814712e-02
9.360099999999999199e+00 -4.136810526315803926e-02
9.395499999999998408e+00 -1.215410526315818807e-02
9.430800000000001404e+00 4.244894736841864358e-03
9.466100000000000847e+00 -7.901105263158125780e-03
9.501400000000000290e+00 -3.874010526315818659e-02
9.536799999999999500e+00 -6.428610526315803320e-02
9.572099999999998943e+00 -6.317510526315817110e-02
9.607399999999998386e+00 -3.992810526315815345e-02
9.642700000000001381e+00 -1.351910526315802663e-02
9.678000000000000824e+00 -3.401105263158177294e-03
9.713400000000000034e+00 -1.624610526315817260e-02
9.748699999999999477e+00 -4.073810526315813085e-02
9.783999999999998920e+00 -6.125710526315808480e-02
9.819400000000001683e+00 -7.175710526315803861e-02
9.854700000000001125e+00 -7.547110526315803369e-02
9.890000000000000568e+00 -7.623810526315821789e-02
9.925300000000000011e+00 -7.194210526315814036e-02
9.960699999999999221e+00 -5.985910526315807445e-02
9.995999999999998664e+00 -4.037710526315807513e-02
1.003130000000000166e+01 -2.150510526315807525e-02
1.006660000000000110e+01 -1.212610526315804904e-02
1.010190000000000055e+01 -2.082210526315808607e-02
1.013729999999999976e+01 -4.545810526315818834e-02
1.017259999999999920e+01 -7.463210526315822158e-02
1.020789999999999864e+01 -9.431210526315814136e-02
1.024320000000000164e+01 -9.566010526315804618e-02
1.027860000000000085e+01 -8.358310526315815281e-02
1.031390000000000029e+01 -7.866110526315805984e-02
1.034919999999999973e+01 -9.705210526315810604e-02
1.038459999999999894e+01 -1.348321052631580308e-01
1.041989999999999839e+01 -1.674691052631580579e-01
1.045520000000000138e+01 -1.739761052631580984e-01
1.049050000000000082e+01 -1.550751052631580418e-01
1.052580000000000027e+01 -1.395131052631581881e-01
1.056119999999999948e+01 -1.559221052631580839e-01
1.059649999999999892e+01 -2.099331052631581152e-01
1.063179999999999836e+01 -2.757291052631580808e-01
1.066710000000000136e+01 -3.149951052631581039e-01
1.070250000000000057e+01 -3.044091052631581196e-01
1.073780000000000001e+01 -2.549921052631580753e-01
1.077309999999999945e+01 -1.986901052631582232e-01
1.080849999999999866e+01 -1.663411052631580400e-01
1.084380000000000166e+01 -1.734131052631580072e-01
1.087910000000000110e+01 -2.176961052631580795e-01
1.091440000000000055e+01 -2.844611052631580428e-01
1.094979999999999976e+01 -3.499361052631582147e-01
1.098509999999999920e+01 -3.876581052631580260e-01
1.102039999999999864e+01 -3.834391052631580532e-01
1.105570000000000164e+01 -3.407681052631581498e-01
1.109100000000000108e+01 -2.831791052631580374e-01
1.112640000000000029e+01 -2.445071052631582198e-01
1.116169999999999973e+01 -2.459711052631581296e-01
1.119699999999999918e+01 -2.860881052631580879e-01
1.123239999999999839e+01 -3.400321052631580798e-01
1.126770000000000138e+01 -3.780891052631580873e-01
1.130300000000000082e+01 -3.826241052631580430e-01
1.133830000000000027e+01 -3.585291052631580655e-01
1.137369999999999948e+01 -3.222531052631580906e-01
1.140899999999999892e+01 -2.938871052631581993e-01
1.144429999999999836e+01 -2.820161052631580123e-01
1.147960000000000136e+01 -2.795351052631580568e-01
1.151490000000000080e+01 -2.776551052631581751e-01
1.155030000000000001e+01 -2.764501052631580524e-01
1.158559999999999945e+01 -2.819931052631581281e-01
1.162089999999999890e+01 -2.991711052631580436e-01
1.165619999999999834e+01 -3.201581052631581326e-01
1.169160000000000110e+01 -3.193901052631580306e-01
1.172690000000000055e+01 -2.739071052631580905e-01
1.176219999999999999e+01 -1.864551052631580053e-01
1.179759999999999920e+01 -1.001551052631581840e-01
1.183289999999999864e+01 -8.457210526315805943e-02
1.186820000000000164e+01 -1.883661052631582233e-01
1.190350000000000108e+01 -4.001861052631581206e-01
1.193880000000000052e+01 -6.213381052631581358e-01
1.197419999999999973e+01 -6.824741052631582150e-01
1.200949999999999918e+01 -3.837271052631581192e-01
1.204479999999999862e+01 4.361728947368418430e-01
1.208010000000000161e+01 1.838641894736841920e+00
1.211550000000000082e+01 3.742572894736841960e+00
1.215080000000000027e+01 5.937717894736842084e+00
1.218609999999999971e+01 8.142962894736841761e+00
1.222149999999999892e+01 1.009977989473684268e+01
1.225679999999999836e+01 1.164436489473684233e+01
1.229210000000000136e+01 1.273417989473684209e+01
1.232740000000000080e+01 1.342382789473684213e+01
1.236270000000000024e+01 1.381577889473684273e+01
1.239809999999999945e+01 1.401547889473684272e+01
1.243339999999999890e+01 1.410471689473684265e+01
1.246869999999999834e+01 1.413838289473684284e+01
1.250400000000000134e+01 1.414745589473684184e+01
1.253940000000000055e+01 1.414781089473684261e+01
1.257469999999999999e+01 1.414588189473684210e+01
