# r rho rho_st
7.499999999999999722e-02 0.000000000000000000e+00 0.000000000000000000e+00
2.250000000000000056e-01 0.000000000000000000e+00 0.000000000000000000e+00
3.750000000000000000e-01 0.000000000000000000e+00 0.000000000000000000e+00
5.250000000000000222e-01 0.000000000000000000e+00 0.000000000000000000e+00
6.750000000000000444e-01 0.000000000000000000e+00 0.000000000000000000e+00
8.249999999999999556e-01 0.000000000000000000e+00 0.000000000000000000e+00
9.749999999999999778e-01 0.000000000000000000e+00 0.000000000000000000e+00
1.125000000000000000e+00 0.000000000000000000e+00 0.000000000000000000e+00
1.274999999999999911e+00 0.000000000000000000e+00 0.000000000000000000e+00
1.425000000000000044e+00 0.000000000000000000e+00 0.000000000000000000e+00
1.574999999999999956e+00 0.000000000000000000e+00 0.000000000000000000e+00
1.725000000000000089e+00 0.000000000000000000e+00 0.000000000000000000e+00
1.875000000000000000e+00 0.000000000000000000e+00 0.000000000000000000e+00
2.024999999999999911e+00 0.000000000000000000e+00 0.000000000000000000e+00
2.174999999999999822e+00 0.000000000000000000e+00 0.000000000000000000e+00
2.325000000000000178e+00 0.000000000000000000e+00 0.000000000000000000e+00
2.475000000000000089e+00 0.000000000000000000e+00 0.000000000000000000e+00
2.625000000000000000e+00 0.000000000000000000e+00 0.000000000000000000e+00
2.774999999999999911e+00 0.000000000000000000e+00 0.000000000000000000e+00
2.924999999999999822e+00 0.000000000000000000e+00 0.000000000000000000e+00
3.075000000000000178e+00 0.000000000000000000e+00 0.000000000000000000e+00
3.225000000000000089e+00 0.000000000000000000e+00 0.000000000000000000e+00
3.375000000000000000e+00 0.000000000000000000e+00 0.000000000000000000e+00
3.524999999999999911e+00 0.000000000000000000e+00 0.000000000000000000e+00
3.674999999999999822e+00 0.000000000000000000e+00 0.000000000000000000e+00
3.825000000000000178e+00 0.000000000000000000e+00 0.000000000000000000e+00
3.975000000000000089e+00 0.000000000000000000e+00 0.000000000000000000e+00
4.125000000000000000e+00 0.000000000000000000e+00 0.000000000000000000e+00
4.275000000000000355e+00 0.000000000000000000e+00 0.000000000000000000e+00
4.424999999999999822e+00 0.000000000000000000e+00 0.000000000000000000e+00
4.575000000000000178e+00 0.000000000000000000e+00 0.000000000000000000e+00
4.724999999999999645e+00 0.000000000000000000e+00 0.000000000000000000e+00
4.875000000000000000e+00 0.000000000000000000e+00 0.000000000000000000e+00
5.025000000000000355e+00 0.000000000000000000e+00 0.000000000000000000e+00
5.174999999999999822e+00 0.000000000000000000e+00 0.000000000000000000e+00
5.325000000000000178e+00 0.000000000000000000e+00 0.000000000000000000e+00
5.474999999999999645e+00 0.000000000000000000e+00 0.000000000000000000e+00
5.625000000000000000e+00 0.000000000000000000e+00 0.000000000000000000e+00
5.775000000000000355e+00 0.000000000000000000e+00 0.000000000000000000e+00
5.924999999999999822e+00 0.000000000000000000e+00 0.000000000000000000e+00
6.075000000000000178e+00 0.000000000000000000e+00 0.000000000000000000e+00
6.224999999999999645e+00 0.000000000000000000e+00 0.000000000000000000e+00
6.375000000000000000e+00 0.000000000000000000e+00 0.000000000000000000e+00
6.525000000000000355e+00 0.000000000000000000e+00 0.000000000000000000e+00
6.674999999999999822e+00 0.000000000000000000e+00 0.000000000000000000e+00
6.825000000000000178e+00 0.000000000000000000e+00 0.000000000000000000e+00
6.974999999999999645e+00 0.000000000000000000e+00 0.000000000000000000e+00
7.125000000000000000e+00 0.000000000000000000e+00 0.000000000000000000e+00
7.275000000000000355e+00 0.000000000000000000e+00 0.000000000000000000e+00
7.424999999999999822e+00 1.176987857492497319e-02 7.619676004414667373e-06
7.575000000000000178e+00 8.142227533772700143e-02 7.360859553656480937e-05
7.724999999999999645e+00 7.686553729825586212e-02 1.202829967757221405e-04
7.875000000000000000e+00 6.380464647623196317e-02 7.257822286605707953e-05
8.025000000000000355e+00 5.463759871083868902e-02 1.229534490568791653e-04
8.175000000000000711e+00 4.787063738160865500e-02 5.136729288213045885e-05
8.324999999999999289e+00 4.261933067742250392e-02 4.198306702475361392e-05
8.474999999999999645e+00 3.827706220925121416e-02 7.608965931386922968e-05
8.625000000000000000e+00 3.450682468393360264e-02 7.580295573980692047e-05
8.775000000000000355e+00 3.137773288666257515e-02 6.566827994630384526e-05
8.925000000000000711e+00 2.868227264540253174e-02 5.324703836861144991e-05
9.074999999999999289e+00 2.651487788592322981e-02 5.728716536986480390e-05
9.224999999999999645e+00 2.482686317993751043e-02 2.037592816681345817e-05
9.375000000000000000e+00 2.362952999279973806e-02 1.968050149831864618e-05
9.525000000000000355e+00 2.302485768222152854e-02 5.633568770289766825e-05
9.675000000000000711e+00 2.315692529345145939e-02 8.386659320902072306e-05
9.824999999999999289e+00 2.421955483285277710e-02 2.027933996080938495e-05
9.974999999999999645e+00 2.698252414963684884e-02 8.345265467932489834e-05
1.012500000000000000e+01 3.208378021168009631e-02 5.830438253952877704e-05
1.027500000000000036e+01 3.766462838264927199e-02 4.023531809182650306e-05
1.042500000000000071e+01 4.000491242137409892e-02 4.599584426695307003e-05
1.057499999999999929e+01 3.949710506449366498e-02 2.002355692986568372e-05
1.072499999999999964e+01 3.811528780769430497e-02 3.036966465663336429e-05
1.087500000000000000e+01 3.675528476384831017e-02 1.433030944582458414e-05
1.102500000000000036e+01 3.570299501120555857e-02 3.969831678625284060e-05
1.117500000000000071e+01 3.490218131672196550e-02 1.159714979526290458e-04
1.132499999999999929e+01 3.440620543025017103e-02 1.177123350572170081e-05
1.147499999999999964e+01 3.402506354225718482e-02 9.050384962140854369e-05
1.162500000000000000e+01 3.382904108221448242e-02 4.014615088455932761e-05
1.177500000000000036e+01 3.369733096279131646e-02 2.291309644575264867e-05
1.192500000000000071e+01 3.348312674654140009e-02 4.563326096402455472e-05
1.207499999999999929e+01 3.327287840690509868e-02 3.821351668579493321e-05
1.222499999999999964e+01 3.306852901708559611e-02 2.804579654420755294e-05
1.237500000000000000e+01 3.282786538107389934e-02 6.342259485869637594e-05
1.252500000000000036e+01 3.262721964130985836e-02 3.660455460751471603e-05
1.267500000000000071e+01 3.242541224881577422e-02 3.763723054782282240e-05
1.282499999999999929e+01 3.226474314698891260e-02 5.376849168239663119e-05
1.297499999999999964e+01 3.217567468991167773e-02 2.691915352506428852e-05
1.312500000000000000e+01 3.210254940061486179e-02 2.914802510307109695e-05
1.327500000000000036e+01 3.223601871746081815e-02 3.135595635312598482e-05
1.342500000000000071e+01 3.244194013119103964e-02 4.955280543257050839e-05
1.357499999999999929e+01 3.267279091204113028e-02 3.147804376040922228e-05
1.372499999999999964e+01 3.308488835782347898e-02 2.098241447584514845e-05
1.387500000000000000e+01 3.346911462594142489e-02 7.129011949345860210e-05
1.402500000000000036e+01 3.380410250504464753e-02 3.144387097261604105e-05
1.417500000000000071e+01 3.407712715424786321e-02 1.933236980214080410e-05
1.432499999999999929e+01 3.416785092062237655e-02 4.157810457857273779e-05
1.447499999999999964e+01 3.419268410635765976e-02 2.629630718424141617e-05
1.462500000000000000e+01 3.411969714841107948e-02 5.197406524877083754e-05
1.477500000000000036e+01 3.395739953407132805e-02 3.807288507116514506e-05
