# r rho rho_st
7.499999999999999722e-02 0.000000000000000000e+00 0.000000000000000000e+00
2.250000000000000056e-01 0.000000000000000000e+00 0.000000000000000000e+00
3.750000000000000000e-01 0.000000000000000000e+00 0.000000000000000000e+00
5.250000000000000222e-01 0.000000000000000000e+00 0.000000000000000000e+00
6.750000000000000444e-01 0.000000000000000000e+00 0.000000000000000000e+00
8.249999999999999556e-01 0.000000000000000000e+00 0.000000000000000000e+00
9.749999999999999778e-01 0.000000000000000000e+00 0.000000000000000000e+00
1.125000000000000000e+00 0.000000000000000000e+00 0.000000000000000000e+00
1.274999999999999911e+00 0.000000000000000000e+00 0.000000000000000000e+00
1.425000000000000044e+00 0.000000000000000000e+00 0.000000000000000000e+00
1.574999999999999956e+00 0.000000000000000000e+00 0.000000000000000000e+00
1.725000000000000089e+00 0.000000000000000000e+00 0.000000000000000000e+00
1.875000000000000000e+00 0.000000000000000000e+00 0.000000000000000000e+00
2.024999999999999911e+00 0.000000000000000000e+00 0.000000000000000000e+00
2.174999999999999822e+00 0.000000000000000000e+00 0.000000000000000000e+00
2.325000000000000178e+00 0.000000000000000000e+00 0.000000000000000000e+00
2.475000000000000089e+00 0.000000000000000000e+00 0.000000000000000000e+00
2.625000000000000000e+00 0.000000000000000000e+00 0.000000000000000000e+00
2.774999999999999911e+00 0.000000000000000000e+00 0.000000000000000000e+00
2.924999999999999822e+00 0.000000000000000000e+00 0.000000000000000000e+00
3.075000000000000178e+00 0.000000000000000000e+00 0.000000000000000000e+00
3.225000000000000089e+00 0.000000000000000000e+00 0.000000000000000000e+00
3.375000000000000000e+00 0.000000000000000000e+00 0.000000000000000000e+00
3.524999999999999911e+00 0.000000000000000000e+00 0.000000000000000000e+00
3.674999999999999822e+00 0.000000000000000000e+00 0.000000000000000000e+00
3.825000000000000178e+00 0.000000000000000000e+00 0.000000000000000000e+00
3.975000000000000089e+00 0.000000000000000000e+00 0.000000000000000000e+00
4.125000000000000000e+00 0.000000000000000000e+00 0.000000000000000000e+00
4.275000000000000355e+00 0.000000000000000000e+00 0.000000000000000000e+00
4.424999999999999822e+00 9.427620537903691478e-03 4.110148991975903619e-05
4.575000000000000178e+00 6.336155891540332097e-02 1.876638950040235255e-04
4.724999999999999645e+00 6.479673102045842292e-02 9.340496755126863977e-05
4.875000000000000000e+00 6.066228610649614106e-02 1.688081550785979401e-04
5.025000000000000355e+00 5.614578274440935185e-02 1.037899958925297028e-04
5.174999999999999822e+00 5.136521679574931887e-02 1.150265182902205621e-04
5.325000000000000178e+00 4.669784770008209018e-02 8.483887793603970694e-05
5.474999999999999645e+00 4.219245583567802355e-02 8.179220790056573290e-05
5.625000000000000000e+00 3.804445955526022938e-02 4.769035229497822981e-05
5.775000000000000355e+00 3.437602156393396169e-02 1.121469238324276783e-04
5.924999999999999822e+00 3.117786602110789868e-02 1.221663172109133479e-04
6.075000000000000178e+00 2.853255517449925990e-02 8.403176607992454933e-05
6.224999999999999645e+00 2.643375684668463482e-02 6.821643367812616474e-05
6.375000000000000000e+00 2.486952858113188405e-02 8.915699546191283627e-05
6.525000000000000355e+00 2.389482319806723182e-02 7.009550608718535510e-05
6.674999999999999822e+00 2.366471225690698274e-02 6.506244664858382219e-05
6.825000000000000178e+00 2.436477914191251953e-02 4.355682683911005915e-05
6.974999999999999645e+00 2.638745105802980592e-02 6.364490673340049670e-05
7.125000000000000000e+00 3.022751154356332834e-02 4.372832236139072651e-05
7.275000000000000355e+00 3.450969618524419441e-02 4.113937596437357964e-05
7.424999999999999822e+00 3.682258772040367112e-02 6.628915378769334292e-05
7.575000000000000178e+00 3.731212219954999076e-02 8.274879415988795831e-05
7.724999999999999645e+00 3.691140202428177391e-02 5.212369998432114608e-05
7.875000000000000000e+00 3.628816306910033485e-02 7.738014823051589592e-05
8.025000000000000355e+00 3.560931050004823017e-02 4.989616943542771551e-05
8.175000000000000711e+00 3.503066527049337325e-02 6.391868986888821842e-05
8.324999999999999289e+00 3.459720722583475155e-02 4.968492880454996154e-05
8.474999999999999645e+00 3.429371305319069141e-02 5.119974408234966538e-05
8.625000000000000000e+00 3.407759956809657681e-02 4.869781486790267168e-05
8.775000000000000355e+00 3.396876520525345805e-02 4.044335606667236822e-05
8.925000000000000711e+00 3.379956097954760208e-02 3.552124716029659077e-05
9.074999999999999289e+00 3.363739502856667729e-02 3.857056937193225677e-05
9.224999999999999645e+00 3.344681350634076678e-02 5.131524002905871445e-05
9.375000000000000000e+00 3.318879323062117609e-02 5.165769375565892175e-05
9.525000000000000355e+00 3.299079174146591492e-02 3.307196950094068536e-05
9.675000000000000711e+00 3.275053583645645694e-02 2.295980675497260188e-05
9.824999999999999289e+00 3.253947414764286894e-02 3.444325852477238574e-05
9.974999999999999645e+00 3.239851158158744970e-02 4.630840067774269811e-05
1.012500000000000000e+01 3.231533505656148525e-02 4.093472292049566731e-05
1.027500000000000036e+01 3.232833283820298054e-02 5.303489196703779502e-05
1.042500000000000071e+01 3.240628315662404113e-02 5.133087181045985431e-05
1.057499999999999929e+01 3.263864758424924600e-02 3.206254742874159827e-05
1.072499999999999964e+01 3.290432465666679601e-02 3.956167192769503935e-05
1.087500000000000000e+01 3.323426926086352901e-02 3.715764023349609824e-05
1.102500000000000036e+01 3.350251732824512108e-02 3.120935706844861263e-05
1.117500000000000071e+01 3.375685516636314776e-02 3.941451017788961849e-05
1.132499999999999929e+01 3.393770597253083221e-02 3.231212362738243837e-05
1.147499999999999964e+01 3.398346648588860403e-02 2.254624377527048165e-05
1.162500000000000000e+01 3.397220974974613644e-02 2.280797784594813479e-05
1.177500000000000036e+01 3.389594801928125234e-02 1.790733791447615507e-05
1.192500000000000071e+01 3.377688402518665145e-02 1.773197932954153071e-05
1.207499999999999929e+01 3.360293503568594770e-02 4.958914525082323951e-05
1.222499999999999964e+01 3.344979172537132506e-02 5.504279552881925108e-05
1.237500000000000000e+01 3.330573785534163972e-02 3.245526583071875221e-05
1.252500000000000036e+01 3.320371453421223917e-02 3.634476673616621938e-05
1.267500000000000071e+01 3.311176538358547028e-02 1.621993886593935379e-05
1.282499999999999929e+01 3.308698753650072405e-02 1.840635600245466773e-05
1.297499999999999964e+01 3.309064843703926617e-02 3.885033098905399770e-05
1.312500000000000000e+01 3.311247553278760802e-02 2.332268053413054834e-05
1.327500000000000036e+01 3.318760383239836159e-02 4.045096462807817384e-05
1.342500000000000071e+01 3.321678811638793111e-02 4.656653091943223208e-05
1.357499999999999929e+01 3.326485831808351223e-02 2.252006205445866957e-05
1.372499999999999964e+01 3.330071911953863539e-02 2.455730492707202162e-05
1.387500000000000000e+01 3.334806581515160906e-02 2.926249519184987878e-05
1.402500000000000036e+01 3.336518390338787110e-02 2.168293532341608278e-05
1.417500000000000071e+01 3.337899460745997332e-02 3.492364987481309314e-05
1.432499999999999929e+01 3.338584882075945615e-02 3.268725586073232772e-05
1.447499999999999964e+01 3.339878142077543077e-02 3.347614471193703661e-05
1.462500000000000000e+01 3.340634278655653377e-02 3.538349844304002621e-05
1.477500000000000036e+01 3.339221692117930185e-02 3.681543971344172290e-05
