# r rho rho_st
7.499999999999999722e-02 0.000000000000000000e+00 0.000000000000000000e+00
2.250000000000000056e-01 0.000000000000000000e+00 0.000000000000000000e+00
3.750000000000000000e-01 0.000000000000000000e+00 0.000000000000000000e+00
5.250000000000000222e-01 0.000000000000000000e+00 0.000000000000000000e+00
6.750000000000000444e-01 0.000000000000000000e+00 0.000000000000000000e+00
8.249999999999999556e-01 0.000000000000000000e+00 0.000000000000000000e+00
9.749999999999999778e-01 0.000000000000000000e+00 0.000000000000000000e+00
1.125000000000000000e+00 0.000000000000000000e+00 0.000000000000000000e+00
1.274999999999999911e+00 0.000000000000000000e+00 0.000000000000000000e+00
1.425000000000000044e+00 0.000000000000000000e+00 0.000000000000000000e+00
1.574999999999999956e+00 0.000000000000000000e+00 0.000000000000000000e+00
1.725000000000000089e+00 0.000000000000000000e+00 0.000000000000000000e+00
1.875000000000000000e+00 0.000000000000000000e+00 0.000000000000000000e+00
2.024999999999999911e+00 0.000000000000000000e+00 0.000000000000000000e+00
2.174999999999999822e+00 0.000000000000000000e+00 0.000000000000000000e+00
2.325000000000000178e+00 0.000000000000000000e+00 0.000000000000000000e+00
2.475000000000000089e+00 0.000000000000000000e+00 0.000000000000000000e+00
2.625000000000000000e+00 0.000000000000000000e+00 0.000000000000000000e+00
2.774999999999999911e+00 0.000000000000000000e+00 0.000000000000000000e+00
2.924999999999999822e+00 0.000000000000000000e+00 0.000000000000000000e+00
3.075000000000000178e+00 0.000000000000000000e+00 0.000000000000000000e+00
3.225000000000000089e+00 0.000000000000000000e+00 0.000000000000000000e+00
3.375000000000000000e+00 0.000000000000000000e+00 0.000000000000000000e+00
3.524999999999999911e+00 0.000000000000000000e+00 0.000000000000000000e+00
3.674999999999999822e+00 0.000000000000000000e+00 0.000000000000000000e+00
3.825000000000000178e+00 0.000000000000000000e+00 0.000000000000000000e+00
3.975000000000000089e+00 0.000000000000000000e+00 0.000000000000000000e+00
4.125000000000000000e+00 0.000000000000000000e+00 0.000000000000000000e+00
4.275000000000000355e+00 0.000000000000000000e+00 0.000000000000000000e+00
4.424999999999999822e+00 0.000000000000000000e+00 0.000000000000000000e+00
4.575000000000000178e+00 0.000000000000000000e+00 0.000000000000000000e+00
4.724999999999999645e+00 0.000000000000000000e+00 0.000000000000000000e+00
4.875000000000000000e+00 0.000000000000000000e+00 0.000000000000000000e+00
5.025000000000000355e+00 0.000000000000000000e+00 0.000000000000000000e+00
5.174999999999999822e+00 0.000000000000000000e+00 0.000000000000000000e+00
5.325000000000000178e+00 0.000000000000000000e+00 0.000000000000000000e+00
5.474999999999999645e+00 0.000000000000000000e+00 0.000000000000000000e+00
5.625000000000000000e+00 0.000000000000000000e+00 0.000000000000000000e+00
5.775000000000000355e+00 0.000000000000000000e+00 0.000000000000000000e+00
5.924999999999999822e+00 0.000000000000000000e+00 0.000000000000000000e+00
6.075000000000000178e+00 0.000000000000000000e+00 0.000000000000000000e+00
6.224999999999999645e+00 0.000000000000000000e+00 0.000000000000000000e+00
6.375000000000000000e+00 0.000000000000000000e+00 0.000000000000000000e+00
6.525000000000000355e+00 0.000000000000000000e+00 0.000000000000000000e+00
6.674999999999999822e+00 0.000000000000000000e+00 0.000000000000000000e+00
6.825000000000000178e+00 0.000000000000000000e+00 0.000000000000000000e+00
6.974999999999999645e+00 0.000000000000000000e+00 0.000000000000000000e+00
7.125000000000000000e+00 0.000000000000000000e+00 0.000000000000000000e+00
7.275000000000000355e+00 0.000000000000000000e+00 0.000000000000000000e+00
7.424999999999999822e+00 6.430358041958812894e-03 2.754100830035448273e-05
7.575000000000000178e+00 4.543473687388664695e-02 8.826892407410547275e-05
7.724999999999999645e+00 4.932605547835312160e-02 7.162807978613796862e-05
7.875000000000000000e+00 4.911412636791288172e-02 3.319995357734893123e-05
8.025000000000000355e+00 4.827768160392653662e-02 8.407206389004451773e-05
8.175000000000000711e+00 4.677568679938662322e-02 2.239506073728914854e-05
8.324999999999999289e+00 4.470332875250460081e-02 4.744181947341725368e-05
8.474999999999999645e+00 4.231051700190594650e-02 4.180127544374227940e-05
8.625000000000000000e+00 3.978325242477466495e-02 7.324644538937911497e-05
8.775000000000000355e+00 3.718567146182043259e-02 8.891856481505689200e-06
8.925000000000000711e+00 3.466731032331174522e-02 9.332758604486066643e-05
9.074999999999999289e+00 3.234683409875132448e-02 6.046738952046486258e-05
9.224999999999999645e+00 3.021767050495158258e-02 3.076482784242071171e-05
9.375000000000000000e+00 2.843263952252928634e-02 2.664509807961909255e-05
9.525000000000000355e+00 2.706871392249128941e-02 4.855864240782434917e-05
9.675000000000000711e+00 2.617638790050987041e-02 3.366108437890954163e-05
9.824999999999999289e+00 2.595092230939763378e-02 6.198497946030528244e-05
9.974999999999999645e+00 2.678184401843695592e-02 1.855200819987680381e-05
1.012500000000000000e+01 2.897356245772045313e-02 6.366226515538853255e-05
1.027500000000000036e+01 3.201385422979585033e-02 6.219350406671724570e-05
1.042500000000000071e+01 3.416703670370350998e-02 7.127968187860267424e-05
1.057499999999999929e+01 3.529663567757086035e-02 9.220736952122907907e-05
1.072499999999999964e+01 3.569477093920989108e-02 3.911044399543338567e-05
1.087500000000000000e+01 3.576415596335165425e-02 1.625063859195123898e-05
1.102500000000000036e+01 3.564369881890059460e-02 2.330450791684328794e-05
1.117500000000000071e+01 3.537124631565152777e-02 3.144075589266194379e-05
1.132499999999999929e+01 3.508190672763632917e-02 4.713122290187173101e-05
1.147499999999999964e+01 3.478485995805615655e-02 5.178240348462624393e-05
1.162500000000000000e+01 3.453138820910794937e-02 2.237697558376627879e-05
1.177500000000000036e+01 3.426069375360472208e-02 3.809928930732111007e-05
1.192500000000000071e+01 3.401870136020418434e-02 2.453852251272441065e-05
1.207499999999999929e+01 3.377339490874106676e-02 1.636127356488552867e-05
1.222499999999999964e+01 3.351217541878779432e-02 3.745384431010607100e-05
1.237500000000000000e+01 3.328634926446538689e-02 5.522835030174859383e-05
1.252500000000000036e+01 3.303880630375502503e-02 2.741150686475899865e-05
1.267500000000000071e+01 3.283866372578948117e-02 1.320351336209087294e-05
1.282499999999999929e+01 3.267808936511813062e-02 4.261555324015143560e-05
1.297499999999999964e+01 3.252655334798398856e-02 3.369502164021216380e-06
1.312500000000000000e+01 3.243594728550624334e-02 3.672877109719951803e-05
1.327500000000000036e+01 3.241874691146214710e-02 5.234040598128839261e-05
1.342500000000000071e+01 3.246361439311567371e-02 6.675566180104953113e-06
1.357499999999999929e+01 3.258560492234274103e-02 2.437553565537552028e-05
1.372499999999999964e+01 3.280128246849159379e-02 1.428253608775742044e-05
1.387500000000000000e+01 3.302138146891803877e-02 1.601853370740233007e-05
1.402500000000000036e+01 3.327385594085611326e-02 5.124394993703672154e-06
1.417500000000000071e+01 3.351340665818926257e-02 1.962404933309292606e-05
1.432499999999999929e+01 3.370733385447789721e-02 8.941939954640175408e-06
1.447499999999999964e+01 3.380154012694867871e-02 1.524515407196892025e-05
1.462500000000000000e+01 3.386586422156031423e-02 2.849677867488877896e-05
1.477500000000000036e+01 3.385121783731079997e-02 3.108490282151296597e-05
