# r rho rho_st
7.499999999999999722e-02 0.000000000000000000e+00 0.000000000000000000e+00
2.250000000000000056e-01 0.000000000000000000e+00 0.000000000000000000e+00
3.750000000000000000e-01 0.000000000000000000e+00 0.000000000000000000e+00
5.250000000000000222e-01 0.000000000000000000e+00 0.000000000000000000e+00
6.750000000000000444e-01 0.000000000000000000e+00 0.000000000000000000e+00
8.249999999999999556e-01 0.000000000000000000e+00 0.000000000000000000e+00
9.749999999999999778e-01 0.000000000000000000e+00 0.000000000000000000e+00
1.125000000000000000e+00 0.000000000000000000e+00 0.000000000000000000e+00
1.274999999999999911e+00 0.000000000000000000e+00 0.000000000000000000e+00
1.425000000000000044e+00 0.000000000000000000e+00 0.000000000000000000e+00
1.574999999999999956e+00 0.000000000000000000e+00 0.000000000000000000e+00
1.725000000000000089e+00 0.000000000000000000e+00 0.000000000000000000e+00
1.875000000000000000e+00 0.000000000000000000e+00 0.000000000000000000e+00
2.024999999999999911e+00 0.000000000000000000e+00 0.000000000000000000e+00
2.174999999999999822e+00 0.000000000000000000e+00 0.000000000000000000e+00
2.325000000000000178e+00 0.000000000000000000e+00 0.000000000000000000e+00
2.475000000000000089e+00 0.000000000000000000e+00 0.000000000000000000e+00
2.625000000000000000e+00 0.000000000000000000e+00 0.000000000000000000e+00
2.774999999999999911e+00 0.000000000000000000e+00 0.000000000000000000e+00
2.924999999999999822e+00 0.000000000000000000e+00 0.000000000000000000e+00
3.075000000000000178e+00 0.000000000000000000e+00 0.000000000000000000e+00
3.225000000000000089e+00 0.000000000000000000e+00 0.000000000000000000e+00
3.375000000000000000e+00 0.000000000000000000e+00 0.000000000000000000e+00
3.524999999999999911e+00 0.000000000000000000e+00 0.000000000000000000e+00
3.674999999999999822e+00 0.000000000000000000e+00 0.000000000000000000e+00
3.825000000000000178e+00 0.000000000000000000e+00 0.000000000000000000e+00
3.975000000000000089e+00 0.000000000000000000e+00 0.000000000000000000e+00
4.125000000000000000e+00 0.000000000000000000e+00 0.000000000000000000e+00
4.275000000000000355e+00 0.000000000000000000e+00 0.000000000000000000e+00
4.424999999999999822e+00 1.515258917426679994e-02 4.991413735330761848e-05
4.575000000000000178e+00 1.001544208654012863e-01 2.606884783542807419e-04
4.724999999999999645e+00 8.916463148853202847e-02 2.439587415009641025e-04
4.875000000000000000e+00 7.001374565089139856e-02 1.590210453021733295e-04
5.025000000000000355e+00 5.715705979591959029e-02 1.098436831283129353e-04
5.174999999999999822e+00 4.820436330011554360e-02 9.776274775326070814e-05
5.325000000000000178e+00 4.157050188031332499e-02 9.433887052985514155e-05
5.474999999999999645e+00 3.628123056113508049e-02 1.039513156086274568e-04
5.625000000000000000e+00 3.212347584758590280e-02 6.526137713531414560e-05
5.775000000000000355e+00 2.869634039505108286e-02 6.453203633517098122e-05
5.924999999999999822e+00 2.601055434658259766e-02 8.973877501796118496e-05
6.075000000000000178e+00 2.399090197826197340e-02 6.591834485714150190e-05
6.224999999999999645e+00 2.254142590141457528e-02 9.063729172082233686e-05
6.375000000000000000e+00 2.169735463582966178e-02 8.037497349011676494e-05
6.525000000000000355e+00 2.155644172081203069e-02 9.693426134367981472e-05
6.674999999999999822e+00 2.222805767681367006e-02 6.010114174462375530e-05
6.825000000000000178e+00 2.409176946315055162e-02 8.689434946669395764e-05
6.974999999999999645e+00 2.774536474773061506e-02 6.503002373239360611e-05
7.125000000000000000e+00 3.385194455688711468e-02 5.194654543559248467e-05
7.275000000000000355e+00 3.969820877133841547e-02 7.442297355692675299e-05
7.424999999999999822e+00 4.130123459191590435e-02 9.587298397224188124e-05
7.575000000000000178e+00 3.982125480210829682e-02 5.544796919223791217e-05
7.724999999999999645e+00 3.780679736439650218e-02 9.111383642355162901e-05
7.875000000000000000e+00 3.616083267645011506e-02 5.240669607235500779e-05
8.025000000000000355e+00 3.502955256656777039e-02 6.152540625673119559e-05
8.175000000000000711e+00 3.432815442958730284e-02 4.274079300988101540e-05
8.324999999999999289e+00 3.393579801055581630e-02 5.476763370248914398e-05
8.474999999999999645e+00 3.375112438634897405e-02 5.041868283967322335e-05
8.625000000000000000e+00 3.369217413186860466e-02 5.620350393834320710e-05
8.775000000000000355e+00 3.361667629724168077e-02 5.406414243985350760e-05
8.925000000000000711e+00 3.351011454506331450e-02 4.585111412448809052e-05
9.074999999999999289e+00 3.336476519092212295e-02 2.988398769707418509e-05
9.224999999999999645e+00 3.315889178449449304e-02 6.542562564842269559e-05
9.375000000000000000e+00 3.288036073547683652e-02 4.045096350632408991e-05
9.525000000000000355e+00 3.266691480103831730e-02 4.020688224052271708e-05
9.675000000000000711e+00 3.243689053292340974e-02 3.958824238906657615e-05
9.824999999999999289e+00 3.225566152461546710e-02 4.074778038648452694e-05
9.974999999999999645e+00 3.212462951770502645e-02 4.869124589156990782e-05
1.012500000000000000e+01 3.211865101460208149e-02 4.533104438648711090e-05
1.027500000000000036e+01 3.221327181013190766e-02 5.348620712417769527e-05
1.042500000000000071e+01 3.246830632906642922e-02 5.479284227628117130e-05
1.057499999999999929e+01 3.281477054346120664e-02 3.906018718166911281e-05
1.072499999999999964e+01 3.320665603533216881e-02 3.503388783224064971e-05
1.087500000000000000e+01 3.360921205827378799e-02 3.013001192318434792e-05
1.102500000000000036e+01 3.393490839387287850e-02 2.714988381635031635e-05
1.117500000000000071e+01 3.414206788485114885e-02 4.425035845579700512e-05
1.132499999999999929e+01 3.424518943059402104e-02 3.739786572881381997e-05
1.147499999999999964e+01 3.417562085001747685e-02 3.038157240852419784e-05
1.162500000000000000e+01 3.406558397647487663e-02 3.854629169548469490e-05
1.177500000000000036e+01 3.388180011953165899e-02 2.791226230764305740e-05
1.192500000000000071e+01 3.364096270378243159e-02 4.276192418768234204e-05
1.207499999999999929e+01 3.341629892199526192e-02 3.751221895694611665e-05
1.222499999999999964e+01 3.324299479240711008e-02 4.157173591133503620e-05
1.237500000000000000e+01 3.310450537902374230e-02 2.926034936145851910e-05
1.252500000000000036e+01 3.301226627015835247e-02 3.229042840507364746e-05
1.267500000000000071e+01 3.298541526159311926e-02 2.915211426473443858e-05
1.282499999999999929e+01 3.298784284242028964e-02 3.740832493801996396e-05
1.297499999999999964e+01 3.305980453991236995e-02 2.563473345555663732e-05
1.312500000000000000e+01 3.313366959375736720e-02 3.469673682339628398e-05
1.327500000000000036e+01 3.319333195055351043e-02 3.433491883974497898e-05
1.342500000000000071e+01 3.327958374317228907e-02 2.794621543831962585e-05
1.357499999999999929e+01 3.334638141351172619e-02 3.089977226989777388e-05
1.372499999999999964e+01 3.337808919813260722e-02 2.459757779091786172e-05
1.387500000000000000e+01 3.340095645300631549e-02 2.429798550942640313e-05
1.402500000000000036e+01 3.340840685360986495e-02 3.707952711523676927e-05
1.417500000000000071e+01 3.339748793012148331e-02 3.474489197802855975e-05
1.432499999999999929e+01 3.341199923771172309e-02 2.471795583916137494e-05
1.447499999999999964e+01 3.340969308171566621e-02 3.420185133493081482e-05
1.462500000000000000e+01 3.339559070607015651e-02 3.797334005586965679e-05
1.477500000000000036e+01 3.338829675368863714e-02 3.666384756808362686e-05
