# r r  kappa_p_over_kappa_T kappa_p_over_kappa_T_std
4.724999999999999645e+00 4.855901345265398739e+00 4.554932244675201636e-01
4.875000000000000000e+00 4.226203562990603402e+00 3.713522580146008112e-01
5.025000000000000355e+00 2.380010640831696556e+00 6.337528088670283388e-01
5.174999999999999822e+00 2.004518632694083369e+00 4.683695688516254507e-01
5.325000000000000178e+00 1.167242700669488764e+00 5.714667338402146246e-01
5.474999999999999645e+00 4.325804556092575637e-01 4.343080770746522434e-01
5.625000000000000000e+00 -3.162946799784976393e-01 4.601173993656528238e-01
5.775000000000000355e+00 -8.352568113571414710e-01 4.840510145132227993e-01
5.924999999999999822e+00 -1.536843693840394431e+00 5.345306231648857542e-01
6.075000000000000178e+00 -1.797099648960473584e+00 9.120560825975985164e-01
6.224999999999999645e+00 -1.553776578113579276e+00 5.152283121508802743e-01
6.375000000000000000e+00 -1.922657671991887973e+00 6.034507103624362490e-01
6.525000000000000355e+00 -1.017565254586513479e+00 7.077352710832086613e-01
6.674999999999999822e+00 -1.247632402813989128e+00 6.455683378867251854e-01
6.825000000000000178e+00 -2.733471195901070461e-01 3.669999531681900073e-01
6.974999999999999645e+00 7.945845010344796400e-01 7.241658155550840803e-01
7.125000000000000000e+00 1.331705799811352842e+00 6.466123252037224711e-01
7.275000000000000355e+00 2.335769012988139437e+00 4.061700361241546431e-01
7.424999999999999822e+00 2.424380352118096660e+00 3.485769662804171776e-01
7.575000000000000178e+00 2.289284952273420881e+00 4.767263601477773616e-01
7.724999999999999645e+00 1.693828520872583621e+00 5.427947413202309779e-01
7.875000000000000000e+00 1.694746169307722150e+00 4.183897122565910509e-01
8.025000000000000355e+00 1.295468902500142683e+00 3.080769737888879867e-01
8.175000000000000711e+00 1.503460079512010106e+00 3.331684571719255028e-01
8.324999999999999289e+00 9.784891881128185975e-01 2.614874102793787181e-01
8.474999999999999645e+00 8.815220340793634701e-01 2.323616412226410799e-01
8.625000000000000000e+00 7.644433898172239283e-01 2.790582841195812236e-01
8.775000000000000355e+00 8.158209828892132309e-01 3.024655712434583532e-01
8.925000000000000711e+00 6.778936579800114437e-01 3.175388472567897691e-01
9.074999999999999289e+00 7.320449296611915013e-01 3.873693193738425578e-01
9.224999999999999645e+00 6.592979475164939540e-01 3.816551152940597103e-01
9.375000000000000000e+00 7.527182468724973319e-01 2.720536872321423494e-01
9.525000000000000355e+00 7.718928703809190273e-01 2.097985673977920407e-01
9.675000000000000711e+00 6.707992012094594614e-01 1.892319771059438605e-01
9.824999999999999289e+00 5.823553608531126802e-01 3.899193684918826897e-01
9.974999999999999645e+00 5.435325270848160306e-01 4.506555772652915404e-01
1.012500000000000000e+01 8.679792827725010262e-01 2.779779287078522065e-01
1.027500000000000036e+01 9.358064175023013131e-01 1.500986419518207382e-01
1.042500000000000071e+01 9.087521404630345412e-01 3.161782263640205426e-01
1.057499999999999929e+01 9.934875435911095787e-01 3.805864624893443571e-01
1.072499999999999964e+01 1.073249912808981410e+00 2.800345771702015818e-01
1.087500000000000000e+01 1.188402456151353759e+00 3.164775732823400523e-01
1.102500000000000036e+01 1.161373156249279059e+00 2.594493674158206420e-01
1.117500000000000071e+01 1.409164805607523441e+00 6.443955553335303232e-01
1.132499999999999929e+01 1.467518118709714825e+00 3.120385826624756942e-01
1.147499999999999964e+01 1.237694773807525905e+00 4.687864375901521496e-01
1.162500000000000000e+01 1.141789767545348333e+00 3.620473211211023279e-01
1.177500000000000036e+01 1.209380236009506504e+00 2.809244876211701158e-01
1.192500000000000071e+01 1.011765635468249824e+00 3.188542407036643045e-01
1.207499999999999929e+01 1.070721330738605870e+00 3.912474906411809172e-01
1.222499999999999964e+01 8.826029121204456152e-01 4.656493533277079599e-01
1.237500000000000000e+01 9.985599275172947209e-01 3.002637374623379207e-01
1.252500000000000036e+01 6.789524370648204465e-01 2.038807875602852704e-01
1.267500000000000071e+01 9.149211249454473061e-01 1.684275526318867455e-01
1.282499999999999929e+01 9.983005203721836418e-01 1.873903201558500820e-01
1.297499999999999964e+01 8.614187546916231009e-01 2.971129427967469372e-01
1.312500000000000000e+01 8.729187936725126828e-01 4.099980981185071260e-01
1.327500000000000036e+01 1.103903703371555745e+00 3.428325579368733389e-01
1.342500000000000071e+01 1.019642615392630347e+00 3.476758819254132105e-01
1.357499999999999929e+01 8.969214011756039273e-01 4.480176256921968858e-01
1.372499999999999964e+01 9.166929505358644148e-01 2.497550481753484375e-01
1.387500000000000000e+01 1.064506134780405011e+00 3.243839838241899809e-01
1.402500000000000036e+01 1.188935493430533619e+00 4.048190786640294969e-01
1.417500000000000071e+01 1.047752213853378356e+00 2.825695773011758227e-01
1.432499999999999929e+01 1.210759089496805441e+00 3.171810328778214561e-01
1.447499999999999964e+01 1.056625062881379140e+00 4.011862193792326559e-01
1.462500000000000000e+01 1.072792618838194212e+00 3.388315510667024300e-01
1.477500000000000036e+01 1.140968853760736756e+00 2.005504993215685983e-01
