# r r  kappa_p_over_kappa_T kappa_p_over_kappa_T_std
7.724999999999999645e+00 9.371700567090501366e+00 5.584487230167911598e-01
7.875000000000000000e+00 7.700825123254645632e+00 1.556810667723491359e-01
8.025000000000000355e+00 6.248418810873246798e+00 4.142596457728247028e-01
8.175000000000000711e+00 5.210663969168546572e+00 3.271441900883570453e-01
8.324999999999999289e+00 3.674987863472585214e+00 3.009768829094329745e-01
8.474999999999999645e+00 2.274156671040800770e+00 5.230794959758678919e-01
8.625000000000000000e+00 8.513176738931498289e-01 2.832887601648277909e-01
8.775000000000000355e+00 -6.990942741333179555e-02 1.281845632095032494e-01
8.925000000000000711e+00 -9.840328893625326367e-01 2.578228709824332832e-01
9.074999999999999289e+00 -1.848205368372183299e+00 1.751529105016886023e-01
9.224999999999999645e+00 -2.975498436706743188e+00 1.974175028637032425e-01
9.375000000000000000e+00 -3.088438657199632065e+00 2.492497533209281080e-01
9.525000000000000355e+00 -3.533254835439211483e+00 2.490544775265828292e-01
9.675000000000000711e+00 -2.773466970582610269e+00 3.404805261922453363e-01
9.824999999999999289e+00 -2.195548791664476251e+00 3.177493249056128066e-01
9.974999999999999645e+00 -1.563586171865761321e+00 3.237366594188134661e-01
1.012500000000000000e+01 3.511331461815052069e-01 1.492604672696606349e-01
1.027500000000000036e+01 2.484008639032094123e+00 3.903414972676345629e-01
1.042500000000000071e+01 2.798948055030893833e+00 4.987256378862915396e-01
1.057499999999999929e+01 2.943805148880498823e+00 5.028050294493787709e-01
1.072499999999999964e+01 2.811456863691784491e+00 2.735644299300749593e-01
1.087500000000000000e+01 2.277613262396055216e+00 1.131092494843593949e-01
1.102500000000000036e+01 2.351760110843263085e+00 1.764876410260886042e-01
1.117500000000000071e+01 1.376651864491182709e+00 8.892928502121887069e-02
1.132499999999999929e+01 1.350377798673447316e+00 3.260115791403279673e-01
1.147499999999999964e+01 1.025005332172336470e+00 4.432009097655329466e-01
1.162500000000000000e+01 7.528985495482126700e-01 1.279982606721225269e-01
1.177500000000000036e+01 6.556817521143544214e-01 1.387221606419461184e-01
1.192500000000000071e+01 6.296200375658238535e-01 3.997242878321037862e-01
1.207499999999999929e+01 4.890055958894107269e-01 1.671242902166496513e-01
1.222499999999999964e+01 6.328171192399417722e-01 2.718701227861861081e-01
1.237500000000000000e+01 3.877059501678961073e-01 3.274606940954610246e-01
1.252500000000000036e+01 5.413282220647569476e-01 1.527677960920147404e-01
1.267500000000000071e+01 4.857257264467992885e-01 2.069376240360469854e-01
1.282499999999999929e+01 1.505681783027235376e-01 5.223696741081134132e-01
1.297499999999999964e+01 4.976287567411784019e-01 2.728437398967836214e-01
1.312500000000000000e+01 4.123293862711209234e-01 2.341596678011170218e-01
1.327500000000000036e+01 8.092715220338486670e-01 3.378491845314663400e-01
1.342500000000000071e+01 1.036818531988054737e+00 4.533326397298411692e-01
1.357499999999999929e+01 1.304896414224082424e+00 5.227070634391390858e-01
1.372499999999999964e+01 1.147876860801254395e+00 5.142799100327956063e-01
1.387500000000000000e+01 1.079366879464912943e+00 1.761400695315408493e-01
1.402500000000000036e+01 1.467833419811423568e+00 4.383750575184313658e-01
1.417500000000000071e+01 1.353593636960712887e+00 4.156542180964259980e-01
1.432499999999999929e+01 1.221090660213296486e+00 3.681953825937426816e-01
1.447499999999999964e+01 1.512935675251737333e+00 4.329428100224639309e-01
1.462500000000000000e+01 1.540794933257034094e+00 3.184918780304420993e-01
1.477500000000000036e+01 1.024014715529736330e+00 3.454009740743240187e-01
