# r r  kappa_p_over_kappa_T kappa_p_over_kappa_T_std
7.724999999999999645e+00 6.612840325375733741e+00 6.088909667969702455e-02
7.875000000000000000e+00 4.726213179152018995e+00 5.383956497686243070e-01
8.025000000000000355e+00 3.598873845035240215e+00 2.615912738558822115e-01
8.175000000000000711e+00 2.402785098205205916e+00 6.117392435809959617e-02
8.324999999999999289e+00 1.354487930211684343e+00 1.508684996796188366e-02
8.474999999999999645e+00 3.054549466768190502e-01 5.024336230487366217e-01
8.625000000000000000e+00 -1.018590108395412308e+00 5.530830907502476412e-01
8.775000000000000355e+00 -1.713682932807928161e+00 1.544937830354677077e-01
8.925000000000000711e+00 -2.424216064700370765e+00 3.941952528257765542e-01
9.074999999999999289e+00 -3.247357375669218005e+00 5.593200516550896062e-02
9.224999999999999645e+00 -3.263498001167692841e+00 4.962902421533151309e-01
9.375000000000000000e+00 -3.433537736037239885e+00 4.916427365778608394e-01
9.525000000000000355e+00 -3.602761658385123411e+00 3.680550233599138577e-01
9.675000000000000711e+00 -2.545035019783680852e+00 2.791090117546979332e-01
9.824999999999999289e+00 -1.623893291624639135e+00 5.607181079382703714e-01
9.974999999999999645e+00 2.494269189903640660e-01 3.573802355026045041e-01
1.012500000000000000e+01 2.206621788269864215e+00 1.312379077123099480e-01
1.027500000000000036e+01 3.463850447747304440e+00 4.311472932506641431e-01
1.042500000000000071e+01 3.564490885690145383e+00 3.147373185548528185e-01
1.057499999999999929e+01 2.824551227391248975e+00 2.140104951926998234e-01
1.072499999999999964e+01 2.359143494036387789e+00 4.190956359924687957e-01
1.087500000000000000e+01 1.914940857095661197e+00 4.629672221888777583e-01
1.102500000000000036e+01 1.245879212551200155e+00 5.758794583663041644e-01
1.117500000000000071e+01 1.027651941365347765e+00 2.791610951713903721e-01
1.132499999999999929e+01 1.008506776470854405e+00 1.049995768175746302e-01
1.147499999999999964e+01 6.658610183043865982e-01 5.273846793390870591e-01
1.162500000000000000e+01 8.283733412189399070e-01 3.906533513379079614e-01
1.177500000000000036e+01 3.529895665836307872e-01 2.638685593729140355e-01
1.192500000000000071e+01 4.654650496729949016e-01 1.978010095940416768e-01
1.207499999999999929e+01 2.531707860533699006e-01 2.186929008341105263e-01
1.222499999999999964e+01 2.957384214772195707e-01 2.431685498880736818e-01
1.237500000000000000e+01 2.925426715139561318e-01 2.641481447190094922e-01
1.252500000000000036e+01 2.608201114825703937e-01 3.746109880287636362e-01
1.267500000000000071e+01 6.109224005334293883e-01 2.238976955537523295e-01
1.282499999999999929e+01 3.086751406385593866e-01 4.092762969735449508e-01
1.297499999999999964e+01 6.432908384735359641e-01 6.534337902530202857e-01
1.312500000000000000e+01 8.128559220251120321e-01 2.300268562841643882e-01
1.327500000000000036e+01 8.390269267960602795e-01 1.463920184509124867e-01
1.342500000000000071e+01 8.172248077010841882e-01 2.330442285426692073e-01
1.357499999999999929e+01 1.573550798758564850e+00 4.867516776611730545e-01
1.372499999999999964e+01 1.377536080234335714e+00 2.407321456820590566e-01
1.387500000000000000e+01 1.322948267530732247e+00 2.555638371159842936e-01
1.402500000000000036e+01 1.606683757923819567e+00 2.011913132808354210e-01
1.417500000000000071e+01 1.090992376998773494e+00 2.371867443619366245e-01
1.432499999999999929e+01 1.403112271487684914e+00 2.164785217618004076e-01
1.447499999999999964e+01 1.350372844264294603e+00 4.738138073444232989e-01
1.462500000000000000e+01 1.297475199532359458e+00 3.124548251919667674e-01
1.477500000000000036e+01 1.077469956730888301e+00 2.269777257751307009e-01
