# r r  kappa_p_over_kappa_T kappa_p_over_kappa_T_std
4.724999999999999645e+00 3.316533465790001411e+00 4.196700473204756920e-01
4.875000000000000000e+00 2.230536098046072890e+00 4.535934899129139275e-01
5.025000000000000355e+00 1.507063699983021143e+00 3.978056064292364025e-01
5.174999999999999822e+00 9.024798566339756745e-01 4.630189777337864188e-01
5.325000000000000178e+00 1.201893794538035770e-01 5.552636524692002862e-01
5.474999999999999645e+00 -3.707486952055819018e-01 6.328817789131162552e-01
5.625000000000000000e+00 -7.735740655864636883e-01 6.643181233830193211e-01
5.775000000000000355e+00 -1.055296909447856812e+00 6.775523696392032891e-01
5.924999999999999822e+00 -1.274466751304002665e+00 6.552000437813206846e-01
6.075000000000000178e+00 -1.935871185375660497e+00 5.631314801100905099e-01
6.224999999999999645e+00 -1.488504229244443477e+00 5.766727219945638749e-01
6.375000000000000000e+00 -1.247354226629188823e+00 5.484652781974711511e-01
6.525000000000000355e+00 -7.706252115384824020e-01 7.756899458168411421e-01
6.674999999999999822e+00 -1.459285978152225771e-01 6.343865988898099717e-01
6.825000000000000178e+00 2.704747724868754588e-01 6.286440951778379249e-01
6.974999999999999645e+00 1.280185255849147774e+00 5.054354421625582017e-01
7.125000000000000000e+00 2.043363275788927513e+00 4.253696879051491742e-01
7.275000000000000355e+00 2.362641339234837989e+00 4.277043790586148031e-01
7.424999999999999822e+00 2.245550303360067890e+00 2.987976062152163936e-01
7.575000000000000178e+00 1.694477453278774970e+00 3.637252656167938580e-01
7.724999999999999645e+00 1.682571256228916123e+00 5.339280559260588532e-01
7.875000000000000000e+00 1.401675080128475859e+00 3.619644616757484723e-01
8.025000000000000355e+00 1.119737114717593407e+00 5.657839304184049123e-01
8.175000000000000711e+00 1.022125061668899493e+00 4.572467704354081786e-01
8.324999999999999289e+00 9.190008429210910768e-01 4.115424653067907279e-01
8.474999999999999645e+00 8.879468279453019974e-01 3.994165129025760708e-01
8.625000000000000000e+00 6.707832095893019320e-01 3.285354456376403109e-01
8.775000000000000355e+00 5.938758005691407993e-01 3.199783721136312820e-01
8.925000000000000711e+00 6.469665408485580915e-01 3.267753805859225369e-01
9.074999999999999289e+00 5.367251921478237708e-01 3.618564922494508784e-01
9.224999999999999645e+00 7.623472723233690740e-01 3.899412138218451007e-01
9.375000000000000000e+00 6.773544551543808634e-01 2.249912301475059939e-01
9.525000000000000355e+00 6.613944680433158085e-01 4.243471399689704437e-01
9.675000000000000711e+00 6.591467271066840938e-01 4.341967523992481537e-01
9.824999999999999289e+00 6.952724583331089114e-01 3.177456157762672539e-01
9.974999999999999645e+00 9.772972108186592788e-01 3.313140669716037601e-01
1.012500000000000000e+01 9.153610936100726736e-01 2.889530063575424523e-01
1.027500000000000036e+01 1.092390159990353382e+00 4.199228889942179799e-01
1.042500000000000071e+01 1.302425642935956640e+00 4.034936085975827091e-01
1.057499999999999929e+01 1.270591054388683361e+00 5.362912043081615732e-01
1.072499999999999964e+01 1.401270745143150975e+00 4.402959845079789658e-01
1.087500000000000000e+01 1.344242279161676379e+00 3.077738452447165707e-01
1.102500000000000036e+01 1.167840367107897181e+00 2.226409785143050324e-01
1.117500000000000071e+01 1.147734359993690001e+00 3.402539145547503474e-01
1.132499999999999929e+01 1.215327350521144822e+00 4.022614885522865502e-01
1.147499999999999964e+01 1.082076852383955234e+00 2.200239473373281351e-01
1.162500000000000000e+01 1.018411295343088385e+00 3.597533608494992707e-01
1.177500000000000036e+01 1.101391592157219712e+00 3.669253820116996634e-01
1.192500000000000071e+01 8.514377887820927526e-01 2.433485107136708347e-01
1.207499999999999929e+01 9.127580154886781871e-01 2.676033074998777628e-01
1.222499999999999964e+01 8.217260526055847336e-01 3.637627726839822717e-01
1.237500000000000000e+01 7.713711567702374872e-01 3.672709862086694366e-01
1.252500000000000036e+01 9.300575929970889000e-01 3.247143148444306404e-01
1.267500000000000071e+01 8.550326339402275488e-01 3.896649865679482350e-01
1.282499999999999929e+01 9.958379534765411378e-01 3.403097711696413397e-01
1.297499999999999964e+01 8.865098618242531758e-01 3.673110273232669809e-01
1.312500000000000000e+01 9.111246052780693772e-01 3.914537130460958303e-01
1.327500000000000036e+01 1.040382490459270892e+00 3.199968437449339786e-01
1.342500000000000071e+01 1.019167530259489141e+00 3.825203639384787691e-01
1.357499999999999929e+01 1.161286966371785967e+00 3.224757544143683208e-01
1.372499999999999964e+01 1.038114936289421086e+00 4.206734715890449450e-01
1.387500000000000000e+01 1.074601380203572099e+00 2.769457619446639152e-01
1.402500000000000036e+01 1.188008761514552702e+00 3.615904133501861017e-01
1.417500000000000071e+01 9.283234591096379829e-01 2.905159021539197028e-01
1.432499999999999929e+01 1.119337706858001047e+00 3.761022280805361717e-01
1.447499999999999964e+01 1.076984750649251810e+00 3.115153463585049742e-01
1.462500000000000000e+01 9.969860729034133451e-01 3.340079080223620211e-01
1.477500000000000036e+01 1.063064270871058259e+00 4.281291165637524099e-01
