# r_minus_2Rs_Angstrom   rho_over_rhob
# T = 300 K
# P = 0
# Rs = 5 Angstrom
# D0 = 0.01
# rho_b = 3.33300000e+28
2.874999999999960920e-02 1.628794814035871452e+00
1.787499999999999645e-01 1.587630498694834413e+00
3.287500000000003197e-01 1.526473807646115954e+00
4.787499999999997868e-01 1.464097731341778230e+00
6.287500000000001421e-01 1.401774831805370658e+00
7.787499999999996092e-01 1.334950326674601229e+00
9.287499999999999645e-01 1.268428616509197804e+00
1.078750000000000320e+00 1.195311676500215858e+00
1.228749999999999787e+00 1.125553020642140023e+00
1.378750000000000142e+00 1.055126535932168874e+00
1.528749999999999609e+00 9.879905879675551228e-01
1.678749999999999964e+00 9.249167235885037419e-01
1.828750000000000320e+00 8.692053420013960974e-01
1.978750000000000675e+00 8.228458704288112990e-01
2.128749999999999254e+00 7.889456864189122731e-01
2.278749999999999609e+00 7.740655897766895999e-01
2.428749999999999964e+00 7.889857155331632121e-01
2.578750000000000320e+00 8.427532524157248517e-01
2.728750000000000675e+00 9.208418110234795062e-01
2.878749999999999254e+00 9.950137458155888792e-01
3.028749999999999609e+00 1.045084625498927444e+00
3.178749999999999964e+00 1.075332864024352464e+00
3.328750000000000320e+00 1.086233415767742683e+00
3.478750000000000675e+00 1.090156246505276094e+00
3.628749999999999254e+00 1.087464830978917218e+00
3.778749999999999609e+00 1.078488582632782578e+00
3.928749999999999964e+00 1.070949485338226426e+00
4.078750000000000320e+00 1.063040965569338026e+00
4.228750000000000675e+00 1.055411849696567206e+00
4.378749999999999254e+00 1.043393815161301141e+00
4.528749999999999609e+00 1.032665593316529629e+00
4.678749999999999964e+00 1.017580465729541528e+00
4.828750000000000320e+00 1.002580075573890728e+00
4.978750000000000675e+00 9.898025071343277137e-01
5.128749999999999254e+00 9.760735757575358384e-01
5.278749999999999609e+00 9.681338028566051079e-01
5.428749999999999964e+00 9.613644640135214914e-01
5.578750000000000320e+00 9.597632423611568431e-01
5.728750000000000675e+00 9.618050454272755179e-01
5.878749999999999254e+00 9.656276819699675107e-01
6.028749999999999609e+00 9.718839419422405923e-01
6.178749999999999964e+00 9.795661538469959684e-01
6.328750000000000320e+00 9.885072205507540177e-01
6.478750000000000675e+00 9.972772782645100698e-01
6.628749999999999254e+00 1.004036448429048711e+00
6.778749999999999609e+00 1.011069216149668382e+00
6.928749999999999964e+00 1.015829151518752971e+00
7.078750000000000320e+00 1.018780214449943600e+00
7.228750000000000675e+00 1.020392687699777756e+00
7.378749999999999254e+00 1.019128830955070120e+00
7.528749999999999609e+00 1.016746705164656150e+00
7.678749999999999964e+00 1.013385484439845108e+00
7.828750000000000320e+00 1.009878040771013286e+00
7.978750000000000675e+00 1.005055536666575655e+00
8.128750000000000142e+00 1.000654635471706078e+00
8.278749999999998721e+00 9.971385569709050323e-01
8.428750000000000853e+00 9.938531302379733923e-01
8.578749999999999432e+00 9.924198159284052245e-01
8.728750000000001563e+00 9.933511429555571537e-01
8.878750000000000142e+00 9.917867662423253128e-01
9.028749999999998721e+00 9.926727790272205088e-01
9.178750000000000853e+00 9.930729830482707410e-01
9.328749999999999432e+00 9.942168182235734397e-01
9.478750000000001563e+00 9.958866634010009600e-01
9.628750000000000142e+00 9.966919688013107237e-01
9.778749999999998721e+00 9.988321240330707562e-01
9.928750000000000853e+00 1.001332680785701035e+00
1.007874999999999943e+01 1.001168076114253180e+00
1.022875000000000156e+01 1.002718635890056387e+00
1.037875000000000014e+01 1.004043538938266034e+00
1.052875000000000227e+01 1.003515333584337199e+00
1.067875000000000085e+01 1.004099218488893719e+00
1.082874999999999943e+01 1.004402480355550908e+00
1.097875000000000156e+01 1.004196673933069439e+00
1.112875000000000014e+01 1.003099666727680583e+00
1.127875000000000227e+01 1.001370955681224473e+00
1.142875000000000085e+01 1.000857017580736308e+00
1.157874999999999943e+01 1.000479699488244334e+00
1.172875000000000156e+01 9.999004766888329732e-01
1.187875000000000014e+01 9.986423170959458639e-01
1.202875000000000227e+01 9.990630284043969800e-01
1.217875000000000085e+01 9.984601184754245962e-01
1.232874999999999943e+01 9.984645687280251369e-01
1.247875000000000156e+01 9.985545514623825891e-01
1.262875000000000014e+01 9.986137040064186898e-01
1.277875000000000227e+01 9.993065678093663307e-01
1.292875000000000085e+01 9.985102402540565469e-01
1.307874999999999943e+01 9.994854993780277752e-01
1.322875000000000156e+01 1.000045914461304086e+00
1.337875000000000014e+01 1.000268297251237115e+00
1.352875000000000227e+01 1.000527826228945871e+00
1.367875000000000085e+01 1.001209579982216047e+00
1.382874999999999943e+01 1.001389555852789659e+00
1.397875000000000156e+01 1.001089828654180502e+00
1.412875000000000014e+01 1.000894045117302289e+00
1.427875000000000227e+01 1.000945824070349710e+00
1.442875000000000085e+01 1.000549722562272148e+00
1.457874999999999943e+01 1.000683916329711654e+00
1.472875000000000156e+01 1.000824138260222540e+00
1.487875000000000014e+01 1.000389535996190515e+00
1.502875000000000227e+01 9.998954702970591635e-01
1.517875000000000085e+01 9.999995160528604154e-01
1.532874999999999943e+01 9.999073667333510107e-01
1.547875000000000156e+01 1.000162417163077189e+00
1.562875000000000014e+01 1.000456363940616322e+00
1.577875000000000227e+01 9.994921647204073611e-01
1.592875000000000085e+01 9.997887075425632153e-01
1.607874999999999943e+01 9.998358680979321234e-01
1.622875000000000156e+01 1.000298734590266747e+00
1.637875000000000014e+01 1.000139470793221630e+00
1.652875000000000227e+01 1.000035932036980491e+00
1.667875000000000085e+01 1.000025518513077749e+00
1.682874999999999943e+01 1.000350822751521651e+00
1.697875000000000156e+01 1.000136435460510675e+00
1.712875000000000014e+01 1.000602543741155426e+00
1.727875000000000227e+01 1.000382991930735876e+00
1.742875000000000085e+01 1.000242322421903030e+00
1.757874999999999943e+01 9.996313197427700858e-01
1.772875000000000156e+01 1.000439089334747456e+00
1.787875000000000014e+01 1.000470870398055379e+00
1.802875000000000227e+01 1.000446850894032735e+00
1.817875000000000085e+01 1.000235127096815502e+00
1.832874999999999943e+01 1.000292449249453153e+00
1.847875000000000156e+01 1.000271840998977257e+00
1.862875000000000014e+01 1.000137365035517423e+00
1.877875000000000227e+01 1.000166163170277400e+00
1.892875000000000085e+01 1.000211231450699900e+00
1.907874999999999943e+01 1.000289427474756687e+00
1.922875000000000156e+01 1.000054850090351000e+00
1.937875000000000014e+01 1.000304479748686637e+00
1.952875000000000227e+01 1.000218133741116011e+00
1.967875000000000085e+01 1.000665656531987135e+00
1.982874999999999943e+01 9.996334408667861826e-01
1.997875000000000156e+01 1.000238781341860284e+00
2.012875000000000014e+01 1.000416336941751361e+00
2.027875000000000227e+01 9.998989046819051207e-01
2.042875000000000085e+01 1.000225489357460029e+00
2.057874999999999943e+01 1.000282188494313829e+00
2.072875000000000156e+01 1.000137218443445830e+00
2.087875000000000014e+01 1.000040443286149827e+00
2.102875000000000227e+01 9.998206502002446872e-01
2.117875000000000085e+01 1.000499287826624562e+00
2.132874999999999943e+01 1.000353759742135251e+00
2.147875000000000156e+01 1.000368728157083664e+00
2.162875000000000014e+01 1.000175154225586560e+00
2.177875000000000227e+01 1.000371582934368675e+00
2.192875000000000085e+01 1.000331869120095529e+00
2.207874999999999943e+01 9.999699019336413253e-01
2.222875000000000156e+01 1.000728042458415734e+00
2.237875000000000014e+01 1.000134469567750983e+00
2.252875000000000227e+01 1.000106336594965839e+00
2.267875000000000085e+01 1.000146987265249754e+00
2.282874999999999943e+01 1.000430011027950261e+00
2.297875000000000156e+01 1.000164413441345435e+00
2.312875000000000014e+01 1.000201709173085263e+00
2.327875000000000227e+01 1.000063689475559459e+00
2.342875000000000085e+01 1.000223575717910096e+00
2.357874999999999943e+01 1.000072744939538572e+00
