# r  rho_over_rho_b
0.15 0
0.25 0
0.35 0
0.45 0
0.55 0
0.65 0
0.75 0
0.85 0.0005562631521
0.95 0.5250143791
1.05 2.182137156
1.15 1.903215457
1.25 1.308576613
1.35 0.9632057229
1.45 0.7940921782
1.55 0.7292806728
1.65 0.7394689908
1.75 0.8192083142
1.85 0.9457479762
1.95 1.07484831
2.05 1.165646746
2.15 1.16314238
2.25 1.086951128
2.35 0.9976245023
2.45 0.9357281422
2.55 0.9122526262
2.65 0.9247337907
2.75 0.9625106097
2.85 1.005330696
2.95 1.03894875
3.05 1.050310924
3.15 1.04159011
3.25 1.019148168
3.35 0.9933093131
3.45 0.9759395377
3.55 0.9704154734
3.65 0.9774782412
3.75 0.9923216071
3.85 1.007323798
3.95 1.015868311
4.05 1.017079149
4.15 1.012135427
4.25 1.003400794
4.35 0.9952884973
4.45 0.9902249912
4.55 0.9904435209
4.65 0.9939244781
4.75 0.9985729929
4.85 1.003537444
4.95 1.006439041
5.05 1.006427415
5.15 1.003352527
5.25 1.000081885
5.35 0.997737871
5.45 0.9963771552
5.55 0.9966762679
5.65 0.9983458682
5.75 1.000092728
5.85 1.002196534
5.95 1.00253536
6.05 1.002041534
6.15 1.000933572
6.25 0.9996565415
6.35 0.9986891874
6.45 0.998796107
6.55 0.9988744594
6.65 0.9997508766
6.75 1.00043991
6.85 1.000824611
6.95 1.000985528
7.05 1.001033583
7.15 1.000187657
7.25 1.000052434
7.35 0.9993900106
7.45 0.9994925744
7.55 0.9997153824
7.65 0.9998005625
7.75 1.00031728
7.85 1.000339374
7.95 1.000326252
8.05 1.000287099
8.15 1.00018682
8.25 0.9999167961
8.35 0.9998265098
8.45 0.9999783506
8.55 0.9998364287
8.65 0.9999708778
8.75 1.00047605
8.85 1.000149093
8.95 1.000097943
9.05 1.000013624
9.15 1.000190699
9.25 1.000135153
9.35 0.9997296629
9.45 1.00016816
9.55 1.000046856
9.65 1.000003852
9.75 0.9999444788
9.85 1.000101109
9.95 1.00011425
10.05 1.000212454
10.15 1.000143777
10.25 0.9997907137
10.35 0.9998522141
10.45 1.000158941
10.55 0.999842275
10.65 1.000341176
10.75 1.00016759
10.85 0.9999030636
10.95 0.9998022522
11.05 0.9999614849
11.15 1.000306696
11.25 1.000126957
11.35 0.9998065219
11.45 1.000086589
11.55 1.000134992
11.65 0.9999949913
11.75 1.000156151
11.85 0.9998573783
11.95 1.000027294
12.05 1.000039151
12.15 0.9998427287
12.25 1.000181844
12.35 1.000091583
12.45 1.000137201
12.55 1.000013659
12.65 0.9999693958
12.75 0.9999349894
12.85 1.000007097
12.95 0.9999131183
13.05 1.000169024
13.15 1.000109906
13.25 0.9999142736
13.35 0.9997981713
13.45 1.000083104
13.55 1.000087739
13.65 1.00008815
13.75 0.999982755
13.85 0.9999154272
