# r  rho_over_rho_b
0.15 0
0.25 0
0.35 0
0.45 0
0.55 0
0.65 0
0.75 0
0.85 0
0.95 0.0005270147655
1.05 0.498772822
1.15 2.115917741
1.25 1.875377015
1.35 1.304099765
1.45 0.9669797485
1.55 0.7959453563
1.65 0.7262104837
1.75 0.7310902117
1.85 0.8071004022
1.95 0.9336766289
2.05 1.07094127
2.15 1.166717281
2.25 1.167483387
2.35 1.089747102
2.45 0.9989477947
2.55 0.9357360675
2.65 0.9098949567
2.75 0.9214498337
2.85 0.9579509762
2.95 1.003247154
3.05 1.03885968
3.15 1.052496034
3.25 1.043425165
3.35 1.019330226
3.45 0.9940080019
3.55 0.9750633577
3.65 0.9700728599
3.75 0.9759415206
3.85 0.9914590684
3.95 1.006421145
4.05 1.016434005
4.15 1.018174192
4.25 1.012259604
4.35 1.004061018
4.45 0.9948076669
4.55 0.9894780253
4.65 0.9900587411
4.75 0.9937265861
4.85 0.9987297848
4.95 1.003926324
5.05 1.00631425
5.15 1.006423472
5.25 1.003289029
5.35 1.000109232
5.45 0.9969673322
5.55 0.9960030631
5.65 0.9969328525
5.75 0.9983016869
5.85 1.000506805
5.95 1.002013031
6.05 1.002587622
6.15 1.001832259
6.25 1.000534909
6.35 0.9997813347
6.45 0.9990222039
6.55 0.9982989389
6.65 0.9989967526
6.75 0.9995765906
6.85 1.000801831
6.95 1.000793006
7.05 1.000855086
7.15 1.000434375
7.25 1.000337131
7.35 0.9997283502
7.45 0.9995542011
7.55 0.9995053649
7.65 0.9999284142
7.75 0.999854578
7.85 1.000297744
7.95 1.000263677
8.05 1.000298645
8.15 1.000175556
8.25 0.9997990125
8.35 0.9999246255
8.45 1.000217869
8.55 0.9999417053
8.65 1.00002802
8.75 0.9997417034
8.85 0.9998256538
8.95 1.000141978
9.05 1.000093233
9.15 1.000131971
9.25 0.9999402703
9.35 1.000057338
9.45 1.000054452
9.55 0.9999331729
9.65 0.9998993999
9.75 0.9998601485
9.85 0.9999611946
9.95 1.000055948
10.05 1.000079111
10.15 1.000270356
10.25 0.9999850335
10.35 1.000101668
10.45 0.9999142382
10.55 0.999621396
10.65 0.9997474681
10.75 0.9999271055
10.85 0.9999484622
10.95 1.000042947
11.05 1.000250367
11.15 1.00014334
11.25 1.000143848
11.35 1.000047145
11.45 0.9999479865
11.55 0.9997103303
11.65 0.9999241116
11.75 0.9999238898
11.85 1.000131408
11.95 1.000034779
12.05 0.999987622
12.15 1.000240966
12.25 1.000117738
12.35 1.000175679
12.45 0.9998958435
12.55 0.999816851
12.65 0.9999760754
12.75 1.000092795
12.85 0.9998711575
12.95 1.000021471
13.05 1.000099984
13.15 1.000054274
13.25 1.000029952
13.35 1.000092048
13.45 0.9998881192
13.55 0.9999189083
13.65 0.9999332577
13.75 1.000135402
13.85 0.9999990112
