# r  rho_over_rho_b
0.15 0
0.25 0
0.35 0
0.45 0
0.55 0
0.65 0
0.75 0
0.85 0
0.95 0.0003679408176
1.05 0.3819564107
1.15 1.633848062
1.25 1.505655278
1.35 1.198782954
1.45 0.9954850741
1.55 0.8676775168
1.65 0.8018707415
1.75 0.7848154841
1.85 0.819571001
1.95 0.8977744224
2.05 1.000042516
2.15 1.089750541
2.25 1.110305103
2.35 1.068800998
2.45 1.011336368
2.55 0.963335604
2.65 0.9384006171
2.75 0.9386297494
2.85 0.957833856
2.95 0.9888323904
3.05 1.016807476
3.15 1.031542741
3.25 1.031160171
3.35 1.017701538
3.45 1.00036609
3.55 0.9867933284
3.65 0.9784731137
3.75 0.9813610109
3.85 0.9897067369
3.95 1.000652825
4.05 1.008783511
4.15 1.011359635
4.25 1.010561222
4.35 1.003970638
4.45 0.9985267052
4.55 0.9940318599
4.65 0.9924513456
4.75 0.9940297826
4.85 0.9972574961
4.95 1.001143142
5.05 1.003828809
5.15 1.004887999
5.25 1.003537224
5.35 1.000236202
5.45 0.9987162715
5.55 0.9978665218
5.65 0.9966047114
5.75 0.9979654626
5.85 0.9997322164
5.95 1.001074048
6.05 1.001442882
6.15 1.001631609
6.25 1.000704563
6.35 1.000035816
6.45 0.9991789302
6.55 0.9988869166
6.65 0.9991659471
6.75 0.9992528456
6.85 1.00007971
6.95 1.000516393
7.05 1.000708847
7.15 1.000373741
7.25 1.000274091
7.35 0.999817387
7.45 0.9997275262
7.55 0.9994603611
7.65 0.9998279593
7.75 0.9996659379
7.85 1.000084392
7.95 1.000214632
8.05 1.00031514
8.15 0.9999808398
8.25 0.9999293597
8.35 0.9999046957
8.45 0.9999184711
8.55 0.9999066131
8.65 0.9997280222
8.75 0.9999511178
8.85 0.999705558
8.95 1.000211367
9.05 1.00012064
9.15 1.000033665
9.25 1.000136402
9.35 0.9999680829
9.45 1.000149009
9.55 0.9998206617
9.65 1.0000314
9.75 0.9997151004
9.85 1.000227803
9.95 0.9999155932
10.05 0.9998081917
10.15 1.000040025
10.25 1.000027764
10.35 1.000341144
10.45 0.9999240263
10.55 1.000063154
10.65 1.000190393
10.75 0.9998068631
10.85 0.9998395056
10.95 0.9998022522
11.05 1.000057779
11.15 1.000091754
11.25 1.000025611
11.35 1.000262876
11.45 1.000119201
11.55 0.999918655
11.65 0.9998847339
11.75 1.000287766
11.85 0.9998117067
11.95 0.9999674137
12.05 1.000002345
12.15 0.9999585795
12.25 1.000217459
12.35 1.000168671
12.45 0.9999785946
12.55 1.000013659
12.65 0.9999092794
12.75 0.999921839
12.85 1.00001357
12.95 1.000091582
13.05 0.999823822
13.15 0.9999553733
13.25 0.9999629804
13.35 1.000206
13.45 0.9999826573
13.55 1.000105204
13.65 0.9998931004
13.75 1.00002233
13.85 1.000065878
