# r  rho_over_rho_b
0.15 0
0.25 0
0.35 0
0.45 0
0.55 0
0.65 0
0.75 0
0.85 0
0.95 0
1.05 0
1.15 0
1.25 0.0002747451305
1.35 0.2827167238
1.45 1.335205311
1.55 1.337093167
1.65 1.1320378
1.75 0.981075199
1.85 0.8763023877
1.95 0.8128707075
2.05 0.7858913959
2.15 0.802893637
2.25 0.8659023032
2.35 0.9622336767
2.45 1.054827258
2.55 1.088396518
2.65 1.062599938
2.75 1.015516056
2.85 0.9728094479
2.95 0.9446619979
3.05 0.9391571045
3.15 0.9514718838
3.25 0.9780695443
3.35 1.006624553
3.45 1.025313502
3.55 1.028870252
3.65 1.019615904
3.75 1.004232324
3.85 0.9887404306
3.95 0.9815803745
4.05 0.9805861605
4.15 0.9868259901
4.25 0.9968794791
4.35 1.006512579
4.45 1.01070939
4.55 1.010150988
4.65 1.00610501
4.75 0.9996341808
4.85 0.9948763872
4.95 0.9928110425
5.05 0.9937403512
5.15 0.9962756525
5.25 1.000225373
5.35 1.003380589
5.45 1.004837559
5.55 1.003387495
5.65 1.001446467
5.75 0.9994105805
5.85 0.9973959556
5.95 0.9972939602
6.05 0.9978772514
6.15 0.9990994597
6.25 1.000395356
6.35 1.001753562
6.45 1.001676274
6.55 1.00115661
6.65 1.000497749
6.75 0.9994452158
6.85 0.998728867
6.95 0.9985247829
7.05 0.9993604409
7.15 1.000078933
7.25 1.000434741
7.35 1.000288292
7.45 1.00098317
7.55 1.000266678
7.65 1.000114712
7.75 0.9996997507
7.85 0.9991407855
7.95 0.999702196
8.05 1.000143597
8.15 0.9996911797
8.25 1.000417769
8.35 1.000654361
8.45 1.000334634
8.55 1.000194662
8.65 0.9998308787
8.75 0.9994513154
8.85 0.9996946402
8.95 0.9999871882
9.05 0.999982302
9.15 1.000239214
9.25 1.000008979
9.35 1.000318988
9.45 1.000165766
9.55 0.9998956692
9.65 0.9998695563
9.75 0.9998511533
9.85 0.9998983984
9.95 1.000179029
10.05 1.000063236
10.15 1.000136515
10.25 1.000189527
10.35 1.000021843
10.45 1.000100212
10.55 0.9998998956
10.65 0.9999736426
10.75 1.000001101
10.85 0.9999030636
10.95 1.000185581
11.05 1.000049025
11.15 1.000091754
11.25 1.000228303
11.35 0.9998894954
11.45 1.000135507
11.55 0.9999907674
11.65 0.9999949913
11.75 0.9999935682
11.85 0.9999791692
11.95 1.000117115
12.05 1.000061235
12.15 0.9998354881
12.25 1.000416901
12.35 1.000077566
12.45 0.9998544679
12.55 1.000054377
12.65 0.9998692018
12.75 0.9999021133
12.85 1.000240135
12.95 1.000046966
13.05 0.9999430736
13.15 1.000078999
13.25 1.000103012
13.35 1.000002086
13.45 1.000136282
13.55 1.000046987
13.65 0.9999676782
13.75 0.999982755
13.85 1.000099312
