# r  rho_over_rho_b
0.15 0
0.25 0
0.35 0
0.45 0
0.55 0
0.65 0
0.75 0
0.85 0
0.95 0
1.05 0
1.15 0
1.25 0.0005311327825
1.35 0.5613361973
1.45 2.510125996
1.55 2.23987375
1.65 1.378342936
1.75 0.9042061417
1.85 0.6960642892
1.95 0.6264923799
2.05 0.6507958851
2.15 0.7658011483
2.25 0.9614865903
2.35 1.157284836
2.45 1.266269946
2.55 1.238352904
2.65 1.114704047
2.75 0.981915222
2.85 0.8973511514
2.95 0.8681283977
3.05 0.8910460243
3.15 0.9506639577
3.25 1.02128341
3.35 1.072581663
3.45 1.083182878
3.55 1.061973705
3.65 1.022785054
3.75 0.9846294273
3.85 0.9597368203
3.95 0.9545062639
4.05 0.9678396808
4.15 0.9918407094
4.25 1.014715454
4.35 1.028113428
4.45 1.027798614
4.55 1.017916257
4.65 1.002733613
4.75 0.990429324
4.85 0.9836115608
4.95 0.984989339
5.05 0.9910621108
5.15 1.000031716
5.25 1.007702244
5.35 1.011148196
5.45 1.009083954
5.55 1.004667973
5.65 0.999193008
5.75 0.9953597242
5.85 0.9936916704
5.95 0.9949540499
6.05 0.9977399995
6.15 1.001374437
6.25 1.003580465
6.35 1.004128717
6.45 1.003392555
6.55 1.001079376
6.65 0.9989991697
6.75 0.9978522968
6.85 0.9974919227
6.95 0.9982813638
7.05 0.9995217336
7.15 1.001109714
7.25 1.001443384
7.35 1.001823682
7.45 1.000892656
7.55 1.000324808
7.65 0.9995832145
7.75 0.9991445083
7.85 0.9987782601
7.95 0.9997732268
8.05 1.000244214
8.15 1.000347743
8.25 1.000703591
8.35 1.000648229
8.45 1.000189426
8.55 1.000155183
8.65 0.9996337371
8.75 1.000111669
8.85 0.9996345924
8.95 0.9996949551
9.05 1.000439077
9.15 1.000405185
9.25 0.999776619
9.35 1.000183272
9.45 1.000116692
9.55 0.9998734013
9.65 1.000173731
9.75 0.9999174931
9.85 1.00020577
9.95 1.000075382
10.05 0.9999182525
10.15 0.9999756981
10.25 1.000170197
10.35 0.9999320395
10.45 0.9998555095
10.55 1.000197602
10.65 1.000058458
10.75 1.000001101
10.85 1.000048339
10.95 1.000042947
11.05 1.000127811
11.15 0.9998338231
11.25 0.9998735914
11.35 1.000088632
11.45 1.000102895
11.55 0.9998225052
11.65 0.9999477381
11.75 1.00004002
11.85 0.9999639453
11.95 1.000049749
12.05 1.000061235
12.15 1.000030986
12.25 1.000096369
12.35 0.9998112603
12.45 1.000102721
12.55 0.9997625592
12.65 1.000049551
12.75 0.9999021133
12.85 1.000194822
12.95 0.9998430075
13.05 0.9999995612
13.15 0.9998379286
13.25 1.000139543
13.35 0.9999601033
13.45 0.9998763019
13.55 1.000070274
13.65 0.9998931004
13.75 0.9998188002
13.85 0.9999154272
