# r  rho_over_rho_b
0.225 0
0.375 0
0.525 0
0.675 0
0.825 0
0.975 0
1.125 0
1.275 0
1.425 0
1.575 0
1.725 0
1.875 0
2.025 0
2.175 0
2.325 0.09734327766
2.475 0.8341382128
2.625 0.8915242881
2.775 0.8396247547
2.925 0.7959902863
3.075 0.7776636078
3.225 0.8051928888
3.375 0.9012308529
3.525 0.9993088273
3.675 1.010866518
3.825 0.9788085253
3.975 0.9508922226
4.125 0.9471225227
4.275 0.9691059059
4.425 0.9989999956
4.575 1.014058227
4.725 1.006590474
4.875 0.9920747781
5.025 0.984053623
5.175 0.9875990255
5.325 0.9980499035
5.475 1.005398855
5.625 1.005818675
5.775 1.000172384
5.925 0.9957235932
6.075 0.9948510092
6.225 0.9978849907
6.375 1.001364007
6.525 1.003062025
6.675 1.001333127
6.825 0.9992872993
6.975 0.997835438
7.125 0.9985356198
7.275 1.000048247
7.425 1.001156067
7.575 1.001170439
7.725 1.000072912
7.875 0.9993118781
8.025 0.9993877958
8.175 0.9996724435
8.325 1.000428119
8.475 1.000535212
8.625 1.000109252
8.775 0.9998955556
8.925 0.9998915124
9.075 0.9995750009
9.225 1.000081568
9.375 1.000190129
9.525 1.000094331
9.675 1.000048871
9.825 0.999849993
9.975 0.9999340364
10.125 0.9999078948
10.275 1.000172517
10.425 1.000021113
10.575 0.9999154468
10.725 1.000081102
10.875 0.9999957953
11.025 1.000072479
11.175 0.9998817356
11.325 0.9999668618
11.475 1.000041384
11.625 1.000000573
11.775 1.000161484
11.925 0.9998926762
12.075 0.9999540322
12.225 0.9999544963
12.375 0.9999309883
12.525 1.000089628
12.675 1.000005075
12.825 1.00001476
12.975 0.9999260104
13.125 1.000068183
13.275 0.9999567178
13.425 0.9999998403
13.575 0.9998896902
13.725 1.000082605
