# r  rho_over_rho_b
0.15 0
0.25 0
0.35 0
0.45 0
0.55 0
0.65 0
0.75 0
0.85 0.0003964850133
0.95 0.417758611
1.05 1.73933228
1.15 1.559312953
1.25 1.215068742
1.35 0.9976798675
1.45 0.8663849782
1.55 0.7982054777
1.65 0.7868179976
1.75 0.8264366024
1.85 0.9096197801
1.95 1.013225372
2.05 1.096693733
2.15 1.115461617
2.25 1.070300785
2.35 1.008726596
2.45 0.9604358397
2.55 0.9373272736
2.65 0.9393823637
2.75 0.9612456138
2.85 0.9923974694
2.95 1.019779424
3.05 1.032613547
3.15 1.030539836
3.25 1.017943931
3.35 0.9998240659
3.45 0.984901927
3.55 0.9778283399
3.65 0.9818267967
3.75 0.9913106784
3.85 1.000992329
3.95 1.009243648
4.05 1.01206788
4.15 1.009466703
4.25 1.003613832
4.35 0.99818631
4.45 0.9938036885
4.55 0.9928959828
4.65 0.9942309688
4.75 0.9978623761
4.85 1.001592568
4.95 1.004445445
5.05 1.003950357
5.15 1.002848763
5.25 1.000582153
5.35 0.99862293
5.45 0.9979317679
5.55 0.9975819713
5.65 0.998131572
5.75 0.9996530499
5.85 1.000506805
5.95 1.001505799
6.05 1.001515889
6.15 1.001004223
6.25 0.9999000765
6.35 0.9991530849
6.45 0.9995617534
6.55 0.9993029855
6.65 0.9991345253
6.75 1.000038748
6.85 1.000259671
6.95 1.000753173
7.05 1.000364756
7.15 1.000244109
7.25 1.000013796
7.35 0.9997738579
7.45 0.9995407203
7.55 0.9995803711
7.65 0.9994900654
7.75 0.9999115259
7.85 1.000349782
7.95 1.000387136
8.05 1.000239265
8.15 1.000048427
8.25 0.9998052943
8.35 0.999619547
8.45 0.9998406278
8.55 1.000089385
8.65 1.000033735
8.75 1.00021498
8.85 1.000207777
8.95 1.00006058
9.05 1.000102369
9.15 0.9998421596
9.25 1.000111417
9.35 0.9998604882
9.45 0.9998988513
9.55 1.000026932
9.65 1.000193244
9.75 1.000181728
9.85 1.000084584
9.95 1.000171472
10.05 1.000052654
10.15 0.9998387445
10.25 0.9997622271
10.35 0.9999220613
10.45 0.9999338144
10.55 1.000264826
10.65 1.000152697
10.75 1.000047348
10.85 1.000275332
10.95 1.000096435
11.05 1.000057779
11.15 0.9999026046
11.25 0.9998398093
11.35 0.9999641716
11.45 1.000176272
11.55 1.000086917
11.65 1.000152502
11.75 1.000063247
11.85 1.000040065
11.95 1.00015454
12.05 0.9999655379
12.15 0.9998644507
12.25 0.9999681559
12.35 1.000091583
12.45 1.000102721
12.55 0.9999797263
12.65 1.000203182
12.75 1.000191423
12.85 1.000091249
12.95 0.999919492
13.05 0.999823822
13.15 0.9998935603
13.25 1.000182161
13.35 1.00013403
13.45 1.000165825
13.55 0.9999771257
13.65 0.9999848885
13.75 1.000016677
13.85 0.9999822944
