# r  rho_over_rho_b
0.15 0
0.25 0
0.35 0
0.45 0
0.55 0
0.65 0
0.75 0
0.85 0
0.95 0
1.05 0
1.15 0
1.25 0
1.35 0
1.45 0
1.55 0
1.65 0
1.75 0
1.85 0
1.95 0
2.05 0
2.15 0
2.25 0
2.35 0
2.45 0
2.55 0
2.65 0
2.75 0
2.85 0
2.95 0
3.05 0
3.15 0
3.25 0
3.35 0
3.45 0
3.55 0
3.65 0
3.75 0
3.85 0
3.95 0
4.05 0
4.15 0
4.25 4.260744451e-05
4.35 0.06775967201
4.45 0.4117482814
4.55 0.5342752801
4.65 0.5716396759
4.75 0.6032284213
4.85 0.6306303383
4.95 0.6545278216
5.05 0.6778127672
5.15 0.7041651551
5.25 0.7380927976
5.35 0.7860183078
5.45 0.8458388306
5.55 0.8955810305
5.65 0.9212461025
5.75 0.9304199395
5.85 0.9315340154
5.95 0.9297626369
6.05 0.931210761
6.15 0.9360274752
6.25 0.946585061
6.35 0.9612248236
6.45 0.9762840451
6.55 0.9876082087
6.65 0.9928598269
6.75 0.9921304569
6.85 0.9895668229
6.95 0.9858780577
7.05 0.9843709806
7.15 0.9850437523
7.25 0.9890956514
7.35 0.9937708025
7.45 0.9980944188
7.55 1.000789847
7.65 1.00116127
7.75 1.000052116
7.85 0.9983706358
7.95 0.9961726435
8.05 0.9957016226
8.15 0.9960462896
8.25 0.9978328117
8.35 0.999355861
8.45 1.000854088
8.55 1.000962303
8.65 1.00122087
8.75 1.000368551
8.85 0.9993957656
8.95 0.9985994143
9.05 0.9985937059
9.15 0.9989305949
9.25 0.9995130281
9.35 1.000356891
9.45 1.000573918
9.55 1.000515653
9.65 1.000684514
9.75 1.000147996
9.85 0.9992704357
