# r  rho_over_rho_b
0.15 0
0.25 0
0.35 0
0.45 0
0.55 0
0.65 0
0.75 0
0.85 0
0.95 0
1.05 0
1.15 0
1.25 0.0003837017419
1.35 0.4141530656
1.45 1.887487733
1.55 1.772513565
1.65 1.290609859
1.75 0.9827400437
1.85 0.8122816502
1.95 0.7325405042
2.05 0.723131691
2.15 0.7782971154
2.25 0.8969987088
2.35 1.045272921
2.45 1.154284867
2.55 1.166896569
2.65 1.097270054
2.75 1.009274468
2.85 0.9413554411
2.95 0.9101898819
3.05 0.9143897396
3.15 0.9473988592
3.25 0.9941870826
3.35 1.034540841
3.45 1.053538742
3.55 1.047436344
3.65 1.02439771
3.75 0.997627083
3.85 0.9763010403
3.95 0.9683584531
4.05 0.9734504779
4.15 0.9878252102
4.25 1.003951141
4.35 1.015347236
4.45 1.019561672
4.55 1.015215968
4.65 1.005699651
4.75 0.9962658569
4.85 0.990055096
4.95 0.9889372708
5.05 0.9917746317
5.15 0.9975169266
5.25 1.00308737
5.35 1.007055265
5.45 1.007583321
5.55 1.004740845
5.65 1.001135068
5.75 0.9973932347
5.85 0.9957780637
5.95 0.9962734574
6.05 0.997596907
6.15 1.000006625
6.25 1.001632185
6.35 1.002906679
6.45 1.00244449
6.55 1.001547765
6.65 1.000195616
6.75 0.9988681053
6.85 0.9982072091
6.95 0.9986863246
7.05 0.9992443103
7.15 1.000292198
7.25 1.000951264
7.35 1.001372562
7.45 1.000748218
7.55 1.000414816
7.65 0.9998864058
7.75 0.9997424617
7.85 0.9993333229
7.95 0.9993673367
8.05 0.999731234
8.15 1.000019461
8.25 1.000706731
8.35 1.000435134
8.45 1.000445411
8.55 1.000096696
8.65 1.000133734
8.75 0.9997040088
8.85 0.9997969946
8.95 0.9997763534
9.05 1.000161097
9.15 1.000157505
9.25 1.00015639
9.35 1.000195499
9.45 1.00004727
9.55 1.000052716
9.65 0.9999223564
9.75 0.9999804597
9.85 0.9998840764
9.95 0.9998583715
10.05 1.000092868
10.15 1.000120952
10.25 0.9999372166
10.35 1.000051777
10.45 1.000119789
10.55 0.9998710853
10.65 1.00008673
10.75 0.9999826021
10.85 1.000220853
10.95 0.9999092277
11.05 0.9999877469
11.15 1.000117547
11.25 0.9999580466
11.35 1.000038848
11.45 0.9999724457
11.55 1.00006288
11.65 1.000168253
11.75 0.9999316319
11.85 1.0000629
11.95 0.9999075331
12.05 0.9998256723
12.15 1.000139596
12.25 1.000003771
12.35 1.00024576
12.45 0.9999923865
12.55 1.000074737
12.65 0.9998758814
12.75 1.000007317
12.85 0.9999747302
12.95 0.9999896027
13.05 1.000056049
13.15 0.9998935603
13.25 1.000096924
13.35 1.000122035
13.45 1.000000383
13.55 0.9999829474
13.65 1.000030782
13.75 0.9999488333
13.85 1.000043589
