# r  rho_over_rho_b
0.15 0
0.25 0
0.35 0
0.45 0
0.55 0
0.65 0
0.75 0
0.85 0
0.95 0
1.05 0
1.15 0
1.25 0
1.35 0
1.45 0
1.55 0
1.65 0
1.75 0
1.85 0
1.95 0
2.05 0
2.15 0
2.25 0
2.35 0
2.45 0
2.55 0
2.65 0
2.75 0
2.85 0
2.95 0
3.05 0
3.15 0
3.25 0
3.35 0
3.45 0
3.55 0
3.65 0
3.75 0
3.85 0
3.95 0
4.05 0
4.15 0
4.25 0.0001031503994
4.35 0.1379528288
4.45 0.7954909626
4.55 0.9513951642
4.65 0.8855750881
4.75 0.8189337938
4.85 0.7701569599
4.95 0.7404356888
5.05 0.7300447419
5.15 0.7403918218
5.25 0.7815928287
5.35 0.8626337972
5.45 0.9598617512
5.55 1.019086354
5.65 1.021148327
5.75 0.9936171771
5.85 0.961280737
5.95 0.936667637
6.05 0.927125325
6.15 0.9340096691
6.25 0.9547065435
6.35 0.9833752675
6.45 1.0081817
6.55 1.020619669
6.65 1.017758004
6.75 1.005103714
6.85 0.9908857746
6.95 0.980102388
7.05 0.9767579691
7.15 0.981464246
7.25 0.9911414054
7.35 1.001069837
7.45 1.00827823
7.55 1.010306267
7.65 1.008109099
7.75 1.001666234
7.85 0.9962145638
7.95 0.9924858086
8.05 0.9918039674
8.15 0.9946575301
8.25 0.9982960938
8.35 1.0022932
8.45 1.004437875
8.55 1.004481757
8.65 1.002778003
8.75 1.000307122
8.85 0.9981265721
8.95 0.9970955478
9.05 0.9967496399
9.15 0.9985795021
9.25 1.000102672
9.35 1.00137415
9.45 1.001931234
9.55 1.00154935
9.65 1.001106915
9.75 0.9999287371
9.85 0.999091962
