# r  rho_over_rho_b
0.225 0
0.375 0
0.525 0
0.675 0
0.825 0
0.975 0
1.125 0
1.275 0
1.425 0
1.575 0
1.725 0
1.875 0
2.025 0
2.175 0
2.325 0.2470011487
2.475 1.862330285
2.625 1.435404074
2.775 0.9198911275
2.925 0.7137947183
3.075 0.685180639
3.225 0.8198343789
3.375 1.087213721
3.525 1.212782829
3.675 1.094141599
3.825 0.9485381052
3.975 0.8869194359
4.125 0.9162621728
4.275 1.002665737
4.425 1.067410893
4.575 1.058953851
4.725 1.007327781
4.875 0.9651220745
5.025 0.9606981566
5.175 0.9879875087
5.325 1.018697115
5.475 1.02640885
5.625 1.012158445
5.775 0.9927517501
5.925 0.9841148933
6.075 0.9901185057
6.225 1.002785697
6.375 1.01023794
6.525 1.007659695
6.675 1.000413513
6.825 0.9945082016
6.975 0.9946467634
7.125 0.9987391545
7.275 1.003314614
7.425 1.003959607
7.575 1.001595157
7.725 0.9983665337
7.875 0.9976273702
8.025 0.9989363452
8.175 1.000586232
8.325 1.001634181
8.475 1.001279296
8.625 0.9996781949
8.775 0.9992014794
8.925 0.9991042737
9.075 0.999990326
9.225 1.000810063
9.375 1.000652268
9.525 0.999992224
9.675 0.9997139121
9.825 0.9996063864
9.975 0.9999125513
10.125 1.000109475
10.275 1.000455999
10.425 1.000263713
10.575 0.9998899586
10.725 0.999827104
10.875 0.9997969591
11.025 1.000007992
11.175 1.000149926
11.325 1.000016866
11.475 1.000035972
11.625 1.000127124
11.775 0.9998685345
11.925 1.000148237
12.075 0.9999491449
12.225 1.000083234
12.375 1.000154341
12.525 1.000076001
12.675 0.9999074932
12.825 1.000114404
12.975 1.000023364
13.125 0.9998365345
13.275 1.000122507
13.425 1.000003794
13.575 1.000017297
13.725 0.9999275094
