# r  rho_over_rho_b
0.15 0
0.25 0
0.35 0
0.45 0
0.55 0
0.65 0
0.75 0
0.85 0
0.95 0
1.05 0
1.15 0
1.25 0
1.35 0
1.45 0
1.55 0
1.65 0
1.75 0
1.85 0
1.95 0
2.05 0
2.15 0
2.25 0
2.35 0
2.45 0
2.55 0
2.65 0
2.75 0
2.85 0
2.95 0
3.05 0
3.15 0
3.25 0
3.35 0
3.45 0
3.55 0
3.65 0
3.75 0
3.85 0
3.95 0
4.05 0
4.15 0
4.25 0.0001743143989
4.35 0.2275347812
4.45 1.250870743
4.55 1.390416824
4.65 1.140392408
4.75 0.9353612565
4.85 0.8050965525
4.95 0.7328757267
5.05 0.7057435872
5.15 0.7238844876
5.25 0.7989897387
5.35 0.9380355981
5.45 1.082971239
5.55 1.137480179
5.65 1.096891999
5.75 1.020001086
5.85 0.9518669803
5.95 0.9113181046
6.05 0.9008225925
6.15 0.9210239281
6.25 0.9633643504
6.35 1.012113056
6.45 1.047540553
6.55 1.054707427
6.65 1.036354895
6.75 1.006957037
6.85 0.9801701467
6.95 0.9648178857
7.05 0.964865327
7.15 0.9772135823
7.25 0.9958734827
7.35 1.013153113
7.45 1.021938173
7.55 1.020756515
7.65 1.011572054
7.75 1.000180249
7.85 0.9902216202
7.95 0.985697297
8.05 0.9873999305
8.15 0.9941039574
8.25 1.001680409
8.35 1.007191319
8.45 1.009355477
8.55 1.007365166
8.65 1.003439428
8.75 0.9985927162
8.85 0.9951828618
8.95 0.9944561085
9.05 0.9957369045
9.15 0.9986880217
9.25 1.00164799
9.35 1.00357006
9.45 1.00380682
9.55 1.002534996
9.65 1.000630566
9.75 0.9991146689
9.85 0.9979726461
