# r  rho_over_rho_b
0.15 0
0.25 0
0.35 0
0.45 0
0.55 0
0.65 0
0.75 0
0.85 0
0.95 0
1.05 0
1.15 0
1.25 0
1.35 0
1.45 0
1.55 0
1.65 0
1.75 0
1.85 0
1.95 0
2.05 0
2.15 0
2.25 0
2.35 0
2.45 0
2.55 0
2.65 0
2.75 0
2.85 0
2.95 0
3.05 0
3.15 0
3.25 0
3.35 0
3.45 0
3.55 0
3.65 0
3.75 0
3.85 0
3.95 0
4.05 0
4.15 0
4.25 0.0002636528658
4.35 0.32090705
4.45 1.695390283
4.55 1.773124795
4.65 1.298408114
4.75 0.9619762258
4.85 0.7732015075
4.95 0.6795677423
5.05 0.6542241335
5.15 0.6928486037
5.25 0.8160182344
5.35 1.023329894
5.45 1.206616924
5.55 1.237281059
5.65 1.140186534
5.75 1.016276755
5.85 0.9226949539
5.95 0.8742992127
6.05 0.8720668463
6.15 0.911197721
6.25 0.9783075499
6.35 1.04706177
6.45 1.086501168
6.55 1.082192893
6.65 1.045626753
6.75 1.00001998
6.85 0.9638529607
6.95 0.9479688629
7.05 0.9534931223
7.15 0.9761848924
7.25 1.004385934
7.35 1.026579855
7.45 1.035530711
7.55 1.029243474
7.65 1.012742811
7.75 0.9948894293
7.85 0.9828809147
7.95 0.978978125
8.05 0.9839806164
8.15 0.9946881053
8.25 1.005741588
8.35 1.013050666
8.45 1.014226673
8.55 1.010055567
8.65 1.002422291
8.75 0.9962137682
8.85 0.9920003248
8.95 0.9918953988
9.05 0.994943421
9.15 0.9993161587
9.25 1.003779203
9.35 1.005971378
9.45 1.005221588
9.55 1.003041296
9.65 1.000107157
9.75 0.9978519637
9.85 0.996552569
