# r  kappa_p_over_kappa_T
0.85 41.7354923
0.95 4.35998992
1.05 2.848930216
1.15 3.492464961
1.25 2.27855438
1.35 0.8474130562
1.45 0.6648607028
1.55 -0.6613872761
1.65 -0.03297982173
1.75 0.8167888833
1.85 1.195097379
1.95 1.806086484
2.05 1.501020129
2.15 1.222491736
2.25 2.019072918
2.35 1.379103088
2.45 -0.07901724302
2.55 0.654631527
2.65 1.223871832
2.75 0.960872903
2.85 0.7827105919
2.95 1.232385777
3.05 1.134609866
3.15 0.9096439885
3.25 0.3934294923
3.35 1.283855547
3.45 1.67426137
3.55 0.9828717051
3.65 1.342447969
3.75 0.3058655058
3.85 1.107598165
3.95 1.168259296
4.05 1.510752612
4.15 1.393951812
4.25 1.235903331
4.35 0.5594583147
4.45 1.190372807
4.55 0.5750258397
4.65 1.47933347
4.75 1.02317592
4.85 0.6503827772
4.95 0.9333133579
5.05 1.265186056
5.15 1.048724675
5.25 0.7888695439
5.35 0.6160329506
5.45 0.8221118505
5.55 1.028792565
5.65 1.097635431
5.75 0.929468242
5.85 1.248936454
5.95 1.320176173
6.05 0.6847504215
6.15 0.9793250544
6.25 0.863927006
6.35 1.033873884
6.45 1.303261871
6.55 1.510984893
6.65 0.7975529023
6.75 0.9182349051
6.85 1.263768171
6.95 0.4296538391
7.05 0.6419791979
7.15 1.468895225
7.25 0.8723233462
7.35 1.23412327
7.45 1.204886901
7.55 0.8833420507
7.65 1.458962143
7.75 0.5951746975
7.85 1.035602053
7.95 0.9990970306
8.05 1.29777465
8.15 1.151494322
8.25 0.558467594
8.35 1.140404505
8.45 0.689059596
8.55 1.336769313
8.65 1.398865996
8.75 0.6326034004
8.85 0.7988122519
8.95 0.7934330612
9.05 0.8102026457
9.15 0.6631935494
9.25 1.244265114
9.35 0.8472217092
9.45 0.9872214759
9.55 0.5477666181
9.65 1.009282402
9.75 0.5975481205
9.85 0.70975233
9.95 0.7290005303
10.05 0.7362294984
10.15 0.8173422367
10.25 0.7035931806
10.35 -0.1610733362
10.45 1.454957653
10.55 0.4059369556
10.65 0.9701143743
10.75 1.034198794
10.85 0.8751542202
10.95 0.1053290152
11.05 1.349829731
11.15 1.197503249
11.25 0.8373237077
11.35 1.111637272
11.45 0.3577824644
11.55 0.8866400165
11.65 0.5812132868
11.75 0.5296799452
11.85 0.2474013909
11.95 0.9667356935
12.05 0.7291632424
12.15 1.571518808
12.25 0.6030573713
12.35 1.51089427
12.45 0.3269389596
12.55 1.709831375
12.65 1.101818939
12.75 0.2330608086
12.85 1.465146008
12.95 0.8207281291
13.05 0.6967549085
13.15 0.6837366693
13.25 0.523173252
13.35 1.430182097
13.45 0.3939866603
13.55 1.279123962
13.65 1.365952419
13.75 0.8314666638
13.85 1.366888439
