# r  kappa_p_over_kappa_T
4.25 11.13950587
4.35 15.88314727
4.45 14.16036673
4.55 11.82559481
4.65 9.828772438
4.75 7.908411348
4.85 5.890435334
4.95 4.229917721
5.05 3.084340037
5.15 2.450459649
5.25 2.907460044
5.35 4.163344635
5.45 4.988591526
5.55 4.623827262
5.65 3.562361995
5.75 2.492840722
5.85 1.798618969
5.95 1.573366832
6.05 0.7475202067
6.15 1.07714621
6.25 1.229143874
6.35 1.93803413
6.45 2.046138006
6.55 2.089914485
6.65 1.637087156
6.75 1.364270569
6.85 1.114384793
6.95 0.7614765428
7.05 0.666702407
7.15 0.7549984972
7.25 1.106525181
7.35 1.330704016
7.45 1.566461105
7.55 1.386847053
7.65 1.125120554
7.75 0.9691822663
7.85 0.8328202083
7.95 0.9209965495
8.05 0.7085702433
8.15 0.9168133393
8.25 1.214620481
8.35 1.22468051
8.45 1.070586803
8.55 1.038199552
8.65 0.9686780126
8.75 0.9679065365
8.85 1.061014925
8.95 0.8625593758
9.05 0.9160042729
9.15 1.097845841
9.25 1.0305327
9.35 1.173980515
9.45 0.9830564433
9.55 1.033338547
9.65 1.027787889
9.75 1.006670854
9.85 1.131808753
