# r  kappa_p_over_kappa_T
4.25 39.07107446
4.35 28.00200143
4.45 26.16288889
4.55 23.85525772
4.65 20.9071534
4.75 17.60226544
4.85 15.00561037
4.95 12.95718577
5.05 10.58281749
5.15 8.666469248
5.25 7.561552645
5.35 7.102445245
5.45 7.364591258
5.55 7.162909697
5.65 6.387255445
5.75 5.243411567
5.85 4.232585425
5.95 3.285393489
6.05 2.563194489
6.15 2.330744339
6.25 2.298731386
6.35 2.320058851
6.45 2.452534237
6.55 2.377971576
6.65 2.358735898
6.75 1.995820284
6.85 1.511295376
6.95 1.348212192
7.05 1.325960358
7.15 1.047273783
7.25 1.086228898
7.35 1.185812934
7.45 1.517424914
7.55 1.198658676
7.65 1.265485137
7.75 1.122454014
7.85 1.220265073
7.95 1.004763025
8.05 0.9402884744
8.15 0.991893318
8.25 1.203498783
8.35 0.9448324141
8.45 1.132355597
8.55 1.118404403
8.65 1.033772707
8.75 1.148316889
8.85 1.040049317
8.95 1.009684645
9.05 0.9370329162
9.15 0.9957742735
9.25 0.9133056709
9.35 1.061036337
9.45 1.134235978
9.55 1.03944012
9.65 1.007688508
9.75 0.9475724582
9.85 1.015854745
