# r  kappa_p_over_kappa_T
1.25 -27.0276792
1.35 8.855694028
1.45 6.742166012
1.55 4.375360419
1.65 3.751966772
1.75 1.728035671
1.85 1.318071049
1.95 0.6862082163
2.05 0.06963491268
2.15 0.9820664567
2.25 2.161356554
2.35 2.961332876
2.45 2.2518594
2.55 2.04614071
2.65 1.198481809
2.75 1.138461
2.85 0.8724046854
2.95 0.8111258148
3.05 0.7018323271
3.15 0.9230174143
3.25 1.007126875
3.35 1.378938332
3.45 1.198216358
3.55 0.7530499651
3.65 1.019019956
3.75 0.9190577955
3.85 1.215045702
3.95 0.5804033427
4.05 0.4319186169
4.15 1.305437681
4.25 1.688217448
4.35 1.214783096
4.45 1.34807452
4.55 1.656270426
4.65 1.260626113
4.75 0.3273091209
4.85 0.8488824209
4.95 0.4832979681
5.05 0.856960748
5.15 0.9442681602
5.25 1.021751911
5.35 1.367141845
5.45 1.115483725
5.55 1.167814928
5.65 0.9747238569
5.75 0.8333939262
5.85 0.7005188443
5.95 0.9954555037
6.05 0.7222760594
6.15 1.438880828
6.25 0.9276843177
6.35 1.196422499
6.45 0.9139867978
6.55 0.3630083792
6.65 0.5331193608
6.75 0.3122760107
6.85 0.4645433366
6.95 1.515222025
7.05 0.9030495449
7.15 0.1282605733
7.25 0.9391140745
7.35 1.061093232
7.45 0.492158102
7.55 1.637522986
7.65 1.356978532
7.75 0.9568266217
7.85 1.012284486
7.95 0.5805757944
8.05 0.4787051836
8.15 1.294080859
8.25 0.6708269145
8.35 1.186196681
8.45 0.6993955464
8.55 1.431796861
8.65 0.7696489076
8.75 0.7621431662
8.85 1.009397153
8.95 1.179632988
9.05 1.454673625
9.15 1.340559807
9.25 0.9963899247
9.35 1.278191959
9.45 0.7268023588
9.55 0.860341623
9.65 1.034955553
9.75 1.219094151
9.85 1.007395306
9.95 0.7078608781
10.05 1.172940491
10.15 0.7059860529
10.25 1.076185215
10.35 0.6641132649
10.45 1.421531576
10.55 1.233026818
10.65 0.6520602376
10.75 1.077264013
10.85 0.6812058985
10.95 1.479205949
11.05 0.3848492442
11.15 1.124561592
11.25 0.8004048771
11.35 1.326072541
11.45 1.309437295
11.55 0.3859263422
11.65 1.632884673
11.75 0.575878223
11.85 0.6867256476
11.95 1.335067382
12.05 1.067830869
12.15 1.451848212
12.25 1.695362918
12.35 1.262907931
12.45 1.483837892
12.55 1.32631468
12.65 0.937038026
12.75 1.250601195
12.85 0.9530019994
12.95 1.091346171
13.05 1.345205501
13.15 1.076171483
13.25 1.03960138
13.35 0.5620449046
13.45 0.63057487
13.55 0.9912129451
13.65 0.4798501212
13.75 0.7162458279
13.85 0.9380288037
