# r  kappa_p_over_kappa_T
0.85 30.68659542
0.95 2.277569164
1.05 2.192971808
1.15 1.506143551
1.25 0.6477365839
1.35 0.3950651283
1.45 0.3945223592
1.55 0.5460361867
1.65 0.6212490963
1.75 0.2986504234
1.85 1.237975571
1.95 1.103141225
2.05 2.487069421
2.15 1.161295756
2.25 1.454526354
2.35 1.357215806
2.45 0.2824423744
2.55 0.1106268896
2.65 0.0151872897
2.75 0.1090737497
2.85 1.232805527
2.95 1.29259428
3.05 0.8484909703
3.15 1.247908881
3.25 1.277368438
3.35 0.4775566125
3.45 0.8134958392
3.55 1.140867151
3.65 1.159429162
3.75 1.182360909
3.85 0.7756754396
3.95 0.9426136765
4.05 1.151205865
4.15 1.401867749
4.25 1.042155481
4.35 0.1917561463
4.45 1.081900862
4.55 1.036634776
4.65 1.135965811
4.75 1.10074809
4.85 1.267137323
4.95 1.105818949
5.05 0.6557114924
5.15 1.286204423
5.25 1.085545075
5.35 0.8686145672
5.45 1.039364155
5.55 1.006993813
5.65 0.8255717925
5.75 0.9964098419
5.85 0.8664363261
5.95 1.339681896
6.05 0.8893798413
6.15 1.028063976
6.25 0.9484898498
6.35 0.8053591372
6.45 0.7700697824
6.55 1.571316458
6.65 1.106046392
6.75 1.869136813
6.85 1.073156712
6.95 0.8842926221
7.05 1.129656109
7.15 1.823187035
7.25 1.774724444
7.35 0.2807040387
7.45 1.093989937
7.55 1.204813778
7.65 1.256816807
7.75 0.911087852
7.85 0.4979636448
7.95 0.5641179575
8.05 1.091908127
8.15 1.126117386
8.25 0.402576513
8.35 0.9142510991
8.45 1.239958181
8.55 1.266247413
8.65 0.7624297963
8.75 1.254951655
8.85 0.7252775327
8.95 1.343491314
9.05 0.705757988
9.15 0.7562714568
9.25 1.467146758
9.35 0.7780585124
9.45 0.8563837964
9.55 1.078454631
9.65 1.074499409
9.75 0.6201440125
9.85 0.7309180064
9.95 1.008672819
10.05 0.5814754171
10.15 1.315368444
10.25 1.244535042
10.35 0.8584909
10.45 0.2907874404
10.55 1.550416405
10.65 1.497001725
10.75 0.8045398808
10.85 0.9490836199
10.95 0.1121335917
11.05 0.4175199703
11.15 0.7646221659
11.25 0.737237752
11.35 1.015968877
11.45 0.7441917004
11.55 0.5644230235
11.65 1.630353346
11.75 1.450041572
11.85 1.748969097
11.95 1.06770451
12.05 1.374846732
12.15 0.9861520632
12.25 0.6613894874
12.35 0.7824957415
12.45 1.122498193
12.55 0.8808541271
12.65 1.632938543
12.75 0.9143694623
12.85 1.480257239
12.95 1.258183808
13.05 0.9866266234
13.15 1.270934655
13.25 1.066777568
13.35 0.7465414832
13.45 1.377156064
13.55 1.160573821
13.65 1.22348763
13.75 1.284590944
13.85 1.522381372
