# r  kappa_p_over_kappa_T
4.25 11.89378329
4.35 9.170233718
4.45 7.644160099
4.55 6.187965514
4.65 4.320243795
4.75 3.380125822
4.85 1.517547119
4.95 0.9649404017
5.05 0.4435068022
5.15 1.102968958
5.25 1.610068748
5.35 2.793292937
5.45 3.47631923
5.55 2.979653021
5.65 2.397826349
5.75 1.529986525
5.85 0.7017756474
5.95 0.4157838977
6.05 0.2000180546
6.15 0.5765291764
6.25 1.362070144
6.35 2.000080516
6.45 1.823384168
6.55 1.784151613
6.65 1.404363628
6.75 1.039768569
6.85 0.7941569823
6.95 0.5816331946
7.05 0.7927342967
7.15 0.991469392
7.25 1.306174323
7.35 1.301241964
7.45 1.310789961
7.55 1.142960221
7.65 0.9499983889
7.75 1.069157029
7.85 0.7349324881
7.95 0.9200117592
8.05 0.8623553567
8.15 0.9704093678
8.25 1.10842714
8.35 1.178792245
8.45 1.040336452
8.55 1.080105492
8.65 0.9967791465
8.75 0.915440919
8.85 0.9802199604
8.95 0.9562934303
9.05 0.9610267394
9.15 0.9729457659
9.25 1.09774694
9.35 1.094131914
9.45 0.9855099359
9.55 0.9680721037
9.65 0.8955212918
9.75 0.9659197398
9.85 0.9654238671
