# r  kappa_p_over_kappa_T
2.325 4.926187133
2.475 3.40801784
2.625 1.513916237
2.775 0.7974101383
2.925 -0.6127567979
3.075 0.3136645048
3.225 2.157989555
3.375 2.362239385
3.525 2.28687137
3.675 0.8791740066
3.825 0.03176249435
3.975 -0.04140313292
4.125 0.5812149327
4.275 1.409354874
4.425 1.517703463
4.575 1.014828185
4.725 0.4749191971
4.875 0.6164071803
5.025 0.7382957399
5.175 1.140396066
5.325 0.8524603974
5.475 0.525722363
5.625 1.565886403
5.775 1.18362714
5.925 0.8091189153
6.075 0.6282459372
6.225 1.534968017
6.375 0.4994851648
6.525 1.440602453
6.675 0.6055463917
6.825 0.9321414249
6.975 1.219460332
7.125 0.8043347304
7.275 1.462147255
7.425 1.172064217
7.575 1.0141121
7.725 1.231142638
7.875 0.6628737087
8.025 0.5882391037
8.175 0.7210463364
8.325 0.631964942
8.475 1.844107846
8.625 0.6716341865
8.775 1.496373306
8.925 0.09351492905
9.075 0.9506553038
9.225 0.438966208
9.375 0.6662928203
9.525 0.8329804472
9.675 0.8367401312
9.825 1.172975304
9.975 1.600723698
10.125 0.6646477805
10.275 0.8378376222
10.425 1.136668052
10.575 0.9569102702
10.725 1.545148965
10.875 0.8519124547
11.025 0.8087970476
11.175 0.6937419976
11.325 1.401360891
11.475 0.9352321486
11.625 0.8005507337
11.775 0.6114774137
11.925 1.567345788
12.075 0.6768987088
12.225 1.19895018
12.375 0.9725122592
12.525 0.7105001663
12.675 0.7120087117
12.825 1.141848459
12.975 1.055728778
13.125 0.7473495839
13.275 0.937379542
13.425 0.9655569238
13.575 0.7768209419
13.725 1.001258961
