# r  kappa_p_over_kappa_T
1.25 6.899453741
1.35 3.390448903
1.45 0.9653680057
1.55 1.839483844
1.65 0.4373138866
1.75 -0.3216395387
1.85 0.4232046079
1.95 -0.5433461202
2.05 -0.5424113777
2.15 1.321459937
2.25 1.717467267
2.35 1.769214616
2.45 1.456732454
2.55 0.9201146817
2.65 0.9655605346
2.75 0.3055670311
2.85 1.008032284
2.95 1.205580255
3.05 0.3935437546
3.15 1.098933755
3.25 1.854879602
3.35 0.816681504
3.45 1.089678741
3.55 0.9784550458
3.65 1.020304281
3.75 1.524481301
3.85 1.021366315
3.95 0.823358697
4.05 0.7240596415
4.15 1.093003545
4.25 0.7619769892
4.35 0.5152901816
4.45 1.308868173
4.55 0.6463649111
4.65 1.035423172
4.75 1.150596712
4.85 0.5737124022
4.95 1.008967618
5.05 0.8071747617
5.15 1.251422678
5.25 0.9926862956
5.35 0.7761733238
5.45 0.7703364376
5.55 1.181902574
5.65 0.7480434928
5.75 0.8067463164
5.85 0.7793473002
5.95 0.9041744374
6.05 1.166853925
6.15 0.9237474687
6.25 1.199948431
6.35 1.265956865
6.45 1.123256308
6.55 0.7213993842
6.65 1.392370903
6.75 0.9517963241
6.85 1.648299614
6.95 0.7471166932
7.05 1.187481527
7.15 0.1865680051
7.25 0.2658152277
7.35 1.498764305
7.45 0.5196381666
7.55 1.04385746
7.65 0.6645636669
7.75 0.6832691374
7.85 1.700662776
7.95 1.603139101
8.05 0.7854886952
8.15 1.26461891
8.25 0.7781231755
8.35 0.5518560332
8.45 1.022556025
8.55 1.030132166
8.65 0.6910244242
8.75 1.281090478
8.85 0.7359649838
8.95 0.889795896
9.05 1.06663928
9.15 1.410117522
9.25 1.200193983
9.35 0.9576927774
9.45 0.515213887
9.55 1.397161542
9.65 1.103135489
9.75 1.274351545
9.85 1.155330337
9.95 0.862985949
10.05 1.205421844
10.15 1.190765002
10.25 1.36048057
10.35 1.058611125
10.45 0.827545186
10.55 0.8807922963
10.65 0.4752493953
10.75 1.065754821
10.85 0.5013751842
10.95 0.5704800227
11.05 0.4174282659
11.15 1.164136364
11.25 0.5732037106
11.35 0.8874308463
11.45 0.803894549
11.55 0.338831375
11.65 1.069071151
11.75 0.7629384196
11.85 0.1464307161
11.95 0.8591911066
12.05 0.9713490342
12.15 0.5893783294
12.25 1.313248976
12.35 0.7175238958
12.45 1.761233618
12.55 0.7571135381
12.65 1.076216112
12.75 1.028218842
12.85 1.581243889
12.95 1.394499433
13.05 1.566882496
13.15 0.7851059919
13.25 0.7206662538
13.35 0.9272895516
13.45 0.8565617566
13.55 1.017028597
13.65 0.6807163832
13.75 1.668370311
13.85 0.8827826097
