# r  kappa_p_over_kappa_T
0.95 39.87797368
1.05 3.130467391
1.15 2.609494395
1.25 1.73178208
1.35 0.2396072922
1.45 0.990164448
1.55 0.1666845706
1.65 0.7439222831
1.75 0.09207627032
1.85 1.044175343
1.95 1.566837749
2.05 1.493603212
2.15 2.484568897
2.25 0.7800535087
2.35 1.036790162
2.45 0.7502434394
2.55 0.3746070839
2.65 0.7270292296
2.75 1.118194175
2.85 1.031324754
2.95 1.352179135
3.05 1.211706834
3.15 1.110604606
3.25 1.111217743
3.35 2.19473402
3.45 0.9582059864
3.55 0.5590910023
3.65 0.740925402
3.75 0.8960717092
3.85 1.456906075
3.95 -0.02459387828
4.05 1.461565519
4.15 1.111371069
4.25 0.4521755667
4.35 1.563321064
4.45 1.119456937
4.55 0.994583287
4.65 1.281013561
4.75 1.035951032
4.85 1.029635444
4.95 0.8829495675
5.05 0.7443956331
5.15 0.9132049251
5.25 0.5083300904
5.35 0.7513928337
5.45 1.030783262
5.55 1.094739683
5.65 0.803942805
5.75 1.263901043
5.85 0.8017444131
5.95 1.020699446
6.05 0.8647864733
6.15 1.007076813
6.25 1.124043944
6.35 0.5246351967
6.45 1.189161103
6.55 0.7275250239
6.65 1.275505728
6.75 1.949350217
6.85 1.240793795
6.95 0.4698648096
7.05 0.9973358708
7.15 0.549648808
7.25 1.587503436
7.35 0.1554131983
7.45 0.8243161075
7.55 1.738311852
7.65 1.017247254
7.75 1.169943934
7.85 0.875369629
7.95 0.8044458904
8.05 0.6097426929
8.15 1.358016608
8.25 0.5544189673
8.35 0.5283436026
8.45 0.4307668876
8.55 1.334847123
8.65 0.9109232746
8.75 0.9354337066
8.85 0.9556245978
8.95 1.353632907
9.05 1.004770896
9.15 1.096156662
9.25 1.19691314
9.35 1.238448119
9.45 1.363141126
9.55 1.350264458
9.65 1.147766751
9.75 0.9181729486
9.85 1.049379094
9.95 1.152929864
10.05 1.41735495
10.15 0.8651988802
10.25 0.6358069488
10.35 1.778758779
10.45 2.068205173
10.55 0.8861235972
10.65 0.01273178385
10.75 1.364300254
10.85 2.094704125
10.95 1.307846792
11.05 1.292862976
11.15 1.770569241
11.25 1.48539867
11.35 1.081181459
11.45 0.5240110624
11.55 1.374637943
11.65 1.345310296
11.75 0.0956561725
11.85 0.8567794426
11.95 0.9198205732
12.05 1.218176484
12.15 0.6834351175
12.25 0.2711903748
12.35 0.6908712202
12.45 0.5479213446
12.55 1.024897004
12.65 1.076755764
12.75 1.129522294
12.85 1.276307558
12.95 0.5293987082
13.05 1.223688199
13.15 0.4040668085
13.25 0.7956722895
13.35 1.496393086
13.45 0.9620684138
13.55 0.5450711468
13.65 0.7755326668
13.75 1.393918191
13.85 0.8176157695
