# r  kappa_p_over_kappa_T
4.25 11.75568371
4.35 6.004409262
4.45 4.833985252
4.55 3.452314526
4.65 2.406038944
4.75 1.215804647
4.85 -0.1019816072
4.95 -0.1108263645
5.05 -0.2093848386
5.15 0.326356512
5.25 1.512102823
5.35 2.78689801
5.45 2.821056575
5.55 2.3295006
5.65 1.549761839
5.75 0.4816661409
5.85 0.07281342901
5.95 -0.0250206334
6.05 0.3316649224
6.15 0.6273827873
6.25 1.299694082
6.35 1.876757624
6.45 1.780335849
6.55 1.400038689
6.65 1.07270297
6.75 0.5503425497
6.85 0.5172454637
6.95 0.5797286994
7.05 0.7342680156
7.15 1.10842318
7.25 1.190081114
7.35 1.378552576
7.45 1.259568716
7.55 1.144191482
7.65 0.895345152
7.75 0.7585348692
7.85 0.7707473877
7.95 0.7989085645
8.05 0.9740241163
8.15 1.067458206
8.25 1.195218577
8.35 1.186722839
8.45 1.139498869
8.55 1.018290385
8.65 0.9985058747
8.75 0.9103174179
8.85 0.8289803495
8.95 0.9549805086
9.05 0.9826512544
9.15 1.004802033
9.25 1.124617445
9.35 1.034554585
9.45 1.034555474
9.55 1.060769906
9.65 1.012292161
9.75 0.9440499019
9.85 0.928110518
