# r  kappa_p_over_kappa_T
2.325 14.23648052
2.475 12.19827754
2.625 9.190746508
2.775 5.94211651
2.925 3.173416393
3.075 1.245459227
3.225 2.369479088
3.375 3.349465619
3.525 3.943601261
3.675 2.992628344
3.825 1.612565475
3.975 1.192259592
4.125 0.5547230334
4.275 1.638230029
4.425 1.74006365
4.575 1.888533951
4.725 1.257568953
4.875 0.8699745515
5.025 1.127940671
5.175 0.6338752585
5.325 0.7131675902
5.475 0.518295394
5.625 0.9707670384
5.775 1.061560253
5.925 1.395401047
6.075 0.7947459251
6.225 1.09497235
6.375 0.9231831981
6.525 1.455182834
6.675 1.260301799
6.825 0.5950652694
6.975 1.03580203
7.125 0.6940340035
7.275 1.272302923
7.425 1.515013179
7.575 1.241389902
7.725 1.074626149
7.875 1.108964537
8.025 0.7667831132
8.175 1.099359185
8.325 1.014124577
8.475 1.540622927
8.625 0.8142340898
8.775 1.01014485
8.925 0.2630037083
9.075 1.787734118
9.225 0.892843961
9.375 1.627291409
9.525 0.5888599227
9.675 1.031370269
9.825 0.9258126179
9.975 1.425546586
10.125 0.589120762
10.275 0.7037422684
10.425 0.406225328
10.575 1.312156214
10.725 0.8822736492
10.875 1.123980362
11.025 1.036858582
11.175 0.6798778021
11.325 0.9838282065
11.475 0.8660384953
11.625 1.101577915
11.775 1.245275693
11.925 0.8747899436
12.075 0.5186803002
12.225 1.44467616
12.375 0.9648046253
12.525 0.9165934635
12.675 0.7095483528
12.825 0.7871591769
12.975 1.113035756
13.125 0.724186433
13.275 1.206546036
13.425 0.9187935387
13.575 1.203939524
13.725 1.126445879
