# r  kappa_p_over_kappa_T
1.25 22.2889044
1.35 4.36180604
1.45 3.153684487
1.55 1.764720648
1.65 1.099599937
1.75 1.168561229
1.85 0.2378522247
1.95 -0.510885199
2.05 0.6381874014
2.15 0.7413443392
2.25 1.525782023
2.35 1.874992551
2.45 2.012072096
2.55 1.17408756
2.65 0.7210325475
2.75 0.7737090729
2.85 0.05317077371
2.95 0.07759274141
3.05 0.9118767893
3.15 0.6363809504
3.25 1.198530522
3.35 2.212019286
3.45 0.8827626699
3.55 1.991184925
3.65 1.525782023
3.75 0.9647126723
3.85 1.11451874
3.95 0.1471039977
4.05 0.8765001093
4.15 0.5778734706
4.25 1.038779907
4.35 1.820558188
4.45 1.007547389
4.55 0.7310852051
4.65 1.238854235
4.75 0.9279226689
4.85 1.183669706
4.95 0.8047978947
5.05 0.9602932646
5.15 1.075877445
5.25 1.046650024
5.35 0.9663054931
5.45 1.095984129
5.55 0.8682312451
5.65 1.018171527
5.75 0.9872604818
5.85 0.6525676697
5.95 0.6630414359
6.05 0.971092362
6.15 1.302443817
6.25 1.101346958
6.35 0.9442259846
6.45 0.9572556049
6.55 1.662054775
6.65 1.434632476
6.75 0.6546824137
6.85 0.3248201229
6.95 1.458124878
7.05 0.9575432402
7.15 1.514519239
7.25 0.7850339214
7.35 0.8852065658
7.45 0.5095955397
7.55 0.8356323325
7.65 1.182930399
7.75 0.9438887996
7.85 1.449401987
7.95 0.7461468645
8.05 0.6767715267
8.15 0.9910803859
8.25 1.586384056
8.35 1.216144139
8.45 1.06621088
8.55 1.193597221
8.65 0.5945030685
8.75 0.9024745869
8.85 1.378680782
8.95 1.528179279
9.05 0.9691605549
9.15 0.9480141231
9.25 0.924543403
9.35 0.7924480518
9.45 0.7690850924
9.55 1.13532096
9.65 1.112394917
9.75 0.999679436
9.85 1.224977107
9.95 0.8760659465
10.05 1.050631721
10.15 0.6789198547
10.25 0.9611032392
10.35 0.9881544627
10.45 0.7259657243
10.55 1.422275963
10.65 0.2564131697
10.75 0.9692388123
10.85 1.167082537
10.95 1.565814701
11.05 0.4251497073
11.15 0.1978950081
11.25 1.078276246
11.35 0.9967484744
11.45 0.6617766172
11.55 0.6119930691
11.65 1.278281234
11.75 1.136400405
11.85 1.833378923
11.95 0.8467985835
12.05 0.9505350607
12.15 1.2397116
12.25 0.4511273644
12.35 1.525782023
12.45 1.600097506
12.55 1.275921636
12.65 0.7758596191
12.75 0.5987183489
12.85 0.7642126436
12.95 0.936211635
13.05 0.9170700416
13.15 1.442506102
13.25 0.7385149224
13.35 0.7125866876
13.45 0.9951557812
13.55 0.6421957118
13.65 1.154856016
13.75 1.205899263
13.85 1.625861488
