# r  kappa_p_over_kappa_T
0.95 12.06410629
1.05 5.304276249
1.15 4.451860114
1.25 3.435894466
1.35 1.901433166
1.45 1.186798382
1.55 -0.321864674
1.65 0.1690620956
1.75 0.9510444002
1.85 0.466050941
1.95 1.525257855
2.05 1.626764098
2.15 3.032179706
2.25 1.846929282
2.35 1.65062298
2.45 1.718262286
2.55 0.1162367758
2.65 0.2691637786
2.75 0.06314107875
2.85 1.009591244
2.95 1.266854907
3.05 1.161580295
3.15 1.13112993
3.25 1.017227477
3.35 0.3531744208
3.45 0.3238727619
3.55 1.14118906
3.65 0.3767751283
3.75 0.4627049347
3.85 1.492068454
3.95 1.614380627
4.05 1.392625663
4.15 1.477587909
4.25 1.615105741
4.35 0.6917364728
4.45 1.305194257
4.55 0.7943307343
4.65 0.2793154401
4.75 1.045935523
4.85 1.153426219
4.95 1.104047971
5.05 0.9000492565
5.15 0.9968519376
5.25 0.9097281
5.35 0.9217476897
5.45 0.7162086986
5.55 1.276137238
5.65 0.8353093363
5.75 0.9817153246
5.85 1.021232751
5.95 1.434301391
6.05 0.9160825017
6.15 1.233980076
6.25 0.8870461103
6.35 0.8863139414
6.45 1.208043869
6.55 0.9806200888
6.65 1.804791168
6.75 1.680630184
6.85 0.8049412139
6.95 1.678684492
7.05 0.4242072758
7.15 0.3300835788
7.25 1.144862317
7.35 0.5868059556
7.45 0.9511356149
7.55 1.107510188
7.65 1.022966135
7.75 0.4670329848
7.85 1.448036263
7.95 0.4912363024
8.05 0.6253984614
8.15 1.507361864
8.25 0.8975876334
8.35 0.8867602549
8.45 0.7028023687
8.55 0.6926955978
8.65 1.43801882
8.75 1.278622582
8.85 1.281653547
8.95 0.7425944573
9.05 0.9036080147
9.15 1.477831203
9.25 0.5912345892
9.35 1.518476179
9.45 0.8562134331
9.55 0.8664458243
9.65 0.7003605526
9.75 0.868864588
9.85 0.7550708675
9.95 0.8780318289
10.05 0.7757061808
10.15 1.029276038
10.25 1.153375912
10.35 0.08701901302
10.45 0.469106074
10.55 1.123376551
10.65 1.563243278
10.75 1.09721923
10.85 0.62730862
10.95 1.349378234
11.05 1.469258093
11.15 0.8602728491
11.25 0.7189170487
11.35 0.9525752499
11.45 0.3117353836
11.55 1.295571021
11.65 1.722953446
11.75 0.7811165246
11.85 1.315407596
11.95 1.553153857
12.05 0.5859667846
12.15 1.287805101
12.25 0.4542044341
12.35 1.589251806
12.45 0.2981832693
12.55 0.6676381702
12.65 0.5338836048
12.75 0.5881737393
12.85 1.398005507
12.95 1.384912482
13.05 0.7684024306
13.15 0.6812584537
13.25 0.788243937
13.35 1.412197259
13.45 1.287921908
13.55 0.9743532696
13.65 1.05090725
13.75 0.7601692039
13.85 0.9176727413
